1524030 1171
1524040 1171
1524050 1172
1524060 1173
1524070 1173
1524080 1173
1524090 1175
1524100 1175
1524110 1176
1524120 1178
1524130 1178
1524140 1179
1524150 1180
1524160 1180
1524170 1180
1524180 1180
1524190 1180
1524200 1180
1524210 1180
1524220 1179
1524230 1179
1524240 1179
1524250 1178
1524260 1178
1524270 1176
1524280 1174
1524290 1174
1524300 1173
1524310 1171
1524320 1171
1524330 1171
1524340 1170
1524350 1170
1524360 1170
1524370 1169
1524380 1169
1524390 1169
1524400 1168
1524410 1168
1524420 1168
1524430 1169
1524440 1169
1524450 1169
1524460 1169
1524470 1169
1524480 1169
1524490 1169
1524500 1169
1524510 1170
1524520 1170
1524530 1170
1524540 1171
1524550 1171
1524560 1172
1524570 1172
1524580 1172
1524590 1173
1524600 1174
1524610 1174
1524620 1174
1524630 1174
1524640 1175
1524650 1175
1524660 1175
1524670 1176
1524680 1176
1524690 1178
1524700 1180
1524710 1180
1524720 1181
1524730 1182
1524740 1182
1524750 1183
1524760 1183
1524770 1185
1524780 1185
1524790 1187
1524800 1189
1524810 1189
1524820 1190
1524830 1192
1524840 1192
1524850 1194
1524860 1196
1524870 1196
1524880 1200
1524890 1203
1524900 1203
1524910 1206
1524920 1210
1524930 1213
1524940 1213
1524950 1214
1524960 1216
1524970 1216
1524980 1217
1524990 1219
1525000 1219
1525010 1222
1525020 1225
1525030 1225
1525040 1229
1525050 1233
1525060 1238
1525070 1238
1525080 1243
1525090 1248
1525100 1248
1525110 1253
1525120 1259
1525130 1259
1528320 1358
1528330 1364
1528340 1371
1528350 1371
1528360 1377
1528370 1383
1528380 1383
1528390 1389
1528400 1394
1528410 1394
1528420 1399
1528430 1404
1528440 1404
1528450 1408
1528460 1411
1528470 1415
1528480 1415
1528490 1422
1528500 1428
1528510 1428
1528520 1435
1528530 1442
1528540 1442
1528550 1448
1528560 1455
1528570 1455
1528580 1462
1528590 1469
1528600 1469
1528610 1477
1528620 1484
1528630 1490
1528640 1490
1528650 1496
1528660 1501
1528670 1501
1528680 1506
1528690 1511
1528700 1511
1528710 1516
1528720 1520
1528730 1520
1528740 1524
1528750 1527
1528760 1530
1528770 1530
1528780 1534
1528790 1537
1528800 1537
1528810 1540
1528820 1542
1528830 1542
1528840 1545
1528850 1548
1528860 1548
1528870 1550
1528880 1549
1528890 1549
1528900 1547
1528910 1544
1528920 1542
1528930 1542
1528940 1539
1528950 1535
1528960 1535
1528970 1531
1528980 1528
1528990 1528
1529000 1525
1529010 1522
1529020 1522
1529030 1519
1529040 1515
1529050 1515
1529060 1511
1529070 1506
1529080 1502
1529090 1502
1529100 1498
1529110 1494
1529120 1494
1529130 1491
1529140 1486
1529150 1486
1529160 1482
1529170 1478
1529180 1478
1529190 1474
1529200 1469
1529210 1464
1529220 1464
1529230 1459
1529240 1454
1529250 1454
1529260 1449
1529270 1443
1529280 1443
1529290 1438
1529300 1433
1529310 1433
1529320 1428
1529330 1423
1529340 1423
1529350 1418
1529360 1413
1529370 1408
1529380 1408
1529390 1404
1529400 1400
1529410 1400
1529420 1396
1529430 1391
1529440 1391
1529450 1384
1529460 1379
1529470 1379
1529480 1374
1529490 1368
1529500 1367
1529510 1367
1529520 1367
1529530 1364
1529540 1364
1529550 1361
1529560 1358
1529570 1358
1529580 1353
1529590 1348
1529600 1348
1529610 1343
1529620 1336
1529630 1336
1529640 1328
1529650 1319
1529660 1311
1529670 1311
1529680 1307
1529690 1307
1529700 1307
1529710 1305
1529720 1300
1529730 1300
1529740 1299
1529750 1301
1529760 1301
1529770 1299
1529780 1294
1529790 1294
1529800 1289
1529810 1285
1529820 1281
1529830 1281
1529840 1279
1529850 1276
1529860 1276
1529870 1271
1529880 1265
1529890 1265
1529900 1260
1529910 1257
1529920 1257
1529930 1256
1529940 1252
1529950 1248
1529960 1248
1529970 1243
1529980 1236
1529990 1236
1530000 1229
1530010 1219
1530020 1219
1530030 1211
1530040 1204
1530050 1204
1530060 1201
1530070 1205
1530080 1205
1530090 1207
1530100 1207
1530110 1203
1530120 1203
1530130 1195
1530140 1185
1530150 1185
1530160 1181
1530170 1185
1530180 1185
1530190 1190
1530200 1193
1530210 1193
1530220 1192
1530230 1190
1530240 1187
1530250 1187
1530260 1185
1530270 1182
1530280 1182
1530290 1178
1530300 1173
1530310 1173
1530320 1167
1530330 1162
1530340 1162
1530350 1156
1530360 1150
1530370 1150
1530380 1144
1530390 1138
1530400 1131
1530410 1131
1530420 1125
1530430 1118
1530440 1118
1530450 1112
1530460 1106
1530470 1106
1530480 1100
1530490 1095
1530500 1095
1530510 1090
1530520 1089
1530530 1088
1530540 1088
1530550 1087
1530560 1087
1530570 1087
1530580 1085
1530590 1084
1530600 1084
1530610 1083
1530620 1082
1530630 1082
1530640 1080
1530650 1079
1530660 1079
1530670 1078
1530680 1077
1530690 1076
1530700 1076
1530710 1075
1530720 1075
1530730 1075
1530740 1074
1530750 1073
1530760 1073
1530770 1072
1530780 1071
1530790 1071
1530800 1071
1530810 1070
1530820 1070
1530830 1070
1530840 1070
1530850 1070
1530860 1070
1530870 1072
1530880 1078
1530890 1078
1530900 1081
1530910 1083
1530920 1083
1530930 1086
1530940 1088
1530950 1088
1530960 1090
1530970 1093
1530980 1095
1530990 1095
1531000 1098
1531010 1100
1531020 1100
1531030 1103
1531040 1105
1531050 1105
1531060 1108
1531070 1111
1531080 1111
1531090 1115
1531100 1118
1531110 1118
1531120 1119
1531130 1122
1531140 1125
1531150 1125
1531160 1128
1531170 1132
1531180 1132
1531190 1136
1531200 1141
1531210 1141
1531220 1147
1531230 1152
1531240 1152
1531250 1157
1531260 1162
1531270 1168
1531280 1168
1531290 1174
1531300 1178
1531310 1178
1531320 1183
1531330 1190
1531340 1190
1531350 1198
1531360 1206
1531370 1206
1531380 1213
1531390 1218
1531400 1218
1531410 1223
1531420 1228
1531430 1233
1531440 1233
1531450 1237
1531460 1240
1531470 1240
1531480 1245
1531490 1250
1531500 1250
1531510 1255
1531520 1261
1531530 1261
1531540 1266
1531550 1270
1531560 1270
1531570 1275
1531580 1282
1531590 1287
1531600 1287
1531610 1294
1531620 1305
1531630 1305
1531640 1311
1531650 1319
1531660 1319
1531670 1325
1531680 1330
1531690 1330
1531700 1335
1531710 1340
1531720 1344
1531730 1344
1531740 1348
1531750 1352
1531760 1352
1531770 1356
1531780 1362
1531790 1362
1531800 1367
1531810 1371
1531820 1371
1531830 1376
1531840 1379
1531850 1379
1531860 1383
1531870 1387
1531880 1389
1531890 1389
1531900 1390
1531910 1391
1531920 1391
1531930 1393
1531940 1396
1531950 1396
1531960 1400
1531970 1405
1531980 1405
1531990 1409
1532000 1413
1532010 1417
1532020 1417
1532030 1421
1532040 1424
1532050 1424
1532060 1428
1532070 1431
1532080 1431
1532090 1434
1532100 1437
1532110 1437
1532120 1438
1532130 1439
1532140 1439
1532150 1438
1532160 1437
1532170 1435
1532180 1435
1532190 1434
1532200 1436
1532210 1436
1532220 1439
1532230 1443
1532240 1443
1532250 1446
1532260 1445
1532270 1445
1532280 1443
1532290 1440
1532300 1440
1532310 1435
1532320 1430
1532330 1428
1532340 1428
1532350 1426
1532360 1422
1532370 1422
1532380 1419
1532390 1416
1532400 1416
1532410 1414
1532420 1418
1532430 1418
1532440 1424
1532450 1430
1532460 1438
1532470 1438
1532480 1444
1532490 1451
1532500 1451
1532510 1457
1532520 1462
1532530 1462
1532540 1464
1532550 1466
1532560 1466
1532570 1467
1532580 1467
1532590 1467
1532600 1467
1532610 1465
1532620 1461
1532630 1461
1532640 1457
1532650 1451
1532660 1451
1532670 1445
1532680 1441
1532690 1441
1532700 1437
1532710 1436
1532720 1436
1532730 1440
1532740 1444
1532750 1448
1532760 1448
1532770 1449
1532780 1449
1532790 1449
1532800 1447
1532810 1442
1532820 1442
1532830 1438
1532840 1440
1532850 1440
1532860 1445
1532870 1451
1532880 1451
1532890 1455
1532900 1457
1532910 1457
1532920 1457
1532930 1457
1532940 1456
1532950 1456
1532960 1455
1532970 1454
1532980 1454
1532990 1454
1533000 1453
1533010 1453
1533020 1452
1533030 1451
1533040 1451
1533050 1450
1533060 1446
1533070 1442
1533080 1442
1533090 1445
1533100 1445
1533110 1445
1533120 1446
1533130 1454
1533140 1454
1533150 1461
1533160 1466
1533170 1466
1533180 1473
1533190 1479
1533200 1488
1533210 1488
1533220 1496
1533230 1504
1533240 1504
1533250 1511
1533260 1518
1533270 1518
1533280 1525
1533290 1531
1533300 1531
1533310 1538
1533320 1545
1533330 1545
1533340 1552
1533350 1559
1533360 1566
1533370 1566
1533380 1573
1533390 1580
1533400 1580
1533410 1587
1533420 1594
1533430 1594
1533440 1601
1533450 1608
1533460 1608
1533470 1614
1533480 1621
1533490 1626
1533500 1626
1533510 1631
1533520 1635
1533530 1635
1533540 1638
1533550 1638
1533560 1638
1533570 1637
1533580 1634
1533590 1634
1533600 1631
1533610 1629
1533620 1629
1533630 1626
1533640 1625
1533650 1624
1533660 1624
1533670 1622
1533680 1621
1533690 1621
1533700 1621
1533710 1619
1533720 1619
1533730 1616
1533740 1612
1533750 1612
1533760 1608
1533770 1606
1533780 1606
1533790 1603
1533800 1601
1533810 1598
1533820 1598
1533830 1595
1533840 1594
1533850 1594
1533860 1593
1533870 1592
1533880 1592
1533890 1591
1533900 1591
1533910 1591
1533920 1592
1533930 1594
1533940 1597
1533950 1597
1533960 1601
1533970 1606
1533980 1606
1533990 1610
1534000 1613
1534010 1613
1534020 1615
1534030 1616
1534040 1616
1534050 1615
1534060 1615
1534070 1615
1534080 1616
1534090 1617
1534100 1617
1534110 1617
1534120 1617
1534130 1618
1534140 1618
1534150 1618
1534160 1618
1534170 1618
1534180 1618
1534190 1616
1534200 1616
1534210 1613
1534220 1612
1534230 1609
1534240 1609
1534250 1606
1534260 1602
1534270 1602
1534280 1598
1534290 1593
1534300 1593
1534310 1589
1534320 1584
1534330 1584
1534340 1580
1534350 1575
1534360 1575
1534370 1571
1534380 1566
1534390 1561
1534400 1561
1534410 1556
1534420 1551
1534430 1551
1534440 1546
1534450 1541
1534460 1541
1534470 1536
1534480 1530
1534490 1530
1534500 1525
1534510 1520
1534520 1520
1534530 1515
1534540 1510
1534550 1505
1534560 1505
1534570 1501
1534580 1497
1534590 1497
1534600 1496
1534610 1495
1534620 1495
1534630 1493
1534640 1491
1534650 1491
1534660 1490
1534670 1488
1534680 1487
1534690 1487
1534700 1485
1534710 1483
1534720 1483
1534730 1480
1534740 1477
1534750 1477
1534760 1474
1534770 1469
1534780 1469
1534790 1465
1534800 1461
1534810 1461
1534820 1458
1534830 1454
1534840 1450
1534850 1450
1534860 1446
1534870 1442
1534880 1442
1534890 1440
1534900 1438
1534910 1438
1534920 1436
1534930 1431
1534940 1431
1534950 1424
1534960 1418
1534970 1412
1534980 1412
1534990 1407
1535000 1404
1535010 1404
1535020 1401
1535030 1399
1535040 1399
1535050 1397
1535060 1397
1535070 1397
1535080 1397
1535090 1398
1535100 1398
1535110 1397
1535120 1395
1535130 1392
1535140 1392
1535150 1389
1535160 1385
1535170 1385
1535180 1379
1535190 1375
1535200 1375
1535210 1371
1535220 1369
1535230 1369
1535240 1367
1535250 1366
1535260 1365
1535270 1365
1535280 1362
1535290 1360
1535300 1360
1535310 1356
1535320 1354
1535330 1354
1535340 1354
1535350 1353
1535360 1353
1535370 1350
1535380 1345
1535390 1345
1535400 1341
1535410 1338
1535420 1335
1535430 1335
1535440 1331
1535450 1326
1535460 1326
1535470 1319
1535480 1312
1535490 1312
1535500 1307
1535510 1303
1535520 1303
1535530 1299
1535540 1299
1535550 1299
1535560 1299
1535570 1298
1535580 1295
1535590 1295
1535600 1290
1535610 1287
1535620 1287
1535630 1286
1535640 1285
1535650 1285
1535660 1280
1535670 1273
1535680 1273
1535690 1266
1535700 1259
1535710 1250
1535720 1250
1535730 1242
1535740 1232
1535750 1232
1535760 1224
1535770 1215
1535780 1215
1535790 1205
1535800 1196
1535810 1196
1535820 1187
1535830 1179
1535840 1179
1535850 1171
1535860 1165
1535870 1160
1535880 1160
1535890 1158
1535900 1156
1535910 1156
1535920 1154
1535930 1152
1535940 1152
1535950 1150
1535960 1151
1535970 1151
1535980 1154
1535990 1156
1536000 1158
1536010 1158
1536020 1159
1536030 1158
1536040 1158
1536050 1156
1536060 1154
1536070 1154
1536080 1150
1536090 1146
1536100 1146
1536110 1142
1536120 1138
1536130 1138
1536140 1133
1536150 1128
1536160 1123
1536170 1123
1536180 1120
1536190 1116
1536200 1116
1536210 1112
1536220 1106
1536230 1106
1536240 1103
1536250 1098
1536260 1098
1536270 1091
1536280 1086
1536290 1086
1536300 1080
1536310 1075
1536320 1070
1536330 1070
1536340 1066
1536350 1062
1536360 1062
1536370 1056
1536380 1049
1536390 1049
1536400 1042
1536410 1033
1536420 1033
1536430 1028
1536440 1027
1536450 1026
1536460 1026
1536470 1025
1536480 1025
1536490 1025
1536500 1026
1536510 1027
1536520 1027
1536530 1030
1536540 1035
1536550 1035
1536560 1039
1536570 1043
1536580 1043
1536590 1049
1536600 1051
1536610 1052
1536620 1052
1536630 1052
1536640 1051
1536650 1051
1536660 1058
1536670 1066
1536680 1066
1536690 1066
1536700 1072
1536710 1072
1536720 1079
1536730 1085
1536740 1090
1536750 1090
1536760 1091
1536770 1089
1536780 1089
1536790 1086
1536800 1079
1536810 1079
1536820 1070
1536830 1058
1536840 1058
1536850 1046
1536860 1035
1536870 1035
1536880 1028
1536890 1033
1536900 1042
1536910 1042
1536920 1052
1536930 1063
1536940 1063
1536950 1072
1536960 1079
1536970 1079
1536980 1081
1536990 1083
1537000 1083
1537010 1084
1537020 1086
1537030 1086
1537040 1087
1537050 1088
1537060 1090
1537070 1090
1537080 1093
1537090 1097
1537100 1097
1537110 1100
1537120 1101
1537130 1101
1537140 1103
1537150 1106
1537160 1106
1537170 1106
1537180 1106
1537190 1106
1537200 1106
1537210 1104
1537220 1109
1537230 1109
1537240 1115
1537250 1118
1537260 1118
1537270 1122
1537280 1130
1537290 1130
1537300 1135
1537310 1141
1537320 1141
1537330 1147
1537340 1153
1537350 1158
1537360 1158
1537370 1163
1537380 1168
1537390 1168
1537400 1174
1537410 1178
1537420 1178
1537430 1183
1537440 1189
1537450 1189
1537460 1197
1537470 1205
1537480 1212
1537490 1212
1537500 1217
1537510 1221
1537520 1221
1537530 1221
1537540 1216
1537550 1216
1537560 1208
1537570 1201
1537580 1201
1537590 1195
1537600 1189
1537610 1189
1537620 1185
1537630 1183
1537640 1183
1537650 1183
1537660 1182
1537670 1181
1537680 1181
1537690 1182
1537700 1182
1537710 1182
1537720 1183
1537730 1184
1537740 1184
1537750 1185
1537760 1185
1537770 1185
1537780 1181
1537790 1180
1537800 1179
1537810 1179
1537820 1177
1537830 1180
1537840 1180
1537850 1183
1537860 1183
1537870 1183
1537880 1184
1537890 1184
1537900 1184
1537910 1184
1537920 1183
1537930 1183
1537940 1183
1537950 1184
1537960 1184
1537970 1184
1537980 1182
1537990 1180
1538000 1180
1538010 1178
1538020 1178
1538030 1178
1538040 1178
1538050 1178
1538060 1178
1538070 1176
1538080 1174
1538090 1175
1538100 1175
1538110 1181
1538120 1188
1538130 1188
1538140 1191
1538150 1190
1538160 1190
1538170 1189
1538180 1188
1538190 1188
1538200 1186
1538210 1185
1538220 1185
1538230 1185
1538240 1187
1538250 1189
1538260 1189
1538270 1190
1538280 1189
1538290 1189
1538300 1190
1538310 1191
1538320 1191
1538330 1191
1538340 1190
1538350 1190
1538360 1194
1538370 1197
1538380 1197
1538390 1197
1538400 1198
1538410 1202
1538420 1202
1538430 1206
1538440 1208
1538450 1208
1538460 1209
1538470 1206
1538480 1206
1538490 1209
1538500 1217
1538510 1217
1538520 1230
1538530 1242
1538540 1258
1538550 1258
1538560 1269
1538570 1282
1538580 1282
1538590 1295
1538600 1302
1538610 1302
1538620 1308
1538630 1314
1538640 1314
1538650 1317
1538660 1324
1538670 1330
1538680 1330
1538690 1335
1538700 1341
1538710 1341
1538720 1349
1538730 1355
1538740 1355
1538750 1361
1538760 1368
1538770 1368
1538780 1376
1538790 1384
1538800 1384
1538810 1392
1538820 1399
1538830 1406
1538840 1406
1538850 1415
1538860 1425
1538870 1425
1538880 1435
1538890 1444
1538900 1444
1538910 1452
1538920 1459
1538930 1459
1538940 1465
1538950 1474
1538960 1482
1538970 1482
1538980 1491
1538990 1499
1539000 1499
1539010 1508
1539020 1516
1539030 1516
1539040 1524
1539050 1531
1539060 1531
1539070 1536
1539080 1540
1539090 1540
1539100 1543
1539110 1547
1539120 1550
1539130 1550
1539140 1552
1539150 1555
1539160 1555
1539170 1557
1539180 1560
1539190 1560
1539200 1563
1539210 1568
1539220 1568
1539230 1575
1539240 1583
1539250 1583
1539260 1590
1539270 1596
1539280 1601
1539290 1601
1539300 1605
1539310 1607
1539320 1607
1539330 1609
1539340 1610
1539350 1610
1539360 1610
1539370 1610
1539380 1610
1539390 1610
1539400 1614
1539410 1619
1539420 1619
1539430 1622
1539440 1626
1539450 1626
1539460 1630
1539470 1634
1539480 1634
1539490 1638
1539500 1641
1539510 1641
1539520 1642
1539530 1642
1539540 1642
1539550 1642
1539560 1641
1539570 1640
1539580 1640
1539590 1639
1539600 1639
1539610 1639
1539620 1638
1539630 1636
1539640 1636
1539650 1635
1539660 1633
1539670 1633
1539680 1631
1539690 1629
1539700 1627
1539710 1627
1539720 1625
1539730 1624
1539740 1624
1539750 1625
1539760 1625
1539770 1625
1539780 1625
1539790 1626
1539800 1626
1539810 1626
1539820 1627
1539830 1627
1539840 1628
1539850 1629
1539860 1630
1539870 1630
1539880 1631
1539890 1632
1539900 1632
1539910 1634
1539920 1636
1539930 1636
1539940 1639
1539950 1641
1539960 1641
1539970 1644
1539980 1647
1539990 1647
