1520460 814
1520470 814
1520480 814
1520490 814
1520500 813
1520510 813
1520520 814
1520530 816
1520540 816
1520550 816
1520560 815
1520570 815
1520580 814
1520590 815
1520600 813
1520610 813
1520620 815
1520630 817
1520640 817
1520650 819
1520660 821
1520670 821
1520680 822
1520690 824
1520700 824
1520710 827
1520720 829
1520730 831
1520740 831
1520750 832
1520760 833
1520770 833
1520780 834
1520790 834
1520800 834
1520810 835
1520820 836
1520830 836
1520840 838
1520850 840
1520860 840
1520870 841
1520880 841
1520890 841
1520900 841
1520910 840
1520920 841
1520930 841
1520940 841
1520950 842
1520960 842
1520970 843
1520980 843
1520990 843
1521000 845
1521010 846
1521020 846
1521030 847
1521040 849
1521050 851
1521060 851
1521070 854
1521080 856
1521090 856
1521100 858
1521110 859
1521120 859
1521130 859
1521140 860
1521150 860
1521160 861
1521170 861
1521180 861
1521190 861
1521200 860
1521210 859
1521220 859
1521230 859
1521240 858
1521250 858
1521260 859
1521270 859
1521280 859
1521290 860
1521300 860
1521310 860
1521320 861
1521330 861
1521340 862
1521350 862
1521360 863
1521370 863
1521380 863
1521390 863
1521400 864
1521410 864
1521420 865
1521430 865
1521440 865
1521450 865
1521460 863
1521470 863
1521480 862
1521490 860
1521500 858
1521510 858
1521520 855
1521530 853
1521540 853
1521550 851
1521560 850
1521570 850
1521580 848
1521590 847
1521600 847
1521610 846
1521620 845
1521630 844
1521640 844
1521650 843
1521660 842
1521670 842
1521680 841
1521690 840
1521700 840
1521710 839
1521720 836
1521730 836
1521740 834
1521750 835
1521760 835
1521770 836
1521780 837
1521790 837
1521800 837
1521810 836
1521820 835
1521830 835
1521840 837
1521850 839
1521860 839
1521870 841
1521880 840
1521890 840
1521900 839
1521910 838
1521920 837
1521930 837
1521940 835
1521950 834
1521960 834
1521970 833
1521980 831
1521990 831
1522000 830
1522010 829
1522020 829
1522030 828
1522040 829
1522050 829
1522060 830
1522070 831
1522080 832
1522090 832
1522100 832
1522110 830
1522120 830
1522130 828
1522140 824
1522150 824
1522160 820
1522170 816
1522180 816
1522190 813
1522200 809
1522210 809
1522220 804
1522230 800
1522240 797
1522250 797
1522260 790
1522270 785
1522280 785
1522290 782
1522300 779
1522310 779
1522320 775
1522330 772
1522340 772
1522350 768
1522360 765
1522370 762
1522380 762
1522390 761
1522400 763
1522410 763
1522420 764
1522430 764
1522440 764
1522450 762
1522460 760
1522470 760
1522480 758
1522490 756
1522500 756
1522510 753
1522520 751
1522530 750
1522540 750
1522550 749
1522560 749
1522570 749
1522580 750
1522590 751
1522600 751
1522610 752
1522620 753
1522630 753
1522640 754
1522650 755
1522660 755
1522670 755
1522680 756
1522690 757
1522700 757
1522710 759
1522720 760
1522730 760
1522740 760
1522750 760
1522760 760
1522770 760
1522780 759
1522790 759
1522800 759
1522810 759
1522820 758
1522830 758
1522840 759
1522850 758
1522860 758
1522870 759
1522880 760
1522890 760
1522900 760
1522910 759
1522920 759
1522930 756
1522940 758
1522950 758
1522960 759
1522970 759
1522980 758
1522990 758
1523000 759
1523010 759
1523020 759
1523030 759
1523040 759
1523050 759
1523060 759
1523070 760
1523080 760
1523090 760
1523100 761
1523110 761
1523120 761
1523130 761
1523140 761
1523150 761
1523160 761
1523170 762
1523180 762
1523190 762
1523200 762
1523210 762
1523220 762
1523230 762
1523240 762
1523250 762
1523260 763
1523270 764
1523280 764
1523290 765
1523300 765
1523310 765
1523320 765
1523330 766
1523340 766
1523350 767
1523360 767
1523370 767
1523380 767
1523390 767
1523400 767
1523410 768
1523420 768
1523430 768
1523440 768
1523450 769
1523460 769
1523470 769
1523480 769
1523490 770
1523500 770
1523510 770
1523520 770
1523530 770
1523540 770
1523550 771
1523560 771
1523570 771
1523580 772
1523590 772
1523600 772
1523610 773
1523620 773
1523630 773
1523640 774
1523650 774
1523660 774
1523670 774
1523680 775
1523690 775
1523700 776
1523710 776
1523720 776
1523730 776
1523740 775
1523750 776
1523760 776
1523770 777
1523780 778
1523790 778
1523800 778
1523810 779
1523820 779
1523830 779
1523840 779
1523850 779
1523860 779
1523870 780
1523880 779
1523890 779
1523900 779
1523910 779
1523920 779
1523930 778
1523940 777
1523950 777
1523960 776
1523970 776
1523980 776
1523990 775
1524000 775
1524010 774
1524020 774
1524030 774
1524040 773
1524050 773
1524060 773
1524070 772
1524080 772
1524090 772
1524100 771
1524110 771
1524120 771
1524130 771
1524140 771
1524150 771
1524160 771
1524170 771
1524180 771
1524190 771
1524200 771
1524210 771
1524220 771
1524230 771
1524240 771
1524250 771
1524260 771
1524270 771
1524280 771
1524290 772
1524300 772
1524310 772
1524320 773
1524330 775
1524340 775
1524350 776
1524360 778
1524370 778
1524380 780
1524390 781
1524400 781
1524410 783
1524420 784
1524430 784
1524440 785
1524450 787
1524460 787
1524470 787
1524480 789
1524490 791
1524500 791
1524510 793
1524520 795
1524530 795
1524540 798
1524550 800
1524560 800
1524570 803
1524580 805
1524590 805
1524600 808
1524610 809
1524620 811
1524630 811
1524640 813
1524650 815
1524660 815
1524670 816
1524680 816
1524690 816
1524700 817
1524710 817
1524720 817
1524730 819
1524740 823
1524750 833
1524760 833
1524770 842
1524780 851
1524790 851
1524800 859
1524810 866
1524820 866
1524830 872
1524840 877
1524850 877
1524860 881
1524870 885
1524880 885
1524890 888
1524900 890
1524910 892
1524920 892
1524930 894
1524940 896
1524950 896
1524960 897
1524970 898
1524980 898
1524990 899
1525000 903
1525010 903
1525020 908
1525030 912
1525040 912
1525050 915
1525060 920
1525070 923
1525080 923
1525090 927
1525100 931
1525110 931
1525120 934
1525130 937
1525140 937
1525150 939
1525160 942
1525170 942
1525180 945
1525190 948
1525200 951
1525210 951
1525220 953
1525230 955
1525240 955
1525250 956
1525260 957
1525270 957
1525280 960
1525290 961
1525300 961
1525310 958
1525320 959
1525330 959
1525340 969
1525350 980
1525360 990
1525370 990
1525380 998
1525390 1005
1525400 1005
1525410 1012
1525420 1017
1525430 1017
1525440 1021
1525450 1023
1525460 1023
1525470 1022
1525480 1020
1525490 1019
1525500 1019
1525510 1028
1525520 1036
1525530 1036
1525540 1043
1525550 1049
1525560 1049
1525570 1052
1525580 1051
1525590 1051
1525600 1050
1525610 1050
1525620 1050
1525630 1052
1525640 1053
1525650 1055
1525660 1055
1525670 1061
1525680 1070
1525690 1070
1525700 1077
1525710 1081
1525720 1081
1525730 1084
1525740 1087
1525750 1087
1525760 1090
1525770 1094
1525780 1094
1525790 1097
1525800 1098
1525810 1099
1525820 1099
1525830 1100
1525840 1101
1525850 1101
1525860 1103
1525870 1104
1525880 1104
1525890 1104
1525900 1103
1525910 1103
1525920 1103
1525930 1103
1525940 1102
1525950 1102
1525960 1103
1525970 1104
1525980 1104
1525990 1106
1526000 1107
1526010 1107
1526020 1108
1526030 1107
1526040 1107
1526050 1106
1526060 1106
1526070 1106
1526080 1106
1526090 1104
1526100 1104
1526110 1104
1526120 1103
1526130 1103
1526140 1103
1526150 1101
1526160 1101
1526170 1101
1526180 1100
1526190 1099
1526200 1099
1526210 1099
1526220 1101
1526230 1101
1526240 1102
1526250 1102
1526260 1102
1526270 1102
1526280 1103
1526290 1104
1526300 1104
1526310 1106
1526320 1107
1526330 1107
1526340 1106
1526350 1106
1526360 1106
1526370 1099
1526380 1098
1526390 1107
1526400 1107
1526410 1111
1526420 1112
1526430 1112
1526440 1112
1526450 1109
1526460 1109
1526470 1111
1526480 1116
1526490 1116
1526500 1120
1526510 1122
1526520 1122
1526530 1124
1526540 1125
1526550 1127
1526560 1127
1526570 1129
1526580 1131
1526590 1131
1526600 1133
1526610 1133
1526620 1133
1526630 1134
1526640 1134
1526650 1134
1526660 1134
1526670 1134
1526680 1134
1526690 1135
1526700 1135
1526710 1135
1526720 1135
1526730 1136
1526740 1136
1526750 1136
1526760 1136
1526770 1135
1526780 1135
1526790 1134
1526800 1134
1526810 1134
1526820 1132
1526830 1131
1526840 1130
1526850 1130
1526860 1129
1526870 1127
1526880 1127
1526890 1126
1526900 1124
1526910 1124
1526920 1123
1526930 1121
1526940 1121
1526950 1119
1526960 1117
1526970 1117
1526980 1115
1526990 1114
1527000 1112
1527010 1107
1527020 1106
1527030 1104
1527040 1104
1527050 1103
1527060 1098
1527070 1098
1527080 1088
1527090 1079
1527100 1079
1527110 1071
1527120 1065
1527130 1060
1527140 1060
1527150 1054
1527160 1047
1527170 1047
1527180 1042
1527190 1039
1527200 1039
1527210 1038
1527220 1044
1527230 1044
1527240 1052
1527250 1062
1527260 1062
1527270 1075
1527280 1083
1527290 1090
1527300 1090
1527310 1099
1527320 1102
1527330 1102
1527340 1106
1527350 1113
1527360 1113
1527370 1118
1527380 1122
1527390 1122
1527400 1124
1527410 1127
1527420 1127
1527430 1130
1527440 1133
1527450 1137
1527460 1137
1527470 1141
1527480 1145
1527490 1145
1527500 1149
1527510 1154
1527520 1154
1527530 1158
1527540 1163
1527550 1163
1527560 1167
1527570 1170
1527580 1173
1527590 1173
1527600 1174
1527610 1176
1527620 1176
1527630 1177
1527640 1178
1527650 1178
1527660 1179
1527670 1181
1527680 1181
1527690 1184
1527700 1186
1527710 1186
1527720 1187
1527730 1189
1527740 1189
1527750 1189
1527760 1190
1527770 1190
1527780 1190
1527790 1190
1527800 1189
1527810 1189
1527820 1188
1527830 1186
1527840 1186
1527850 1184
1527860 1182
1527870 1182
1527880 1180
1527890 1178
1527900 1177
1527910 1177
1527920 1175
1527930 1171
1527940 1171
1527950 1171
1527960 1170
1527970 1170
1527980 1168
1527990 1166
1528000 1166
1528010 1163
1528020 1158
1528030 1153
1528040 1153
1528050 1154
1528060 1154
1528070 1154
1528080 1153
1528090 1152
1528100 1152
1528110 1149
1528120 1147
1528130 1147
1528140 1146
1528150 1144
1528160 1144
1528170 1144
1528180 1143
1528190 1142
1528200 1142
1528210 1141
1528220 1141
1528230 1141
1528240 1140
1528250 1140
1528260 1140
1528270 1140
1528280 1140
1528290 1140
1528300 1140
1528310 1140
1528320 1140
1528330 1140
1528340 1141
1528350 1142
1528360 1142
1528370 1142
1528380 1143
1528390 1143
1528400 1145
1528410 1146
1528420 1146
1528430 1148
1528440 1149
1528450 1149
1528460 1151
1528470 1151
1528480 1152
1528490 1152
1528500 1153
1528510 1153
1528520 1153
1528530 1154
1528540 1154
1528550 1154
1528560 1154
1528570 1154
1528580 1154
1528590 1154
1528600 1153
1528610 1153
1528620 1152
1528630 1151
1528640 1150
1528650 1150
1528660 1148
1528670 1146
1528680 1146
1528690 1144
1528700 1142
1528710 1142
1528720 1140
1528730 1137
1528740 1137
1528750 1135
1528760 1132
1528770 1129
1528780 1129
1528790 1125
1528800 1122
1528810 1122
1528820 1119
1528830 1117
1528840 1117
1528850 1113
1528860 1110
1528870 1110
1528880 1106
1528890 1102
1528900 1102
1528910 1098
1528920 1095
1528930 1092
1528940 1092
1528950 1088
1528960 1083
1528970 1083
1528980 1078
1528990 1073
1529000 1073
1529010 1069
1529020 1066
1529030 1066
1529040 1062
1529050 1056
1529060 1056
1529070 1050
1529080 1042
1529090 1034
1529100 1034
1529110 1026
1529120 1020
1529130 1020
1529140 1012
1529150 1002
1529160 1002
1529170 993
1529180 985
1529190 985
1529200 976
1529210 966
1529220 955
1529230 955
1529240 950
1529250 960
1529260 960
1529270 971
1529280 976
1529290 976
1529300 971
1529310 963
1529320 963
1529330 955
1529340 958
1529350 958
1529360 966
1529370 972
1529380 973
1529390 973
1529400 979
1529410 985
1529420 985
1529430 990
1529440 996
1529450 996
1529460 1001
1529470 1007
1529480 1007
1529490 1012
1529500 1016
1529510 1021
1529520 1021
1529530 1027
1529540 1028
1529550 1028
1529560 1026
1529570 1025
1529580 1025
1529590 1024
1529600 1021
1529610 1021
1529620 1021
1529630 1020
1529640 1020
1529650 1016
1529660 1017
1529670 1020
1529680 1020
1529690 1019
1529700 1019
1529710 1019
1529720 1018
1529730 1017
1529740 1017
1529750 1017
1529760 1016
1529770 1016
1529780 1014
1529790 1013
1529800 1013
1529810 1011
1529820 1010
1529830 1009
1529840 1009
1529850 1009
1529860 1008
1529870 1003
1529880 1001
1529890 1003
1529900 1003
1529910 996
1529920 990
1529930 990
1529940 992
1529950 994
1529960 988
1529970 988
1529980 985
1529990 988
1530000 988
1530010 983
1530020 984
1530030 984
1530040 989
1530050 996
1530060 996
1530070 998
1530080 999
1530090 999
1530100 998
1530110 997
1530120 991
1530130 991
1530140 985
1530150 979
1530160 979
1530170 976
1530180 973
1530190 973
1530200 971
1530210 970
1530220 970
1530230 971
1530240 971
1530250 971
1530260 969
1530270 968
1530280 966
1530290 966
1530300 961
1530310 953
1530320 953
1530330 946
1530340 947
1530350 947
1530360 950
1530370 951
1530380 951
1530390 951
1530400 953
1530410 954
1530420 954
1530430 956
1530440 958
1530450 958
1530460 959
1530470 955
1530480 955
1530490 951
1530500 946
1530510 946
1530520 940
1530530 935
1530540 935
1530550 930
1530560 925
1530570 923
1530580 923
1530590 922
1530600 924
1530610 924
1530620 929
1530630 937
1530640 937
1530650 946
1530660 953
1530670 953
1530680 957
1530690 958
1530700 958
1530710 959
1530720 961
1530730 964
1530740 964
1530750 968
1530760 974
1530770 974
1530780 977
1530790 980
1530800 980
1530810 983
1530820 984
1530830 984
1530840 984
1530850 983
1530860 982
1530870 982
1530880 981
1530890 981
1530900 981
1530910 982
1530920 982
1530930 982
1530940 982
1530950 982
1530960 982
1530970 982
1530980 982
1530990 982
1531000 982
1531010 982
1531020 982
1531030 982
1531040 982
1531050 982
1531060 982
1531070 982
1531080 982
1531090 982
1531100 982
1531110 982
1531120 982
1531130 983
1531140 984
1531150 984
1531160 984
1531170 985
1531180 986
1531190 986
1531200 987
1531210 988
1531220 988
1531230 990
1531240 993
1531250 993
1531260 996
1531270 999
1531280 999
1531290 1001
1531300 1004
1531310 1006
1531320 1006
1531330 1007
1531340 1009
1531350 1009
1531360 1012
1531370 1015
1531380 1015
1531390 1017
1531400 1019
1531410 1019
1531420 1021
1531430 1023
1531440 1023
1531450 1024
1531460 1025
1531470 1025
1531480 1025
1531490 1025
1531500 1026
1531510 1026
1531520 1026
1531530 1026
1531540 1026
1531550 1026
1531560 1026
1531570 1026
1531580 1026
1531590 1025
1531600 1025
1531610 1025
1531620 1025
1531630 1025
1531640 1025
1531650 1025
1531660 1028
1531670 1028
1531680 1031
1531690 1033
1531700 1033
1531710 1035
1531720 1038
1531730 1038
1531740 1040
1531750 1041
1531760 1041
1531770 1041
1531780 1041
1531790 1041
1531800 1041
1531810 1041
1531820 1042
1531830 1042
1531840 1044
1531850 1045
1531860 1045
1531870 1047
1531880 1049
1531890 1049
1531900 1052
1531910 1054
1531920 1055
1531930 1055
1531940 1057
1531950 1059
1531960 1059
1531970 1061
1531980 1063
1531990 1063
1532000 1065
1532010 1067
1532020 1067
1532030 1069
1532040 1071
1532050 1073
1532060 1073
1532070 1075
1532080 1078
1532090 1078
1532100 1080
1532110 1079
1532120 1079
1532130 1073
1532140 1068
1532150 1068
1532160 1070
1532170 1078
1532180 1078
1532190 1087
1532200 1094
1532210 1097
1532220 1097
1532230 1097
1532240 1099
1532250 1099
1532260 1102
1532270 1103
1532280 1103
1532290 1104
1532300 1105
1532310 1105
1532320 1106
1532330 1106
1532340 1106
1532350 1106
1532360 1104
1532370 1103
1532380 1103
1532390 1101
1532400 1099
1532410 1099
1532420 1098
1532430 1095
1532440 1095
1532450 1093
1532460 1091
1532470 1091
1532480 1089
1532490 1087
1532500 1084
1532510 1084
1532520 1080
1532530 1076
1532540 1076
1532550 1074
1532560 1071
1532570 1066
1532580 1064
1532590 1064
1532600 1064
1532610 1061
1532620 1054
1532630 1054
1532640 1053
1532650 1057
1532660 1057
1532670 1057
1532680 1055
1532690 1053
1532700 1053
1532710 1052
1532720 1048
1532730 1048
1532740 1041
1532750 1034
1532760 1034
1532770 1032
1532780 1029
1532790 1026
1532800 1026
1532810 1023
1532820 1016
1532830 1016
1532840 1008
1532850 1000
1532860 1000
1532870 995
1532880 1002
1532890 1002
1532900 1010
1532910 1018
1532920 1018
1532930 1019
1532940 1018
1532950 1017
1532960 1017
1532970 1014
1532980 1007
1532990 1007
1533000 998
1533010 988
1533020 988
1533030 986
1533040 990
1533050 990
1533060 998
1533070 1007
1533080 1007
1533090 1016
1533100 1019
1533110 1021
1533120 1021
1533130 1023
1533140 1023
1533150 1023
1533160 1023
1533170 1023
1533180 1023
1533190 1023
1533200 1023
1533210 1023
1533220 1023
1533230 1023
1533240 1023
1533250 1023
1533260 1025
1533270 1025
1533280 1025
1533290 1026
1533300 1029
1533310 1029
1533320 1032
1533330 1035
1533340 1035
1533350 1038
1533360 1040
1533370 1040
1533380 1040
1533390 1041
1533400 1041
1533410 1041
1533420 1041
1533430 1041
1533440 1041
1533450 1042
1533460 1044
1533470 1044
1533480 1045
1533490 1046
1533500 1046
1533510 1047
1533520 1048
1533530 1050
1533540 1050
1533550 1051
1533560 1053
1533570 1053
1533580 1054
1533590 1056
1533600 1056
1533610 1057
1533620 1060
1533630 1060
1533640 1063
1533650 1065
1533660 1065
1533670 1067
1533680 1071
1533690 1074
1533700 1074
1533710 1078
1533720 1081
1533730 1081
1533740 1085
1533750 1089
1533760 1089
1533770 1094
1533780 1099
1533790 1099
1533800 1103
1533810 1106
1533820 1106
1533830 1109
1533840 1110
1533850 1111
1533860 1111
1533870 1113
1533880 1114
1533890 1114
1533900 1115
1533910 1116
1533920 1116
1533930 1117
1533940 1119
1533950 1119
1533960 1121
1533970 1123
1533980 1126
1533990 1126
1534000 1129
1534010 1131
1534020 1131
1534030 1133
1534040 1136
1534050 1136
1534060 1139
1534070 1142
1534080 1142
1534090 1144
1534100 1146
1534110 1146
1534120 1149
1534130 1152
1534140 1155
1534150 1155
1534160 1157
1534170 1159
1534180 1159
1534190 1161
1534200 1162
1534210 1162
1534220 1164
1534230 1165
1534240 1165
1534250 1167
1534260 1168
1534270 1168
1534280 1168
1534290 1169
1534300 1169
1534310 1169
1534320 1168
1534330 1167
1534340 1167
1534350 1166
1534360 1165
1534370 1165
1534380 1163
1534390 1161
1534400 1161
1534410 1159
1534420 1157
1534430 1156
1534440 1156
1534450 1153
1534460 1152
1534470 1152
1534480 1150
1534490 1148
1534500 1148
1534510 1146
1534520 1144
1534530 1144
1534540 1142
1534550 1140
1534560 1140
1534570 1139
1534580 1138
1534590 1136
1534600 1136
1534610 1134
1534620 1131
1534630 1131
1534640 1128
1534650 1124
1534660 1124
1534670 1121
1534680 1117
1534690 1117
1534700 1113
1534710 1108
1534720 1108
1534730 1103
1534740 1099
1534750 1095
1534760 1095
1534770 1091
1534780 1088
1534790 1088
1534800 1084
1534810 1079
1534820 1079
1534830 1075
1534840 1071
1534850 1071
1534860 1067
1534870 1062
1534880 1057
1534890 1057
1534900 1053
1534910 1049
1534920 1049
1534930 1044
1534940 1037
1534950 1037
1534960 1032
1534970 1027
1534980 1027
1534990 1020
1535000 1013
1535010 1013
1535020 1007
1535030 1003
1535040 1000
1535050 1000
1535060 994
1535070 988
1535080 988
1535090 981
1535100 973
1535110 973
1535120 964
1535130 956
1535140 956
1535150 947
1535160 939
1535170 930
1535180 930
1535190 921
1535200 913
1535210 913
1535220 909
1535230 917
1535240 917
1535250 928
1535260 931
1535270 931
1535280 932
1535290 931
1535300 931
1535310 930
1535320 930
1535330 932
1535340 932
1535350 937
1535360 941
1535370 941
1535380 945
1535390 948
1535400 948
1535410 949
1535420 951
1535430 951
1535440 952
1535450 953
1535460 953
1535470 957
1535480 962
1535490 963
1535500 963
1535510 965
1535520 965
1535530 965
1535540 964
1535550 960
1535560 960
1535570 955
1535580 953
1535590 953
1535600 953
1535610 952
1535620 951
1535630 951
1535640 950
1535650 955
1535660 955
1535670 957
1535680 956
1535690 956
1535700 956
1535710 957
1535720 957
1535730 958
1535740 960
1535750 960
1535760 961
1535770 962
1535780 963
1535790 963
1535800 965
1535810 966
1535820 966
1535830 965
1535840 966
1535850 966
1535860 968
1535870 970
1535880 970
1535890 972
1535900 975
1535910 975
1535920 978
1535930 982
1535940 986
1535950 986
1535960 989
1535970 992
1535980 992
1535990 996
1536000 999
1536010 999
1536020 1002
1536030 1005
1536040 1005
1536050 1008
1536060 1012
1536070 1016
1536080 1016
1536090 1021
1536100 1025
1536110 1025
1536120 1028
1536130 1030
1536140 1030
1536150 1033
1536160 1036
1536170 1036
1536180 1039
1536190 1039
1536200 1039
1536210 1041
1536220 1043
1536230 1045
1536240 1045
1536250 1046
1536260 1047
1536270 1047
1536280 1047
1536290 1047
1536300 1047
1536310 1047
1536320 1046
1536330 1046
1536340 1045
1536350 1044
1536360 1043
1536370 1043
1536380 1042
1536390 1040
1536400 1040
1536410 1036
1536420 1032
1536430 1032
1536440 1030
1536450 1027
1536460 1027
1536470 1024
1536480 1020
1536490 1020
1536500 1016
1536510 1012
1536520 1007
1536530 1007
1536540 1001
1536550 997
1536560 997
1536570 992
1536580 986
1536590 986
1536600 982
1536610 978
1536620 978
1536630 975
1536640 971
1536650 971
1536660 968
1536670 964
1536680 960
1536690 960
1536700 955
1536710 949
1536720 949
1536730 943
1536740 937
1536750 937
1536760 930
1536770 923
1536780 923
1536790 917
1536800 911
1536810 906
1536820 906
1536830 902
1536840 899
1536850 899
1536860 896
1536870 890
1536880 890
1536890 884
1536900 877
1536910 877
1536920 870
1536930 862
1536940 862
1536950 854
1536960 847
1536970 840
1536980 840
1536990 833
1537000 824
1537010 824
1537020 815
1537030 805
1537040 805
1537050 795
1537060 786
1537070 786
1537080 783
1537090 781
1537100 781
1537110 775
1537120 770
1537130 771
1537140 771
1537150 774
1537160 777
1537170 777
1537180 776
1537190 778
1537200 778
1537210 781
1537220 785
1537230 785
1537240 787
1537250 791
1537260 797
1537270 797
1537280 803
1537290 811
1537300 811
1537310 819
1537320 827
1537330 827
1537340 834
1537350 841
1537360 841
1537370 856
1537380 881
1537390 881
1537400 888
1537410 894
1537420 896
1537430 896
1537440 896
1537450 899
1537460 899
1537470 899
1537480 898
1537490 898
1537500 899
1537510 901
1537520 901
1537530 906
1537540 915
1537550 920
1537560 920
1537570 927
1537580 934
1537590 934
1537600 942
1537610 949
1537620 949
1537630 956
1537640 960
1537650 960
1537660 964
1537670 968
1537680 968
1537690 971
1537700 975
1537710 980
1537720 980
1537730 983
1537740 986
1537750 986
1537760 987
1537770 986
1537780 986
1537790 984
1537800 983
1537810 983
1537820 982
1537830 985
1537840 985
1537850 989
1537860 991
1537870 992
1537880 992
1537890 993
1537900 994
1537910 994
1537920 996
1537930 998
1537940 998
1537950 1001
1537960 1002
1537970 1002
1537980 1003
1537990 1004
1538000 1006
1538010 1006
1538020 1009
1538030 1010
1538040 1010
1538050 1012
1538060 1015
1538070 1015
1538080 1018
1538090 1020
1538100 1020
1538110 1023
1538120 1025
1538130 1025
1538140 1027
1538150 1030
1538160 1033
1538170 1033
1538180 1036
1538190 1039
1538200 1039
1538210 1041
1538220 1044
1538230 1044
1538240 1048
1538250 1050
1538260 1050
1538270 1053
1538280 1056
1538290 1056
1538300 1060
1538310 1064
1538320 1067
1538330 1067
1538340 1070
1538350 1073
1538360 1073
1538370 1075
1538380 1078
1538390 1078
1538400 1081
1538410 1083
1538420 1083
1538430 1086
1538440 1088
1538450 1094
1538460 1094
1538470 1098
1538480 1101
1538490 1101
1538500 1104
1538510 1107
1538520 1107
1538530 1111
1538540 1115
1538550 1115
1538560 1118
1538570 1121
1538580 1121
1538590 1125
1538600 1128
1538610 1132
1538620 1132
1538630 1136
1538640 1140
1538650 1140
1538660 1145
1538670 1150
1538680 1150
1538690 1155
1538700 1160
1538710 1160
1538720 1166
1538730 1172
1538740 1177
1538750 1177
1538760 1181
1538770 1185
1538780 1185
1538790 1188
1538800 1192
1538810 1192
1538820 1196
1538830 1199
1538840 1199
1538850 1203
1538860 1206
1538870 1206
1538880 1210
1538890 1215
1538900 1220
1538910 1220
1538920 1225
1538930 1231
1538940 1231
1538950 1236
1538960 1239
1538970 1239
1538980 1239
1538990 1240
1539000 1240
1539010 1242
1539020 1243
1539030 1243
1539040 1246
1539050 1247
1539060 1248
1539070 1248
1539080 1250
1539090 1251
1539100 1251
1539110 1252
1539120 1252
1539130 1252
1539140 1252
1539150 1252
1539160 1252
1539170 1253
1539180 1254
1539190 1256
1539200 1256
1539210 1259
1539220 1262
1539230 1262
1539240 1264
1539250 1265
1539260 1265
1539270 1266
1539280 1266
1539290 1266
1539300 1266
1539310 1264
1539320 1264
1539330 1263
1539340 1263
1539350 1263
1539360 1263
1539370 1263
1539380 1264
1539390 1264
1539400 1264
1539410 1264
1539420 1264
1539430 1263
1539440 1262
1539450 1262
1539460 1261
1539470 1260
1539480 1260
1539490 1258
1539500 1257
1539510 1255
1539520 1255
1539530 1253
1539540 1251
1539550 1251
1539560 1249
1539570 1248
1539580 1248
1539590 1246
1539600 1246
1539610 1246
1539620 1245
1539630 1243
1539640 1242
1539650 1242
1539660 1240
1539670 1239
1539680 1239
1539690 1238
1539700 1237
1539710 1237
1539720 1235
1539730 1233
1539740 1233
1539750 1231
1539760 1228
1539770 1228
1539780 1225
1539790 1219
1539800 1211
1539810 1211
1539820 1205
1539830 1199
1539840 1199
1539850 1194
1539860 1188
1539870 1188
1539880 1185
1539890 1181
1539900 1181
1539910 1176
1539920 1170
1539930 1170
1539940 1163
1539950 1158
1539960 1153
1539970 1153
1539980 1148
1539990 1144
