1520000 650
1520010 650
1520020 650
1520030 650
1520040 650
1520050 650
1520060 649
1520070 649
1520080 649
1520090 649
1520100 649
1520110 649
1520120 649
1520130 649
1520140 649
1520150 649
1520160 649
1520170 649
1520180 648
1520190 648
1520200 648
1520210 648
1520220 648
1520230 648
1520240 648
1520250 648
1520260 648
1520270 648
1520280 647
1520290 647
1520300 647
1520310 647
1520320 647
1520330 646
1520340 646
1520350 646
1520360 646
1520370 645
1520380 645
1520390 645
1520400 644
1520410 644
1520420 644
1520430 644
1520440 644
1520450 644
1520460 643
1520470 643
1520480 643
1520490 643
1520500 643
1520510 642
1520520 642
1520530 642
1520540 642
1520550 642
1520560 641
1520570 641
1520580 641
1520590 641
1520600 640
1520610 640
1520620 640
1520630 640
1520640 640
1520650 640
1520660 639
1520670 639
1520680 639
1520690 639
1520700 638
1520710 638
1520720 638
1520730 638
1520740 638
1520750 638
1520760 637
1520770 637
1520780 637
1520790 636
1520800 636
1520810 635
1520820 634
1520830 633
1520840 633
1520850 632
1520860 631
1520870 631
1520880 630
1520890 630
1520900 630
1520910 629
1520920 627
1520930 627
1520940 626
1520950 626
1520960 625
1520970 625
1520980 624
1520990 622
1521000 622
1521010 621
1521020 621
1521030 621
1521040 621
1521050 620
1521060 620
1521070 618
1521080 616
1521090 616
1521100 615
1521110 614
1521120 614
1521130 614
1521140 614
1521150 615
1521160 615
1521170 615
1521180 616
1521190 616
1521200 616
1521210 614
1521220 614
1521230 613
1521240 613
1521250 613
1521260 612
1521270 612
1521280 612
1521290 612
1521300 612
1521310 612
1521320 612
1521330 612
1521340 612
1521350 612
1521360 613
1521370 614
1521380 614
1521390 615
1521400 616
1521410 616
1521420 616
1521430 616
1521440 615
1521450 615
1521460 615
1521470 614
1521480 614
1521490 614
1521500 613
1521510 613
1521520 612
1521530 612
1521540 612
1521550 611
1521560 611
1521570 611
1521580 611
1521590 611
1521600 611
1521610 611
1521620 610
1521630 610
1521640 610
1521650 610
1521660 610
1521670 610
1521680 610
1521690 610
1521700 610
1521710 610
1521720 610
1521730 610
1521740 610
1521750 610
1521760 610
1521770 610
1521780 610
1521790 610
1521800 610
1521810 610
1521820 610
1521830 610
1521840 610
1521850 610
1521860 610
1521870 610
1521880 610
1521890 610
1521900 610
1521910 610
1521920 610
1521930 610
1521940 610
1521950 610
1521960 610
1521970 610
1521980 610
1521990 610
1522000 610
1522010 610
1522020 610
1522030 610
1522040 610
1522050 610
1522060 610
1522070 609
1522080 609
1522090 609
1522100 610
1522110 610
1522120 610
1522130 610
1522140 610
1522150 610
1522160 610
1522170 610
1522180 610
1522190 610
1522200 610
1522210 610
1522220 610
1522230 610
1522240 610
1522250 610
1522260 610
1522270 610
1522280 610
1522290 610
1522300 610
1522310 610
1522320 610
1522330 609
1522340 609
1522350 609
1522360 610
1522370 610
1522380 610
1522390 612
1522400 613
1522410 613
1522420 615
1522430 615
1522440 615
1522450 616
1522460 616
1522470 616
1522480 616
1522490 616
1522500 616
1522510 616
1522520 616
1522530 615
1522540 615
1522550 614
1522560 613
1522570 613
1522580 612
1522590 611
1522600 611
1522610 610
1522620 609
1522630 608
1522640 608
1522650 607
1522660 605
1522670 605
1522680 604
1522690 603
1522700 603
1522710 601
1522720 600
1522730 600
1522740 598
1522750 597
1522760 597
1522770 597
1522780 597
1522790 597
1522800 597
1522810 597
1522820 597
1522830 597
1522840 598
1522850 599
1522860 599
1522870 602
1522880 605
1522890 605
1522900 608
1522910 608
1522920 608
1522930 608
1522940 608
1522950 608
1522960 608
1522970 608
1522980 608
1522990 608
1523000 608
1523010 608
1523020 608
1523030 608
1523040 608
1523050 608
1523060 607
1523070 606
1523080 603
1523090 603
1523100 601
1523110 602
1523120 602
1523130 602
1523140 599
1523150 599
1523160 597
1523170 595
1523180 595
1523190 594
1523200 593
1523210 593
1523220 593
1523230 592
1523240 592
1523250 592
1523260 591
1523270 589
1523280 589
1523290 587
1523300 586
1523310 586
1523320 583
1523330 582
1523340 582
1523350 582
1523360 582
1523370 584
1523380 584
1523390 587
1523400 588
1523410 588
1523420 587
1523430 590
1523440 590
1523450 589
1523460 588
1523470 588
1523480 588
1523490 586
1523500 586
1523510 585
1523520 584
1523530 583
1523540 583
1523550 583
1523560 584
1523570 584
1523580 584
1523590 584
1523600 584
1523610 583
1523620 581
1523630 581
1523640 579
1523650 578
1523660 578
1523670 578
1523680 577
1523690 576
1523700 576
1523710 576
1523720 575
1523730 575
1523740 575
1523750 575
1523760 575
1523770 575
1523780 575
1523790 575
1523800 575
1523810 575
1523820 575
1523830 575
1523840 574
1523850 571
1523860 571
1523870 569
1523880 567
1523890 567
1523900 565
1523910 563
1523920 563
1523930 562
1523940 562
1523950 562
1523960 561
1523970 561
1523980 561
1523990 561
1524000 561
1524010 560
1524020 560
1524030 561
1524040 560
1524050 560
1524060 560
1524070 561
1524080 561
1524090 563
1524100 562
1524110 562
1524120 560
1524130 560
1524140 560
1524150 560
1524160 559
1524170 559
1524180 559
1524190 560
1524200 562
1524210 562
1524220 562
1524230 560
1524240 560
1524250 560
1524260 560
1524270 560
1524280 560
1524290 559
1524300 559
1524310 559
1524320 559
1524330 559
1524340 559
1524350 560
1524360 560
1524370 560
1524380 561
1524390 562
1524400 562
1524410 563
1524420 563
1524430 563
1524440 563
1524450 563
1524460 565
1524470 565
1524480 567
1524490 569
1524500 569
1524510 567
1524520 566
1524530 566
1524540 569
1524550 571
1524560 571
1524570 571
1524580 572
1524590 574
1524600 574
1524610 575
1524620 576
1524630 576
1524640 575
1524650 576
1524660 576
1524670 578
1524680 579
1524690 579
1524700 579
1524710 580
1524720 580
1524730 580
1524740 577
1524750 575
1524760 575
1524770 577
1524780 579
1524790 579
1524800 581
1524810 584
1524820 584
1524830 588
1524840 591
1524850 591
1524860 594
1524870 596
1524880 598
1524890 598
1524900 600
1524910 601
1524920 601
1524930 603
1524940 604
1524950 604
1524960 605
1524970 606
1524980 606
1524990 606
1525000 606
1525010 606
1525020 605
1525030 605
1525040 607
1525050 607
1525060 607
1525070 608
1525080 608
1525090 607
1525100 607
1525110 607
1525120 607
1525130 607
1525140 607
1525150 607
1525160 605
1525170 605
1525180 605
1525190 604
1525200 605
1525210 605
1525220 605
1525230 602
1525240 602
1525250 599
1525260 596
1525270 596
1525280 593
1525290 589
1525300 589
1525310 585
1525320 583
1525330 581
1525340 581
1525350 579
1525360 577
1525370 577
1525380 576
1525390 576
1525400 576
1525410 576
1525420 575
1525430 575
1525440 574
1525450 574
1525460 574
1525470 574
1525480 573
1525490 571
1525500 571
1525510 569
1525520 568
1525530 568
1525540 568
1525550 569
1525560 569
1525570 568
1525580 567
1525590 567
1525600 567
1525610 567
1525620 567
1525630 567
1525640 568
1525650 568
1525660 568
1525670 568
1525680 568
1525690 568
1525700 568
1525710 568
1525720 568
1525730 569
1525740 570
1525750 570
1525760 570
1525770 570
1525780 570
1525790 570
1525800 570
1525810 570
1525820 570
1525830 570
1525840 570
1525850 570
1525860 570
1525870 570
1525880 570
1525890 570
1525900 570
1525910 570
1525920 572
1525930 572
1525940 573
1525950 573
1525960 573
1525970 574
1525980 574
1525990 574
1526000 575
1526010 575
1526020 575
1526030 575
1526040 575
1526050 576
1526060 577
1526070 577
1526080 577
1526090 579
1526100 583
1526110 583
1526120 590
1526130 592
1526140 592
1526150 592
1526160 592
1526170 592
1526180 590
1526190 589
1526200 589
1526210 585
1526220 580
1526230 579
1526240 579
1526250 579
1526260 578
1526270 578
1526280 578
1526290 578
1526300 578
1526310 579
1526320 579
1526330 579
1526340 579
1526350 579
1526360 579
1526370 579
1526380 579
1526390 579
1526400 579
1526410 579
1526420 579
1526430 579
1526440 579
1526450 579
1526460 579
1526470 579
1526480 579
1526490 579
1526500 578
1526510 578
1526520 578
1526530 578
1526540 577
1526550 577
1526560 577
1526570 576
1526580 576
1526590 576
1526600 576
1526610 576
1526620 576
1526630 576
1526640 575
1526650 575
1526660 575
1526670 574
1526680 574
1526690 574
1526700 574
1526710 574
1526720 574
1526730 573
1526740 574
1526750 574
1526760 575
1526770 574
1526780 574
1526790 574
1526800 573
1526810 573
1526820 573
1526830 572
1526840 572
1526850 572
1526860 572
1526870 573
1526880 573
1526890 573
1526900 574
1526910 574
1526920 577
1526930 580
1526940 580
1526950 580
1526960 579
1526970 579
1526980 579
1526990 579
1527000 578
1527010 578
1527020 577
1527030 575
1527040 575
1527050 573
1527060 571
1527070 571
1527080 570
1527090 569
1527100 569
1527110 569
1527120 569
1527130 568
1527140 568
1527150 568
1527160 568
1527170 568
1527180 568
1527190 568
1527200 568
1527210 567
1527220 567
1527230 567
1527240 567
1527250 567
1527260 567
1527270 566
1527280 566
1527290 566
1527300 566
1527310 566
1527320 566
1527330 566
1527340 566
1527350 567
1527360 567
1527370 567
1527380 568
1527390 568
1527400 568
1527410 569
1527420 570
1527430 570
1527440 570
1527450 567
1527460 567
1527470 567
1527480 568
1527490 568
1527500 568
1527510 567
1527520 567
1527530 566
1527540 566
1527550 566
1527560 565
1527570 565
1527580 565
1527590 565
1527600 565
1527610 565
1527620 565
1527630 565
1527640 565
1527650 565
1527660 565
1527670 565
1527680 565
1527690 565
1527700 565
1527710 565
1527720 564
1527730 564
1527740 564
1527750 564
1527760 564
1527770 564
1527780 564
1527790 563
1527800 563
1527810 563
1527820 563
1527830 563
1527840 563
1527850 562
1527860 562
1527870 562
1527880 562
1527890 562
1527900 562
1527910 562
1527920 562
1527930 562
1527940 562
1527950 562
1527960 562
1527970 562
1527980 562
1527990 562
1528000 562
1528010 562
1528020 562
1528030 562
1528040 562
1528050 562
1528060 562
1528070 562
1528080 562
1528090 562
1528100 562
1528110 562
1528120 562
1528130 562
1528140 562
1528150 562
1528160 562
1528170 562
1528180 562
1528190 562
1528200 562
1528210 563
1528220 563
1528230 563
1528240 563
1528250 563
1528260 563
1528270 564
1528280 564
1528290 564
1528300 564
1528310 564
1528320 564
1528330 565
1528340 565
1528350 565
1528360 565
1528370 565
1528380 566
1528390 566
1528400 566
1528410 566
1528420 566
1528430 566
1528440 567
1528450 567
1528460 567
1528470 567
1528480 568
1528490 568
1528500 568
1528510 568
1528520 568
1528530 569
1528540 569
1528550 569
1528560 569
1528570 569
1528580 569
1528590 570
1528600 570
1528610 570
1528620 571
1528630 571
1528640 571
1528650 571
1528660 571
1528670 571
1528680 571
1528690 572
1528700 572
1528710 572
1528720 573
1528730 573
1528740 573
1528750 573
1528760 574
1528770 574
1528780 574
1528790 575
1528800 575
1528810 575
1528820 575
1528830 575
1528840 575
1528850 575
1528860 575
1528870 575
1528880 575
1528890 575
1528900 575
1528910 575
1528920 575
1528930 575
1528940 575
1528950 576
1528960 576
1528970 576
1528980 576
1528990 576
1529000 576
1529010 576
1529020 577
1529030 577
1529040 577
1529050 577
1529060 577
1529070 577
1529080 578
1529090 578
1529100 578
1529110 578
1529120 578
1529130 578
1529140 578
1529150 578
1529160 578
1529170 578
1529180 578
1529190 578
1529200 578
1529210 578
1529220 578
1529230 578
1529240 579
1529250 579
1529260 579
1529270 579
1529280 579
1529290 579
1529300 578
1529310 578
1529320 578
1529330 578
1529340 578
1529350 578
1529360 578
1529370 577
1529380 577
1529390 577
1529400 577
1529410 577
1529420 577
1529430 576
1529440 575
1529450 575
1529460 575
1529470 575
1529480 575
1529490 575
1529500 575
1529510 575
1529520 574
1529530 574
1529540 573
1529550 573
1529560 573
1529570 573
1529580 573
1529590 573
1529600 572
1529610 572
1529620 572
1529630 572
1529640 572
1529650 571
1529660 571
1529670 571
1529680 571
1529690 570
1529700 570
1529710 570
1529720 570
1529730 570
1529740 570
1529750 569
1529760 569
1529770 569
1529780 569
1529790 568
1529800 568
1529810 567
1529820 567
1529830 567
1529840 567
1529850 567
1529860 567
1529870 567
1529880 566
1529890 566
1529900 566
1529910 566
1529920 566
1529930 566
1529940 565
1529950 565
1529960 565
1529970 565
1529980 564
1529990 564
1530000 564
1530010 564
1530020 563
1530030 563
1530040 563
1530050 563
1530060 563
1530070 563
1530080 563
1530090 563
1530100 563
1530110 562
1530120 562
1530130 562
1530140 562
1530150 561
1530160 561
1530170 561
1530180 561
1530190 561
1530200 561
1530210 560
1530220 560
1530230 560
1530240 560
1530250 560
1530260 559
1530270 559
1530280 559
1530290 559
1530300 559
1530310 558
1530320 558
1530330 557
1530340 557
1530350 557
1530360 556
1530370 556
1530380 556
1530390 556
1530400 556
1530410 556
1530420 555
1530430 555
1530440 555
1530450 555
1530460 555
1530470 554
1530480 554
1530490 554
1530500 554
1530510 554
1530520 554
1530530 554
1530540 554
1530550 553
1530560 553
1530570 553
1530580 553
1530590 553
1530600 552
1530610 552
1530620 552
1530630 552
1530640 552
1530650 551
1530660 551
1530670 551
1530680 551
1530690 551
1530700 551
1530710 551
1530720 551
1530730 551
1530740 551
1530750 550
1530760 549
1530770 549
1530780 549
1530790 549
1530800 549
1530810 548
1530820 548
1530830 548
1530840 548
1530850 548
1530860 548
1530870 548
1530880 547
1530890 547
1530900 547
1530910 547
1530920 547
1530930 547
1530940 547
1530950 546
1530960 546
1530970 546
1530980 546
1530990 546
1531000 546
1531010 545
1531020 545
1531030 545
1531040 544
1531050 544
1531060 544
1531070 545
1531080 545
1531090 545
1531100 545
1531110 544
1531120 544
1531130 544
1531140 544
1531150 544
1531160 544
1531170 544
1531180 544
1531190 544
1531200 544
1531210 544
1531220 544
1531230 543
1531240 542
1531250 542
1531260 541
1531270 540
1531280 540
1531290 540
1531300 539
1531310 539
1531320 539
1531330 538
1531340 538
1531350 538
1531360 537
1531370 537
1531380 537
1531390 537
1531400 537
1531410 537
1531420 537
1531430 537
1531440 537
1531450 537
1531460 540
1531470 540
1531480 540
1531490 540
1531500 540
1531510 540
1531520 541
1531530 541
1531540 541
1531550 542
1531560 543
1531570 543
1531580 544
1531590 544
1531600 544
1531610 545
1531620 545
1531630 545
1531640 546
1531650 546
1531660 547
1531670 547
1531680 548
1531690 548
1531700 548
1531710 548
1531720 547
1531730 547
1531740 546
1531750 544
1531760 544
1531770 543
1531780 543
1531790 544
1531800 544
1531810 544
1531820 545
1531830 545
1531840 546
1531850 547
1531860 547
1531870 548
1531880 548
1531890 548
1531900 549
1531910 550
1531920 550
1531930 552
1531940 553
1531950 554
1531960 554
1531970 554
1531980 554
1531990 554
1532000 555
1532010 555
1532020 555
1532030 555
1532040 555
1532050 555
1532060 555
1532070 556
1532080 556
1532090 556
1532100 556
1532110 556
1532120 556
1532130 557
1532140 557
1532150 556
1532160 556
1532170 556
1532180 556
1532190 556
1532200 557
1532210 557
1532220 557
1532230 556
1532240 556
1532250 556
1532260 557
1532270 557
1532280 557
1532290 554
1532300 553
1532310 553
1532320 551
1532330 550
1532340 550
1532350 547
1532360 546
1532370 546
1532380 546
1532390 546
1532400 546
1532410 546
1532420 546
1532430 546
1532440 546
1532450 546
1532460 546
1532470 546
1532480 545
1532490 545
1532500 545
1532510 545
1532520 544
1532530 544
1532540 544
1532550 544
1532560 544
1532570 544
1532580 543
1532590 543
1532600 543
1532610 543
1532620 544
1532630 544
1532640 544
1532650 544
1532660 544
1532670 545
1532680 546
1532690 546
1532700 546
1532710 547
1532720 547
1532730 547
1532740 548
1532750 549
1532760 549
1532770 550
1532780 552
1532790 552
1532800 555
1532810 557
1532820 557
1532830 560
1532840 564
1532850 565
1532860 565
1532870 566
1532880 566
1532890 566
1532900 567
1532910 568
1532920 568
1532930 569
1532940 570
1532950 570
1532960 571
1532970 571
1532980 571
1532990 571
1533000 571
1533010 571
1533020 571
1533030 572
1533040 572
1533050 572
1533060 572
1533070 572
1533080 572
1533090 573
1533100 573
1533110 573
1533120 574
1533130 574
1533140 575
1533150 575
1533160 575
1533170 575
1533180 575
1533190 575
1533200 576
1533210 576
1533220 576
1533230 576
1533240 576
1533250 576
1533260 577
1533270 577
1533280 578
1533290 578
1533300 579
1533310 579
1533320 581
1533330 582
1533340 582
1533350 583
1533360 583
1533370 583
1533380 583
1533390 583
1533400 583
1533410 582
1533420 581
1533430 581
1533440 581
1533450 581
1533460 580
1533470 580
1533480 579
1533490 579
1533500 579
1533510 577
1533520 576
1533530 576
1533540 575
1533550 575
1533560 575
1533570 574
1533580 574
1533590 573
1533600 573
1533610 573
1533620 573
1533630 573
1533640 573
1533650 572
1533660 572
1533670 572
1533680 572
1533690 572
1533700 571
1533710 570
1533720 570
1533730 569
1533740 568
1533750 567
1533760 567
1533770 566
1533780 565
1533790 565
1533800 563
1533810 562
1533820 562
1533830 560
1533840 559
1533850 559
1533860 557
1533870 554
1533880 554
1533890 553
1533900 552
1533910 551
1533920 551
1533930 551
1533940 549
1533950 549
1533960 547
1533970 544
1533980 544
1533990 544
1534000 543
1534010 543
1534020 542
1534030 543
1534040 543
1534050 543
1534060 543
1534070 543
1534080 543
1534090 543
1534100 542
1534110 542
1534120 542
1534130 542
1534140 542
1534150 541
1534160 541
1534170 541
1534180 541
1534190 541
1534200 541
1534210 541
1534220 541
1534230 540
1534240 540
1534250 540
1534260 539
1534270 539
1534280 539
1534290 539
1534300 539
1534310 539
1534320 539
1534330 539
1534340 539
1534350 539
1534360 539
1534370 539
1534380 538
1534390 538
1534400 538
1534410 538
1534420 539
1534430 539
1534440 539
1534450 539
1534460 539
1534470 539
1534480 539
1534490 539
1534500 540
1534510 540
1534520 541
1534530 541
1534540 541
1534550 541
1534560 541
1534570 541
1534580 540
1534590 540
1534600 541
1534610 541
1534620 541
1534630 542
1534640 543
1534650 542
1534660 542
1534670 542
1534680 542
1534690 542
1534700 542
1534710 542
1534720 542
1534730 543
1534740 543
1534750 543
1534760 543
1534770 543
1534780 543
1534790 543
1534800 543
1534810 544
1534820 544
1534830 544
1534840 545
1534850 545
1534860 545
1534870 546
1534880 546
1534890 546
1534900 546
1534910 546
1534920 546
1534930 547
1534940 547
1534950 547
1534960 547
1534970 547
1534980 547
1534990 547
1535000 547
1535010 547
1535020 547
1535030 547
1535040 547
1535050 548
1535060 548
1535070 548
1535080 549
1535090 549
1535100 550
1535110 550
1535120 550
1535130 550
1535140 550
1535150 550
1535160 550
1535170 550
1535180 551
1535190 551
1535200 551
1535210 551
1535220 552
1535230 552
1535240 552
1535250 552
1535260 552
1535270 552
1535280 553
1535290 553
1535300 553
1535310 554
1535320 554
1535330 554
1535340 554
1535350 554
1535360 554
1535370 555
1535380 555
1535390 555
1535400 555
1535410 555
1535420 556
1535430 556
1535440 556
1535450 557
1535460 557
1535470 556
1535480 557
1535490 557
1535500 557
1535510 557
1535520 557
1535530 557
1535540 557
1535550 558
1535560 558
1535570 559
1535580 559
1535590 559
1535600 559
1535610 559
1535620 559
1535630 559
1535640 559
1535650 559
1535660 560
1535670 560
1535680 560
1535690 560
1535700 560
1535710 560
1535720 560
1535730 561
1535740 561
1535750 561
1535760 562
1535770 561
1535780 561
1535790 561
1535800 561
1535810 561
1535820 562
1535830 562
1535840 562
1535850 562
1535860 562
1535870 562
1535880 562
1535890 563
1535900 563
1535910 563
1535920 563
1535930 564
1535940 564
1535950 564
1535960 565
1535970 565
1535980 565
1535990 564
1536000 563
1536010 563
1536020 564
1536030 564
1536040 564
1536050 564
1536060 565
1536070 565
1536080 565
1536090 565
1536100 565
1536110 566
1536120 566
1536130 566
1536140 566
1536150 566
1536160 567
1536170 567
1536180 567
1536190 567
1536200 567
1536210 567
1536220 567
1536230 567
1536240 567
1536250 568
1536260 568
1536270 568
1536280 568
1536290 568
1536300 568
1536310 567
1536320 567
1536330 567
1536340 566
1536350 567
1536360 567
1536370 568
1536380 569
1536390 569
1536400 569
1536410 569
1536420 569
1536430 569
1536440 569
1536450 569
1536460 569
1536470 570
1536480 570
1536490 570
1536500 571
1536510 571
1536520 571
1536530 571
1536540 571
1536550 571
1536560 571
1536570 570
1536580 570
1536590 570
1536600 570
1536610 571
1536620 571
1536630 571
1536640 571
1536650 571
1536660 572
1536670 572
1536680 572
1536690 572
1536700 572
1536710 572
1536720 572
1536730 572
1536740 572
1536750 572
1536760 573
1536770 572
1536780 572
1536790 572
1536800 572
1536810 572
1536820 572
1536830 572
1536840 572
1536850 572
1536860 572
1536870 572
1536880 573
1536890 573
1536900 573
1536910 573
1536920 573
1536930 573
1536940 573
1536950 573
1536960 573
1536970 573
1536980 572
1536990 572
1537000 572
1537010 572
1537020 572
1537030 572
1537040 572
1537050 572
1537060 572
1537070 572
1537080 572
1537090 572
1537100 572
1537110 572
1537120 572
1537130 572
1537140 572
1537150 572
1537160 572
1537170 571
1537180 571
1537190 571
1537200 570
1537210 570
1537220 571
1537230 571
1537240 571
1537250 571
1537260 571
1537270 569
1537280 568
1537290 568
1537300 568
1537310 568
1537320 568
1537330 568
1537340 568
1537350 567
1537360 567
1537370 567
1537380 567
1537390 567
1537400 567
1537410 567
1537420 567
1537430 567
1537440 566
1537450 566
1537460 566
1537470 566
1537480 566
1537490 566
1537500 566
1537510 566
1537520 566
1537530 566
1537540 566
1537550 566
1537560 565
1537570 565
1537580 565
1537590 565
1537600 565
1537610 565
1537620 564
1537630 564
1537640 564
1537650 563
1537660 563
1537670 562
1537680 562
1537690 562
1537700 562
1537710 562
1537720 562
1537730 561
1537740 561
1537750 561
1537760 561
1537770 561
1537780 560
1537790 560
1537800 560
1537810 560
1537820 560
1537830 559
1537840 559
1537850 559
1537860 559
1537870 559
1537880 558
1537890 558
1537900 558
1537910 558
1537920 558
1537930 558
1537940 557
1537950 557
1537960 557
1537970 557
1537980 557
1537990 559
1538000 559
1538010 560
1538020 562
1538030 562
1538040 562
1538050 561
1538060 561
1538070 560
1538080 560
1538090 560
1538100 560
1538110 560
1538120 559
1538130 559
1538140 559
1538150 559
1538160 559
1538170 559
1538180 559
1538190 559
1538200 559
1538210 559
1538220 559
1538230 559
1538240 559
1538250 559
1538260 559
1538270 559
1538280 559
1538290 559
1538300 559
1538310 559
1538320 559
1538330 558
1538340 556
1538350 556
1538360 556
1538370 556
1538380 556
1538390 555
1538400 555
1538410 555
1538420 555
1538430 555
1538440 555
1538450 555
1538460 555
1538470 556
1538480 556
1538490 557
1538500 557
1538510 557
1538520 558
1538530 559
1538540 559
1538550 560
1538560 560
1538570 560
1538580 560
1538590 560
1538600 560
1538610 560
1538620 560
1538630 560
1538640 560
1538650 560
1538660 560
1538670 560
1538680 560
1538690 561
1538700 561
1538710 561
1538720 560
1538730 560
1538740 560
1538750 560
1538760 560
1538770 560
1538780 561
1538790 561
1538800 561
1538810 561
1538820 562
1538830 562
1538840 562
1538850 562
1538860 562
1538870 562
1538880 562
1538890 561
1538900 561
1538910 561
1538920 561
1538930 561
1538940 562
1538950 562
1538960 562
1538970 562
1538980 562
1538990 562
1539000 563
1539010 563
1539020 563
1539030 563
1539040 564
1539050 564
1539060 564
1539070 565
1539080 566
1539090 566
1539100 566
1539110 566
1539120 566
1539130 567
1539140 567
1539150 567
1539160 567
1539170 568
1539180 568
1539190 568
1539200 569
1539210 569
1539220 569
1539230 569
1539240 569
1539250 569
1539260 569
1539270 570
1539280 570
1539290 571
1539300 571
1539310 571
1539320 571
1539330 571
1539340 572
1539350 572
1539360 572
1539370 572
1539380 572
1539390 574
1539400 576
1539410 576
1539420 578
1539430 577
1539440 577
1539450 577
1539460 578
1539470 578
1539480 578
1539490 580
1539500 585
1539510 585
1539520 584
1539530 587
1539540 587
1539550 589
1539560 588
1539570 588
1539580 587
1539590 590
1539600 590
1539610 592
1539620 591
1539630 591
1539640 591
1539650 591
1539660 592
1539670 592
1539680 593
1539690 593
1539700 593
1539710 591
1539720 591
1539730 591
1539740 590
1539750 589
1539760 590
1539770 590
1539780 595
1539790 600
1539800 600
1539810 602
1539820 603
1539830 603
1539840 602
1539850 604
1539860 604
1539870 606
1539880 609
1539890 609
1539900 612
1539910 613
1539920 611
1539930 611
1539940 607
1539950 603
1539960 603
1539970 600
1539980 601
1539990 601
