1520000 643
1520010 648
1520020 648
1520030 651
1520040 652
1520050 652
1520060 652
1520070 652
1520080 652
1520090 653
1520100 653
1520110 653
1520120 653
1520130 654
1520140 654
1520150 654
1520160 655
1520170 655
1520180 655
1520190 655
1520200 656
1520210 656
1520220 656
1520230 657
1520240 657
1520250 658
1520260 658
1520270 658
1520280 658
1520290 659
1520300 659
1520310 658
1520320 658
1520330 659
1520340 659
1520350 659
1520360 659
1520370 659
1520380 659
1520390 660
1520400 660
1520410 660
1520420 660
1520430 660
1520440 660
1520450 660
1520460 660
1520470 661
1520480 661
1520490 662
1520500 662
1520510 662
1520520 662
1520530 662
1520540 662
1520550 663
1520560 663
1520570 663
1520580 664
1520590 664
1520600 664
1520610 664
1520620 665
1520630 665
1520640 665
1520650 665
1520660 665
1520670 665
1520680 665
1520690 665
1520700 665
1520710 664
1520720 664
1520730 663
1520740 662
1520750 662
1520760 661
1520770 660
1520780 659
1520790 659
1520800 658
1520810 657
1520820 657
1520830 656
1520840 655
1520850 655
1520860 655
1520870 655
1520880 655
1520890 654
1520900 654
1520910 654
1520920 653
1520930 652
1520940 652
1520950 650
1520960 649
1520970 649
1520980 649
1520990 648
1521000 647
1521010 647
1521020 647
1521030 646
1521040 646
1521050 645
1521060 645
1521070 645
1521080 645
1521090 644
1521100 643
1521110 643
1521120 642
1521130 642
1521140 642
1521150 641
1521160 641
1521170 641
1521180 640
1521190 639
1521200 639
1521210 639
1521220 639
1521230 639
1521240 639
1521250 639
1521260 637
1521270 637
1521280 634
1521290 633
1521300 633
1521310 633
1521320 632
1521330 632
1521340 631
1521350 630
1521360 630
1521370 629
1521380 628
1521390 627
1521400 627
1521410 626
1521420 626
1521430 626
1521440 625
1521450 624
1521460 624
1521470 623
1521480 622
1521490 622
1521500 622
1521510 621
1521520 621
1521530 620
1521540 619
1521550 619
1521560 619
1521570 619
1521580 618
1521590 618
1521600 617
1521610 617
1521620 617
1521630 617
1521640 616
1521650 616
1521660 616
1521670 616
1521680 615
1521690 615
1521700 614
1521710 613
1521720 613
1521730 612
1521740 612
1521750 612
1521760 611
1521770 610
1521780 610
1521790 609
1521800 609
1521810 609
1521820 609
1521830 609
1521840 609
1521850 609
1521860 609
1521870 609
1521880 609
1521890 609
1521900 610
1521910 610
1521920 611
1521930 612
1521940 612
1521950 613
1521960 613
1521970 613
1521980 613
1521990 613
1522000 613
1522010 613
1522020 613
1522030 612
1522040 612
1522050 612
1522060 612
1522070 612
1522080 612
1522090 612
1522100 612
1522110 612
1522120 613
1522130 613
1522140 613
1522150 612
1522160 611
1522170 611
1522180 612
1522190 612
1522200 612
1522210 612
1522220 612
1522230 612
1522240 612
1522250 610
1522260 610
1522270 610
1522280 611
1522290 611
1522300 611
1522310 612
1522320 613
1522330 613
1522340 614
1522350 615
1522360 615
1522370 616
1522380 615
1522390 615
1522400 615
1522410 614
1522420 614
1522430 614
1522440 613
1522450 612
1522460 612
1522470 611
1522480 611
1522490 611
1522500 609
1522510 607
1522520 607
1522530 605
1522540 603
1522550 603
1522560 603
1522570 602
1522580 602
1522590 601
1522600 601
1522610 600
1522620 600
1522630 600
1522640 601
1522650 601
1522660 601
1522670 601
1522680 601
1522690 602
1522700 602
1522710 602
1522720 601
1522730 601
1522740 601
1522750 601
1522760 600
1522770 599
1522780 599
1522790 600
1522800 601
1522810 601
1522820 602
1522830 601
1522840 601
1522850 598
1522860 598
1522870 598
1522880 599
1522890 599
1522900 598
1522910 598
1522920 597
1522930 597
1522940 597
1522950 596
1522960 595
1522970 595
1522980 593
1522990 591
1523000 591
1523010 590
1523020 591
1523030 591
1523040 592
1523050 593
1523060 592
1523070 592
1523080 592
1523090 590
1523100 590
1523110 588
1523120 588
1523130 588
1523140 588
1523150 587
1523160 587
1523170 586
1523180 586
1523190 586
1523200 583
1523210 582
1523220 581
1523230 581
1523240 583
1523250 583
1523260 583
1523270 582
1523280 580
1523290 580
1523300 578
1523310 578
1523320 578
1523330 578
1523340 577
1523350 576
1523360 576
1523370 576
1523380 575
1523390 575
1523400 576
1523410 582
1523420 582
1523430 582
1523440 582
1523450 582
1523460 582
1523470 579
1523480 579
1523490 573
1523500 566
1523510 560
1523520 560
1523530 553
1523540 551
1523550 551
1523560 550
1523570 550
1523580 550
1523590 550
1523600 550
1523610 550
1523620 550
1523630 550
1523640 550
1523650 550
1523660 550
1523670 550
1523680 550
1523690 550
1523700 550
1523710 550
1523720 550
1523730 550
1523740 550
1523750 550
1523760 550
1523770 550
1523780 550
1523790 550
1523800 550
1523810 550
1523820 550
1523830 550
1523840 550
1523850 550
1523860 550
1523870 550
1523880 549
1523890 548
1523900 548
1523910 548
1523920 548
1523930 548
1523940 549
1523950 548
1523960 548
1523970 548
1523980 548
1523990 548
1524000 548
1524010 548
1524020 548
1524030 548
1524040 548
1524050 548
1524060 548
1524070 548
1524080 547
1524090 547
1524100 547
1524110 547
1524120 548
1524130 548
1524140 550
1524150 553
1524160 553
1524170 557
1524180 561
1524190 561
1524200 565
1524210 566
1524220 566
1524230 565
1524240 562
1524250 561
1524260 558
1524270 554
1524280 551
1524290 551
1524300 549
1524310 550
1524320 550
1524330 551
1524340 551
1524350 551
1524360 551
1524370 551
1524380 551
1524390 551
1524400 550
1524410 549
1524420 549
1524430 549
1524440 549
1524450 549
1524460 550
1524470 551
1524480 551
1524490 551
1524500 551
1524510 551
1524520 551
1524530 551
1524540 551
1524550 552
1524560 551
1524570 550
1524580 550
1524590 550
1524600 550
1524610 550
1524620 549
1524630 549
1524640 549
1524650 548
1524660 549
1524670 549
1524680 549
1524690 550
1524700 550
1524710 550
1524720 551
1524730 551
1524740 551
1524750 552
1524760 552
1524770 552
1524780 553
1524790 554
1524800 554
1524810 559
1524820 566
1524830 566
1524840 571
1524850 571
1524860 569
1524870 569
1524880 567
1524890 564
1524900 564
1524910 560
1524920 555
1524930 555
1524940 552
1524950 552
1524960 552
1524970 552
1524980 552
1524990 552
1525000 552
1525010 552
1525020 553
1525030 553
1525040 554
1525050 554
1525060 554
1525070 553
1525080 552
1525090 552
1525100 552
1525110 552
1525120 552
1525130 555
1525140 555
1525150 555
1525160 557
1525170 557
1525180 562
1525190 562
1525200 567
1525210 568
1525220 568
1525230 568
1525240 568
1525250 568
1525260 567
1525270 567
1525280 567
1525290 565
1525300 562
1525310 562
1525320 566
1525330 568
1525340 565
1525350 565
1525360 562
1525370 562
1525380 562
1525390 562
1525400 562
1525410 562
1525420 562
1525430 561
1525440 561
1525450 560
1525460 560
1525470 560
1525480 560
1525490 560
1525500 560
1525510 560
1525520 560
1525530 561
1525540 561
1525550 561
1525560 560
1525570 560
1525580 560
1525590 560
1525600 560
1525610 560
1525620 561
1525630 562
1525640 562
1525650 563
1525660 564
1525670 564
1525680 563
1525690 563
1525700 563
1525710 564
1525720 565
1525730 565
1525740 564
1525750 564
1525760 564
1525770 565
1525780 565
1525790 565
1525800 565
1525810 565
1525820 565
1525830 565
1525840 565
1525850 565
1525860 565
1525870 564
1525880 564
1525890 564
1525900 564
1525910 564
1525920 564
1525930 564
1525940 564
1525950 563
1525960 563
1525970 564
1525980 566
1525990 566
1526000 569
1526010 571
1526020 571
1526030 570
1526040 571
1526050 571
1526060 572
1526070 570
1526080 568
1526090 568
1526100 566
1526110 569
1526120 569
1526130 572
1526140 571
1526150 571
1526160 569
1526170 568
1526180 568
1526190 568
1526200 567
1526210 567
1526220 565
1526230 566
1526240 568
1526250 568
1526260 570
1526270 567
1526280 567
1526290 566
1526300 566
1526310 566
1526320 566
1526330 566
1526340 566
1526350 566
1526360 565
1526370 565
1526380 565
1526390 566
1526400 566
1526410 566
1526420 565
1526430 561
1526440 561
1526450 556
1526460 554
1526470 554
1526480 554
1526490 556
1526500 556
1526510 558
1526520 559
1526530 559
1526540 559
1526550 559
1526560 559
1526570 559
1526580 559
1526590 560
1526600 560
1526610 560
1526620 560
1526630 560
1526640 561
1526650 562
1526660 562
1526670 561
1526680 562
1526690 562
1526700 562
1526710 562
1526720 562
1526730 562
1526740 561
1526750 561
1526760 561
1526770 561
1526780 560
1526790 560
1526800 560
1526810 560
1526820 560
1526830 560
1526840 560
1526850 560
1526860 560
1526870 560
1526880 560
1526890 560
1526900 560
1526910 560
1526920 560
1526930 560
1526940 560
1526950 560
1526960 560
1526970 560
1526980 560
1526990 560
1527000 560
1527010 560
1527020 560
1527030 560
1527040 561
1527050 561
1527060 562
1527070 563
1527080 563
1527090 563
1527100 564
1527110 564
1527120 565
1527130 564
1527140 564
1527150 564
1527160 563
1527170 562
1527180 562
1527190 562
1527200 561
1527210 561
1527220 561
1527230 561
1527240 561
1527250 562
1527260 562
1527270 562
1527280 562
1527290 561
1527300 562
1527310 562
1527320 561
1527330 560
1527340 560
1527350 560
1527360 559
1527370 559
1527380 560
1527390 560
1527400 560
1527410 560
1527420 560
1527430 560
1527440 560
1527450 561
1527460 561
1527470 561
1527480 561
1527490 559
1527500 559
1527510 559
1527520 559
1527530 559
1527540 558
1527550 558
1527560 558
1527570 559
1527580 559
1527590 558
1527600 558
1527610 558
1527620 559
1527630 559
1527640 560
1527650 559
1527660 559
1527670 559
1527680 558
1527690 558
1527700 556
1527710 556
1527720 556
1527730 557
1527740 557
1527750 558
1527760 558
1527770 559
1527780 561
1527790 561
1527800 562
1527810 561
1527820 561
1527830 560
1527840 560
1527850 560
1527860 560
1527870 562
1527880 562
1527890 564
1527900 565
1527910 566
1527920 566
1527930 566
1527940 565
1527950 565
1527960 564
1527970 563
1527980 563
1527990 561
1528000 559
1528010 559
1528020 561
1528030 564
1528040 564
1528050 566
1528060 569
1528070 571
1528080 571
1528090 572
1528100 576
1528110 576
1528120 578
1528130 582
1528140 582
1528150 584
1528160 583
1528170 583
1528180 582
1528190 580
1528200 577
1528210 577
1528220 573
1528230 570
1528240 570
1528250 569
1528260 572
1528270 572
1528280 575
1528290 578
1528300 578
1528310 580
1528320 579
1528330 579
1528340 578
1528350 576
1528360 571
1528370 571
1528380 567
1528390 566
1528400 566
1528410 567
1528420 568
1528430 568
1528440 566
1528450 566
1528460 566
1528470 568
1528480 569
1528490 569
1528500 570
1528510 571
1528520 571
1528530 571
1528540 571
1528550 571
1528560 571
1528570 570
1528580 571
1528590 571
1528600 574
1528610 573
1528620 573
1528630 575
1528640 579
1528650 580
1528660 580
1528670 582
1528680 582
1528690 582
1528700 580
1528710 575
1528720 575
1528730 573
1528740 572
1528750 572
1528760 572
1528770 571
1528780 571
1528790 570
1528800 570
1528810 569
1528820 569
1528830 568
1528840 568
1528850 568
1528860 566
1528870 566
1528880 566
1528890 564
1528900 561
1528910 561
1528920 561
1528930 560
1528940 560
1528950 558
1528960 557
1528970 558
1528980 558
1528990 560
1529000 562
1529010 562
1529020 560
1529030 559
1529040 559
1529050 560
1529060 559
1529070 559
1529080 559
1529090 557
1529100 557
1529110 555
1529120 554
1529130 553
1529140 553
1529150 552
1529160 552
1529170 552
1529180 551
1529190 550
1529200 550
1529210 551
1529220 550
1529230 550
1529240 548
1529250 546
1529260 546
1529270 546
1529280 545
1529290 544
1529300 544
1529310 543
1529320 543
1529330 543
1529340 543
1529350 543
1529360 543
1529370 543
1529380 543
1529390 543
1529400 543
1529410 544
1529420 544
1529430 544
1529440 544
1529450 542
1529460 542
1529470 543
1529480 545
1529490 545
1529500 545
1529510 543
1529520 543
1529530 545
1529540 545
1529550 545
1529560 546
1529570 546
1529580 545
1529590 545
1529600 544
1529610 543
1529620 543
1529630 542
1529640 542
1529650 542
1529660 539
1529670 538
1529680 538
1529690 537
1529700 538
1529710 536
1529720 536
1529730 535
1529740 536
1529750 536
1529760 538
1529770 536
1529780 536
1529790 535
1529800 536
1529810 536
1529820 539
1529830 540
1529840 540
1529850 538
1529860 535
1529870 535
1529880 535
1529890 534
1529900 534
1529910 534
1529920 533
1529930 534
1529940 534
1529950 534
1529960 534
1529970 534
1529980 534
1529990 532
1530000 532
1530010 531
1530020 531
1530030 531
1530040 531
1530050 531
1530060 531
1530070 531
1530080 533
1530090 535
1530100 535
1530110 534
1530120 533
1530130 533
1530140 533
1530150 533
1530160 533
1530170 533
1530180 534
1530190 534
1530200 534
1530210 534
1530220 536
1530230 536
1530240 535
1530250 533
1530260 533
1530270 535
1530280 537
1530290 537
1530300 537
1530310 537
1530320 537
1530330 537
1530340 537
1530350 537
1530360 537
1530370 537
1530380 536
1530390 536
1530400 536
1530410 537
1530420 537
1530430 533
1530440 532
1530450 532
1530460 532
1530470 532
1530480 532
1530490 532
1530500 532
1530510 533
1530520 533
1530530 532
1530540 531
1530550 531
1530560 529
1530570 529
1530580 529
1530590 530
1530600 530
1530610 530
1530620 532
1530630 531
1530640 531
1530650 531
1530660 531
1530670 532
1530680 532
1530690 533
1530700 533
1530710 533
1530720 532
1530730 530
1530740 530
1530750 529
1530760 530
1530770 531
1530780 531
1530790 529
1530800 528
1530810 528
1530820 527
1530830 527
1530840 527
1530850 528
1530860 531
1530870 531
1530880 531
1530890 530
1530900 530
1530910 529
1530920 528
1530930 529
1530940 529
1530950 529
1530960 529
1530970 529
1530980 530
1530990 531
1531000 531
1531010 531
1531020 530
1531030 530
1531040 529
1531050 528
1531060 528
1531070 528
1531080 526
1531090 525
1531100 525
1531110 526
1531120 525
1531130 525
1531140 523
1531150 522
1531160 522
1531170 521
1531180 521
1531190 521
1531200 520
1531210 520
1531220 520
1531230 520
1531240 520
1531250 520
1531260 520
1531270 519
1531280 519
1531290 519
1531300 518
1531310 518
1531320 518
1531330 520
1531340 526
1531350 526
1531360 532
1531370 533
1531380 534
1531390 534
1531400 536
1531410 536
1531420 536
1531430 533
1531440 531
1531450 531
1531460 528
1531470 526
1531480 526
1531490 524
1531500 523
1531510 523
1531520 519
1531530 517
1531540 516
1531550 516
1531560 516
1531570 516
1531580 516
1531590 517
1531600 517
1531610 517
1531620 516
1531630 516
1531640 516
1531650 516
1531660 516
1531670 516
1531680 516
1531690 516
1531700 516
1531710 516
1531720 516
1531730 517
1531740 517
1531750 517
1531760 516
1531770 516
1531780 516
1531790 516
1531800 516
1531810 516
1531820 515
1531830 516
1531840 516
1531850 515
1531860 513
1531870 513
1531880 510
1531890 508
1531900 508
1531910 508
1531920 508
1531930 508
1531940 508
1531950 509
1531960 509
1531970 510
1531980 513
1531990 514
1532000 514
1532010 514
1532020 514
1532030 514
1532040 514
1532050 514
1532060 514
1532070 514
1532080 514
1532090 514
1532100 513
1532110 515
1532120 515
1532130 516
1532140 516
1532150 516
1532160 516
1532170 517
1532180 518
1532190 518
1532200 519
1532210 519
1532220 519
1532230 520
1532240 519
1532250 519
1532260 519
1532270 519
1532280 519
1532290 518
1532300 519
1532310 518
1532320 518
1532330 517
1532340 515
1532350 515
1532360 515
1532370 516
1532380 516
1532390 518
1532400 519
1532410 519
1532420 520
1532430 520
1532440 520
1532450 520
1532460 520
1532470 519
1532480 519
1532490 518
1532500 518
1532510 518
1532520 518
1532530 518
1532540 518
1532550 518
1532560 518
1532570 518
1532580 517
1532590 517
1532600 517
1532610 517
1532620 516
1532630 516
1532640 516
1532650 514
1532660 513
1532670 513
1532680 513
1532690 517
1532700 517
1532710 522
1532720 522
1532730 522
1532740 522
1532750 521
1532760 520
1532770 520
1532780 519
1532790 517
1532800 517
1532810 515
1532820 514
1532830 514
1532840 513
1532850 513
1532860 513
1532870 513
1532880 513
1532890 513
1532900 514
1532910 514
1532920 515
1532930 515
1532940 515
1532950 516
1532960 516
1532970 515
1532980 514
1532990 514
1533000 514
1533010 514
1533020 514
1533030 514
1533040 514
1533050 514
1533060 514
1533070 514
1533080 514
1533090 514
1533100 514
1533110 514
1533120 514
1533130 514
1533140 514
1533150 514
1533160 514
1533170 514
1533180 514
1533190 513
1533200 513
1533210 513
1533220 513
1533230 512
1533240 512
1533250 512
1533260 512
1533270 511
1533280 511
1533290 511
1533300 511
1533310 511
1533320 511
1533330 511
1533340 511
1533350 511
1533360 512
1533370 513
1533380 513
1533390 514
1533400 514
1533410 514
1533420 515
1533430 515
1533440 515
1533450 515
1533460 515
1533470 515
1533480 516
1533490 516
1533500 516
1533510 516
1533520 515
1533530 515
1533540 515
1533550 515
1533560 515
1533570 515
1533580 516
1533590 516
1533600 516
1533610 516
1533620 516
1533630 516
1533640 516
1533650 516
1533660 516
1533670 516
1533680 516
1533690 516
1533700 516
1533710 516
1533720 515
1533730 515
1533740 515
1533750 515
1533760 515
1533770 515
1533780 514
1533790 514
1533800 514
1533810 514
1533820 514
1533830 514
1533840 514
1533850 514
1533860 514
1533870 514
1533880 514
1533890 514
1533900 514
1533910 514
1533920 514
1533930 514
1533940 514
1533950 514
1533960 514
1533970 513
1533980 512
1533990 512
1534000 511
1534010 510
1534020 510
1534030 509
1534040 508
1534050 508
1534060 507
1534070 506
1534080 506
1534090 506
1534100 505
1534110 505
1534120 505
1534130 505
1534140 505
1534150 505
1534160 505
1534170 505
1534180 505
1534190 505
1534200 505
1534210 505
1534220 505
1534230 505
1534240 505
1534250 505
1534260 505
1534270 505
1534280 505
1534290 505
1534300 505
1534310 505
1534320 506
1534330 506
1534340 506
1534350 507
1534360 507
1534370 507
1534380 508
1534390 509
1534400 509
1534410 509
1534420 509
1534430 510
1534440 510
1534450 510
1534460 510
1534470 510
1534480 510
1534490 510
1534500 510
1534510 510
1534520 510
1534530 510
1534540 510
1534550 510
1534560 510
1534570 510
1534580 510
1534590 510
1534600 510
1534610 510
1534620 509
1534630 509
1534640 509
1534650 509
1534660 509
1534670 509
1534680 509
1534690 509
1534700 509
1534710 509
1534720 509
1534730 509
1534740 509
1534750 509
1534760 509
1534770 509
1534780 509
1534790 509
1534800 509
1534810 510
1534820 510
1534830 509
1534840 509
1534850 509
1534860 509
1534870 509
1534880 509
1534890 509
1534900 509
1534910 509
1534920 509
1534930 509
1534940 509
1534950 509
1534960 509
1534970 509
1534980 509
1534990 509
1535000 509
1535010 509
1535020 509
1535030 508
1535040 508
1535050 508
1535060 508
1535070 508
1535080 508
1535090 508
1535100 509
1535110 509
1535120 514
1535130 515
1535140 515
1535150 510
1535160 508
1535170 509
1535180 509
1535190 509
1535200 509
1535210 509
1535220 509
1535230 509
1535240 509
1535250 509
1535260 509
1535270 509
1535280 509
1535290 509
1535300 509
1535310 509
1535320 509
1535330 509
1535340 509
1535350 509
1535360 509
1535370 509
1535380 509
1535390 509
1535400 509
1535410 509
1535420 509
1535430 509
1535440 509
1535450 509
1535460 509
1535470 509
1535480 509
1535490 509
1535500 509
1535510 509
1535520 510
1535530 510
1535540 510
1535550 510
1535560 510
1535570 510
1535580 510
1535590 510
1535600 510
1535610 511
1535620 514
1535630 514
1535640 517
1535650 518
1535660 518
1535670 517
1535680 516
1535690 516
1535700 515
1535710 515
1535720 515
1535730 517
1535740 517
1535750 517
1535760 517
1535770 517
1535780 517
1535790 517
1535800 516
1535810 515
1535820 515
1535830 515
1535840 515
1535850 515
1535860 515
1535870 515
1535880 515
1535890 516
1535900 516
1535910 516
1535920 517
1535930 517
1535940 518
1535950 518
1535960 518
1535970 518
1535980 518
1535990 519
1536000 519
1536010 519
1536020 520
1536030 520
1536040 520
1536050 520
1536060 520
1536070 520
1536080 519
1536090 519
1536100 519
1536110 519
1536120 518
1536130 518
1536140 518
1536150 518
1536160 517
1536170 517
1536180 517
1536190 517
1536200 517
1536210 516
1536220 516
1536230 516
1536240 516
1536250 516
1536260 515
1536270 515
1536280 515
1536290 515
1536300 515
1536310 515
1536320 515
1536330 515
1536340 515
1536350 515
1536360 515
1536370 515
1536380 515
1536390 514
1536400 514
1536410 514
1536420 514
1536430 514
1536440 514
1536450 513
1536460 513
1536470 513
1536480 513
1536490 513
1536500 512
1536510 512
1536520 512
1536530 512
1536540 511
1536550 511
1536560 511
1536570 511
1536580 511
1536590 511
1536600 511
1536610 511
1536620 511
1536630 510
1536640 510
1536650 510
1536660 510
1536670 510
1536680 510
1536690 510
1536700 509
1536710 509
1536720 509
1536730 509
1536740 509
1536750 509
1536760 509
1536770 508
1536780 508
1536790 507
1536800 506
1536810 506
1536820 506
1536830 506
1536840 506
1536850 506
1536860 506
1536870 506
1536880 506
1536890 506
1536900 506
1536910 506
1536920 506
1536930 506
1536940 506
1536950 506
1536960 506
1536970 506
1536980 509
1536990 509
1537000 509
1537010 509
1537020 509
1537030 509
1537040 509
1537050 508
1537060 507
1537070 507
1537080 507
1537090 506
1537100 506
1537110 506
1537120 507
1537130 507
1537140 507
1537150 507
1537160 507
1537170 507
1537180 508
1537190 507
1537200 507
1537210 507
1537220 507
1537230 507
1537240 507
1537250 507
1537260 507
1537270 507
1537280 508
1537290 511
1537300 511
1537310 513
1537320 513
1537330 513
1537340 513
1537350 514
1537360 514
1537370 514
1537380 515
1537390 515
1537400 515
1537410 515
1537420 515
1537430 516
1537440 516
1537450 516
1537460 516
1537470 516
1537480 516
1537490 516
1537500 516
1537510 515
1537520 515
1537530 515
1537540 515
1537550 515
1537560 515
1537570 515
1537580 515
1537590 515
1537600 515
1537610 516
1537620 516
1537630 516
1537640 516
1537650 516
1537660 516
1537670 516
1537680 516
1537690 516
1537700 516
1537710 516
1537720 516
1537730 516
1537740 516
1537750 516
1537760 516
1537770 516
1537780 516
1537790 516
1537800 516
1537810 516
1537820 516
1537830 516
1537840 516
1537850 516
1537860 516
1537870 516
1537880 516
1537890 516
1537900 516
1537910 516
1537920 512
1537930 510
1537940 510
1537950 509
1537960 509
1537970 509
1537980 509
1537990 509
1538000 509
1538010 509
1538020 509
1538030 509
1538040 509
1538050 509
1538060 509
1538070 509
1538080 509
1538090 509
1538100 509
1538110 509
1538120 509
1538130 509
1538140 508
1538150 508
1538160 508
1538170 507
1538180 507
1538190 507
1538200 506
1538210 506
1538220 505
1538230 505
1538240 505
1538250 504
1538260 504
1538270 504
1538280 504
1538290 504
1538300 504
1538310 504
1538320 504
1538330 504
1538340 505
1538350 510
1538360 510
1538370 514
1538380 514
1538390 514
1538400 514
1538410 514
1538420 514
1538430 514
1538440 514
1538450 514
1538460 513
1538470 513
1538480 513
1538490 513
1538500 513
1538510 513
1538520 513
1538530 513
1538540 513
1538550 513
1538560 512
1538570 512
1538580 512
1538590 512
1538600 512
1538610 512
1538620 512
1538630 512
1538640 512
1538650 512
1538660 512
1538670 512
1538680 512
1538690 512
1538700 511
1538710 511
1538720 511
1538730 511
1538740 511
1538750 511
1538760 511
1538770 511
1538780 511
1538790 511
1538800 511
1538810 511
1538820 511
1538830 510
1538840 510
1538850 510
1538860 511
1538870 511
1538880 511
1538890 510
1538900 510
1538910 510
1538920 510
1538930 510
1538940 511
1538950 511
1538960 510
1538970 510
1538980 510
1538990 510
1539000 510
1539010 510
1539020 510
1539030 510
1539040 510
1539050 510
1539060 510
1539070 510
1539080 509
1539090 509
1539100 509
1539110 509
1539120 509
1539130 509
1539140 509
1539150 509
1539160 509
1539170 509
1539180 509
1539190 509
1539200 509
1539210 509
1539220 509
1539230 508
1539240 508
1539250 508
1539260 508
1539270 508
1539280 507
1539290 507
1539300 507
1539310 508
1539320 508
1539330 507
1539340 507
1539350 507
1539360 507
1539370 507
1539380 507
1539390 506
1539400 506
1539410 506
1539420 506
1539430 507
1539440 506
1539450 506
1539460 506
1539470 506
1539480 506
1539490 506
1539500 506
1539510 506
1539520 506
1539530 505
1539540 505
1539550 505
1539560 505
1539570 505
1539580 505
1539590 505
1539600 505
1539610 505
1539620 505
1539630 505
1539640 505
1539650 505
1539660 505
1539670 505
1539680 505
1539690 505
1539700 505
1539710 505
1539720 505
1539730 505
1539740 505
1539750 506
1539760 506
1539770 506
1539780 506
1539790 506
1539800 506
1539810 506
1539820 506
1539830 506
1539840 506
1539850 507
1539860 507
1539870 507
1539880 507
1539890 507
1539900 507
1539910 507
1539920 508
1539930 508
1539940 508
1539950 508
1539960 508
1539970 508
1539980 508
1539990 508
