1520000 548
1520010 547
1520020 547
1520030 547
1520040 547
1520050 548
1520060 548
1520070 548
1520080 547
1520090 547
1520100 547
1520110 548
1520120 548
1520130 548
1520140 548
1520150 548
1520160 548
1520170 548
1520180 548
1520190 548
1520200 549
1520210 550
1520220 550
1520230 550
1520240 550
1520250 550
1520260 549
1520270 548
1520280 547
1520290 547
1520300 547
1520310 547
1520320 547
1520330 547
1520340 547
1520350 547
1520360 547
1520370 547
1520380 547
1520390 546
1520400 547
1520410 547
1520420 547
1520430 547
1520440 547
1520450 547
1520460 547
1520470 547
1520480 547
1520490 547
1520500 547
1520510 547
1520520 547
1520530 547
1520540 547
1520550 547
1520560 547
1520570 547
1520580 547
1520590 547
1520600 546
1520610 546
1520620 547
1520630 547
1520640 547
1520650 547
1520660 547
1520670 547
1520680 547
1520690 547
1520700 547
1520710 547
1520720 547
1520730 547
1520740 547
1520750 547
1520760 547
1520770 547
1520780 547
1520790 547
1520800 547
1520810 548
1520820 548
1520830 548
1520840 548
1520850 547
1520860 547
1520870 547
1520880 547
1520890 548
1520900 548
1520910 548
1520920 548
1520930 548
1520940 547
1520950 547
1520960 547
1520970 547
1520980 547
1520990 547
1521000 547
1521010 547
1521020 547
1521030 546
1521040 547
1521050 547
1521060 547
1521070 547
1521080 547
1521090 547
1521100 547
1521110 548
1521120 548
1521130 548
1521140 548
1521150 548
1521160 548
1521170 547
1521180 547
1521190 547
1521200 548
1521210 547
1521220 547
1521230 547
1521240 547
1521250 547
1521260 547
1521270 547
1521280 547
1521290 547
1521300 547
1521310 547
1521320 547
1521330 547
1521340 547
1521350 547
1521360 547
1521370 547
1521380 547
1521390 546
1521400 546
1521410 546
1521420 546
1521430 547
1521440 547
1521450 547
1521460 547
1521470 547
1521480 547
1521490 547
1521500 547
1521510 547
1521520 547
1521530 547
1521540 547
1521550 547
1521560 547
1521570 547
1521580 548
1521590 548
1521600 548
1521610 548
1521620 548
1521630 548
1521640 548
1521650 548
1521660 548
1521670 548
1521680 547
1521690 547
1521700 547
1521710 547
1521720 547
1521730 547
1521740 547
1521750 547
1521760 547
1521770 547
1521780 548
1521790 548
1521800 549
1521810 548
1521820 549
1521830 549
1521840 550
1521850 551
1521860 551
1521870 551
1521880 551
1521890 551
1521900 551
1521910 551
1521920 551
1521930 551
1521940 552
1521950 552
1521960 551
1521970 551
1521980 551
1521990 551
1522000 551
1522010 551
1522020 551
1522030 551
1522040 551
1522050 551
1522060 551
1522070 552
1522080 552
1522090 552
1522100 552
1522110 552
1522120 552
1522130 551
1522140 552
1522150 552
1522160 553
1522170 553
1522180 553
1522190 553
1522200 552
1522210 552
1522220 552
1522230 551
1522240 551
1522250 551
1522260 551
1522270 551
1522280 551
1522290 552
1522300 552
1522310 552
1522320 552
1522330 551
1522340 551
1522350 551
1522360 552
1522370 552
1522380 552
1522390 553
1522400 553
1522410 553
1522420 553
1522430 555
1522440 555
1522450 559
1522460 559
1522470 559
1522480 560
1522490 562
1522500 562
1522510 561
1522520 561
1522530 561
1522540 560
1522550 559
1522560 559
1522570 559
1522580 559
1522590 558
1522600 558
1522610 557
1522620 557
1522630 557
1522640 559
1522650 560
1522660 560
1522670 560
1522680 561
1522690 561
1522700 561
1522710 563
1522720 564
1522730 564
1522740 565
1522750 565
1522760 565
1522770 565
1522780 565
1522790 565
1522800 564
1522810 565
1522820 565
1522830 565
1522840 565
1522850 565
1522860 565
1522870 566
1522880 565
1522890 565
1522900 565
1522910 564
1522920 564
1522930 564
1522940 564
1522950 564
1522960 564
1522970 564
1522980 564
1522990 565
1523000 564
1523010 564
1523020 564
1523030 563
1523040 562
1523050 562
1523060 562
1523070 562
1523080 562
1523090 562
1523100 561
1523110 561
1523120 561
1523130 561
1523140 561
1523150 561
1523160 560
1523170 560
1523180 560
1523190 560
1523200 560
1523210 560
1523220 560
1523230 560
1523240 560
1523250 559
1523260 558
1523270 558
1523280 557
1523290 557
1523300 557
1523310 557
1523320 557
1523330 556
1523340 556
1523350 555
1523360 555
1523370 555
1523380 555
1523390 556
1523400 556
1523410 557
1523420 558
1523430 558
1523440 557
1523450 557
1523460 557
1523470 556
1523480 557
1523490 556
1523500 556
1523510 557
1523520 557
1523530 557
1523540 558
1523550 558
1523560 558
1523570 558
1523580 557
1523590 557
1523600 554
1523610 552
1523620 552
1523630 551
1523640 550
1523650 550
1523660 550
1523670 550
1523680 550
1523690 550
1523700 550
1523710 550
1523720 550
1523730 550
1523740 550
1523750 550
1523760 550
1523770 550
1523780 550
1523790 550
1523800 549
1523810 548
1523820 548
1523830 548
1523840 548
1523850 548
1523860 547
1523870 547
1523880 547
1523890 547
1523900 547
1523910 547
1523920 547
1523930 547
1523940 547
1523950 547
1523960 547
1523970 547
1523980 547
1523990 547
1524000 547
1524010 547
1524020 547
1524030 547
1524040 547
1524050 548
1524060 548
1524070 548
1524080 548
1524090 548
1524100 548
1524110 548
1524120 548
1524130 548
1524140 548
1524150 549
1524160 549
1524170 549
1524180 549
1524190 548
1524200 548
1524210 548
1524220 548
1524230 548
1524240 548
1524250 548
1524260 548
1524270 548
1524280 548
1524290 548
1524300 548
1524310 548
1524320 548
1524330 548
1524340 548
1524350 548
1524360 548
1524370 547
1524380 547
1524390 547
1524400 546
1524410 546
1524420 548
1524430 548
1524440 549
1524450 548
1524460 548
1524470 545
1524480 544
1524490 544
1524500 542
1524510 540
1524520 540
1524530 540
1524540 539
1524550 539
1524560 539
1524570 538
1524580 538
1524590 538
1524600 538
1524610 538
1524620 538
1524630 538
1524640 538
1524650 538
1524660 538
1524670 538
1524680 538
1524690 538
1524700 538
1524710 538
1524720 538
1524730 538
1524740 538
1524750 538
1524760 538
1524770 538
1524780 538
1524790 538
1524800 538
1524810 538
1524820 538
1524830 538
1524840 538
1524850 539
1524860 539
1524870 540
1524880 540
1524890 540
1524900 540
1524910 540
1524920 540
1524930 540
1524940 540
1524950 540
1524960 540
1524970 540
1524980 540
1524990 541
1525000 541
1525010 541
1525020 541
1525030 540
1525040 540
1525050 540
1525060 541
1525070 541
1525080 542
1525090 542
1525100 542
1525110 542
1525120 542
1525130 542
1525140 542
1525150 542
1525160 542
1525170 541
1525180 541
1525190 541
1525200 541
1525210 541
1525220 541
1525230 541
1525240 541
1525250 541
1525260 541
1525270 541
1525280 541
1525290 541
1525300 540
1525310 540
1525320 540
1525330 540
1525340 540
1525350 540
1525360 540
1525370 540
1525380 539
1525390 539
1525400 539
1525410 538
1525420 538
1525430 538
1525440 538
1525450 538
1525460 538
1525470 538
1525480 538
1525490 538
1525500 538
1525510 538
1525520 538
1525530 538
1525540 537
1525550 537
1525560 537
1525570 537
1525580 537
1525590 537
1525600 537
1525610 537
1525620 537
1525630 537
1525640 537
1525650 537
1525660 537
1525670 537
1525680 537
1525690 537
1525700 538
1525710 538
1525720 540
1525730 540
1525740 540
1525750 541
1525760 541
1525770 541
1525780 540
1525790 540
1525800 540
1525810 540
1525820 540
1525830 540
1525840 540
1525850 540
1525860 540
1525870 540
1525880 541
1525890 541
1525900 541
1525910 541
1525920 541
1525930 541
1525940 541
1525950 541
1525960 540
1525970 540
1525980 539
1525990 538
1526000 538
1526010 537
1526020 537
1526030 537
1526040 537
1526050 537
1526060 537
1526070 537
1526080 537
1526090 537
1526100 537
1526110 537
1526120 544
1526130 544
1526140 547
1526150 547
1526160 547
1526170 547
1526180 547
1526190 547
1526200 546
1526210 547
1526220 547
1526230 548
1526240 550
1526250 550
1526260 550
1526270 551
1526280 552
1526290 552
1526300 552
1526310 552
1526320 552
1526330 553
1526340 553
1526350 553
1526360 554
1526370 554
1526380 554
1526390 554
1526400 554
1526410 554
1526420 554
1526430 554
1526440 554
1526450 554
1526460 555
1526470 555
1526480 555
1526490 555
1526500 556
1526510 556
1526520 556
1526530 556
1526540 556
1526550 556
1526560 556
1526570 556
1526580 556
1526590 556
1526600 556
1526610 556
1526620 556
1526630 556
1526640 556
1526650 556
1526660 555
1526670 555
1526680 555
1526690 555
1526700 555
1526710 555
1526720 554
1526730 554
1526740 554
1526750 554
1526760 554
1526770 554
1526780 553
1526790 553
1526800 553
1526810 553
1526820 553
1526830 553
1526840 553
1526850 553
1526860 553
1526870 553
1526880 553
1526890 552
1526900 552
1526910 552
1526920 551
1526930 551
1526940 551
1526950 550
1526960 550
1526970 550
1526980 549
1526990 549
1527000 549
1527010 548
1527020 548
1527030 548
1527040 548
1527050 547
1527060 547
1527070 547
1527080 547
1527090 547
1527100 547
1527110 547
1527120 547
1527130 547
1527140 546
1527150 546
1527160 546
1527170 546
1527180 546
1527190 546
1527200 545
1527210 545
1527220 545
1527230 545
1527240 546
1527250 546
1527260 547
1527270 547
1527280 547
1527290 548
1527300 550
1527310 551
1527320 551
1527330 552
1527340 553
1527350 553
1527360 552
1527370 552
1527380 552
1527390 552
1527400 551
1527410 551
1527420 550
1527430 549
1527440 549
1527450 548
1527460 547
1527470 549
1527480 549
1527490 549
1527500 548
1527510 548
1527520 545
1527530 541
1527540 541
1527550 538
1527560 536
1527570 536
1527580 534
1527590 532
1527600 532
1527610 533
1527620 534
1527630 535
1527640 535
1527650 535
1527660 534
1527670 534
1527680 533
1527690 533
1527700 533
1527710 532
1527720 531
1527730 531
1527740 531
1527750 531
1527760 531
1527770 531
1527780 531
1527790 531
1527800 531
1527810 531
1527820 531
1527830 531
1527840 531
1527850 531
1527860 531
1527870 531
1527880 531
1527890 531
1527900 532
1527910 532
1527920 532
1527930 532
1527940 532
1527950 532
1527960 532
1527970 532
1527980 532
1527990 532
1528000 532
1528010 532
1528020 532
1528030 532
1528040 532
1528050 532
1528060 532
1528070 532
1528080 532
1528090 532
1528100 532
1528110 532
1528120 532
1528130 532
1528140 533
1528150 533
1528160 533
1528170 534
1528180 534
1528190 533
1528200 533
1528210 533
1528220 533
1528230 533
1528240 533
1528250 533
1528260 533
1528270 532
1528280 532
1528290 532
1528300 533
1528310 533
1528320 534
1528330 534
1528340 534
1528350 536
1528360 538
1528370 540
1528380 540
1528390 541
1528400 543
1528410 543
1528420 544
1528430 543
1528440 543
1528450 542
1528460 542
1528470 542
1528480 542
1528490 542
1528500 542
1528510 543
1528520 543
1528530 543
1528540 543
1528550 544
1528560 546
1528570 546
1528580 547
1528590 549
1528600 549
1528610 551
1528620 553
1528630 553
1528640 554
1528650 555
1528660 555
1528670 555
1528680 554
1528690 554
1528700 554
1528710 552
1528720 549
1528730 549
1528740 548
1528750 548
1528760 548
1528770 547
1528780 546
1528790 546
1528800 546
1528810 546
1528820 546
1528830 545
1528840 544
1528850 543
1528860 543
1528870 543
1528880 542
1528890 542
1528900 542
1528910 542
1528920 542
1528930 542
1528940 542
1528950 542
1528960 541
1528970 540
1528980 540
1528990 540
1529000 541
1529010 541
1529020 541
1529030 542
1529040 542
1529050 542
1529060 542
1529070 542
1529080 542
1529090 542
1529100 542
1529110 542
1529120 542
1529130 542
1529140 542
1529150 542
1529160 542
1529170 542
1529180 542
1529190 543
1529200 544
1529210 544
1529220 544
1529230 543
1529240 543
1529250 544
1529260 544
1529270 544
1529280 545
1529290 545
1529300 544
1529310 544
1529320 545
1529330 545
1529340 545
1529350 544
1529360 544
1529370 544
1529380 544
1529390 544
1529400 544
1529410 543
1529420 543
1529430 543
1529440 542
1529450 542
1529460 542
1529470 542
1529480 542
1529490 543
1529500 543
1529510 543
1529520 541
1529530 541
1529540 539
1529550 538
1529560 538
1529570 538
1529580 538
1529590 538
1529600 538
1529610 538
1529620 538
1529630 538
1529640 538
1529650 538
1529660 538
1529670 539
1529680 540
1529690 540
1529700 541
1529710 542
1529720 542
1529730 541
1529740 541
1529750 542
1529760 542
1529770 542
1529780 542
1529790 542
1529800 543
1529810 544
1529820 544
1529830 543
1529840 544
1529850 544
1529860 545
1529870 544
1529880 544
1529890 544
1529900 544
1529910 545
1529920 545
1529930 546
1529940 549
1529950 549
1529960 550
1529970 550
1529980 550
1529990 550
1530000 548
1530010 548
1530020 545
1530030 544
1530040 544
1530050 543
1530060 543
1530070 542
1530080 542
1530090 541
1530100 541
1530110 541
1530120 541
1530130 540
1530140 540
1530150 541
1530160 542
1530170 542
1530180 543
1530190 543
1530200 542
1530210 542
1530220 542
1530230 542
1530240 542
1530250 541
1530260 541
1530270 541
1530280 542
1530290 542
1530300 542
1530310 541
1530320 542
1530330 542
1530340 544
1530350 546
1530360 546
1530370 546
1530380 546
1530390 546
1530400 546
1530410 547
1530420 544
1530430 544
1530440 541
1530450 541
1530460 541
1530470 541
1530480 541
1530490 541
1530500 542
1530510 541
1530520 539
1530530 539
1530540 540
1530550 542
1530560 542
1530570 542
1530580 542
1530590 542
1530600 541
1530610 538
1530620 538
1530630 537
1530640 536
1530650 536
1530660 537
1530670 537
1530680 537
1530690 537
1530700 536
1530710 534
1530720 534
1530730 533
1530740 533
1530750 533
1530760 532
1530770 531
1530780 531
1530790 531
1530800 531
1530810 531
1530820 531
1530830 531
1530840 531
1530850 531
1530860 530
1530870 530
1530880 530
1530890 530
1530900 530
1530910 530
1530920 530
1530930 530
1530940 530
1530950 530
1530960 530
1530970 530
1530980 530
1530990 530
1531000 529
1531010 529
1531020 528
1531030 528
1531040 528
1531050 527
1531060 527
1531070 527
1531080 527
1531090 527
1531100 527
1531110 527
1531120 527
1531130 527
1531140 527
1531150 527
1531160 527
1531170 527
1531180 527
1531190 526
1531200 526
1531210 526
1531220 526
1531230 526
1531240 526
1531250 526
1531260 526
1531270 527
1531280 527
1531290 527
1531300 527
1531310 527
1531320 527
1531330 527
1531340 527
1531350 527
1531360 527
1531370 527
1531380 528
1531390 528
1531400 529
1531410 530
1531420 531
1531430 531
1531440 532
1531450 531
1531460 531
1531470 531
1531480 532
1531490 532
1531500 532
1531510 532
1531520 532
1531530 532
1531540 532
1531550 532
1531560 532
1531570 533
1531580 534
1531590 534
1531600 534
1531610 533
1531620 533
1531630 533
1531640 533
1531650 533
1531660 533
1531670 533
1531680 533
1531690 533
1531700 533
1531710 533
1531720 532
1531730 532
1531740 531
1531750 531
1531760 531
1531770 531
1531780 532
1531790 532
1531800 532
1531810 532
1531820 532
1531830 531
1531840 531
1531850 531
1531860 532
1531870 532
1531880 533
1531890 533
1531900 534
1531910 534
1531920 534
1531930 534
1531940 534
1531950 534
1531960 533
1531970 533
1531980 533
1531990 533
1532000 533
1532010 534
1532020 534
1532030 534
1532040 533
1532050 532
1532060 532
1532070 532
1532080 532
1532090 533
1532100 533
1532110 533
1532120 534
1532130 534
1532140 535
1532150 535
1532160 535
1532170 534
1532180 534
1532190 535
1532200 535
1532210 534
1532220 534
1532230 534
1532240 534
1532250 533
1532260 533
1532270 534
1532280 534
1532290 534
1532300 534
1532310 534
1532320 534
1532330 534
1532340 533
1532350 533
1532360 533
1532370 534
1532380 534
1532390 534
1532400 534
1532410 535
1532420 535
1532430 536
1532440 536
1532450 536
1532460 535
1532470 535
1532480 535
1532490 535
1532500 535
1532510 535
1532520 535
1532530 535
1532540 535
1532550 535
1532560 535
1532570 537
1532580 537
1532590 538
1532600 538
1532610 538
1532620 539
1532630 541
1532640 541
1532650 542
1532660 543
1532670 544
1532680 544
1532690 544
1532700 544
1532710 544
1532720 544
1532730 544
1532740 544
1532750 543
1532760 539
1532770 539
1532780 535
1532790 535
1532800 538
1532810 538
1532820 543
1532830 545
1532840 545
1532850 545
1532860 544
1532870 544
1532880 541
1532890 541
1532900 541
1532910 541
1532920 544
1532930 544
1532940 545
1532950 545
1532960 546
1532970 546
1532980 547
1532990 549
1533000 549
1533010 551
1533020 553
1533030 553
1533040 556
1533050 558
1533060 558
1533070 561
1533080 564
1533090 564
1533100 566
1533110 568
1533120 567
1533130 567
1533140 565
1533150 565
1533160 565
1533170 564
1533180 563
1533190 563
1533200 563
1533210 562
1533220 562
1533230 563
1533240 566
1533250 566
1533260 570
1533270 573
1533280 573
1533290 573
1533300 573
1533310 571
1533320 571
1533330 567
1533340 563
1533350 563
1533360 560
1533370 556
1533380 556
1533390 555
1533400 559
1533410 563
1533420 563
1533430 566
1533440 569
1533450 569
1533460 572
1533470 574
1533480 574
1533490 576
1533500 577
1533510 577
1533520 579
1533530 582
1533540 582
1533550 584
1533560 585
1533570 586
1533580 586
1533590 587
1533600 587
1533610 587
1533620 590
1533630 595
1533640 595
1533650 597
1533660 600
1533670 600
1533680 605
1533690 609
1533700 609
1533710 613
1533720 617
1533730 619
1533740 619
1533750 619
1533760 620
1533770 620
1533780 621
1533790 622
1533800 622
1533810 623
1533820 625
1533830 625
1533840 625
1533850 623
1533860 623
1533870 622
1533880 622
1533890 622
1533900 622
1533910 623
1533920 623
1533930 623
1533940 622
1533950 621
1533960 621
1533970 619
1533980 618
1533990 618
1534000 617
1534010 615
1534020 613
1534030 613
1534040 611
1534050 610
1534060 610
1534070 610
1534080 612
1534090 612
1534100 614
1534110 617
1534120 617
1534130 619
1534140 617
1534150 617
1534160 616
1534170 614
1534180 612
1534190 612
1534200 610
1534210 609
1534220 609
1534230 607
1534240 604
1534250 604
1534260 603
1534270 601
1534280 601
1534290 598
1534300 596
1534310 596
1534320 593
1534330 591
1534340 590
1534350 590
1534360 591
1534370 591
1534380 596
1534390 597
1534400 599
1534410 599
1534420 600
1534430 602
1534440 602
1534450 604
1534460 605
1534470 605
1534480 605
1534490 605
1534500 605
1534510 605
1534520 605
1534530 606
1534540 606
1534550 605
1534560 605
1534570 605
1534580 604
1534590 603
1534600 603
1534610 601
1534620 600
1534630 599
1534640 599
1534650 599
1534660 599
1534670 599
1534680 598
1534690 596
1534700 596
1534710 595
1534720 594
1534730 594
1534740 592
1534750 592
1534760 592
1534770 593
1534780 594
1534790 597
1534800 597
1534810 600
1534820 600
1534830 600
1534840 600
1534850 601
1534860 601
1534870 602
1534880 603
1534890 603
1534900 603
1534910 602
1534920 602
1534930 601
1534940 600
1534950 598
1534960 598
1534970 596
1534980 595
1534990 595
1535000 596
1535010 598
1535020 598
1535030 599
1535040 599
1535050 599
1535060 601
1535070 603
1535080 603
1535090 605
1535100 606
1535110 608
1535120 608
1535130 610
1535140 611
1535150 611
1535160 613
1535170 614
1535180 614
1535190 616
1535200 618
1535210 618
1535220 620
1535230 621
1535240 622
1535250 622
1535260 623
1535270 623
1535280 623
1535290 623
1535300 624
1535310 624
1535320 625
1535330 627
1535340 627
1535350 628
1535360 628
1535370 628
1535380 626
1535390 624
1535400 623
1535410 623
1535420 622
1535430 622
1535440 622
1535450 622
1535460 621
1535470 621
1535480 620
1535490 617
1535500 617
1535510 616
1535520 616
1535530 616
1535540 615
1535550 613
1535560 613
1535570 613
1535580 613
1535590 613
1535600 613
1535610 614
1535620 614
1535630 614
1535640 613
1535650 612
1535660 612
1535670 610
1535680 608
1535690 608
1535700 606
1535710 604
1535720 602
1535730 602
1535740 599
1535750 594
1535760 594
1535770 592
1535780 590
1535790 590
1535800 588
1535810 586
1535820 586
1535830 583
1535840 581
1535850 579
1535860 579
1535870 577
1535880 577
1535890 577
1535900 578
1535910 579
1535920 579
1535930 579
1535940 577
1535950 577
1535960 575
1535970 570
1535980 570
1535990 566
1536000 565
1536010 564
1536020 564
1536030 565
1536040 563
1536050 563
1536060 558
1536070 554
1536080 554
1536090 552
1536100 550
1536110 550
1536120 548
1536130 547
1536140 547
1536150 546
1536160 546
1536170 547
1536180 547
1536190 547
1536200 546
1536210 546
1536220 545
1536230 542
1536240 542
1536250 541
1536260 542
1536270 542
1536280 543
1536290 543
1536300 543
1536310 542
1536320 542
1536330 542
1536340 542
1536350 543
1536360 543
1536370 543
1536380 542
1536390 538
1536400 538
1536410 535
1536420 533
1536430 533
1536440 531
1536450 532
1536460 534
1536470 534
1536480 535
1536490 532
1536500 532
1536510 533
1536520 533
1536530 533
1536540 531
1536550 531
1536560 531
1536570 531
1536580 529
1536590 529
1536600 529
1536610 530
1536620 529
1536630 529
1536640 529
1536650 528
1536660 528
1536670 528
1536680 528
1536690 528
1536700 530
1536710 533
1536720 533
1536730 534
1536740 535
1536750 535
1536760 536
1536770 538
1536780 539
1536790 539
1536800 541
1536810 542
1536820 542
1536830 548
1536840 549
1536850 549
1536860 548
1536870 548
1536880 548
1536890 547
1536900 547
1536910 547
1536920 547
1536930 546
1536940 544
1536950 544
1536960 541
1536970 542
1536980 542
1536990 543
1537000 543
1537010 543
1537020 544
1537030 544
1537040 544
1537050 543
1537060 542
1537070 541
1537080 541
1537090 540
1537100 539
1537110 539
1537120 537
1537130 536
1537140 536
1537150 534
1537160 533
1537170 533
1537180 531
1537190 530
1537200 530
1537210 531
1537220 533
1537230 535
1537240 535
1537250 535
1537260 535
1537270 535
1537280 535
1537290 535
1537300 535
1537310 536
1537320 536
1537330 536
1537340 537
1537350 538
1537360 538
1537370 539
1537380 540
1537390 542
1537400 542
1537410 544
1537420 547
1537430 547
1537440 551
1537450 553
1537460 553
1537470 555
1537480 555
1537490 555
1537500 558
1537510 558
1537520 558
1537530 559
1537540 559
1537550 559
1537560 559
1537570 559
1537580 559
1537590 559
1537600 560
1537610 561
1537620 561
1537630 563
1537640 565
1537650 565
1537660 565
1537670 563
1537680 562
1537690 562
1537700 566
1537710 571
1537720 571
1537730 575
1537740 578
1537750 578
1537760 581
1537770 582
1537780 582
1537790 581
1537800 580
1537810 580
1537820 577
1537830 572
1537840 573
1537850 573
1537860 577
1537870 577
1537880 577
1537890 576
1537900 575
1537910 575
1537920 575
1537930 576
1537940 576
1537950 577
1537960 579
1537970 579
1537980 580
1537990 584
1538000 589
1538010 589
1538020 594
1538030 597
1538040 597
1538050 598
1538060 599
1538070 599
1538080 601
1538090 604
1538100 604
1538110 605
1538120 606
1538130 606
1538140 605
1538150 606
1538160 607
1538170 607
1538180 608
1538190 608
1538200 608
1538210 607
1538220 607
1538230 607
1538240 608
1538250 611
1538260 611
1538270 615
1538280 615
1538290 614
1538300 614
1538310 614
1538320 617
1538330 617
1538340 616
1538350 614
1538360 614
1538370 615
1538380 616
1538390 616
1538400 616
1538410 617
1538420 617
1538430 616
1538440 612
1538450 610
1538460 610
1538470 608
1538480 602
1538490 602
1538500 596
1538510 587
1538520 587
1538530 579
1538540 575
1538550 575
1538560 571
1538570 568
1538580 568
1538590 566
1538600 565
1538610 565
1538620 565
1538630 565
1538640 565
1538650 565
1538660 564
1538670 564
1538680 564
1538690 563
1538700 563
1538710 563
1538720 564
1538730 564
1538740 564
1538750 564
1538760 564
1538770 564
1538780 564
1538790 564
1538800 564
1538810 564
1538820 565
1538830 566
1538840 566
1538850 566
1538860 567
1538870 567
1538880 568
1538890 569
1538900 570
1538910 570
1538920 570
1538930 571
1538940 571
1538950 571
1538960 571
1538970 571
1538980 571
1538990 572
1539000 572
1539010 573
1539020 575
1539030 575
1539040 577
1539050 578
1539060 579
1539070 579
1539080 579
1539090 581
1539100 581
1539110 580
1539120 579
1539130 579
1539140 581
1539150 583
1539160 583
1539170 587
1539180 606
1539190 606
1539200 611
1539210 615
1539220 617
1539230 617
1539240 619
1539250 621
1539260 621
1539270 623
1539280 624
1539290 624
1539300 625
1539310 626
1539320 626
1539330 627
1539340 627
1539350 627
1539360 626
1539370 625
1539380 624
1539390 624
1539400 623
1539410 623
1539420 623
1539430 625
1539440 627
1539450 627
1539460 630
1539470 632
1539480 632
1539490 633
1539500 633
1539510 633
1539520 633
1539530 633
1539540 634
1539550 634
1539560 634
1539570 635
1539580 635
1539590 634
1539600 634
1539610 634
1539620 634
1539630 633
1539640 633
1539650 633
1539660 634
1539670 634
1539680 634
1539690 634
1539700 634
1539710 634
1539720 633
1539730 630
1539740 630
1539750 625
1539760 623
1539770 623
1539780 622
1539790 618
1539800 618
1539810 614
1539820 605
1539830 601
1539840 601
1539850 596
1539860 588
1539870 588
1539880 580
1539890 562
1539900 562
1539910 550
1539920 543
1539930 543
1539940 537
1539950 531
1539960 531
1539970 526
1539980 521
1539990 519
