1520000 547
1520010 547
1520020 547
1520030 547
1520040 547
1520050 548
1520060 548
1520070 547
1520080 547
1520090 547
1520100 548
1520110 548
1520120 548
1520130 547
1520140 547
1520150 547
1520160 548
1520170 549
1520180 548
1520190 548
1520200 548
1520210 547
1520220 547
1520230 547
1520240 547
1520250 547
1520260 547
1520270 547
1520280 547
1520290 547
1520300 547
1520310 547
1520320 547
1520330 547
1520340 547
1520350 547
1520360 547
1520370 547
1520380 547
1520390 547
1520400 547
1520410 547
1520420 547
1520430 547
1520440 547
1520450 547
1520460 547
1520470 547
1520480 547
1520490 548
1520500 547
1520510 547
1520520 547
1520530 547
1520540 547
1520550 547
1520560 547
1520570 547
1520580 547
1520590 547
1520600 547
1520610 547
1520620 547
1520630 547
1520640 547
1520650 547
1520660 547
1520670 547
1520680 547
1520690 546
1520700 546
1520710 547
1520720 547
1520730 547
1520740 547
1520750 547
1520760 547
1520770 548
1520780 548
1520790 548
1520800 547
1520810 548
1520820 548
1520830 548
1520840 548
1520850 548
1520860 548
1520870 548
1520880 548
1520890 548
1520900 548
1520910 548
1520920 548
1520930 548
1520940 548
1520950 548
1520960 548
1520970 548
1520980 548
1520990 548
1521000 548
1521010 549
1521020 549
1521030 549
1521040 550
1521050 550
1521060 550
1521070 550
1521080 550
1521090 550
1521100 550
1521110 551
1521120 551
1521130 552
1521140 552
1521150 552
1521160 553
1521170 553
1521180 553
1521190 554
1521200 555
1521210 555
1521220 556
1521230 556
1521240 556
1521250 556
1521260 556
1521270 556
1521280 556
1521290 557
1521300 556
1521310 556
1521320 557
1521330 558
1521340 558
1521350 558
1521360 558
1521370 558
1521380 558
1521390 558
1521400 558
1521410 558
1521420 558
1521430 559
1521440 559
1521450 560
1521460 560
1521470 560
1521480 561
1521490 562
1521500 562
1521510 562
1521520 562
1521530 562
1521540 564
1521550 565
1521560 565
1521570 565
1521580 566
1521590 567
1521600 567
1521610 568
1521620 568
1521630 568
1521640 569
1521650 569
1521660 569
1521670 570
1521680 570
1521690 570
1521700 572
1521710 574
1521720 575
1521730 575
1521740 576
1521750 578
1521760 578
1521770 578
1521780 578
1521790 578
1521800 577
1521810 577
1521820 577
1521830 577
1521840 575
1521850 575
1521860 575
1521870 576
1521880 577
1521890 577
1521900 577
1521910 577
1521920 577
1521930 577
1521940 576
1521950 576
1521960 575
1521970 575
1521980 575
1521990 576
1522000 577
1522010 577
1522020 578
1522030 580
1522040 581
1522050 581
1522060 582
1522070 583
1522080 583
1522090 583
1522100 583
1522110 583
1522120 583
1522130 584
1522140 584
1522150 584
1522160 583
1522170 584
1522180 584
1522190 584
1522200 585
1522210 585
1522220 586
1522230 588
1522240 588
1522250 588
1522260 588
1522270 588
1522280 588
1522290 589
1522300 589
1522310 589
1522320 587
1522330 586
1522340 586
1522350 585
1522360 585
1522370 585
1522380 585
1522390 585
1522400 585
1522410 586
1522420 587
1522430 587
1522440 587
1522450 588
1522460 588
1522470 590
1522480 591
1522490 591
1522500 591
1522510 593
1522520 593
1522530 593
1522540 594
1522550 594
1522560 594
1522570 594
1522580 594
1522590 594
1522600 595
1522610 599
1522620 599
1522630 602
1522640 602
1522650 599
1522660 599
1522670 599
1522680 599
1522690 599
1522700 599
1522710 599
1522720 599
1522730 600
1522740 599
1522750 599
1522760 600
1522770 602
1522780 602
1522790 601
1522800 601
1522810 600
1522820 600
1522830 598
1522840 598
1522850 598
1522860 599
1522870 599
1522880 599
1522890 600
1522900 599
1522910 599
1522920 600
1522930 601
1522940 600
1522950 600
1522960 600
1522970 599
1522980 599
1522990 599
1523000 599
1523010 599
1523020 599
1523030 600
1523040 600
1523050 601
1523060 600
1523070 600
1523080 600
1523090 600
1523100 600
1523110 600
1523120 601
1523130 600
1523140 600
1523150 600
1523160 600
1523170 600
1523180 600
1523190 601
1523200 601
1523210 601
1523220 601
1523230 601
1523240 601
1523250 603
1523260 605
1523270 605
1523280 606
1523290 606
1523300 606
1523310 606
1523320 607
1523330 607
1523340 607
1523350 608
1523360 608
1523370 607
1523380 607
1523390 607
1523400 606
1523410 606
1523420 605
1523430 605
1523440 604
1523450 604
1523460 604
1523470 603
1523480 603
1523490 603
1523500 603
1523510 603
1523520 603
1523530 603
1523540 603
1523550 602
1523560 602
1523570 602
1523580 602
1523590 602
1523600 602
1523610 601
1523620 601
1523630 600
1523640 600
1523650 600
1523660 599
1523670 598
1523680 598
1523690 597
1523700 596
1523710 594
1523720 594
1523730 595
1523740 595
1523750 595
1523760 594
1523770 593
1523780 593
1523790 592
1523800 591
1523810 591
1523820 590
1523830 589
1523840 589
1523850 589
1523860 590
1523870 590
1523880 590
1523890 590
1523900 590
1523910 590
1523920 589
1523930 589
1523940 589
1523950 588
1523960 588
1523970 588
1523980 589
1523990 589
1524000 589
1524010 589
1524020 589
1524030 592
1524040 592
1524050 593
1524060 594
1524070 594
1524080 594
1524090 594
1524100 594
1524110 594
1524120 594
1524130 594
1524140 595
1524150 595
1524160 596
1524170 596
1524180 597
1524190 597
1524200 597
1524210 597
1524220 598
1524230 598
1524240 599
1524250 599
1524260 599
1524270 599
1524280 598
1524290 598
1524300 598
1524310 598
1524320 597
1524330 597
1524340 597
1524350 596
1524360 596
1524370 596
1524380 596
1524390 596
1524400 596
1524410 596
1524420 596
1524430 596
1524440 596
1524450 596
1524460 596
1524470 595
1524480 595
1524490 595
1524500 595
1524510 595
1524520 595
1524530 595
1524540 595
1524550 595
1524560 595
1524570 594
1524580 594
1524590 593
1524600 593
1524610 593
1524620 593
1524630 592
1524640 591
1524650 591
1524660 590
1524670 590
1524680 590
1524690 590
1524700 589
1524710 589
1524720 588
1524730 588
1524740 588
1524750 587
1524760 586
1524770 586
1524780 586
1524790 585
1524800 584
1524810 584
1524820 583
1524830 583
1524840 583
1524850 583
1524860 583
1524870 583
1524880 582
1524890 580
1524900 580
1524910 579
1524920 579
1524930 579
1524940 579
1524950 579
1524960 577
1524970 577
1524980 576
1524990 575
1525000 575
1525010 575
1525020 575
1525030 575
1525040 574
1525050 574
1525060 574
1525070 574
1525080 574
1525090 573
1525100 573
1525110 572
1525120 571
1525130 571
1525140 570
1525150 569
1525160 569
1525170 568
1525180 567
1525190 567
1525200 567
1525210 566
1525220 566
1525230 565
1525240 565
1525250 564
1525260 564
1525270 563
1525280 562
1525290 562
1525300 561
1525310 560
1525320 560
1525330 559
1525340 558
1525350 558
1525360 557
1525370 555
1525380 555
1525390 555
1525400 553
1525410 552
1525420 552
1525430 552
1525440 551
1525450 551
1525460 551
1525470 551
1525480 551
1525490 552
1525500 552
1525510 552
1525520 552
1525530 552
1525540 552
1525550 552
1525560 552
1525570 552
1525580 552
1525590 552
1525600 553
1525610 553
1525620 553
1525630 553
1525640 553
1525650 554
1525660 554
1525670 554
1525680 555
1525690 556
1525700 556
1525710 556
1525720 556
1525730 556
1525740 556
1525750 557
1525760 557
1525770 557
1525780 557
1525790 558
1525800 558
1525810 558
1525820 558
1525830 558
1525840 559
1525850 559
1525860 559
1525870 559
1525880 560
1525890 560
1525900 560
1525910 561
1525920 561
1525930 561
1525940 562
1525950 563
1525960 563
1525970 563
1525980 564
1525990 564
1526000 564
1526010 565
1526020 566
1526030 566
1526040 567
1526050 568
1526060 568
1526070 569
1526080 570
1526090 570
1526100 571
1526110 572
1526120 572
1526130 573
1526140 574
1526150 575
1526160 575
1526170 576
1526180 577
1526190 577
1526200 578
1526210 579
1526220 579
1526230 580
1526240 580
1526250 580
1526260 581
1526270 582
1526280 582
1526290 582
1526300 583
1526310 584
1526320 584
1526330 584
1526340 584
1526350 584
1526360 584
1526370 585
1526380 585
1526390 585
1526400 586
1526410 586
1526420 587
1526430 587
1526440 587
1526450 588
1526460 588
1526470 590
1526480 590
1526490 591
1526500 591
1526510 591
1526520 592
1526530 592
1526540 592
1526550 592
1526560 592
1526570 592
1526580 592
1526590 592
1526600 592
1526610 593
1526620 593
1526630 593
1526640 593
1526650 593
1526660 593
1526670 593
1526680 593
1526690 594
1526700 594
1526710 594
1526720 594
1526730 594
1526740 594
1526750 594
1526760 594
1526770 594
1526780 594
1526790 594
1526800 594
1526810 594
1526820 594
1526830 594
1526840 594
1526850 594
1526860 594
1526870 594
1526880 595
1526890 595
1526900 594
1526910 593
1526920 593
1526930 593
1526940 593
1526950 594
1526960 594
1526970 593
1526980 592
1526990 592
1527000 590
1527010 588
1527020 588
1527030 586
1527040 585
1527050 585
1527060 584
1527070 583
1527080 582
1527090 582
1527100 580
1527110 580
1527120 580
1527130 581
1527140 581
1527150 581
1527160 579
1527170 578
1527180 578
1527190 576
1527200 570
1527210 570
1527220 563
1527230 557
1527240 552
1527250 552
1527260 550
1527270 550
1527280 550
1527290 549
1527300 548
1527310 548
1527320 548
1527330 548
1527340 548
1527350 549
1527360 549
1527370 550
1527380 550
1527390 550
1527400 551
1527410 551
1527420 552
1527430 552
1527440 552
1527450 551
1527460 550
1527470 550
1527480 550
1527490 548
1527500 548
1527510 546
1527520 545
1527530 545
1527540 545
1527550 546
1527560 548
1527570 548
1527580 549
1527590 551
1527600 551
1527610 552
1527620 554
1527630 554
1527640 556
1527650 556
1527660 556
1527670 555
1527680 556
1527690 558
1527700 558
1527710 557
1527720 557
1527730 557
1527740 559
1527750 561
1527760 561
1527770 561
1527780 560
1527790 560
1527800 558
1527810 558
1527820 558
1527830 557
1527840 554
1527850 552
1527860 552
1527870 553
1527880 553
1527890 553
1527900 555
1527910 556
1527920 556
1527930 557
1527940 562
1527950 562
1527960 566
1527970 566
1527980 564
1527990 564
1528000 564
1528010 564
1528020 564
1528030 565
1528040 566
1528050 566
1528060 564
1528070 564
1528080 564
1528090 565
1528100 569
1528110 569
1528120 571
1528130 571
1528140 572
1528150 572
1528160 574
1528170 578
1528180 578
1528190 579
1528200 579
1528210 579
1528220 580
1528230 582
1528240 582
1528250 583
1528260 585
1528270 585
1528280 586
1528290 586
1528300 586
1528310 586
1528320 584
1528330 582
1528340 582
1528350 580
1528360 579
1528370 579
1528380 578
1528390 580
1528400 580
1528410 582
1528420 582
1528430 582
1528440 581
1528450 580
1528460 580
1528470 580
1528480 580
1528490 581
1528500 581
1528510 582
1528520 582
1528530 582
1528540 581
1528550 582
1528560 582
1528570 582
1528580 583
1528590 583
1528600 583
1528610 583
1528620 583
1528630 583
1528640 583
1528650 583
1528660 583
1528670 585
1528680 585
1528690 585
1528700 586
1528710 588
1528720 588
1528730 588
1528740 590
1528750 592
1528760 592
1528770 595
1528780 597
1528790 597
1528800 600
1528810 601
1528820 601
1528830 601
1528840 601
1528850 601
1528860 601
1528870 602
1528880 602
1528890 602
1528900 601
1528910 601
1528920 601
1528930 601
1528940 601
1528950 601
1528960 601
1528970 601
1528980 601
1528990 601
1529000 600
1529010 600
1529020 600
1529030 603
1529040 603
1529050 605
1529060 607
1529070 607
1529080 607
1529090 605
1529100 601
1529110 601
1529120 598
1529130 597
1529140 597
1529150 597
1529160 595
1529170 595
1529180 594
1529190 591
1529200 591
1529210 589
1529220 588
1529230 587
1529240 587
1529250 587
1529260 588
1529270 588
1529280 588
1529290 587
1529300 587
1529310 586
1529320 585
1529330 585
1529340 584
1529350 583
1529360 583
1529370 585
1529380 584
1529390 583
1529400 583
1529410 582
1529420 582
1529430 582
1529440 581
1529450 580
1529460 580
1529470 580
1529480 581
1529490 581
1529500 580
1529510 580
1529520 580
1529530 580
1529540 579
1529550 580
1529560 580
1529570 580
1529580 581
1529590 581
1529600 580
1529610 580
1529620 580
1529630 582
1529640 584
1529650 584
1529660 584
1529670 584
1529680 584
1529690 584
1529700 584
1529710 584
1529720 584
1529730 584
1529740 582
1529750 582
1529760 581
1529770 581
1529780 581
1529790 583
1529800 584
1529810 584
1529820 584
1529830 584
1529840 586
1529850 586
1529860 588
1529870 588
1529880 588
1529890 585
1529900 582
1529910 582
1529920 580
1529930 580
1529940 580
1529950 580
1529960 580
1529970 580
1529980 580
1529990 580
1530000 579
1530010 579
1530020 579
1530030 579
1530040 579
1530050 580
1530060 580
1530070 580
1530080 580
1530090 580
1530100 580
1530110 580
1530120 581
1530130 582
1530140 582
1530150 582
1530160 582
1530170 582
1530180 582
1530190 582
1530200 582
1530210 582
1530220 585
1530230 585
1530240 590
1530250 598
1530260 598
1530270 601
1530280 600
1530290 598
1530300 598
1530310 596
1530320 594
1530330 594
1530340 593
1530350 591
1530360 591
1530370 588
1530380 586
1530390 586
1530400 585
1530410 583
1530420 583
1530430 581
1530440 577
1530450 574
1530460 574
1530470 573
1530480 573
1530490 573
1530500 572
1530510 570
1530520 570
1530530 567
1530540 564
1530550 564
1530560 561
1530570 558
1530580 556
1530590 556
1530600 554
1530610 552
1530620 552
1530630 551
1530640 553
1530650 553
1530660 556
1530670 558
1530680 558
1530690 559
1530700 560
1530710 560
1530720 560
1530730 562
1530740 564
1530750 564
1530760 564
1530770 564
1530780 564
1530790 564
1530800 565
1530810 565
1530820 566
1530830 565
1530840 565
1530850 564
1530860 563
1530870 563
1530880 563
1530890 562
1530900 562
1530910 562
1530920 562
1530930 561
1530940 561
1530950 559
1530960 559
1530970 559
1530980 559
1530990 559
1531000 559
1531010 559
1531020 559
1531030 559
1531040 560
1531050 561
1531060 561
1531070 561
1531080 560
1531090 558
1531100 558
1531110 557
1531120 556
1531130 556
1531140 555
1531150 554
1531160 554
1531170 552
1531180 554
1531190 554
1531200 556
1531210 558
1531220 560
1531230 560
1531240 561
1531250 559
1531260 559
1531270 559
1531280 560
1531290 560
1531300 562
1531310 565
1531320 565
1531330 565
1531340 563
1531350 563
1531360 563
1531370 563
1531380 563
1531390 563
1531400 564
1531410 563
1531420 563
1531430 563
1531440 564
1531450 564
1531460 564
1531470 564
1531480 564
1531490 562
1531500 561
1531510 561
1531520 561
1531530 562
1531540 562
1531550 562
1531560 563
1531570 565
1531580 565
1531590 567
1531600 569
1531610 569
1531620 570
1531630 570
1531640 570
1531650 571
1531660 571
1531670 572
1531680 572
1531690 573
1531700 574
1531710 574
1531720 575
1531730 576
1531740 576
1531750 577
1531760 578
1531770 578
1531780 579
1531790 580
1531800 580
1531810 581
1531820 581
1531830 581
1531840 581
1531850 580
1531860 579
1531870 579
1531880 579
1531890 578
1531900 578
1531910 577
1531920 577
1531930 577
1531940 576
1531950 576
1531960 574
1531970 574
1531980 573
1531990 571
1532000 571
1532010 570
1532020 570
1532030 570
1532040 569
1532050 567
1532060 567
1532070 566
1532080 566
1532090 567
1532100 568
1532110 570
1532120 571
1532130 571
1532140 575
1532150 578
1532160 578
1532170 582
1532180 586
1532190 586
1532200 590
1532210 592
1532220 592
1532230 594
1532240 594
1532250 594
1532260 593
1532270 593
1532280 592
1532290 592
1532300 589
1532310 587
1532320 587
1532330 587
1532340 586
1532350 586
1532360 585
1532370 584
1532380 584
1532390 583
1532400 583
1532410 583
1532420 584
1532430 584
1532440 586
1532450 586
1532460 590
1532470 592
1532480 592
1532490 591
1532500 588
1532510 588
1532520 585
1532530 584
1532540 584
1532550 583
1532560 582
1532570 582
1532580 582
1532590 581
1532600 581
1532610 581
1532620 582
1532630 583
1532640 583
1532650 585
1532660 587
1532670 587
1532680 589
1532690 591
1532700 591
1532710 594
1532720 596
1532730 598
1532740 598
1532750 599
1532760 601
1532770 601
1532780 603
1532790 603
1532800 603
1532810 603
1532820 603
1532830 603
1532840 605
1532850 606
1532860 606
1532870 607
1532880 607
1532890 608
1532900 608
1532910 609
1532920 611
1532930 611
1532940 614
1532950 615
1532960 615
1532970 616
1532980 615
1532990 615
1533000 615
1533010 616
1533020 616
1533030 614
1533040 612
1533050 613
1533060 613
1533070 614
1533080 615
1533090 615
1533100 616
1533110 617
1533120 617
1533130 618
1533140 620
1533150 620
1533160 621
1533170 623
1533180 626
1533190 626
1533200 629
1533210 634
1533220 634
1533230 639
1533240 643
1533250 643
1533260 647
1533270 650
1533280 650
1533290 653
1533300 654
1533310 654
1533320 654
1533330 653
1533340 650
1533350 650
1533360 645
1533370 641
1533380 641
1533390 640
1533400 640
1533410 640
1533420 641
1533430 640
1533440 640
1533450 640
1533460 641
1533470 641
1533480 642
1533490 643
1533500 647
1533510 647
1533520 654
1533530 661
1533540 661
1533550 667
1533560 672
1533570 672
1533580 675
1533590 678
1533600 678
1533610 680
1533620 682
1533630 682
1533640 683
1533650 684
1533660 685
1533670 685
1533680 687
1533690 689
1533700 689
1533710 692
1533720 694
1533730 694
1533740 697
1533750 699
1533760 699
1533770 702
1533780 706
1533790 706
1533800 709
1533810 713
1533820 716
1533830 716
1533840 720
1533850 724
1533860 724
1533870 728
1533880 730
1533890 730
1533900 731
1533910 732
1533920 732
1533930 732
1533940 733
1533950 733
1533960 733
1533970 734
1533980 735
1533990 735
1534000 737
1534010 739
1534020 739
1534030 740
1534040 742
1534050 742
1534060 747
1534070 749
1534080 749
1534090 748
1534100 748
1534110 749
1534120 749
1534130 750
1534140 751
1534150 751
1534160 752
1534170 755
1534180 755
1534190 757
1534200 757
1534210 757
1534220 758
1534230 758
1534240 758
1534250 758
1534260 759
1534270 759
1534280 759
1534290 761
1534300 762
1534310 762
1534320 763
1534330 764
1534340 764
1534350 765
1534360 766
1534370 766
1534380 766
1534390 765
1534400 765
1534410 765
1534420 765
1534430 765
1534440 765
1534450 766
1534460 768
1534470 768
1534480 770
1534490 771
1534500 771
1534510 771
1534520 772
1534530 772
1534540 771
1534550 771
1534560 771
1534570 771
1534580 771
1534590 773
1534600 773
1534610 775
1534620 777
1534630 777
1534640 780
1534650 784
1534660 784
1534670 795
1534680 800
1534690 800
1534700 805
1534710 811
1534720 821
1534730 821
1534740 832
1534750 843
1534760 843
1534770 853
1534780 859
1534790 859
1534800 865
1534810 870
1534820 870
1534830 875
1534840 879
1534850 879
1534860 882
1534870 851
1534880 810
1534890 810
1534900 804
1534910 805
1534920 805
1534930 814
1534940 824
1534950 824
1534960 828
1534970 832
1534980 832
1534990 840
1535000 852
1535010 852
1535020 863
1535030 879
1535040 885
1535050 885
1535060 893
1535070 899
1535080 899
1535090 907
1535100 922
1535110 922
1535120 934
1535130 944
1535140 944
1535150 952
1535160 959
1535170 964
1535180 964
1535190 965
1535200 965
1535210 965
1535220 966
1535230 965
1535240 965
1535250 961
1535260 956
1535270 956
1535280 956
1535290 955
1535300 955
1535310 954
1535320 955
1535330 950
1535340 950
1535350 928
1535360 904
1535370 904
1535380 887
1535390 881
1535400 881
1535410 886
1535420 892
1535430 892
1535440 897
1535450 899
1535460 899
1535470 900
1535480 900
1535490 901
1535500 901
1535510 898
1535520 902
1535530 902
1535540 917
1535550 928
1535560 928
1535570 933
1535580 936
1535590 936
1535600 939
1535610 942
1535620 942
1535630 941
1535640 939
1535650 938
1535660 938
1535670 937
1535680 934
1535690 934
1535700 932
1535710 930
1535720 930
1535730 926
1535740 924
1535750 924
1535760 923
1535770 920
1535780 914
1535790 914
1535800 907
1535810 904
1535820 904
1535830 900
1535840 898
1535850 898
1535860 897
1535870 895
1535880 895
1535890 889
1535900 883
1535910 883
1535920 879
1535930 875
1535940 873
1535950 873
1535960 870
1535970 866
1535980 866
1535990 865
1536000 866
1536010 866
1536020 867
1536030 866
1536040 866
1536050 861
1536060 856
1536070 856
1536080 854
1536090 851
1536100 848
1536110 848
1536120 846
1536130 844
1536140 844
1536150 841
1536160 838
1536170 838
1536180 830
1536190 823
1536200 823
1536210 822
1536220 823
1536230 823
1536240 822
1536250 818
1536260 814
1536270 814
1536280 814
1536290 811
1536300 811
1536310 807
1536320 804
1536330 804
1536340 801
1536350 797
1536360 797
1536370 792
1536380 789
1536390 787
1536400 787
1536410 786
1536420 787
1536430 787
1536440 789
1536450 790
1536460 790
1536470 789
1536480 788
1536490 788
1536500 786
1536510 784
1536520 784
1536530 780
1536540 778
1536550 775
1536560 775
1536570 774
1536580 773
1536590 773
1536600 772
1536610 770
1536620 770
1536630 768
1536640 765
1536650 765
1536660 763
1536670 760
1536680 760
1536690 757
1536700 752
1536710 736
1536720 736
1536730 729
1536740 723
1536750 723
1536760 717
1536770 709
1536780 709
1536790 702
1536800 695
1536810 695
1536820 688
1536830 680
1536840 680
1536850 674
1536860 668
1536870 662
1536880 662
1536890 656
1536900 650
1536910 650
1536920 646
1536930 642
1536940 642
1536950 640
1536960 640
1536970 640
1536980 640
1536990 641
1537000 641
1537010 641
1537020 637
1537030 631
1537040 631
1537050 624
1537060 619
1537070 619
1537080 616
1537090 615
1537100 615
1537110 613
1537120 610
1537130 610
1537140 608
1537150 606
1537160 602
1537170 602
1537180 597
1537190 592
1537200 592
1537210 585
1537220 581
1537230 581
1537240 575
1537250 569
1537260 569
1537270 564
1537280 561
1537290 561
1537300 556
1537310 553
1537320 551
1537330 551
1537340 551
1537350 551
1537360 551
1537370 550
1537380 550
1537390 550
1537400 549
1537410 548
1537420 548
1537430 548
1537440 547
1537450 547
1537460 545
1537470 544
1537480 544
1537490 544
1537500 543
1537510 542
1537520 542
1537530 541
1537540 540
1537550 540
1537560 540
1537570 539
1537580 539
1537590 539
1537600 538
1537610 538
1537620 538
1537630 537
1537640 537
1537650 537
1537660 537
1537670 538
1537680 538
1537690 539
1537700 539
1537710 539
1537720 540
1537730 542
1537740 542
1537750 544
1537760 546
1537770 548
1537780 548
1537790 549
1537800 550
1537810 550
1537820 552
1537830 554
1537840 554
1537850 557
1537860 562
1537870 562
1537880 566
1537890 569
1537900 569
1537910 572
1537920 575
1537930 578
1537940 578
1537950 581
1537960 583
1537970 583
1537980 585
1537990 587
1538000 587
1538010 588
1538020 588
1538030 588
1538040 590
1538050 593
1538060 593
1538070 595
1538080 597
1538090 599
1538100 599
1538110 602
1538120 605
1538130 605
1538140 608
1538150 610
1538160 610
1538170 612
1538180 613
1538190 613
1538200 615
1538210 618
1538220 618
1538230 621
1538240 626
1538250 631
1538260 631
1538270 635
1538280 641
1538290 641
1538300 645
1538310 647
1538320 647
1538330 649
1538340 650
1538350 650
1538360 651
1538370 653
1538380 654
1538390 654
1538400 655
1538410 658
1538420 658
1538430 663
1538440 667
1538450 667
1538460 670
1538470 671
1538480 671
1538490 672
1538500 675
1538510 675
1538520 680
1538530 679
1538540 680
1538550 680
1538560 683
1538570 687
1538580 687
1538590 688
1538600 690
1538610 690
1538620 691
1538630 692
1538640 692
1538650 693
1538660 695
1538670 695
1538680 699
1538690 703
1538700 708
1538710 708
1538720 713
1538730 715
1538740 715
1538750 716
1538760 716
1538770 716
1538780 716
1538790 715
1538800 715
1538810 715
1538820 715
1538830 715
1538840 714
1538850 712
1538860 708
1538870 708
1538880 704
1538890 701
1538900 701
1538910 699
1538920 699
1538930 699
1538940 699
1538950 699
1538960 699
1538970 695
1538980 690
1538990 685
1539000 685
1539010 684
1539020 684
1539030 684
1539040 685
1539050 688
1539060 688
1539070 692
1539080 696
1539090 696
1539100 697
1539110 696
1539120 696
1539130 695
1539140 693
1539150 692
1539160 692
1539170 693
1539180 695
1539190 695
1539200 696
1539210 694
1539220 694
1539230 693
1539240 695
1539250 695
1539260 697
1539270 699
1539280 699
1539290 700
1539300 700
1539310 699
1539320 699
1539330 697
1539340 695
1539350 695
1539360 692
1539370 690
1539380 690
1539390 688
1539400 686
1539410 686
1539420 684
1539430 682
1539440 682
1539450 677
1539460 675
1539470 674
1539480 674
1539490 673
1539500 671
1539510 671
1539520 669
1539530 667
1539540 667
1539550 665
1539560 663
1539570 663
1539580 661
1539590 658
1539600 655
1539610 655
1539620 652
1539630 651
1539640 651
1539650 649
1539660 647
1539670 647
1539680 643
1539690 639
1539700 639
1539710 635
1539720 631
1539730 631
1539740 628
1539750 625
1539760 620
1539770 620
1539780 616
1539790 613
1539800 613
1539810 611
1539820 606
1539830 606
1539840 602
1539850 598
1539860 598
1539870 594
1539880 590
1539890 590
1539900 586
1539910 569
1539920 550
1539930 550
1539940 543
1539950 531
1539960 531
1539970 522
1539980 515
1539990 515
