1520000 548
1520010 547
1520020 547
1520030 547
1520040 547
1520050 547
1520060 547
1520070 547
1520080 547
1520090 547
1520100 547
1520110 547
1520120 547
1520130 547
1520140 547
1520150 547
1520160 547
1520170 547
1520180 547
1520190 547
1520200 547
1520210 547
1520220 547
1520230 547
1520240 546
1520250 546
1520260 547
1520270 547
1520280 547
1520290 547
1520300 547
1520310 547
1520320 547
1520330 547
1520340 547
1520350 547
1520360 547
1520370 547
1520380 547
1520390 547
1520400 547
1520410 547
1520420 547
1520430 547
1520440 547
1520450 547
1520460 547
1520470 547
1520480 547
1520490 547
1520500 547
1520510 547
1520520 547
1520530 547
1520540 547
1520550 547
1520560 547
1520570 547
1520580 547
1520590 547
1520600 547
1520610 547
1520620 547
1520630 546
1520640 546
1520650 547
1520660 548
1520670 548
1520680 549
1520690 549
1520700 549
1520710 549
1520720 549
1520730 549
1520740 549
1520750 549
1520760 549
1520770 549
1520780 549
1520790 549
1520800 549
1520810 549
1520820 549
1520830 549
1520840 549
1520850 549
1520860 549
1520870 548
1520880 549
1520890 549
1520900 550
1520910 549
1520920 549
1520930 549
1520940 549
1520950 549
1520960 549
1520970 549
1520980 549
1520990 549
1521000 551
1521010 552
1521020 552
1521030 552
1521040 551
1521050 551
1521060 551
1521070 551
1521080 551
1521090 551
1521100 551
1521110 552
1521120 552
1521130 553
1521140 553
1521150 553
1521160 552
1521170 552
1521180 552
1521190 553
1521200 553
1521210 553
1521220 554
1521230 554
1521240 554
1521250 554
1521260 553
1521270 552
1521280 552
1521290 552
1521300 552
1521310 552
1521320 552
1521330 552
1521340 552
1521350 551
1521360 550
1521370 550
1521380 551
1521390 551
1521400 551
1521410 551
1521420 551
1521430 551
1521440 551
1521450 550
1521460 550
1521470 550
1521480 550
1521490 550
1521500 550
1521510 550
1521520 550
1521530 550
1521540 551
1521550 552
1521560 553
1521570 553
1521580 552
1521590 551
1521600 551
1521610 549
1521620 549
1521630 549
1521640 549
1521650 549
1521660 549
1521670 550
1521680 551
1521690 552
1521700 552
1521710 553
1521720 553
1521730 553
1521740 554
1521750 554
1521760 554
1521770 554
1521780 554
1521790 554
1521800 553
1521810 554
1521820 554
1521830 554
1521840 555
1521850 556
1521860 556
1521870 557
1521880 557
1521890 557
1521900 557
1521910 558
1521920 558
1521930 559
1521940 560
1521950 560
1521960 560
1521970 561
1521980 561
1521990 561
1522000 563
1522010 564
1522020 564
1522030 565
1522040 565
1522050 565
1522060 565
1522070 566
1522080 566
1522090 567
1522100 568
1522110 568
1522120 568
1522130 568
1522140 568
1522150 568
1522160 569
1522170 569
1522180 569
1522190 570
1522200 570
1522210 570
1522220 571
1522230 571
1522240 571
1522250 571
1522260 571
1522270 571
1522280 571
1522290 571
1522300 571
1522310 571
1522320 572
1522330 572
1522340 572
1522350 572
1522360 572
1522370 572
1522380 573
1522390 574
1522400 574
1522410 574
1522420 575
1522430 575
1522440 575
1522450 575
1522460 574
1522470 574
1522480 574
1522490 576
1522500 576
1522510 577
1522520 577
1522530 577
1522540 578
1522550 579
1522560 579
1522570 582
1522580 582
1522590 582
1522600 581
1522610 582
1522620 584
1522630 584
1522640 584
1522650 583
1522660 583
1522670 584
1522680 584
1522690 584
1522700 584
1522710 584
1522720 584
1522730 585
1522740 586
1522750 586
1522760 586
1522770 586
1522780 587
1522790 587
1522800 588
1522810 588
1522820 588
1522830 588
1522840 586
1522850 586
1522860 586
1522870 585
1522880 585
1522890 585
1522900 585
1522910 585
1522920 587
1522930 587
1522940 586
1522950 586
1522960 585
1522970 585
1522980 585
1522990 585
1523000 586
1523010 586
1523020 586
1523030 587
1523040 587
1523050 588
1523060 587
1523070 587
1523080 587
1523090 587
1523100 589
1523110 589
1523120 590
1523130 591
1523140 591
1523150 590
1523160 591
1523170 591
1523180 591
1523190 591
1523200 591
1523210 591
1523220 590
1523230 589
1523240 589
1523250 591
1523260 590
1523270 590
1523280 590
1523290 591
1523300 591
1523310 591
1523320 591
1523330 591
1523340 591
1523350 591
1523360 591
1523370 590
1523380 589
1523390 589
1523400 589
1523410 589
1523420 588
1523430 588
1523440 587
1523450 585
1523460 585
1523470 585
1523480 584
1523490 584
1523500 584
1523510 585
1523520 585
1523530 586
1523540 586
1523550 587
1523560 587
1523570 587
1523580 586
1523590 586
1523600 584
1523610 582
1523620 582
1523630 582
1523640 579
1523650 579
1523660 578
1523670 577
1523680 578
1523690 578
1523700 577
1523710 577
1523720 577
1523730 577
1523740 578
1523750 578
1523760 577
1523770 576
1523780 576
1523790 575
1523800 574
1523810 574
1523820 574
1523830 574
1523840 574
1523850 574
1523860 574
1523870 574
1523880 574
1523890 574
1523900 574
1523910 574
1523920 574
1523930 573
1523940 573
1523950 573
1523960 573
1523970 573
1523980 572
1523990 572
1524000 572
1524010 572
1524020 571
1524030 571
1524040 571
1524050 571
1524060 571
1524070 571
1524080 572
1524090 574
1524100 574
1524110 576
1524120 577
1524130 577
1524140 577
1524150 578
1524160 578
1524170 578
1524180 578
1524190 579
1524200 579
1524210 578
1524220 579
1524230 579
1524240 580
1524250 580
1524260 580
1524270 580
1524280 579
1524290 579
1524300 579
1524310 580
1524320 579
1524330 579
1524340 579
1524350 579
1524360 579
1524370 578
1524380 578
1524390 578
1524400 578
1524410 577
1524420 577
1524430 577
1524440 577
1524450 577
1524460 577
1524470 577
1524480 576
1524490 576
1524500 577
1524510 577
1524520 577
1524530 577
1524540 576
1524550 576
1524560 576
1524570 576
1524580 576
1524590 575
1524600 575
1524610 575
1524620 575
1524630 574
1524640 574
1524650 574
1524660 573
1524670 573
1524680 573
1524690 572
1524700 571
1524710 571
1524720 570
1524730 570
1524740 570
1524750 569
1524760 569
1524770 569
1524780 569
1524790 568
1524800 568
1524810 568
1524820 567
1524830 566
1524840 566
1524850 565
1524860 565
1524870 565
1524880 564
1524890 563
1524900 563
1524910 563
1524920 563
1524930 562
1524940 562
1524950 561
1524960 561
1524970 561
1524980 561
1524990 560
1525000 560
1525010 560
1525020 560
1525030 560
1525040 559
1525050 558
1525060 557
1525070 557
1525080 557
1525090 557
1525100 557
1525110 556
1525120 556
1525130 556
1525140 556
1525150 555
1525160 555
1525170 555
1525180 554
1525190 554
1525200 553
1525210 553
1525220 553
1525230 553
1525240 552
1525250 552
1525260 552
1525270 551
1525280 551
1525290 551
1525300 550
1525310 549
1525320 549
1525330 548
1525340 547
1525350 547
1525360 547
1525370 546
1525380 546
1525390 546
1525400 545
1525410 543
1525420 543
1525430 543
1525440 543
1525450 543
1525460 543
1525470 542
1525480 542
1525490 542
1525500 542
1525510 542
1525520 542
1525530 542
1525540 543
1525550 543
1525560 544
1525570 545
1525580 545
1525590 545
1525600 545
1525610 545
1525620 545
1525630 545
1525640 545
1525650 544
1525660 544
1525670 545
1525680 545
1525690 545
1525700 546
1525710 546
1525720 547
1525730 547
1525740 547
1525750 548
1525760 548
1525770 548
1525780 548
1525790 549
1525800 549
1525810 549
1525820 550
1525830 550
1525840 550
1525850 550
1525860 551
1525870 551
1525880 551
1525890 552
1525900 552
1525910 553
1525920 553
1525930 553
1525940 554
1525950 554
1525960 554
1525970 555
1525980 556
1525990 557
1526000 557
1526010 557
1526020 558
1526030 558
1526040 559
1526050 560
1526060 560
1526070 561
1526080 562
1526090 562
1526100 562
1526110 563
1526120 565
1526130 565
1526140 565
1526150 565
1526160 565
1526170 565
1526180 566
1526190 566
1526200 567
1526210 567
1526220 567
1526230 568
1526240 568
1526250 568
1526260 569
1526270 569
1526280 570
1526290 570
1526300 570
1526310 570
1526320 570
1526330 571
1526340 572
1526350 572
1526360 572
1526370 573
1526380 573
1526390 573
1526400 574
1526410 575
1526420 575
1526430 576
1526440 576
1526450 576
1526460 576
1526470 576
1526480 576
1526490 576
1526500 577
1526510 577
1526520 577
1526530 577
1526540 577
1526550 578
1526560 578
1526570 578
1526580 578
1526590 578
1526600 578
1526610 578
1526620 578
1526630 578
1526640 578
1526650 578
1526660 578
1526670 578
1526680 578
1526690 578
1526700 578
1526710 577
1526720 577
1526730 577
1526740 577
1526750 577
1526760 577
1526770 577
1526780 577
1526790 577
1526800 577
1526810 577
1526820 577
1526830 577
1526840 577
1526850 577
1526860 577
1526870 576
1526880 576
1526890 575
1526900 575
1526910 574
1526920 573
1526930 573
1526940 571
1526950 570
1526960 570
1526970 569
1526980 567
1526990 567
1527000 566
1527010 565
1527020 565
1527030 563
1527040 562
1527050 561
1527060 561
1527070 560
1527080 558
1527090 558
1527100 557
1527110 556
1527120 556
1527130 555
1527140 554
1527150 554
1527160 553
1527170 552
1527180 552
1527190 551
1527200 550
1527210 549
1527220 549
1527230 548
1527240 547
1527250 547
1527260 546
1527270 545
1527280 545
1527290 545
1527300 545
1527310 545
1527320 545
1527330 545
1527340 545
1527350 544
1527360 544
1527370 543
1527380 543
1527390 543
1527400 543
1527410 543
1527420 543
1527430 543
1527440 543
1527450 543
1527460 544
1527470 544
1527480 545
1527490 546
1527500 548
1527510 548
1527520 548
1527530 544
1527540 544
1527550 541
1527560 539
1527570 539
1527580 537
1527590 536
1527600 536
1527610 535
1527620 535
1527630 535
1527640 534
1527650 533
1527660 533
1527670 533
1527680 533
1527690 533
1527700 533
1527710 533
1527720 532
1527730 532
1527740 533
1527750 534
1527760 534
1527770 535
1527780 536
1527790 536
1527800 534
1527810 533
1527820 533
1527830 533
1527840 533
1527850 533
1527860 533
1527870 534
1527880 534
1527890 534
1527900 535
1527910 535
1527920 535
1527930 535
1527940 535
1527950 535
1527960 537
1527970 539
1527980 543
1527990 543
1528000 544
1528010 543
1528020 543
1528030 543
1528040 546
1528050 546
1528060 549
1528070 552
1528080 552
1528090 555
1528100 558
1528110 561
1528120 561
1528130 563
1528140 563
1528150 563
1528160 564
1528170 564
1528180 564
1528190 565
1528200 564
1528210 564
1528220 563
1528230 565
1528240 565
1528250 568
1528260 569
1528270 572
1528280 572
1528290 573
1528300 574
1528310 574
1528320 574
1528330 574
1528340 574
1528350 574
1528360 575
1528370 575
1528380 576
1528390 576
1528400 576
1528410 575
1528420 574
1528430 573
1528440 573
1528450 572
1528460 571
1528470 571
1528480 573
1528490 576
1528500 576
1528510 577
1528520 579
1528530 579
1528540 579
1528550 577
1528560 577
1528570 575
1528580 572
1528590 569
1528600 569
1528610 567
1528620 565
1528630 565
1528640 566
1528650 566
1528660 566
1528670 564
1528680 564
1528690 564
1528700 563
1528710 564
1528720 565
1528730 565
1528740 567
1528750 567
1528760 567
1528770 567
1528780 567
1528790 567
1528800 569
1528810 570
1528820 570
1528830 571
1528840 574
1528850 574
1528860 575
1528870 577
1528880 578
1528890 578
1528900 578
1528910 578
1528920 578
1528930 579
1528940 581
1528950 581
1528960 580
1528970 579
1528980 579
1528990 580
1529000 581
1529010 581
1529020 581
1529030 580
1529040 580
1529050 580
1529060 581
1529070 581
1529080 581
1529090 582
1529100 582
1529110 582
1529120 581
1529130 580
1529140 580
1529150 579
1529160 578
1529170 578
1529180 578
1529190 578
1529200 577
1529210 577
1529220 576
1529230 575
1529240 575
1529250 575
1529260 573
1529270 573
1529280 572
1529290 572
1529300 572
1529310 573
1529320 572
1529330 572
1529340 572
1529350 572
1529360 571
1529370 571
1529380 571
1529390 570
1529400 570
1529410 569
1529420 567
1529430 567
1529440 565
1529450 563
1529460 563
1529470 561
1529480 559
1529490 557
1529500 557
1529510 556
1529520 555
1529530 555
1529540 554
1529550 555
1529560 555
1529570 557
1529580 558
1529590 558
1529600 558
1529610 557
1529620 557
1529630 555
1529640 553
1529650 554
1529660 554
1529670 556
1529680 558
1529690 558
1529700 560
1529710 560
1529720 560
1529730 558
1529740 556
1529750 556
1529760 556
1529770 557
1529780 557
1529790 558
1529800 560
1529810 563
1529820 563
1529830 565
1529840 564
1529850 564
1529860 563
1529870 563
1529880 563
1529890 564
1529900 563
1529910 563
1529920 563
1529930 564
1529940 564
1529950 564
1529960 565
1529970 565
1529980 565
1529990 565
1530000 566
1530010 566
1530020 566
1530030 566
1530040 566
1530050 566
1530060 565
1530070 565
1530080 566
1530090 567
1530100 569
1530110 569
1530120 569
1530130 570
1530140 570
1530150 570
1530160 569
1530170 569
1530180 568
1530190 567
1530200 567
1530210 567
1530220 567
1530230 567
1530240 567
1530250 565
1530260 562
1530270 562
1530280 560
1530290 561
1530300 561
1530310 563
1530320 565
1530330 565
1530340 565
1530350 565
1530360 565
1530370 564
1530380 561
1530390 561
1530400 557
1530410 552
1530420 547
1530430 547
1530440 547
1530450 549
1530460 549
1530470 552
1530480 553
1530490 553
1530500 552
1530510 549
1530520 549
1530530 546
1530540 544
1530550 544
1530560 544
1530570 545
1530580 546
1530590 546
1530600 547
1530610 546
1530620 546
1530630 545
1530640 544
1530650 544
1530660 543
1530670 541
1530680 541
1530690 541
1530700 541
1530710 543
1530720 543
1530730 545
1530740 545
1530750 545
1530760 545
1530770 546
1530780 546
1530790 546
1530800 547
1530810 547
1530820 547
1530830 547
1530840 547
1530850 545
1530860 544
1530870 543
1530880 543
1530890 542
1530900 541
1530910 541
1530920 541
1530930 542
1530940 542
1530950 542
1530960 541
1530970 541
1530980 541
1530990 540
1531000 540
1531010 540
1531020 541
1531030 540
1531040 540
1531050 540
1531060 540
1531070 540
1531080 540
1531090 540
1531100 540
1531110 540
1531120 539
1531130 539
1531140 539
1531150 539
1531160 539
1531170 539
1531180 538
1531190 538
1531200 538
1531210 538
1531220 539
1531230 539
1531240 539
1531250 539
1531260 539
1531270 539
1531280 538
1531290 538
1531300 538
1531310 538
1531320 538
1531330 538
1531340 538
1531350 539
1531360 539
1531370 539
1531380 539
1531390 539
1531400 539
1531410 541
1531420 541
1531430 541
1531440 543
1531450 543
1531460 546
1531470 546
1531480 547
1531490 547
1531500 548
1531510 549
1531520 549
1531530 550
1531540 551
1531550 551
1531560 551
1531570 552
1531580 552
1531590 552
1531600 552
1531610 552
1531620 552
1531630 553
1531640 553
1531650 553
1531660 555
1531670 556
1531680 556
1531690 556
1531700 557
1531710 557
1531720 557
1531730 558
1531740 558
1531750 558
1531760 558
1531770 558
1531780 558
1531790 558
1531800 558
1531810 558
1531820 558
1531830 559
1531840 559
1531850 559
1531860 559
1531870 559
1531880 559
1531890 558
1531900 558
1531910 558
1531920 558
1531930 557
1531940 557
1531950 557
1531960 557
1531970 557
1531980 557
1531990 556
1532000 556
1532010 555
1532020 554
1532030 554
1532040 554
1532050 553
1532060 553
1532070 551
1532080 551
1532090 551
1532100 551
1532110 550
1532120 550
1532130 550
1532140 550
1532150 550
1532160 550
1532170 552
1532180 559
1532190 559
1532200 566
1532210 574
1532220 574
1532230 581
1532240 586
1532250 587
1532260 587
1532270 587
1532280 587
1532290 587
1532300 585
1532310 581
1532320 581
1532330 577
1532340 573
1532350 573
1532360 568
1532370 567
1532380 567
1532390 567
1532400 566
1532410 566
1532420 566
1532430 566
1532440 566
1532450 566
1532460 565
1532470 565
1532480 565
1532490 565
1532500 566
1532510 566
1532520 567
1532530 568
1532540 568
1532550 568
1532560 569
1532570 569
1532580 569
1532590 568
1532600 566
1532610 566
1532620 565
1532630 564
1532640 564
1532650 564
1532660 564
1532670 564
1532680 563
1532690 565
1532700 566
1532710 566
1532720 567
1532730 568
1532740 568
1532750 569
1532760 568
1532770 568
1532780 567
1532790 566
1532800 566
1532810 563
1532820 561
1532830 561
1532840 561
1532850 560
1532860 561
1532870 561
1532880 563
1532890 567
1532900 567
1532910 571
1532920 573
1532930 573
1532940 575
1532950 576
1532960 576
1532970 578
1532980 580
1532990 580
1533000 579
1533010 579
1533020 579
1533030 579
1533040 578
1533050 576
1533060 576
1533070 573
1533080 572
1533090 572
1533100 574
1533110 575
1533120 575
1533130 577
1533140 578
1533150 578
1533160 579
1533170 578
1533180 578
1533190 578
1533200 578
1533210 578
1533220 578
1533230 581
1533240 585
1533250 585
1533260 590
1533270 594
1533280 594
1533290 595
1533300 596
1533310 596
1533320 596
1533330 596
1533340 597
1533350 597
1533360 602
1533370 603
1533380 603
1533390 603
1533400 600
1533410 600
1533420 600
1533430 605
1533440 605
1533450 613
1533460 620
1533470 624
1533480 624
1533490 628
1533500 633
1533510 633
1533520 637
1533530 638
1533540 638
1533550 640
1533560 643
1533570 643
1533580 643
1533590 642
1533600 642
1533610 642
1533620 644
1533630 647
1533640 647
1533650 649
1533660 650
1533670 650
1533680 652
1533690 654
1533700 654
1533710 656
1533720 660
1533730 660
1533740 662
1533750 665
1533760 665
1533770 669
1533780 673
1533790 679
1533800 679
1533810 682
1533820 686
1533830 686
1533840 688
1533850 687
1533860 687
1533870 686
1533880 686
1533890 686
1533900 686
1533910 686
1533920 687
1533930 687
1533940 688
1533950 689
1533960 689
1533970 690
1533980 690
1533990 690
1534000 689
1534010 690
1534020 690
1534030 691
1534040 692
1534050 692
1534060 691
1534070 690
1534080 688
1534090 688
1534100 686
1534110 687
1534120 687
1534130 688
1534140 689
1534150 689
1534160 690
1534170 690
1534180 690
1534190 690
1534200 690
1534210 690
1534220 691
1534230 691
1534240 691
1534250 691
1534260 691
1534270 692
1534280 692
1534290 693
1534300 694
1534310 694
1534320 695
1534330 696
1534340 696
1534350 696
1534360 697
1534370 697
1534380 698
1534390 698
1534400 699
1534410 699
1534420 699
1534430 699
1534440 699
1534450 699
1534460 700
1534470 700
1534480 700
1534490 701
1534500 701
1534510 702
1534520 703
1534530 702
1534540 702
1534550 702
1534560 702
1534570 702
1534580 702
1534590 701
1534600 701
1534610 700
1534620 698
1534630 705
1534640 705
1534650 705
1534660 705
1534670 707
1534680 710
1534690 711
1534700 711
1534710 712
1534720 714
1534730 714
1534740 716
1534750 717
1534760 717
1534770 718
1534780 717
1534790 717
1534800 715
1534810 714
1534820 714
1534830 716
1534840 719
1534850 722
1534860 722
1534870 723
1534880 723
1534890 723
1534900 732
1534910 740
1534920 740
1534930 748
1534940 763
1534950 763
1534960 777
1534970 786
1534980 786
1534990 796
1535000 805
1535010 814
1535020 814
1535030 822
1535040 828
1535050 828
1535060 834
1535070 838
1535080 838
1535090 841
1535100 845
1535110 845
1535120 850
1535130 860
1535140 872
1535150 872
1535160 874
1535170 877
1535180 877
1535190 886
1535200 892
1535210 892
1535220 883
1535230 847
1535240 847
1535250 818
1535260 789
1535270 789
1535280 770
1535290 765
1535300 763
1535310 763
1535320 762
1535330 761
1535340 761
1535350 762
1535360 762
1535370 762
1535380 766
1535390 773
1535400 773
1535410 777
1535420 782
1535430 782
1535440 789
1535450 793
1535460 798
1535470 798
1535480 800
1535490 804
1535500 804
1535510 812
1535520 823
1535530 823
1535540 835
1535550 844
1535560 844
1535570 850
1535580 851
1535590 851
1535600 832
1535610 806
1535620 779
1535630 779
1535640 784
1535650 808
1535660 808
1535670 835
1535680 834
1535690 834
1535700 827
1535710 825
1535720 825
1535730 815
1535740 808
1535750 804
1535760 804
1535770 801
1535780 797
1535790 797
1535800 793
1535810 787
1535820 787
1535830 784
1535840 781
1535850 781
1535860 777
1535870 771
1535880 771
1535890 769
1535900 766
1535910 766
1535920 766
1535930 767
1535940 765
1535950 765
1535960 761
1535970 761
1535980 761
1535990 763
1536000 761
1536010 761
1536020 755
1536030 752
1536040 752
1536050 749
1536060 746
1536070 743
1536080 743
1536090 741
1536100 739
1536110 739
1536120 737
1536130 735
1536140 735
1536150 734
1536160 732
1536170 732
1536180 731
1536190 731
1536200 731
1536210 731
1536220 731
1536230 731
1536240 731
1536250 730
1536260 729
1536270 729
1536280 727
1536290 725
1536300 725
1536310 724
1536320 722
1536330 722
1536340 719
1536350 714
1536360 712
1536370 712
1536380 710
1536390 709
1536400 709
1536410 710
1536420 711
1536430 711
1536440 710
1536450 709
1536460 709
1536470 706
1536480 703
1536490 703
1536500 702
1536510 700
1536520 699
1536530 699
1536540 697
1536550 693
1536560 693
1536570 689
1536580 686
1536590 686
1536600 682
1536610 677
1536620 677
1536630 672
1536640 663
1536650 663
1536660 657
1536670 652
1536680 649
1536690 649
1536700 644
1536710 640
1536720 640
1536730 635
1536740 631
1536750 631
1536760 628
1536770 627
1536780 627
1536790 626
1536800 623
1536810 623
1536820 620
1536830 616
1536840 612
1536850 612
1536860 608
1536870 605
1536880 605
1536890 602
1536900 599
1536910 599
1536920 595
1536930 591
1536940 591
1536950 590
1536960 590
1536970 590
1536980 590
1536990 590
1537000 588
1537010 588
1537020 587
1537030 585
1537040 585
1537050 580
1537060 577
1537070 582
1537080 579
1537090 578
1537100 578
1537110 580
1537120 582
1537130 583
1537140 583
1537150 585
1537160 587
1537170 587
1537180 591
1537190 594
1537200 594
1537210 595
1537220 595
1537230 595
1537240 597
1537250 601
1537260 601
1537270 602
1537280 604
1537290 603
1537300 603
1537310 600
1537320 597
1537330 597
1537340 590
1537350 580
1537360 580
1537370 574
1537380 571
1537390 571
1537400 567
1537410 563
1537420 563
1537430 556
1537440 548
1537450 543
1537460 543
1537470 541
1537480 540
1537490 540
1537500 539
1537510 538
1537520 538
1537530 537
1537540 537
1537550 537
1537560 537
1537570 537
1537580 537
1537590 537
1537600 537
1537610 537
1537620 537
1537630 537
1537640 537
1537650 537
1537660 537
1537670 537
1537680 537
1537690 537
1537700 537
1537710 537
1537720 537
1537730 537
1537740 538
1537750 538
1537760 538
1537770 539
1537780 539
1537790 541
1537800 544
1537810 544
1537820 546
1537830 549
1537840 549
1537850 551
1537860 553
1537870 553
1537880 556
1537890 558
1537900 560
1537910 560
1537920 563
1537930 565
1537940 565
1537950 568
1537960 570
1537970 570
1537980 574
1537990 577
1538000 577
1538010 579
1538020 581
1538030 581
1538040 582
1538050 582
1538060 584
1538070 584
1538080 585
1538090 589
1538100 589
1538110 591
1538120 594
1538130 594
1538140 596
1538150 599
1538160 599
1538170 601
1538180 603
1538190 603
1538200 606
1538210 612
1538220 619
1538230 619
1538240 624
1538250 627
1538260 627
1538270 630
1538280 633
1538290 633
1538300 636
1538310 637
1538320 637
1538330 638
1538340 639
1538350 642
1538360 642
1538370 646
1538380 650
1538390 650
1538400 650
1538410 652
1538420 652
1538430 654
1538440 656
1538450 656
1538460 658
1538470 662
1538480 662
1538490 665
1538500 668
1538510 669
1538520 669
1538530 670
1538540 673
1538550 673
1538560 676
1538570 681
1538580 681
1538590 685
1538600 688
1538610 688
1538620 689
1538630 688
1538640 688
1538650 686
1538660 687
1538670 689
1538680 689
1538690 689
1538700 689
1538710 689
1538720 689
1538730 691
1538740 691
1538750 692
1538760 691
1538770 691
1538780 689
1538790 688
1538800 688
1538810 686
1538820 685
1538830 683
1538840 683
1538850 680
1538860 680
1538870 680
1538880 679
1538890 679
1538900 679
1538910 680
1538920 677
1538930 677
1538940 675
1538950 675
1538960 675
1538970 675
1538980 678
1538990 682
1539000 682
1539010 684
1539020 684
1539030 684
1539040 684
1539050 686
1539060 686
1539070 685
1539080 681
1539090 681
1539100 680
1539110 680
1539120 681
1539130 681
1539140 681
1539150 680
1539160 680
1539170 679
1539180 679
1539190 679
1539200 681
1539210 684
1539220 684
1539230 685
1539240 685
1539250 685
1539260 682
1539270 679
1539280 679
1539290 679
1539300 677
1539310 676
1539320 676
1539330 673
1539340 671
1539350 671
1539360 668
1539370 666
1539380 666
1539390 665
1539400 664
1539410 664
1539420 663
1539430 662
1539440 661
1539450 661
1539460 660
1539470 658
1539480 658
1539490 656
1539500 653
1539510 653
1539520 651
1539530 649
1539540 649
1539550 648
1539560 648
1539570 648
1539580 648
1539590 649
1539600 649
1539610 649
1539620 649
1539630 648
1539640 648
1539650 647
1539660 647
1539670 647
1539680 647
1539690 645
1539700 645
1539710 643
1539720 642
1539730 640
1539740 640
1539750 637
1539760 634
1539770 634
1539780 632
1539790 629
1539800 629
1539810 625
1539820 622
1539830 622
1539840 619
1539850 613
1539860 613
1539870 609
1539880 605
1539890 602
1539900 602
1539910 597
1539920 586
1539930 586
1539940 578
1539950 571
1539960 571
1539970 566
1539980 559
1539990 559
