1520000 1559
1520010 1559
1520020 1565
1520030 1571
1520040 1571
1520050 1577
1520060 1585
1520070 1585
1520080 1592
1520090 1600
1520100 1607
1520110 1607
1520120 1612
1520130 1617
1520140 1617
1520150 1625
1520160 1630
1520170 1630
1520180 1635
1520190 1642
1520200 1642
1520210 1650
1520220 1658
1520230 1665
1520240 1665
1520250 1671
1520260 1679
1520270 1679
1520280 1687
1520290 1695
1520300 1700
1520310 1706
1520320 1711
1520330 1711
1520340 1717
1520350 1723
1520360 1723
1520370 1726
1520380 1730
1520390 1734
1520400 1734
1520410 1739
1520420 1747
1520430 1747
1520440 1755
1520450 1763
1520460 1763
1520470 1771
1520480 1778
1520490 1778
1520500 1786
1520510 1793
1520520 1793
1520530 1800
1520540 1807
1520550 1814
1520560 1814
1520570 1821
1520580 1828
1520590 1828
1520600 1835
1520610 1841
1520620 1841
1520630 1847
1520640 1852
1520650 1852
1520660 1857
1520670 1863
1520680 1863
1520690 1868
1520700 1874
1520710 1881
1520720 1881
1520730 1889
1520740 1897
1520750 1897
1520760 1907
1520770 1915
1520780 1915
1520790 1924
1520800 1933
1520810 1933
1520820 1942
1520830 1954
1520840 1954
1520850 1962
1520860 1969
1520870 1975
1520880 1975
1520890 1984
1520900 1986
1520910 1986
1520920 1995
1520930 2009
1520940 2009
1520950 2013
1520960 2016
1520970 2016
1520980 2019
1520990 2022
1521000 2022
1521010 2025
1521020 2031
1521030 2038
1521040 2038
1521050 2047
1521060 2055
1521070 2055
1521080 2062
1521090 2062
1521100 2062
1521110 2057
1521120 2052
1521130 2052
1521140 2045
1521150 2039
1521160 2039
1521170 2030
1521180 2019
1521190 2008
1521200 2008
1521210 1997
1521220 1988
1521230 1988
1521240 1978
1521250 1970
1521260 1970
1521270 1954
1521280 1933
1521290 1933
1521300 1920
1521310 1913
1521320 1907
1521330 1907
1521340 1903
1521350 1900
1521360 1900
1521370 1897
1521380 1893
1521390 1893
1521400 1889
1521410 1887
1521420 1887
1521430 1890
1521440 1887
1521450 1887
1521460 1885
1521470 1888
1521480 1892
1521490 1892
1521500 1894
1521510 1895
1521520 1895
1521530 1898
1521540 1918
1521550 1918
1521560 1931
1521570 1929
1521580 1929
1521590 1930
1521600 1937
1521610 1937
1521620 1927
1521630 1916
1521640 1921
1521650 1921
1521660 1931
1521670 1927
1521680 1927
1521690 1926
1521700 1932
1521710 1932
1521720 1941
1521730 1946
1521740 1946
1521750 1941
1521760 1934
1521770 1934
1521780 1934
1521790 1938
1521800 1933
1521810 1933
1521820 1927
1521830 1921
1521840 1921
1521850 1917
1521860 1915
1521870 1915
1521880 1915
1521890 1917
1521900 1917
1521910 1919
1521920 1915
1521930 1915
1521940 1909
1521950 1905
1521960 1898
1521970 1898
1521980 1892
1521990 1887
1522000 1887
1522010 1879
1522020 1872
1522030 1872
1522040 1864
1522050 1856
1522060 1856
1522070 1839
1522080 1812
1522090 1812
1522100 1792
1522110 1757
1522120 1719
1522130 1719
1522140 1710
1522150 1704
1522160 1704
1522170 1698
1522180 1691
1522190 1691
1522200 1685
1522210 1680
1522220 1680
1522230 1677
1522240 1673
1522250 1673
1522260 1669
1522270 1667
1522280 1666
1522290 1666
1522300 1666
1522310 1666
1522320 1666
1522330 1666
1522340 1666
1522350 1666
1522360 1665
1522370 1664
1522380 1664
1522390 1664
1522400 1665
1522410 1689
1522420 1689
1522430 1725
1522440 1737
1522450 1737
1522460 1735
1522470 1739
1522480 1739
1522490 1763
1522500 1787
1522510 1787
1522520 1801
1522530 1807
1522540 1807
1522550 1813
1522560 1815
1522570 1811
1522580 1811
1522590 1809
1522600 1807
1522610 1807
1522620 1805
1522630 1804
1522640 1804
1522650 1801
1522660 1797
1522670 1797
1522680 1798
1522690 1799
1522700 1799
1522710 1801
1522720 1804
1522730 1806
1522740 1806
1522750 1802
1522760 1792
1522770 1792
1522780 1782
1522790 1770
1522800 1770
1522810 1759
1522820 1744
1522830 1744
1522840 1730
1522850 1718
1522860 1718
1522870 1711
1522880 1705
1522890 1702
1522900 1702
1522910 1700
1522920 1697
1522930 1697
1522940 1694
1522950 1691
1522960 1691
1522970 1687
1522980 1684
1522990 1684
1523000 1682
1523010 1678
1523020 1678
1523030 1681
1523040 1684
1523050 1686
1523060 1686
1523070 1693
1523080 1693
1523090 1693
1523100 1693
1523110 1693
1523120 1693
1523130 1696
1523140 1697
1523150 1697
1523160 1694
1523170 1694
1523180 1694
1523190 1694
1523200 1696
1523210 1699
1523220 1699
1523230 1705
1523240 1713
1523250 1713
1523260 1721
1523270 1728
1523280 1728
1523290 1735
1523300 1745
1523310 1745
1523320 1752
1523330 1760
1523340 1760
1523350 1768
1523360 1777
1523370 1785
1523380 1785
1523390 1793
1523400 1803
1523410 1803
1523420 1811
1523430 1815
1523440 1815
1523450 1820
1523460 1819
1523470 1819
1523480 1821
1523490 1825
1523500 1832
1523510 1832
1523520 1834
1523530 1834
1523540 1834
1523550 1833
1523560 1834
1523570 1834
1523580 1838
1523590 1842
1523600 1842
1523610 1848
1523620 1858
1523630 1858
1523640 1870
1523650 1878
1523660 1883
1523670 1877
1523680 1871
1523690 1863
1523700 1863
1523710 1857
1523720 1852
1523730 1852
1523740 1849
1523750 1845
1523760 1845
1523770 1843
1523780 1841
1523790 1841
1523800 1838
1523810 1837
1523820 1839
1523830 1839
1523840 1839
1523850 1836
1523860 1836
1523870 1832
1523880 1830
1523890 1830
1523900 1832
1523910 1834
1523920 1834
1523930 1834
1523940 1833
1523950 1833
1523960 1830
1523970 1828
1523980 1827
1523990 1827
1524000 1827
1524010 1825
1524020 1825
1524030 1823
1524040 1823
1524050 1823
1524060 1822
1524070 1820
1524080 1820
1524090 1819
1524100 1819
1524110 1819
1524120 1818
1524130 1819
1524140 1817
1524150 1817
1524160 1814
1524170 1811
1524180 1811
1524190 1811
1524200 1812
1524210 1812
1524220 1809
1524230 1808
1524240 1808
1524250 1808
1524260 1807
1524270 1807
1524280 1807
1524290 1806
1524300 1805
1524310 1805
1524320 1804
1524330 1803
1524340 1803
1524350 1808
1524360 1813
1524370 1813
1524380 1821
1524390 1826
1524400 1826
1524410 1829
1524420 1831
1524430 1831
1524440 1827
1524450 1822
1524460 1817
1524470 1817
1524480 1811
1524490 1806
1524500 1806
1524510 1801
1524520 1797
1524530 1797
1524540 1793
1524550 1789
1524560 1789
1524570 1785
1524580 1782
1524590 1782
1524600 1778
1524610 1774
1524620 1770
1524630 1770
1524640 1766
1524650 1761
1524660 1761
1524670 1757
1524680 1752
1524690 1752
1524700 1745
1524710 1739
1524720 1739
1524730 1734
1524740 1729
1524750 1723
1524760 1723
1524770 1717
1524780 1714
1524790 1714
1524800 1709
1524810 1705
1524820 1705
1524830 1702
1524840 1700
1524850 1700
1524860 1698
1524870 1695
1524880 1695
1524890 1694
1524900 1691
1524910 1689
1524920 1689
1524930 1683
1524940 1676
1524950 1676
1524960 1669
1524970 1662
1524980 1662
1524990 1655
1525000 1650
1525010 1650
1525020 1646
1525030 1642
1525040 1642
1525050 1638
1525060 1635
1525070 1632
1525080 1632
1525090 1631
1525100 1629
1525110 1629
1525120 1627
1525130 1625
1525140 1625
1525150 1623
1525160 1621
1525170 1621
1525180 1620
1525190 1621
1525200 1621
1525210 1622
1525220 1622
1525230 1622
1525240 1622
1525250 1622
1525260 1621
1525270 1621
1525280 1620
1525290 1619
1525300 1619
1525310 1618
1525320 1618
1525330 1618
1525340 1618
1525350 1618
1525360 1618
1525370 1618
1525380 1619
1525390 1619
1525400 1619
1525410 1619
1525420 1619
1525430 1619
1525440 1619
1525450 1619
1525460 1619
1525470 1619
1525480 1619
1525490 1619
1525500 1619
1525510 1619
1525520 1619
1525530 1620
1525540 1619
1525550 1621
1525560 1621
1525570 1622
1525580 1621
1525590 1621
1525600 1621
1525610 1620
1525620 1620
1525630 1618
1525640 1617
1525650 1617
1525660 1615
1525670 1613
1525680 1613
1525690 1611
1525700 1609
1525710 1607
1525720 1607
1525730 1604
1525740 1602
1525750 1602
1525760 1600
1525770 1598
1525780 1598
1525790 1596
1525800 1594
1525810 1594
1525820 1592
1525830 1590
1525840 1589
1525850 1589
1525860 1588
1525870 1586
1525880 1586
1525890 1585
1525900 1584
1525910 1584
1525920 1584
1525930 1582
1525940 1582
1525950 1581
1525960 1580
1525970 1580
1525980 1582
1525990 1582
1526000 1580
1526010 1580
1526020 1578
1526030 1578
1526040 1578
1526050 1578
1526060 1577
1526070 1577
1526080 1576
1526090 1576
1526100 1576
1526110 1575
1526120 1575
1526130 1575
1526140 1575
1526150 1574
1526160 1573
1526170 1573
1526180 1573
1526190 1571
1526200 1571
1526210 1570
1526220 1569
1526230 1569
1526240 1568
1526250 1567
1526260 1567
1526270 1566
1526280 1565
1526290 1565
1526300 1564
1526310 1564
1526320 1562
1526330 1562
1526340 1561
1526350 1560
1526360 1560
1526370 1559
1526380 1558
1526390 1558
1526400 1557
1526410 1555
1526420 1555
1526430 1554
1526440 1554
1526450 1554
1526460 1552
1526470 1551
1526480 1549
1526490 1549
1526500 1547
1526510 1545
1526520 1545
1526530 1544
1526540 1542
1526550 1542
1526560 1540
1526570 1538
1526580 1538
1526590 1536
1526600 1535
1526610 1535
1526620 1533
1526630 1531
1526640 1530
1526650 1530
1526660 1528
1526670 1526
1526680 1526
1526690 1524
1526700 1522
1526710 1522
1526720 1521
1526730 1519
1526740 1519
1526750 1518
1526760 1516
1526770 1516
1526780 1515
1526790 1515
1526800 1514
1526810 1514
1526820 1512
1526830 1511
1526840 1511
1526850 1510
1526860 1508
1526870 1508
1526880 1506
1526890 1504
1526900 1504
1526910 1501
1526920 1499
1526930 1497
1526940 1497
1526950 1495
1526960 1494
1526970 1494
1526980 1493
1526990 1491
1527000 1491
1527010 1490
1527020 1490
1527030 1490
1527040 1490
1527050 1490
1527060 1490
1527070 1489
1527080 1489
1527090 1488
1527100 1488
1527110 1487
1527120 1484
1527130 1484
1527140 1480
1527150 1479
1527160 1479
1527170 1477
1527180 1474
1527190 1474
1527200 1472
1527210 1473
1527220 1473
1527230 1473
1527240 1472
1527250 1472
1527260 1472
1527270 1471
1527280 1469
1527290 1469
1527300 1469
1527310 1468
1527320 1468
1527330 1468
1527340 1468
1527350 1468
1527360 1468
1527370 1467
1527380 1467
1527390 1466
1527400 1465
1527410 1464
1527420 1464
1527430 1462
1527440 1458
1527450 1458
1527460 1454
1527470 1449
1527480 1449
1527490 1444
1527500 1440
1527510 1440
1527520 1436
1527530 1435
1527540 1435
1527550 1435
1527560 1435
1527570 1434
1527580 1434
1527590 1432
1527600 1430
1527610 1430
1527620 1428
1527630 1425
1527640 1425
1527650 1422
1527660 1418
1527670 1418
1527680 1413
1527690 1409
1527700 1409
1527710 1405
1527720 1400
1527730 1396
1527740 1396
1527750 1392
1527760 1387
1527770 1387
1527780 1383
1527790 1380
1527800 1380
1527810 1378
1527820 1375
1527830 1375
1527840 1371
1527850 1368
1527860 1368
1527870 1363
1527880 1360
1527890 1358
1527900 1358
1527910 1357
1527920 1355
1527930 1355
1527940 1352
1527950 1350
1527960 1350
1527970 1348
1527980 1347
1527990 1347
1528000 1346
1528010 1344
1528020 1342
1528030 1342
1528040 1338
1528050 1335
1528060 1335
1528070 1332
1528080 1328
1528090 1328
1528100 1324
1528110 1321
1528120 1321
1528130 1318
1528140 1316
1528150 1316
1528160 1313
1528170 1310
1528180 1307
1528190 1307
1528200 1305
1528210 1301
1528220 1301
1528230 1298
1528240 1295
1528250 1295
1528260 1292
1528270 1290
1528280 1290
1528290 1289
1528300 1286
1528310 1286
1528320 1283
1528330 1279
1528340 1272
1528350 1272
1528360 1266
1528370 1260
1528380 1260
1528390 1256
1528400 1253
1528410 1253
1528420 1252
1528430 1248
1528440 1248
1528450 1245
1528460 1244
1528470 1244
1528480 1242
1528490 1240
1528500 1237
1528510 1237
1528520 1233
1528530 1229
1528540 1229
1528550 1223
1528560 1218
1528570 1218
1528580 1214
1528590 1211
1528600 1211
1528610 1205
1528620 1200
1528630 1200
1528640 1197
1528650 1193
1528660 1188
1528670 1188
1528680 1184
1528690 1178
1528700 1178
1528710 1171
1528720 1165
1528730 1165
1528740 1160
1528750 1157
1528760 1157
1528770 1153
1528780 1148
1528790 1148
1528800 1142
1528810 1136
1528820 1132
1528830 1132
1528840 1128
1528850 1125
1528860 1125
1528870 1123
1528880 1121
1528890 1121
1528900 1119
1528910 1118
1528920 1118
1528930 1117
1528940 1117
1528950 1117
1528960 1116
1528970 1116
1528980 1117
1528990 1117
1529000 1118
1529010 1117
1529020 1117
1529030 1117
1529040 1119
1529050 1119
1529060 1119
1529070 1123
1529080 1123
1529090 1125
1529100 1124
1529110 1123
1529120 1123
1529130 1120
1529140 1114
1529150 1114
1529160 1109
1529170 1108
1529180 1108
1529190 1107
1529200 1108
1529210 1108
1529220 1111
1529230 1115
1529240 1115
1529250 1121
1529260 1127
1529270 1133
1529280 1133
1529290 1139
1529300 1141
1529310 1141
1529320 1145
1529330 1150
1529340 1150
1529350 1152
1529360 1153
1529370 1153
1529380 1154
1529390 1154
1529400 1154
1529410 1154
1529420 1154
1529430 1153
1529440 1153
1529450 1150
1529460 1148
1529470 1148
1529480 1145
1529490 1141
1529500 1141
1529510 1134
1529520 1129
1529530 1129
1529540 1128
1529550 1126
1529560 1126
1529570 1123
1529580 1119
1529590 1114
1529600 1114
1529610 1109
1529620 1104
1529630 1104
1529640 1101
1529650 1097
1529660 1100
1529670 1095
1529680 1089
1529690 1089
1529700 1083
1529710 1078
1529720 1078
1529730 1076
1529740 1074
1529750 1073
1529760 1073
1529770 1070
1529780 1068
1529790 1068
1529800 1068
1529810 1069
1529820 1069
1529830 1070
1529840 1072
1529850 1072
1529860 1074
1529870 1074
1529880 1074
1529890 1073
1529900 1071
1529910 1069
1529920 1069
1529930 1067
1529940 1066
1529950 1066
1529960 1065
1529970 1064
1529980 1064
1529990 1063
1530000 1061
1530010 1061
1530020 1059
1530030 1057
1530040 1057
1530050 1056
1530060 1055
1530070 1053
1530080 1053
1530090 1052
1530100 1052
1530110 1052
1530120 1050
1530130 1049
1530140 1049
1530150 1048
1530160 1047
1530170 1047
1530180 1047
1530190 1046
1530200 1043
1530210 1043
1530220 1040
1530230 1038
1530240 1038
1530250 1035
1530260 1033
1530270 1033
1530280 1031
1530290 1030
1530300 1030
1530310 1027
1530320 1024
1530330 1024
1530340 1021
1530350 1020
1530360 1018
1530370 1018
1530380 1018
1530390 1016
1530400 1016
1530410 1014
1530420 1013
1530430 1013
1530440 1012
1530450 1014
1530460 1014
1530470 1015
1530480 1014
1530490 1014
1530500 1013
1530510 1012
1530520 1010
1530530 1010
1530540 1009
1530550 1008
1530560 1008
1530570 1008
1530580 1008
1530590 1008
1530600 1007
1530610 1008
1530620 1008
1530630 1008
1530640 1007
1530650 1007
1530660 1005
1530670 1004
1530680 1003
1530690 1003
1530700 1002
1530710 1001
1530720 1001
1530730 1000
1530740 1000
1530750 1000
1530760 999
1530770 998
1530780 998
1530790 998
1530800 998
1530810 998
1530820 997
1530830 997
1530840 996
1530850 996
1530860 995
1530870 992
1530880 992
1530890 990
1530900 989
1530910 989
1530920 987
1530930 987
1530940 987
1530950 986
1530960 985
1530970 985
1530980 984
1530990 984
1531000 983
1531010 983
1531020 983
1531030 984
1531040 984
1531050 984
1531060 983
1531070 983
1531080 982
1531090 982
1531100 982
1531110 982
1531120 981
1531130 981
1531140 980
1531150 979
1531160 977
1531170 977
1531180 973
1531190 971
1531200 971
1531210 972
1531220 971
1531230 971
1531240 968
1531250 965
1531260 965
1531270 962
1531280 960
1531290 958
1531300 958
1531310 954
1531320 948
1531330 948
1531340 943
1531350 937
1531360 937
1531370 933
1531380 931
1531390 931
1531400 930
1531410 929
1531420 929
1531430 927
1531440 927
1531450 929
1531460 929
1531470 934
1531480 937
1531490 937
1531500 939
1531510 940
1531520 940
1531530 936
1531540 929
1531550 929
1531560 927
1531570 928
1531580 928
1531590 927
1531600 924
1531610 920
1531620 920
1531630 915
1531640 911
1531650 911
1531660 906
1531670 901
1531680 901
1531690 897
1531700 893
1531710 893
1531720 890
1531730 887
1531740 887
1531750 883
1531760 880
1531770 879
1531780 879
1531790 878
1531800 877
1531810 877
1531820 876
1531830 876
1531840 876
1531850 878
1531860 881
1531870 881
1531880 883
1531890 885
1531900 885
1531910 886
1531920 888
1531930 893
1531940 893
1531950 898
1531960 903
1531970 903
1531980 906
1531990 905
1532000 905
1532010 904
1532020 904
1532030 904
1532040 904
1532050 904
1532060 904
1532070 904
1532080 903
1532090 898
1532100 898
1532110 892
1532120 889
1532130 889
1532140 888
1532150 888
1532160 888
1532170 890
1532180 893
1532190 893
1532200 897
1532210 899
1532220 899
1532230 899
1532240 898
1532250 897
1532260 897
1532270 895
1532280 892
1532290 892
1532300 889
1532310 886
1532320 886
1532330 886
1532340 888
1532350 888
1532360 888
1532370 885
1532380 884
1532390 884
1532400 885
1532410 887
1532420 887
1532430 887
1532440 887
1532450 887
1532460 886
1532470 884
1532480 884
1532490 882
1532500 882
1532510 882
1532520 884
1532530 884
1532540 882
1532550 882
1532560 881
1532570 880
1532580 880
1532590 882
1532600 885
1532610 885
1532620 883
1532630 880
1532640 880
1532650 878
1532660 880
1532670 880
1532680 882
1532690 882
1532700 882
1532710 882
1532720 882
1532730 882
1532740 882
1532750 882
1532760 883
1532770 883
1532780 882
1532790 877
1532800 877
1532810 874
1532820 874
1532830 874
1532840 877
1532850 881
1532860 881
1532870 881
1532880 881
1532890 879
1532900 879
1532910 876
1532920 877
1532930 877
1532940 879
1532950 881
1532960 881
1532970 882
1532980 883
1532990 883
1533000 882
1533010 883
1533020 884
1533030 884
1533040 884
1533050 884
1533060 884
1533070 884
1533080 885
1533090 885
1533100 885
1533110 886
1533120 886
1533130 886
1533140 886
1533150 886
1533160 888
1533170 889
1533180 889
1533190 889
1533200 890
1533210 891
1533220 891
1533230 891
1533240 892
1533250 892
1533260 892
1533270 892
1533280 892
1533290 892
1533300 892
1533310 892
1533320 892
1533330 892
1533340 892
1533350 892
1533360 893
1533370 893
1533380 893
1533390 893
1533400 893
1533410 893
1533420 893
1533430 893
1533440 893
1533450 894
1533460 894
1533470 894
1533480 894
1533490 892
1533500 889
1533510 889
1533520 887
1533530 887
1533540 887
1533550 888
1533560 887
1533570 887
1533580 885
1533590 884
1533600 884
1533610 883
1533620 881
1533630 875
1533640 875
1533650 872
1533660 872
1533670 872
1533680 872
1533690 870
1533700 870
1533710 873
1533720 875
1533730 875
1533740 874
1533750 873
1533760 873
1533770 873
1533780 873
1533790 873
1533800 873
1533810 873
1533820 872
1533830 872
1533840 871
1533850 869
1533860 869
1533870 867
1533880 867
1533890 867
1533900 867
1533910 867
1533920 867
1533930 865
1533940 864
1533950 863
1533960 863
1533970 862
1533980 861
1533990 861
1534000 859
1534010 857
1534020 857
1534030 855
1534040 854
1534050 854
1534060 854
1534070 852
1534080 852
1534090 851
1534100 850
1534110 850
1534120 850
1534130 848
1534140 847
1534150 847
1534160 847
1534170 846
1534180 846
1534190 845
1534200 845
1534210 845
1534220 844
1534230 844
1534240 844
1534250 844
1534260 843
1534270 841
1534280 841
1534290 841
1534300 840
1534310 840
1534320 839
1534330 837
1534340 837
1534350 836
1534360 834
1534370 834
1534380 833
1534390 832
1534400 832
1534410 831
1534420 829
1534430 828
1534440 828
1534450 828
1534460 827
1534470 827
1534480 826
1534490 826
1534500 826
1534510 824
1534520 822
1534530 822
1534540 821
1534550 819
1534560 819
1534570 818
1534580 819
1534590 818
1534600 818
1534610 817
1534620 817
1534630 817
1534640 815
1534650 813
1534660 813
1534670 810
1534680 806
1534690 806
1534700 805
1534710 803
1534720 800
1534730 800
1534740 798
1534750 796
1534760 796
1534770 793
1534780 791
1534790 791
1534800 790
1534810 788
1534820 788
1534830 786
1534840 784
1534850 784
1534860 783
1534870 782
1534880 781
1534890 781
1534900 780
1534910 779
1534920 779
1534930 780
1534940 779
1534950 779
1534960 778
1534970 777
1534980 777
1534990 776
1535000 773
1535010 773
1535020 772
1535030 770
1535040 768
1535050 768
1535060 764
1535070 761
1535080 761
1535090 759
1535100 757
1535110 757
1535120 757
1535130 756
1535140 756
1535150 754
1535160 752
1535170 752
1535180 750
1535190 746
1535200 742
1535210 742
1535220 740
1535230 740
1535240 740
1535250 740
1535260 739
1535270 739
1535280 738
1535290 737
1535300 737
1535310 735
1535320 733
1535330 733
1535340 732
1535350 731
1535360 730
1535370 730
1535380 730
1535390 730
1535400 730
1535410 730
1535420 730
1535430 730
1535440 730
1535450 730
1535460 730
1535470 730
1535480 729
1535490 729
1535500 729
1535510 728
1535520 728
1535530 728
1535540 728
1535550 727
1535560 727
1535570 727
1535580 726
1535590 726
1535600 724
1535610 723
1535620 723
1535630 721
1535640 720
1535650 720
1535660 718
1535670 717
1535680 716
1535690 716
1535700 715
1535710 714
1535720 714
1535730 713
1535740 711
1535750 711
1535760 710
1535770 709
1535780 709
1535790 708
1535800 705
1535810 704
1535820 704
1535830 701
1535840 698
1535850 698
1535860 695
1535870 693
1535880 693
1535890 690
1535900 687
1535910 687
1535920 685
1535930 684
1535940 684
1535950 682
1535960 680
1535970 678
1535980 678
1535990 674
1536000 672
1536010 672
1536020 669
1536030 667
1536040 667
1536050 665
1536060 664
1536070 664
1536080 664
1536090 664
1536100 664
1536110 661
1536120 658
1536130 655
1536140 655
1536150 651
1536160 648
1536170 648
1536180 645
1536190 642
1536200 642
1536210 639
1536220 635
1536230 635
1536240 630
1536250 626
1536260 626
1536270 624
1536280 621
1536290 617
1536300 617
1536310 612
1536320 608
1536330 608
1536340 606
1536350 606
1536360 606
1536370 606
1536380 607
1536390 607
1536400 607
1536410 607
1536420 607
1536430 606
1536440 606
1536450 606
1536460 606
1536470 606
1536480 605
1536490 605
1536500 604
1536510 603
1536520 603
1536530 602
1536540 602
1536550 602
1536560 601
1536570 601
1536580 601
1536590 601
1536600 600
1536610 600
1536620 600
1536630 595
1536640 591
1536650 591
1536660 590
1536670 590
1536680 590
1536690 590
1536700 587
1536710 587
1536720 584
1536730 584
1536740 584
1536750 584
1536760 584
1536770 583
1536780 583
1536790 583
1536800 583
1536810 583
1536820 583
1536830 582
1536840 582
1536850 582
1536860 582
1536870 582
1536880 582
1536890 581
1536900 581
1536910 581
1536920 581
1536930 580
1536940 580
1536950 580
1536960 580
1536970 580
1536980 579
1536990 579
1537000 579
1537010 578
1537020 578
1537030 578
1537040 577
1537050 578
1537060 577
1537070 577
1537080 576
1537090 576
1537100 576
1537110 576
1537120 576
1537130 576
1537140 576
1537150 576
1537160 576
1537170 576
1537180 576
1537190 576
1537200 576
1537210 576
1537220 576
1537230 576
1537240 576
1537250 575
1537260 575
1537270 575
1537280 575
1537290 575
1537300 575
1537310 575
1537320 575
1537330 575
1537340 575
1537350 575
1537360 575
1537370 575
1537380 574
1537390 574
1537400 575
1537410 575
1537420 575
1537430 574
1537440 574
1537450 574
1537460 574
1537470 574
1537480 574
1537490 574
1537500 574
1537510 574
1537520 575
1537530 575
1537540 576
1537550 576
1537560 576
1537570 575
1537580 575
1537590 575
1537600 575
1537610 575
1537620 575
1537630 574
1537640 574
1537650 574
1537660 573
1537670 573
1537680 573
1537690 571
1537700 570
1537710 570
1537720 570
1537730 570
1537740 570
1537750 569
1537760 569
1537770 569
1537780 569
1537790 568
1537800 568
1537810 567
1537820 566
1537830 566
1537840 566
1537850 565
1537860 564
1537870 564
1537880 563
1537890 562
1537900 562
1537910 561
1537920 560
1537930 560
1537940 557
1537950 554
1537960 554
1537970 553
1537980 552
1537990 552
1538000 552
1538010 551
1538020 552
1538030 552
1538040 552
1538050 554
1538060 554
1538070 556
1538080 555
1538090 555
1538100 555
1538110 557
1538120 557
1538130 558
1538140 560
1538150 560
1538160 560
1538170 558
1538180 556
1538190 556
1538200 558
1538210 561
1538220 561
1538230 562
1538240 561
1538250 561
1538260 561
1538270 561
1538280 561
1538290 560
1538300 560
1538310 560
1538320 560
1538330 560
1538340 560
1538350 560
1538360 559
1538370 559
1538380 559
1538390 559
1538400 558
1538410 558
1538420 558
1538430 558
1538440 558
1538450 558
1538460 558
1538470 558
1538480 558
1538490 557
1538500 557
1538510 557
1538520 557
1538530 556
1538540 556
1538550 556
1538560 556
1538570 556
1538580 556
1538590 556
1538600 556
1538610 556
1538620 556
1538630 556
1538640 556
1538650 555
1538660 555
1538670 555
1538680 556
1538690 556
1538700 556
1538710 557
1538720 557
1538730 557
1538740 558
1538750 558
1538760 558
1538770 557
1538780 557
1538790 557
1538800 557
1538810 556
1538820 556
1538830 556
1538840 556
1538850 556
1538860 556
1538870 556
1538880 555
1538890 555
1538900 555
1538910 555
1538920 555
1538930 555
1538940 555
1538950 555
1538960 555
1538970 555
1538980 554
1538990 554
1539000 554
1539010 554
1539020 554
1539030 554
1539040 554
1539050 554
1539060 554
1539070 554
1539080 554
1539090 554
1539100 553
1539110 553
1539120 553
1539130 553
1539140 552
1539150 552
1539160 553
1539170 551
1539180 551
1539190 550
1539200 549
1539210 549
1539220 549
1539230 547
1539240 545
1539250 545
1539260 545
1539270 542
1539280 542
1539290 539
1539300 536
1539310 536
1539320 534
1539330 532
1539340 532
1539350 529
1539360 528
1539370 528
1539380 527
1539390 527
1539400 526
1539410 526
1539420 526
1539430 525
1539440 525
1539450 524
1539460 523
1539470 523
1539480 522
1539490 521
1539500 521
1539510 520
1539520 519
1539530 519
1539540 519
1539550 519
1539560 519
1539570 519
1539580 518
1539590 518
1539600 518
1539610 518
1539620 518
1539630 518
1539640 518
1539650 519
1539660 519
1539670 519
1539680 519
1539690 519
1539700 519
1539710 519
1539720 519
1539730 519
1539740 519
1539750 519
1539760 519
1539770 519
1539780 519
1539790 519
1539800 519
1539810 519
1539820 519
1539830 519
1539840 519
1539850 519
1539860 519
1539870 519
1539880 519
1539890 519
1539900 519
1539910 519
1539920 519
1539930 519
1539940 518
1539950 518
1539960 518
1539970 518
1539980 518
1539990 518
