1520000 1556
1520010 1560
1520020 1566
1520030 1573
1520040 1573
1520050 1580
1520060 1590
1520070 1590
1520080 1598
1520090 1603
1520100 1603
1520110 1608
1520120 1614
1520130 1614
1520140 1620
1520150 1627
1520160 1627
1520170 1634
1520180 1641
1520190 1648
1520200 1648
1520210 1655
1520220 1662
1520230 1662
1520240 1668
1520250 1676
1520260 1676
1520270 1684
1520280 1691
1520290 1691
1520300 1698
1520310 1705
1520320 1705
1520330 1712
1520340 1720
1520350 1727
1520360 1727
1520370 1736
1520380 1745
1520390 1745
1520400 1757
1520410 1763
1520420 1763
1520430 1769
1520440 1775
1520450 1775
1520460 1778
1520470 1775
1520480 1775
1520490 1770
1520500 1767
1520510 1764
1520520 1764
1520530 1759
1520540 1753
1520550 1753
1520560 1745
1520570 1740
1520580 1740
1520590 1741
1520600 1746
1520610 1746
1520620 1749
1520630 1748
1520640 1748
1520650 1744
1520660 1746
1520670 1756
1520680 1756
1520690 1766
1520700 1771
1520710 1771
1520720 1772
1520730 1775
1520740 1775
1520750 1775
1520760 1769
1520770 1769
1520780 1760
1520790 1752
1520800 1752
1520810 1740
1520820 1737
1520830 1736
1520840 1736
1520850 1729
1520860 1721
1520870 1721
1520880 1715
1520890 1710
1520900 1710
1520910 1703
1520920 1695
1520930 1695
1520940 1690
1520950 1686
1520960 1680
1520970 1680
1520980 1674
1520990 1668
1521000 1668
1521010 1660
1521020 1660
1521030 1660
1521040 1660
1521050 1661
1521060 1661
1521070 1659
1521080 1661
1521090 1661
1521100 1660
1521110 1657
1521120 1652
1521130 1652
1521140 1643
1521150 1635
1521160 1635
1521170 1629
1521180 1626
1521190 1626
1521200 1622
1521210 1620
1521220 1620
1521230 1618
1521240 1616
1521250 1616
1521260 1610
1521270 1610
1521280 1611
1521290 1611
1521300 1613
1521310 1613
1521320 1613
1521330 1615
1521340 1618
1521350 1618
1521360 1623
1521370 1630
1521380 1630
1521390 1639
1521400 1645
1521410 1645
1521420 1651
1521430 1657
1521440 1662
1521450 1662
1521460 1667
1521470 1673
1521480 1673
1521490 1679
1521500 1684
1521510 1684
1521520 1690
1521530 1694
1521540 1694
1521550 1694
1521560 1690
1521570 1690
1521580 1684
1521590 1676
1521600 1670
1521610 1670
1521620 1662
1521630 1650
1521640 1650
1521650 1642
1521660 1634
1521670 1634
1521680 1628
1521690 1621
1521700 1621
1521710 1617
1521720 1607
1521730 1607
1521740 1598
1521750 1586
1521760 1574
1521770 1574
1521780 1567
1521790 1560
1521800 1560
1521810 1553
1521820 1547
1521830 1547
1521840 1538
1521850 1530
1521860 1530
1521870 1522
1521880 1515
1521890 1515
1521900 1508
1521910 1499
1521920 1489
1521930 1489
1521940 1481
1521950 1475
1521960 1475
1521970 1470
1521980 1463
1521990 1463
1522000 1454
1522010 1444
1522020 1444
1522030 1444
1522040 1443
1522050 1443
1522060 1442
1522070 1443
1522080 1444
1522090 1444
1522100 1446
1522110 1447
1522120 1447
1522130 1449
1522140 1452
1522150 1452
1522160 1457
1522170 1462
1522180 1462
1522190 1471
1522200 1499
1522210 1513
1522220 1513
1522230 1511
1522240 1504
1522250 1504
1522260 1494
1522270 1482
1522280 1482
1522290 1471
1522300 1460
1522310 1460
1522320 1446
1522330 1435
1522340 1435
1522350 1425
1522360 1416
1522370 1408
1522380 1408
1522390 1401
1522400 1393
1522410 1393
1522420 1387
1522430 1383
1522440 1383
1522450 1379
1522460 1375
1522470 1375
1522480 1372
1522490 1365
1522500 1365
1522510 1359
1522520 1355
1522530 1354
1522540 1354
1522550 1355
1522560 1355
1522570 1355
1522580 1355
1522590 1354
1522600 1354
1522610 1356
1522620 1359
1522630 1359
1522640 1360
1522650 1361
1522660 1361
1522670 1361
1522680 1361
1522690 1361
1522700 1361
1522710 1362
1522720 1365
1522730 1365
1522740 1370
1522750 1375
1522760 1375
1522770 1380
1522780 1387
1522790 1387
1522800 1401
1522810 1408
1522820 1408
1522830 1413
1522840 1414
1522850 1414
1522860 1414
1522870 1414
1522880 1412
1522890 1412
1522900 1407
1522910 1400
1522920 1400
1522930 1394
1522940 1389
1522950 1389
1522960 1384
1522970 1381
1522980 1381
1522990 1379
1523000 1376
1523010 1374
1523020 1374
1523030 1372
1523040 1368
1523050 1368
1523060 1366
1523070 1365
1523080 1360
1523090 1361
1523100 1365
1523110 1365
1523120 1367
1523130 1369
1523140 1369
1523150 1370
1523160 1372
1523170 1375
1523180 1375
1523190 1379
1523200 1383
1523210 1383
1523220 1388
1523230 1395
1523240 1395
1523250 1404
1523260 1413
1523270 1413
1523280 1421
1523290 1429
1523300 1429
1523310 1438
1523320 1448
1523330 1458
1523340 1458
1523350 1463
1523360 1465
1523370 1465
1523380 1465
1523390 1465
1523400 1465
1523410 1464
1523420 1464
1523430 1464
1523440 1464
1523450 1466
1523460 1467
1523470 1467
1523480 1467
1523490 1466
1523500 1466
1523510 1466
1523520 1467
1523530 1467
1523540 1470
1523550 1472
1523560 1472
1523570 1474
1523580 1476
1523590 1476
1523600 1477
1523610 1475
1523620 1474
1523630 1474
1523640 1472
1523650 1469
1523660 1469
1523670 1464
1523680 1460
1523690 1460
1523700 1458
1523710 1456
1523720 1456
1523730 1454
1523740 1450
1523750 1450
1523760 1450
1523770 1454
1523780 1457
1523790 1457
1523800 1461
1523810 1466
1523820 1466
1523830 1471
1523840 1474
1523850 1474
1523860 1475
1523870 1475
1523880 1475
1523890 1471
1523900 1465
1523910 1465
1523920 1459
1523930 1453
1523940 1449
1523950 1449
1523960 1445
1523970 1442
1523980 1442
1523990 1440
1524000 1437
1524010 1437
1524020 1435
1524030 1431
1524040 1431
1524050 1426
1524060 1421
1524070 1421
1524080 1416
1524090 1410
1524100 1404
1524110 1404
1524120 1399
1524130 1396
1524140 1396
1524150 1396
1524160 1397
1524170 1397
1524180 1401
1524190 1402
1524200 1402
1524210 1404
1524220 1404
1524230 1404
1524240 1402
1524250 1401
1524260 1400
1524270 1400
1524280 1399
1524290 1399
1524300 1399
1524310 1396
1524320 1395
1524330 1395
1524340 1397
1524350 1400
1524360 1400
1524370 1400
1524380 1401
1524390 1401
1524400 1402
1524410 1403
1524420 1404
1524430 1404
1524440 1404
1524450 1405
1524460 1405
1524470 1404
1524480 1406
1524490 1406
1524500 1409
1524510 1411
1524520 1411
1524530 1411
1524540 1409
1524550 1409
1524560 1407
1524570 1405
1524580 1403
1524590 1403
1524600 1402
1524610 1400
1524620 1400
1524630 1397
1524640 1395
1524650 1395
1524660 1393
1524670 1392
1524680 1392
1524690 1390
1524700 1391
1524710 1392
1524720 1392
1524730 1391
1524740 1388
1524750 1388
1524760 1385
1524770 1383
1524780 1383
1524790 1381
1524800 1380
1524810 1380
1524820 1377
1524830 1377
1524840 1377
1524850 1382
1524860 1382
1524870 1383
1524880 1383
1524890 1385
1524900 1388
1524910 1388
1524920 1389
1524930 1390
1524940 1390
1524950 1392
1524960 1392
1524970 1392
1524980 1389
1524990 1385
1525000 1385
1525010 1381
1525020 1377
1525030 1373
1525040 1373
1525050 1370
1525060 1367
1525070 1367
1525080 1364
1525090 1361
1525100 1361
1525110 1361
1525120 1364
1525130 1364
1525140 1366
1525150 1366
1525160 1366
1525170 1367
1525180 1370
1525190 1373
1525200 1373
1525210 1375
1525220 1376
1525230 1376
1525240 1376
1525250 1375
1525260 1375
1525270 1376
1525280 1377
1525290 1377
1525300 1378
1525310 1380
1525320 1380
1525330 1383
1525340 1387
1525350 1389
1525360 1389
1525370 1391
1525380 1391
1525390 1391
1525400 1391
1525410 1391
1525420 1391
1525430 1389
1525440 1388
1525450 1388
1525460 1385
1525470 1385
1525480 1385
1525490 1385
1525500 1382
1525510 1380
1525520 1380
1525530 1380
1525540 1381
1525550 1381
1525560 1386
1525570 1395
1525580 1395
1525590 1404
1525600 1405
1525610 1405
1525620 1403
1525630 1399
1525640 1399
1525650 1395
1525660 1398
1525670 1417
1525680 1417
1525690 1422
1525700 1422
1525710 1422
1525720 1421
1525730 1418
1525740 1418
1525750 1413
1525760 1408
1525770 1408
1525780 1411
1525790 1411
1525800 1411
1525810 1407
1525820 1399
1525830 1395
1525840 1395
1525850 1393
1525860 1391
1525870 1391
1525880 1400
1525890 1414
1525900 1414
1525910 1422
1525920 1424
1525930 1424
1525940 1424
1525950 1420
1525960 1418
1525970 1418
1525980 1420
1525990 1420
1526000 1420
1526010 1422
1526020 1425
1526030 1425
1526040 1427
1526050 1430
1526060 1430
1526070 1435
1526080 1438
1526090 1438
1526100 1440
1526110 1439
1526120 1437
1526130 1437
1526140 1433
1526150 1427
1526160 1427
1526170 1422
1526180 1418
1526190 1418
1526200 1415
1526210 1410
1526220 1410
1526230 1399
1526240 1394
1526250 1394
1526260 1391
1526270 1391
1526280 1389
1526290 1389
1526300 1385
1526310 1383
1526320 1383
1526330 1384
1526340 1381
1526350 1381
1526360 1379
1526370 1378
1526380 1378
1526390 1376
1526400 1373
1526410 1373
1526420 1368
1526430 1363
1526440 1369
1526450 1369
1526460 1372
1526470 1372
1526480 1372
1526490 1369
1526500 1365
1526510 1365
1526520 1362
1526530 1366
1526540 1366
1526550 1368
1526560 1367
1526570 1367
1526580 1366
1526590 1375
1526600 1385
1526610 1385
1526620 1388
1526630 1386
1526640 1386
1526650 1389
1526660 1390
1526670 1390
1526680 1391
1526690 1394
1526700 1394
1526710 1393
1526720 1397
1526730 1397
1526740 1403
1526750 1404
1526760 1402
1526770 1402
1526780 1395
1526790 1388
1526800 1388
1526810 1380
1526820 1372
1526830 1372
1526840 1373
1526850 1370
1526860 1370
1526870 1366
1526880 1373
1526890 1373
1526900 1374
1526910 1374
1526920 1374
1526930 1374
1526940 1380
1526950 1388
1526960 1388
1526970 1396
1526980 1401
1526990 1401
1527000 1399
1527010 1395
1527020 1395
1527030 1388
1527040 1384
1527050 1384
1527060 1384
1527070 1389
1527080 1390
1527090 1390
1527100 1388
1527110 1389
1527120 1389
1527130 1389
1527140 1390
1527150 1390
1527160 1389
1527170 1387
1527180 1387
1527190 1383
1527200 1379
1527210 1376
1527220 1376
1527230 1375
1527240 1372
1527250 1372
1527260 1367
1527270 1363
1527280 1363
1527290 1359
1527300 1356
1527310 1356
1527320 1352
1527330 1349
1527340 1349
1527350 1346
1527360 1343
1527370 1340
1527380 1340
1527390 1337
1527400 1333
1527410 1333
1527420 1328
1527430 1324
1527440 1324
1527450 1322
1527460 1319
1527470 1319
1527480 1315
1527490 1310
1527500 1310
1527510 1305
1527520 1301
1527530 1299
1527540 1299
1527550 1297
1527560 1295
1527570 1295
1527580 1290
1527590 1285
1527600 1285
1527610 1284
1527620 1282
1527630 1282
1527640 1279
1527650 1276
1527660 1276
1527670 1272
1527680 1270
1527690 1269
1527700 1269
1527710 1267
1527720 1266
1527730 1266
1527740 1266
1527750 1264
1527760 1264
1527770 1262
1527780 1259
1527790 1259
1527800 1258
1527810 1258
1527820 1258
1527830 1258
1527840 1258
1527850 1256
1527860 1256
1527870 1253
1527880 1250
1527890 1250
1527900 1246
1527910 1243
1527920 1243
1527930 1242
1527940 1241
1527950 1241
1527960 1240
1527970 1238
1527980 1238
1527990 1236
1528000 1235
1528010 1234
1528020 1234
1528030 1231
1528040 1227
1528050 1227
1528060 1225
1528070 1227
1528080 1227
1528090 1227
1528100 1225
1528110 1225
1528120 1223
1528130 1219
1528140 1219
1528150 1216
1528160 1213
1528170 1211
1528180 1211
1528190 1210
1528200 1207
1528210 1207
1528220 1204
1528230 1203
1528240 1203
1528250 1202
1528260 1200
1528270 1200
1528280 1196
1528290 1192
1528300 1192
1528310 1187
1528320 1183
1528330 1178
1528340 1178
1528350 1172
1528360 1167
1528370 1167
1528380 1163
1528390 1160
1528400 1160
1528410 1157
1528420 1155
1528430 1155
1528440 1152
1528450 1150
1528460 1147
1528470 1147
1528480 1143
1528490 1137
1528500 1137
1528510 1131
1528520 1126
1528530 1126
1528540 1126
1528550 1126
1528560 1126
1528570 1125
1528580 1123
1528590 1123
1528600 1120
1528610 1119
1528620 1116
1528630 1116
1528640 1110
1528650 1103
1528660 1103
1528670 1098
1528680 1095
1528690 1095
1528700 1099
1528710 1101
1528720 1101
1528730 1099
1528740 1094
1528750 1094
1528760 1091
1528770 1088
1528780 1084
1528790 1084
1528800 1077
1528810 1070
1528820 1070
1528830 1064
1528840 1058
1528850 1058
1528860 1054
1528870 1052
1528880 1052
1528890 1051
1528900 1050
1528910 1050
1528920 1048
1528930 1046
1528940 1044
1528950 1044
1528960 1045
1528970 1048
1528980 1048
1528990 1051
1529000 1054
1529010 1054
1529020 1054
1529030 1053
1529040 1053
1529050 1052
1529060 1051
1529070 1051
1529080 1048
1529090 1042
1529100 1041
1529110 1041
1529120 1043
1529130 1045
1529140 1045
1529150 1044
1529160 1048
1529170 1048
1529180 1049
1529190 1048
1529200 1048
1529210 1045
1529220 1041
1529230 1041
1529240 1039
1529250 1039
1529260 1039
1529270 1039
1529280 1039
1529290 1038
1529300 1038
1529310 1036
1529320 1035
1529330 1035
1529340 1036
1529350 1037
1529360 1037
1529370 1037
1529380 1037
1529390 1037
1529400 1035
1529410 1034
1529420 1032
1529430 1032
1529440 1030
1529450 1027
1529460 1027
1529470 1026
1529480 1025
1529490 1025
1529500 1021
1529510 1016
1529520 1016
1529530 1010
1529540 1005
1529550 1005
1529560 999
1529570 994
1529580 989
1529590 989
1529600 986
1529610 985
1529620 985
1529630 983
1529640 981
1529650 981
1529660 981
1529670 981
1529680 981
1529690 981
1529700 980
1529710 979
1529720 979
1529730 979
1529740 979
1529750 979
1529760 980
1529770 980
1529780 980
1529790 981
1529800 981
1529810 981
1529820 981
1529830 979
1529840 979
1529850 975
1529860 970
1529870 965
1529880 965
1529890 963
1529900 963
1529910 963
1529920 962
1529930 961
1529940 961
1529950 960
1529960 959
1529970 959
1529980 959
1529990 960
1530000 960
1530010 962
1530020 962
1530030 962
1530040 962
1530050 960
1530060 960
1530070 960
1530080 959
1530090 959
1530100 959
1530110 960
1530120 959
1530130 959
1530140 958
1530150 958
1530160 958
1530170 957
1530180 957
1530190 956
1530200 956
1530210 955
1530220 954
1530230 954
1530240 954
1530250 953
1530260 953
1530270 952
1530280 951
1530290 951
1530300 950
1530310 949
1530320 949
1530330 948
1530340 948
1530350 947
1530360 947
1530370 946
1530380 945
1530390 945
1530400 943
1530410 942
1530420 942
1530430 940
1530440 937
1530450 937
1530460 934
1530470 930
1530480 930
1530490 926
1530500 926
1530510 928
1530520 928
1530530 931
1530540 933
1530550 933
1530560 933
1530570 931
1530580 931
1530590 930
1530600 930
1530610 930
1530620 927
1530630 926
1530640 926
1530650 924
1530660 922
1530670 921
1530680 921
1530690 920
1530700 918
1530710 918
1530720 915
1530730 911
1530740 911
1530750 908
1530760 906
1530770 906
1530780 906
1530790 906
1530800 906
1530810 906
1530820 905
1530830 905
1530840 905
1530850 904
1530860 902
1530870 902
1530880 901
1530890 901
1530900 901
1530910 898
1530920 891
1530930 891
1530940 885
1530950 882
1530960 880
1530970 880
1530980 877
1530990 874
1531000 874
1531010 871
1531020 866
1531030 866
1531040 861
1531050 858
1531060 858
1531070 858
1531080 858
1531090 858
1531100 859
1531110 860
1531120 861
1531130 861
1531140 863
1531150 867
1531160 867
1531170 870
1531180 874
1531190 874
1531200 875
1531210 874
1531220 874
1531230 874
1531240 872
1531250 872
1531260 870
1531270 866
1531280 865
1531290 865
1531300 864
1531310 862
1531320 862
1531330 859
1531340 857
1531350 857
1531360 855
1531370 855
1531380 855
1531390 856
1531400 855
1531410 855
1531420 854
1531430 853
1531440 851
1531450 851
1531460 849
1531470 848
1531480 848
1531490 847
1531500 847
1531510 847
1531520 846
1531530 846
1531540 846
1531550 845
1531560 845
1531570 845
1531580 844
1531590 843
1531600 842
1531610 842
1531620 842
1531630 841
1531640 841
1531650 840
1531660 839
1531670 839
1531680 838
1531690 836
1531700 836
1531710 835
1531720 834
1531730 834
1531740 834
1531750 833
1531760 833
1531770 833
1531780 832
1531790 831
1531800 831
1531810 831
1531820 831
1531830 831
1531840 831
1531850 831
1531860 831
1531870 830
1531880 829
1531890 829
1531900 829
1531910 828
1531920 828
1531930 828
1531940 827
1531950 826
1531960 826
1531970 825
1531980 823
1531990 823
1532000 819
1532010 816
1532020 816
1532030 812
1532040 808
1532050 808
1532060 805
1532070 803
1532080 802
1532090 802
1532100 800
1532110 799
1532120 799
1532130 800
1532140 802
1532150 802
1532160 803
1532170 805
1532180 805
1532190 806
1532200 804
1532210 800
1532220 800
1532230 795
1532240 791
1532250 791
1532260 788
1532270 783
1532280 783
1532290 779
1532300 777
1532310 777
1532320 777
1532330 781
1532340 781
1532350 784
1532360 787
1532370 791
1532380 791
1532390 797
1532400 799
1532410 799
1532420 798
1532430 798
1532440 798
1532450 797
1532460 797
1532470 797
1532480 794
1532490 788
1532500 788
1532510 782
1532520 778
1532530 777
1532540 777
1532550 779
1532560 782
1532570 782
1532580 785
1532590 787
1532600 787
1532610 787
1532620 789
1532630 789
1532640 788
1532650 790
1532660 790
1532670 791
1532680 792
1532690 791
1532700 791
1532710 791
1532720 791
1532730 791
1532740 791
1532750 789
1532760 789
1532770 784
1532780 781
1532790 781
1532800 784
1532810 786
1532820 786
1532830 786
1532840 787
1532850 784
1532860 784
1532870 781
1532880 778
1532890 778
1532900 776
1532910 780
1532920 780
1532930 783
1532940 780
1532950 780
1532960 778
1532970 778
1532980 778
1532990 776
1533000 774
1533010 772
1533020 772
1533030 770
1533040 768
1533050 768
1533060 765
1533070 768
1533080 768
1533090 774
1533100 779
1533110 779
1533120 784
1533130 788
1533140 788
1533150 790
1533160 791
1533170 791
1533180 791
1533190 791
1533200 791
1533210 791
1533220 792
1533230 794
1533240 794
1533250 795
1533260 795
1533270 795
1533280 795
1533290 794
1533300 794
1533310 794
1533320 794
1533330 794
1533340 794
1533350 793
1533360 793
1533370 793
1533380 793
1533390 792
1533400 792
1533410 791
1533420 791
1533430 791
1533440 790
1533450 789
1533460 788
1533470 788
1533480 786
1533490 785
1533500 785
1533510 784
1533520 783
1533530 783
1533540 783
1533550 782
1533560 782
1533570 781
1533580 781
1533590 781
1533600 781
1533610 781
1533620 781
1533630 781
1533640 781
1533650 781
1533660 781
1533670 780
1533680 780
1533690 780
1533700 780
1533710 780
1533720 780
1533730 780
1533740 779
1533750 779
1533760 777
1533770 775
1533780 774
1533790 774
1533800 777
1533810 777
1533820 777
1533830 775
1533840 771
1533850 771
1533860 766
1533870 764
1533880 764
1533890 766
1533900 765
1533910 765
1533920 761
1533930 756
1533940 750
1533950 750
1533960 750
1533970 753
1533980 753
1533990 758
1534000 765
1534010 765
1534020 770
1534030 774
1534040 774
1534050 779
1534060 780
1534070 780
1534080 781
1534090 781
1534100 782
1534110 782
1534120 783
1534130 783
1534140 783
1534150 783
1534160 784
1534170 784
1534180 786
1534190 786
1534200 786
1534210 787
1534220 786
1534230 786
1534240 786
1534250 786
1534260 786
1534270 786
1534280 786
1534290 786
1534300 786
1534310 786
1534320 786
1534330 786
1534340 786
1534350 786
1534360 786
1534370 785
1534380 784
1534390 784
1534400 783
1534410 782
1534420 781
1534430 781
1534440 780
1534450 778
1534460 778
1534470 777
1534480 774
1534490 774
1534500 772
1534510 770
1534520 770
1534530 768
1534540 766
1534550 766
1534560 765
1534570 763
1534580 762
1534590 762
1534600 760
1534610 758
1534620 758
1534630 756
1534640 754
1534650 754
1534660 752
1534670 750
1534680 750
1534690 748
1534700 747
1534710 745
1534720 745
1534730 744
1534740 744
1534750 744
1534760 743
1534770 742
1534780 742
1534790 741
1534800 739
1534810 739
1534820 737
1534830 736
1534840 736
1534850 734
1534860 733
1534870 731
1534880 731
1534890 730
1534900 728
1534910 728
1534920 727
1534930 727
1534940 727
1534950 726
1534960 725
1534970 725
1534980 723
1534990 720
1535000 720
1535010 717
1535020 714
1535030 711
1535040 711
1535050 710
1535060 707
1535070 707
1535080 705
1535090 704
1535100 704
1535110 707
1535120 710
1535130 710
1535140 711
1535150 709
1535160 709
1535170 705
1535180 700
1535190 693
1535200 693
1535210 688
1535220 685
1535230 685
1535240 683
1535250 681
1535260 681
1535270 681
1535280 680
1535290 680
1535300 679
1535310 673
1535320 673
1535330 667
1535340 663
1535350 660
1535360 660
1535370 659
1535380 653
1535390 653
1535400 646
1535410 639
1535420 639
1535430 636
1535440 635
1535450 635
1535460 634
1535470 635
1535480 635
1535490 635
1535500 634
1535510 633
1535520 633
1535530 633
1535540 635
1535550 635
1535560 637
1535570 639
1535580 639
1535590 640
1535600 640
1535610 640
1535620 638
1535630 635
1535640 635
1535650 631
1535660 629
1535670 628
1535680 628
1535690 628
1535700 628
1535710 628
1535720 631
1535730 631
1535740 631
1535750 630
1535760 629
1535770 629
1535780 628
1535790 626
1535800 626
1535810 625
1535820 623
1535830 622
1535840 622
1535850 620
1535860 619
1535870 619
1535880 618
1535890 617
1535900 617
1535910 617
1535920 615
1535930 615
1535940 614
1535950 613
1535960 613
1535970 613
1535980 612
1535990 611
1536000 611
1536010 611
1536020 610
1536030 610
1536040 610
1536050 609
1536060 609
1536070 609
1536080 609
1536090 609
1536100 609
1536110 608
1536120 608
1536130 608
1536140 607
1536150 605
1536160 605
1536170 604
1536180 604
1536190 604
1536200 603
1536210 602
1536220 602
1536230 601
1536240 600
1536250 600
1536260 598
1536270 595
1536280 593
1536290 593
1536300 592
1536310 591
1536320 591
1536330 590
1536340 590
1536350 590
1536360 589
1536370 588
1536380 588
1536390 588
1536400 587
1536410 587
1536420 587
1536430 586
1536440 586
1536450 586
1536460 586
1536470 585
1536480 585
1536490 585
1536500 584
1536510 584
1536520 584
1536530 583
1536540 583
1536550 583
1536560 582
1536570 582
1536580 582
1536590 582
1536600 581
1536610 581
1536620 581
1536630 580
1536640 580
1536650 580
1536660 580
1536670 580
1536680 579
1536690 579
1536700 579
1536710 579
1536720 579
1536730 579
1536740 579
1536750 579
1536760 579
1536770 579
1536780 578
1536790 577
1536800 577
1536810 577
1536820 577
1536830 577
1536840 577
1536850 576
1536860 576
1536870 576
1536880 575
1536890 575
1536900 575
1536910 575
1536920 574
1536930 574
1536940 574
1536950 575
1536960 575
1536970 574
1536980 574
1536990 574
1537000 574
1537010 573
1537020 573
1537030 572
1537040 573
1537050 573
1537060 573
1537070 573
1537080 573
1537090 573
1537100 573
1537110 573
1537120 573
1537130 573
1537140 573
1537150 573
1537160 572
1537170 572
1537180 572
1537190 572
1537200 572
1537210 572
1537220 572
1537230 572
1537240 572
1537250 572
1537260 572
1537270 572
1537280 572
1537290 572
1537300 572
1537310 572
1537320 572
1537330 572
1537340 572
1537350 573
1537360 573
1537370 573
1537380 573
1537390 574
1537400 574
1537410 574
1537420 574
1537430 574
1537440 574
1537450 574
1537460 574
1537470 574
1537480 574
1537490 574
1537500 574
1537510 574
1537520 574
1537530 574
1537540 574
1537550 574
1537560 576
1537570 576
1537580 579
1537590 580
1537600 580
1537610 577
1537620 574
1537630 574
1537640 573
1537650 573
1537660 573
1537670 572
1537680 572
1537690 570
1537700 570
1537710 569
1537720 569
1537730 569
1537740 568
1537750 568
1537760 568
1537770 569
1537780 570
1537790 570
1537800 571
1537810 571
1537820 571
1537830 571
1537840 571
1537850 572
1537860 572
1537870 572
1537880 572
1537890 572
1537900 572
1537910 572
1537920 572
1537930 571
1537940 572
1537950 572
1537960 571
1537970 571
1537980 571
1537990 570
1538000 569
1538010 569
1538020 569
1538030 570
1538040 570
1538050 570
1538060 570
1538070 570
1538080 570
1538090 569
1538100 570
1538110 570
1538120 570
1538130 570
1538140 570
1538150 570
1538160 570
1538170 570
1538180 570
1538190 571
1538200 571
1538210 571
1538220 570
1538230 567
1538240 567
1538250 565
1538260 565
1538270 565
1538280 564
1538290 564
1538300 564
1538310 563
1538320 562
1538330 561
1538340 561
1538350 559
1538360 558
1538370 558
1538380 557
1538390 556
1538400 556
1538410 554
1538420 553
1538430 553
1538440 552
1538450 552
1538460 551
1538470 551
1538480 551
1538490 551
1538500 551
1538510 551
1538520 551
1538530 551
1538540 551
1538550 551
1538560 551
1538570 552
1538580 552
1538590 552
1538600 553
1538610 554
1538620 555
1538630 555
1538640 554
1538650 554
1538660 554
1538670 554
1538680 554
1538690 554
1538700 554
1538710 554
1538720 554
1538730 554
1538740 554
1538750 554
1538760 554
1538770 554
1538780 554
1538790 554
1538800 553
1538810 552
1538820 552
1538830 552
1538840 553
1538850 553
1538860 555
1538870 557
1538880 557
1538890 557
1538900 554
1538910 554
1538920 550
1538930 550
1538940 549
1538950 549
1538960 550
1538970 549
1538980 549
1538990 549
1539000 548
1539010 548
1539020 548
1539030 547
1539040 547
1539050 547
1539060 546
1539070 546
1539080 545
1539090 544
1539100 543
1539110 543
1539120 541
1539130 539
1539140 539
1539150 538
1539160 537
1539170 537
1539180 536
1539190 535
1539200 535
1539210 534
1539220 532
1539230 532
1539240 531
1539250 530
1539260 529
1539270 529
1539280 527
1539290 527
1539300 527
1539310 527
1539320 526
1539330 526
1539340 526
1539350 526
1539360 526
1539370 525
1539380 525
1539390 525
1539400 524
1539410 523
1539420 522
1539430 522
1539440 521
1539450 521
1539460 521
1539470 521
1539480 520
1539490 520
1539500 519
1539510 519
1539520 519
1539530 519
1539540 518
1539550 518
1539560 518
1539570 518
1539580 518
1539590 518
1539600 518
1539610 518
1539620 518
1539630 517
1539640 517
1539650 517
1539660 517
1539670 516
1539680 516
1539690 517
1539700 517
1539710 517
1539720 517
1539730 517
1539740 516
1539750 516
1539760 516
1539770 516
1539780 516
1539790 516
1539800 516
1539810 516
1539820 516
1539830 516
1539840 516
1539850 516
1539860 516
1539870 516
1539880 516
1539890 516
1539900 516
1539910 516
1539920 516
1539930 516
1539940 516
1539950 516
1539960 516
1539970 516
1539980 516
1539990 516
