1520000 966
1520010 966
1520020 968
1520030 968
1520040 968
1520050 966
1520060 965
1520070 965
1520080 965
1520090 969
1520100 970
1520110 970
1520120 967
1520130 965
1520140 965
1520150 968
1520160 967
1520170 967
1520180 965
1520190 965
1520200 965
1520210 966
1520220 967
1520230 967
1520240 968
1520250 967
1520260 966
1520270 966
1520280 965
1520290 967
1520300 967
1520310 968
1520320 970
1520330 970
1520340 972
1520350 975
1520360 975
1520370 978
1520380 980
1520390 982
1520400 982
1520410 984
1520420 987
1520430 987
1520440 990
1520450 993
1520460 993
1520470 997
1520480 1000
1520490 1000
1520500 1003
1520510 1006
1520520 1006
1520530 1009
1520540 1012
1520550 1015
1520560 1015
1520570 1017
1520580 1020
1520590 1020
1520600 1022
1520610 1024
1520620 1024
1520630 1027
1520640 1028
1520650 1028
1520660 1028
1520670 1029
1520680 1029
1520690 1031
1520700 1033
1520710 1034
1520720 1034
1520730 1037
1520740 1039
1520750 1039
1520760 1042
1520770 1045
1520780 1045
1520790 1047
1520800 1049
1520810 1049
1520820 1051
1520830 1054
1520840 1054
1520850 1057
1520860 1059
1520870 1060
1520880 1060
1520890 1060
1520900 1060
1520910 1060
1520920 1060
1520930 1059
1520940 1059
1520950 1058
1520960 1057
1520970 1057
1520980 1066
1520990 1061
1521000 1061
1521010 1052
1521020 1040
1521030 1033
1521040 1033
1521050 1031
1521060 1028
1521070 1028
1521080 1025
1521090 1022
1521100 1022
1521110 1022
1521120 1021
1521130 1021
1521140 1022
1521150 1023
1521160 1023
1521170 1023
1521180 1022
1521190 1022
1521200 1022
1521210 1021
1521220 1020
1521230 1020
1521240 1020
1521250 1020
1521260 1020
1521270 1019
1521280 1019
1521290 1019
1521300 1019
1521310 1019
1521320 1019
1521330 1018
1521340 1017
1521350 1016
1521360 1016
1521370 1015
1521380 1014
1521390 1014
1521400 1013
1521410 1012
1521420 1012
1521430 1011
1521440 1011
1521450 1011
1521460 1011
1521470 1010
1521480 1010
1521490 1008
1521500 1007
1521510 1006
1521520 1006
1521530 1005
1521540 1004
1521550 1004
1521560 1002
1521570 1001
1521580 1001
1521590 1001
1521600 999
1521610 999
1521620 996
1521630 994
1521640 994
1521650 994
1521660 995
1521670 997
1521680 997
1521690 997
1521700 997
1521710 997
1521720 998
1521730 999
1521740 999
1521750 999
1521760 999
1521770 999
1521780 999
1521790 999
1521800 999
1521810 998
1521820 996
1521830 993
1521840 993
1521850 992
1521860 991
1521870 991
1521880 990
1521890 991
1521900 991
1521910 992
1521920 991
1521930 991
1521940 988
1521950 988
1521960 988
1521970 986
1521980 985
1521990 984
1522000 984
1522010 983
1522020 983
1522030 983
1522040 984
1522050 984
1522060 984
1522070 984
1522080 984
1522090 984
1522100 985
1522110 986
1522120 986
1522130 988
1522140 988
1522150 986
1522160 986
1522170 985
1522180 985
1522190 985
1522200 986
1522210 986
1522220 986
1522230 988
1522240 990
1522250 990
1522260 990
1522270 988
1522280 988
1522290 989
1522300 989
1522310 990
1522320 990
1522330 992
1522340 993
1522350 993
1522360 993
1522370 994
1522380 994
1522390 996
1522400 999
1522410 999
1522420 999
1522430 999
1522440 999
1522450 999
1522460 1001
1522470 1001
1522480 1001
1522490 1000
1522500 1000
1522510 1000
1522520 999
1522530 999
1522540 999
1522550 1000
1522560 1002
1522570 1002
1522580 1004
1522590 1004
1522600 1006
1522610 1006
1522620 1007
1522630 1008
1522640 1008
1522650 1008
1522660 1006
1522670 1006
1522680 1006
1522690 1008
1522700 1008
1522710 1012
1522720 1015
1522730 1015
1522740 1016
1522750 1016
1522760 1017
1522770 1017
1522780 1018
1522790 1018
1522800 1018
1522810 1018
1522820 1019
1522830 1019
1522840 1020
1522850 1022
1522860 1022
1522870 1022
1522880 1022
1522890 1022
1522900 1022
1522910 1022
1522920 1023
1522930 1023
1522940 1023
1522950 1024
1522960 1024
1522970 1026
1522980 1028
1522990 1028
1523000 1030
1523010 1032
1523020 1032
1523030 1033
1523040 1033
1523050 1033
1523060 1032
1523070 1030
1523080 1031
1523090 1031
1523100 1032
1523110 1033
1523120 1033
1523130 1036
1523140 1041
1523150 1041
1523160 1044
1523170 1046
1523180 1046
1523190 1047
1523200 1048
1523210 1048
1523220 1047
1523230 1047
1523240 1051
1523250 1051
1523260 1053
1523270 1053
1523280 1053
1523290 1054
1523300 1055
1523310 1055
1523320 1055
1523330 1056
1523340 1056
1523350 1058
1523360 1060
1523370 1060
1523380 1061
1523390 1063
1523400 1064
1523410 1064
1523420 1065
1523430 1066
1523440 1066
1523450 1067
1523460 1065
1523470 1065
1523480 1061
1523490 1060
1523500 1060
1523510 1058
1523520 1056
1523530 1056
1523540 1055
1523550 1054
1523560 1053
1523570 1053
1523580 1052
1523590 1052
1523600 1052
1523610 1051
1523620 1047
1523630 1047
1523640 1042
1523650 1041
1523660 1041
1523670 1042
1523680 1044
1523690 1044
1523700 1047
1523710 1049
1523720 1049
1523730 1049
1523740 1049
1523750 1051
1523760 1051
1523770 1052
1523780 1053
1523790 1053
1523800 1055
1523810 1057
1523820 1057
1523830 1059
1523840 1061
1523850 1061
1523860 1064
1523870 1065
1523880 1070
1523890 1070
1523900 1076
1523910 1076
1523920 1076
1523930 1075
1523940 1075
1523950 1075
1523960 1077
1523970 1076
1523980 1076
1523990 1077
1524000 1078
1524010 1078
1524020 1078
1524030 1078
1524040 1077
1524050 1077
1524060 1077
1524070 1079
1524080 1079
1524090 1081
1524100 1085
1524110 1085
1524120 1086
1524130 1087
1524140 1087
1524150 1088
1524160 1089
1524170 1089
1524180 1089
1524190 1088
1524200 1087
1524210 1087
1524220 1088
1524230 1088
1524240 1088
1524250 1089
1524260 1089
1524270 1089
1524280 1090
1524290 1092
1524300 1092
1524310 1092
1524320 1093
1524330 1093
1524340 1094
1524350 1094
1524360 1094
1524370 1094
1524380 1096
1524390 1097
1524400 1097
1524410 1098
1524420 1096
1524430 1096
1524440 1092
1524450 1089
1524460 1089
1524470 1087
1524480 1085
1524490 1085
1524500 1083
1524510 1083
1524520 1082
1524530 1082
1524540 1082
1524550 1085
1524560 1085
1524570 1087
1524580 1089
1524590 1089
1524600 1088
1524610 1087
1524620 1087
1524630 1088
1524640 1087
1524650 1087
1524660 1085
1524670 1087
1524680 1089
1524690 1089
1524700 1090
1524710 1090
1524720 1090
1524730 1091
1524740 1093
1524750 1093
1524760 1094
1524770 1094
1524780 1094
1524790 1095
1524800 1096
1524810 1095
1524820 1095
1524830 1094
1524840 1094
1524850 1094
1524860 1094
1524870 1095
1524880 1095
1524890 1094
1524900 1094
1524910 1094
1524920 1095
1524930 1095
1524940 1095
1524950 1093
1524960 1090
1524970 1088
1524980 1088
1524990 1089
1525000 1091
1525010 1091
1525020 1092
1525030 1092
1525040 1092
1525050 1093
1525060 1096
1525070 1096
1525080 1100
1525090 1103
1525100 1103
1525110 1108
1525120 1113
1525130 1115
1525140 1115
1525150 1116
1525160 1116
1525170 1116
1525180 1116
1525190 1117
1525200 1117
1525210 1115
1525220 1116
1525230 1116
1525240 1116
1525250 1116
1525260 1116
1525270 1115
1525280 1113
1525290 1111
1525300 1111
1525310 1108
1525320 1105
1525330 1105
1525340 1105
1525350 1103
1525360 1103
1525370 1101
1525380 1101
1525390 1101
1525400 1101
1525410 1102
1525420 1102
1525430 1104
1525440 1106
1525450 1107
1525460 1107
1525470 1108
1525480 1109
1525490 1109
1525500 1109
1525510 1110
1525520 1110
1525530 1109
1525540 1108
1525550 1108
1525560 1107
1525570 1107
1525580 1107
1525590 1105
1525600 1103
1525610 1100
1525620 1100
1525630 1099
1525640 1096
1525650 1096
1525660 1095
1525670 1093
1525680 1093
1525690 1093
1525700 1092
1525710 1092
1525720 1091
1525730 1089
1525740 1089
1525750 1090
1525760 1090
1525770 1087
1525780 1087
1525790 1084
1525800 1084
1525810 1084
1525820 1088
1525830 1092
1525840 1092
1525850 1093
1525860 1093
1525870 1093
1525880 1094
1525890 1093
1525900 1093
1525910 1093
1525920 1093
1525930 1095
1525940 1095
1525950 1097
1525960 1097
1525970 1097
1525980 1096
1525990 1097
1526000 1097
1526010 1095
1526020 1092
1526030 1092
1526040 1091
1526050 1093
1526060 1093
1526070 1096
1526080 1099
1526090 1104
1526100 1104
1526110 1106
1526120 1107
1526130 1107
1526140 1107
1526150 1106
1526160 1106
1526170 1108
1526180 1110
1526190 1110
1526200 1111
1526210 1113
1526220 1113
1526230 1115
1526240 1113
1526250 1113
1526260 1113
1526270 1115
1526280 1117
1526290 1117
1526300 1117
1526310 1117
1526320 1117
1526330 1115
1526340 1113
1526350 1113
1526360 1111
1526370 1110
1526380 1110
1526390 1111
1526400 1111
1526410 1110
1526420 1110
1526430 1108
1526440 1105
1526450 1105
1526460 1104
1526470 1105
1526480 1105
1526490 1104
1526500 1103
1526510 1103
1526520 1101
1526530 1100
1526540 1100
1526550 1099
1526560 1095
1526570 1094
1526580 1094
1526590 1096
1526600 1098
1526610 1098
1526620 1098
1526630 1098
1526640 1098
1526650 1097
1526660 1095
1526670 1095
1526680 1096
1526690 1096
1526700 1096
1526710 1098
1526720 1099
1526730 1099
1526740 1099
1526750 1100
1526760 1101
1526770 1101
1526780 1103
1526790 1103
1526800 1103
1526810 1105
1526820 1108
1526830 1108
1526840 1110
1526850 1113
1526860 1113
1526870 1115
1526880 1117
1526890 1118
1526900 1118
1526910 1120
1526920 1122
1526930 1122
1526940 1124
1526950 1125
1526960 1125
1526970 1126
1526980 1127
1526990 1127
1527000 1128
1527010 1129
1527020 1129
1527030 1130
1527040 1131
1527050 1132
1527060 1132
1527070 1132
1527080 1133
1527090 1133
1527100 1134
1527110 1134
1527120 1134
1527130 1133
1527140 1133
1527150 1133
1527160 1133
1527170 1132
1527180 1132
1527190 1132
1527200 1131
1527210 1131
1527220 1131
1527230 1131
1527240 1132
1527250 1132
1527260 1131
1527270 1128
1527280 1128
1527290 1128
1527300 1126
1527310 1126
1527320 1125
1527330 1124
1527340 1122
1527350 1127
1527360 1126
1527370 1125
1527380 1125
1527390 1123
1527400 1122
1527410 1122
1527420 1123
1527430 1121
1527440 1121
1527450 1116
1527460 1109
1527470 1109
1527480 1102
1527490 1100
1527500 1101
1527510 1101
1527520 1105
1527530 1108
1527540 1108
1527550 1107
1527560 1101
1527570 1101
1527580 1096
1527590 1094
1527600 1094
1527610 1091
1527620 1091
1527630 1091
1527640 1098
1527650 1105
1527660 1107
1527670 1107
1527680 1106
1527690 1103
1527700 1103
1527710 1098
1527720 1098
1527730 1098
1527740 1104
1527750 1106
1527760 1106
1527770 1103
1527780 1101
1527790 1101
1527800 1102
1527810 1099
1527820 1095
1527830 1095
1527840 1093
1527850 1094
1527860 1094
1527870 1099
1527880 1105
1527890 1105
1527900 1106
1527910 1106
1527920 1106
1527930 1106
1527940 1106
1527950 1106
1527960 1107
1527970 1107
1527980 1107
1527990 1107
1528000 1106
1528010 1104
1528020 1104
1528030 1104
1528040 1104
1528050 1104
1528060 1104
1528070 1102
1528080 1102
1528090 1102
1528100 1102
1528110 1102
1528120 1101
1528130 1100
1528140 1099
1528150 1099
1528160 1099
1528170 1099
1528180 1099
1528190 1097
1528200 1096
1528210 1096
1528220 1096
1528230 1096
1528240 1096
1528250 1094
1528260 1092
1528270 1092
1528280 1092
1528290 1092
1528300 1092
1528310 1092
1528320 1092
1528330 1091
1528340 1091
1528350 1090
1528360 1089
1528370 1089
1528380 1088
1528390 1086
1528400 1086
1528410 1082
1528420 1078
1528430 1078
1528440 1073
1528450 1070
1528460 1068
1528470 1068
1528480 1066
1528490 1064
1528500 1064
1528510 1063
1528520 1062
1528530 1062
1528540 1062
1528550 1061
1528560 1061
1528570 1060
1528580 1058
1528590 1058
1528600 1054
1528610 1052
1528620 1054
1528630 1054
1528640 1056
1528650 1056
1528660 1056
1528670 1054
1528680 1051
1528690 1051
1528700 1048
1528710 1048
1528720 1048
1528730 1045
1528740 1043
1528750 1043
1528760 1044
1528770 1046
1528780 1045
1528790 1045
1528800 1042
1528810 1042
1528820 1042
1528830 1047
1528840 1047
1528850 1047
1528860 1046
1528870 1046
1528880 1046
1528890 1045
1528900 1043
1528910 1043
1528920 1038
1528930 1036
1528940 1039
1528950 1039
1528960 1040
1528970 1040
1528980 1040
1528990 1040
1529000 1038
1529010 1038
1529020 1036
1529030 1032
1529040 1032
1529050 1031
1529060 1033
1529070 1033
1529080 1034
1529090 1034
1529100 1034
1529110 1034
1529120 1031
1529130 1028
1529140 1028
1529150 1025
1529160 1020
1529170 1020
1529180 1017
1529190 1013
1529200 1013
1529210 1007
1529220 1006
1529230 1006
1529240 1005
1529250 1000
1529260 997
1529270 997
1529280 998
1529290 995
1529300 995
1529310 991
1529320 989
1529330 989
1529340 992
1529350 994
1529360 994
1529370 996
1529380 996
1529390 995
1529400 995
1529410 992
1529420 988
1529430 988
1529440 982
1529450 977
1529460 977
1529470 973
1529480 970
1529490 970
1529500 970
1529510 973
1529520 973
1529530 976
1529540 977
1529550 975
1529560 975
1529570 973
1529580 972
1529590 972
1529600 968
1529610 961
1529620 961
1529630 956
1529640 950
1529650 950
1529660 947
1529670 952
1529680 952
1529690 955
1529700 957
1529710 956
1529720 956
1529730 953
1529740 948
1529750 948
1529760 946
1529770 945
1529780 945
1529790 942
1529800 939
1529810 939
1529820 935
1529830 930
1529840 930
1529850 927
1529860 925
1529870 923
1529880 923
1529890 921
1529900 918
1529910 918
1529920 916
1529930 914
1529940 914
1529950 912
1529960 910
1529970 910
1529980 908
1529990 906
1530000 906
1530010 904
1530020 903
1530030 900
1530040 900
1530050 897
1530060 894
1530070 894
1530080 893
1530090 891
1530100 891
1530110 885
1530120 879
1530130 879
1530140 879
1530150 881
1530160 881
1530170 883
1530180 883
1530190 885
1530200 885
1530210 884
1530220 882
1530230 882
1530240 880
1530250 878
1530260 878
1530270 877
1530280 875
1530290 875
1530300 874
1530310 873
1530320 873
1530330 872
1530340 871
1530350 870
1530360 870
1530370 869
1530380 869
1530390 869
1530400 869
1530410 869
1530420 869
1530430 869
1530440 868
1530450 868
1530460 867
1530470 865
1530480 865
1530490 863
1530500 861
1530510 859
1530520 859
1530530 857
1530540 855
1530550 855
1530560 854
1530570 852
1530580 852
1530590 851
1530600 849
1530610 849
1530620 848
1530630 846
1530640 846
1530650 844
1530660 841
1530670 839
1530680 839
1530690 837
1530700 836
1530710 836
1530720 833
1530730 831
1530740 831
1530750 830
1530760 828
1530770 828
1530780 826
1530790 824
1530800 824
1530810 823
1530820 822
1530830 821
1530840 821
1530850 820
1530860 819
1530870 819
1530880 818
1530890 817
1530900 817
1530910 815
1530920 813
1530930 813
1530940 811
1530950 809
1530960 809
1530970 807
1530980 805
1530990 803
1531000 803
1531010 801
1531020 799
1531030 799
1531040 796
1531050 794
1531060 794
1531070 792
1531080 789
1531090 789
1531100 786
1531110 783
1531120 783
1531130 781
1531140 778
1531150 776
1531160 776
1531170 773
1531180 770
1531190 770
1531200 768
1531210 766
1531220 766
1531230 764
1531240 762
1531250 762
1531260 760
1531270 759
1531280 759
1531290 758
1531300 755
1531310 754
1531320 754
1531330 752
1531340 751
1531350 751
1531360 750
1531370 749
1531380 749
1531390 748
1531400 747
1531410 747
1531420 745
1531430 744
1531440 744
1531450 743
1531460 741
1531470 740
1531480 740
1531490 738
1531500 737
1531510 737
1531520 736
1531530 734
1531540 734
1531550 732
1531560 730
1531570 730
1531580 727
1531590 722
1531600 716
1531610 716
1531620 709
1531630 702
1531640 702
1531650 694
1531660 685
1531670 685
1531680 675
1531690 666
1531700 666
1531710 658
1531720 651
1531730 651
1531740 646
1531750 640
1531760 635
1531770 635
1531780 628
1531790 622
1531800 622
1531810 616
1531820 612
1531830 612
1531840 608
1531850 606
1531860 606
1531870 604
1531880 603
1531890 603
1531900 602
1531910 602
1531920 601
1531930 601
1531940 600
1531950 599
1531960 599
1531970 600
1531980 601
1531990 601
1532000 602
1532010 602
1532020 602
1532030 606
1532040 609
1532050 609
1532060 613
1532070 614
1532080 616
1532090 616
1532100 619
1532110 621
1532120 621
1532130 624
1532140 628
1532150 628
1532160 633
1532170 639
1532180 639
1532190 644
1532200 650
1532210 650
1532220 655
1532230 660
1532240 667
1532250 667
1532260 673
1532270 678
1532280 678
1532290 685
1532300 691
1532310 691
1532320 698
1532330 704
1532340 704
1532350 708
1532360 711
1532370 711
1532380 714
1532390 717
1532400 720
1532410 720
1532420 724
1532430 728
1532440 728
1532450 732
1532460 736
1532470 736
1532480 739
1532490 740
1532500 740
1532510 739
1532520 735
1532530 735
1532540 732
1532550 730
1532560 728
1532570 728
1532580 726
1532590 727
1532600 727
1532610 729
1532620 731
1532630 731
1532640 732
1532650 732
1532660 732
1532670 732
1532680 733
1532690 733
1532700 733
1532710 734
1532720 734
1532730 734
1532740 735
1532750 735
1532760 735
1532770 736
1532780 736
1532790 736
1532800 735
1532810 736
1532820 736
1532830 738
1532840 739
1532850 739
1532860 740
1532870 740
1532880 741
1532890 741
1532900 744
1532910 746
1532920 746
1532930 749
1532940 751
1532950 751
1532960 754
1532970 757
1532980 757
1532990 760
1533000 763
1533010 763
1533020 766
1533030 769
1533040 771
1533050 771
1533060 771
1533070 772
1533080 772
1533090 773
1533100 775
1533110 775
1533120 776
1533130 779
1533140 779
1533150 783
1533160 785
1533170 785
1533180 786
1533190 787
1533200 790
1533210 790
1533220 795
1533230 799
1533240 799
1533250 805
1533260 809
1533270 809
1533280 811
1533290 808
1533300 808
1533310 805
1533320 802
1533330 802
1533340 800
1533350 799
1533360 797
1533370 797
1533380 795
1533390 795
1533400 795
1533410 796
1533420 796
1533430 796
1533440 796
1533450 794
1533460 794
1533470 793
1533480 792
1533490 792
1533500 792
1533510 792
1533520 792
1533530 792
1533540 791
1533550 790
1533560 790
1533570 788
1533580 785
1533590 785
1533600 780
1533610 773
1533620 773
1533630 766
1533640 761
1533650 761
1533660 758
1533670 758
1533680 757
1533690 757
1533700 755
1533710 753
1533720 753
1533730 749
1533740 744
1533750 744
1533760 736
1533770 729
1533780 729
1533790 723
1533800 718
1533810 718
1533820 713
1533830 709
1533840 706
1533850 706
1533860 703
1533870 701
1533880 701
1533890 699
1533900 698
1533910 698
1533920 697
1533930 698
1533940 698
1533950 698
1533960 697
1533970 696
1533980 696
1533990 697
1534000 699
1534010 699
1534020 701
1534030 701
1534040 701
1534050 702
1534060 702
1534070 702
1534080 701
1534090 701
1534100 701
1534110 701
1534120 701
1534130 701
1534140 701
1534150 702
1534160 703
1534170 703
1534180 704
1534190 705
1534200 705
1534210 706
1534220 707
1534230 707
1534240 708
1534250 710
1534260 710
1534270 714
1534280 719
1534290 726
1534300 726
1534310 733
1534320 740
1534330 740
1534340 745
1534350 747
1534360 747
1534370 747
1534380 746
1534390 746
1534400 743
1534410 741
1534420 741
1534430 738
1534440 733
1534450 730
1534460 730
1534470 726
1534480 722
1534490 722
1534500 718
1534510 714
1534520 714
1534530 711
1534540 708
1534550 708
1534560 704
1534570 702
1534580 702
1534590 701
1534600 700
1534610 699
1534620 699
1534630 698
1534640 698
1534650 698
1534660 694
1534670 688
1534680 688
1534690 682
1534700 679
1534710 679
1534720 675
1534730 669
1534740 669
1534750 663
1534760 658
1534770 656
1534780 656
1534790 654
1534800 653
1534810 653
1534820 651
1534830 650
1534840 650
1534850 649
1534860 648
1534870 648
1534880 648
1534890 647
1534900 647
1534910 646
1534920 646
1534930 645
1534940 645
1534950 645
1534960 645
1534970 645
1534980 644
1534990 643
1535000 643
1535010 643
1535020 642
1535030 642
1535040 643
1535050 643
1535060 643
1535070 643
1535080 643
1535090 644
1535100 644
1535110 644
1535120 643
1535130 643
1535140 643
1535150 643
1535160 643
1535170 642
1535180 642
1535190 642
1535200 642
1535210 641
1535220 641
1535230 640
1535240 639
1535250 639
1535260 639
1535270 639
1535280 640
1535290 640
1535300 642
1535310 646
1535320 646
1535330 647
1535340 647
1535350 647
1535360 647
1535370 647
1535380 647
1535390 648
1535400 650
1535410 650
1535420 650
1535430 649
1535440 650
1535450 650
1535460 651
1535470 653
1535480 653
1535490 655
1535500 657
1535510 657
1535520 659
1535530 660
1535540 660
1535550 661
1535560 661
1535570 660
1535580 660
1535590 658
1535600 658
1535610 658
1535620 658
1535630 659
1535640 659
1535650 660
1535660 661
1535670 661
1535680 662
1535690 664
1535700 664
1535710 664
1535720 664
1535730 664
1535740 664
1535750 664
1535760 664
1535770 664
1535780 664
1535790 665
1535800 665
1535810 667
1535820 667
1535830 667
1535840 668
1535850 669
1535860 669
1535870 671
1535880 672
1535890 674
1535900 674
1535910 675
1535920 675
1535930 675
1535940 675
1535950 675
1535960 675
1535970 675
1535980 676
1535990 676
1536000 677
1536010 678
1536020 678
1536030 679
1536040 679
1536050 679
1536060 679
1536070 680
1536080 680
1536090 680
1536100 680
1536110 679
1536120 679
1536130 679
1536140 679
1536150 679
1536160 679
1536170 677
1536180 677
1536190 677
1536200 676
1536210 676
1536220 676
1536230 675
1536240 676
1536250 676
1536260 676
1536270 677
1536280 677
1536290 679
1536300 681
1536310 681
1536320 683
1536330 683
1536340 683
1536350 683
1536360 682
1536370 682
1536380 682
1536390 681
1536400 677
1536410 677
1536420 672
1536430 669
1536440 669
1536450 666
1536460 663
1536470 663
1536480 659
1536490 654
1536500 650
1536510 650
1536520 645
1536530 640
1536540 640
1536550 637
1536560 634
1536570 634
1536580 632
1536590 629
1536600 629
1536610 626
1536620 623
1536630 623
1536640 619
1536650 616
1536660 613
1536670 613
1536680 611
1536690 609
1536700 609
1536710 606
1536720 603
1536730 603
1536740 600
1536750 598
1536760 598
1536770 596
1536780 595
1536790 595
1536800 594
1536810 592
1536820 591
1536830 591
1536840 590
1536850 590
1536860 590
1536870 590
1536880 590
1536890 590
1536900 589
1536910 586
1536920 586
1536930 581
1536940 578
1536950 578
1536960 577
1536970 574
1536980 572
1536990 572
1537000 571
1537010 570
1537020 570
1537030 568
1537040 568
1537050 568
1537060 569
1537070 570
1537080 570
1537090 572
1537100 573
1537110 573
1537120 569
1537130 563
1537140 558
1537150 558
1537160 556
1537170 556
1537180 556
1537190 555
1537200 555
1537210 555
1537220 554
1537230 554
1537240 554
1537250 554
1537260 553
1537270 553
1537280 553
1537290 553
1537300 553
1537310 553
1537320 553
1537330 552
1537340 552
1537350 551
1537360 550
1537370 550
1537380 550
1537390 549
1537400 549
1537410 549
1537420 549
1537430 549
1537440 548
1537450 548
1537460 548
1537470 548
1537480 548
1537490 547
1537500 547
1537510 547
1537520 547
1537530 547
1537540 547
1537550 547
1537560 547
1537570 547
1537580 546
1537590 546
1537600 546
1537610 546
1537620 545
1537630 545
1537640 544
1537650 544
1537660 544
1537670 543
1537680 544
1537690 544
1537700 543
1537710 543
1537720 543
1537730 543
1537740 543
1537750 543
1537760 543
1537770 542
1537780 542
1537790 542
1537800 542
1537810 542
1537820 542
1537830 541
1537840 541
1537850 541
1537860 541
1537870 541
1537880 541
1537890 541
1537900 541
1537910 541
1537920 541
1537930 541
1537940 540
1537950 540
1537960 540
1537970 540
1537980 540
1537990 540
1538000 539
1538010 539
1538020 539
1538030 539
1538040 539
1538050 539
1538060 539
1538070 539
1538080 539
1538090 539
1538100 539
1538110 539
1538120 538
1538130 538
1538140 538
1538150 538
1538160 539
1538170 539
1538180 539
1538190 539
1538200 539
1538210 539
1538220 539
1538230 539
1538240 539
1538250 539
1538260 539
1538270 539
1538280 539
1538290 539
1538300 539
1538310 539
1538320 540
1538330 540
1538340 541
1538350 540
1538360 540
1538370 538
1538380 532
1538390 525
1538400 525
1538410 520
1538420 519
1538430 519
1538440 519
1538450 520
1538460 520
1538470 519
1538480 519
1538490 519
1538500 519
1538510 519
1538520 519
1538530 519
1538540 521
1538550 521
1538560 521
1538570 520
1538580 521
1538590 521
1538600 519
1538610 514
1538620 514
1538630 507
1538640 499
1538650 499
1538660 496
1538670 495
1538680 495
1538690 495
1538700 496
1538710 500
1538720 500
1538730 502
1538740 502
1538750 502
1538760 506
1538770 513
1538780 513
1538790 517
1538800 520
1538810 520
1538820 520
1538830 519
1538840 519
1538850 519
1538860 518
1538870 516
1538880 516
1538890 515
1538900 515
1538910 515
1538920 515
1538930 514
1538940 514
1538950 514
1538960 514
1538970 514
1538980 514
1538990 514
1539000 514
1539010 513
1539020 513
1539030 513
1539040 513
1539050 513
1539060 513
1539070 513
1539080 513
1539090 513
1539100 513
1539110 513
1539120 512
1539130 512
1539140 512
1539150 512
1539160 512
1539170 512
1539180 512
1539190 512
1539200 512
1539210 512
1539220 512
1539230 512
1539240 512
1539250 512
1539260 512
1539270 512
1539280 512
1539290 512
1539300 512
1539310 511
1539320 511
1539330 511
1539340 511
1539350 511
1539360 511
1539370 511
1539380 511
1539390 511
1539400 511
1539410 510
1539420 510
1539430 510
1539440 509
1539450 509
1539460 509
1539470 508
1539480 508
1539490 508
1539500 508
1539510 508
1539520 508
1539530 508
1539540 507
1539550 507
1539560 509
1539570 511
1539580 511
1539590 513
1539600 513
1539610 513
1539620 514
1539630 512
1539640 512
1539650 505
1539660 500
1539670 498
1539680 498
1539690 498
1539700 498
1539710 498
1539720 498
1539730 498
1539740 498
1539750 498
1539760 495
1539770 495
1539780 491
1539790 488
1539800 488
1539810 485
1539820 485
1539830 485
1539840 485
1539850 485
1539860 485
1539870 485
1539880 485
1539890 485
1539900 485
1539910 486
1539920 489
1539930 489
1539940 492
1539950 494
1539960 494
1539970 495
1539980 499
1539990 504
