1520000 852
1520010 849
1520020 847
1520030 847
1520040 844
1520050 842
1520060 842
1520070 841
1520080 838
1520090 837
1520100 837
1520110 835
1520120 834
1520130 834
1520140 833
1520150 832
1520160 832
1520170 830
1520180 830
1520190 830
1520200 831
1520210 830
1520220 830
1520230 830
1520240 830
1520250 831
1520260 831
1520270 831
1520280 830
1520290 830
1520300 830
1520310 829
1520320 829
1520330 828
1520340 828
1520350 828
1520360 826
1520370 820
1520380 820
1520390 812
1520400 806
1520410 804
1520420 804
1520430 803
1520440 804
1520450 804
1520460 807
1520470 812
1520480 812
1520490 817
1520500 821
1520510 821
1520520 822
1520530 825
1520540 825
1520550 828
1520560 830
1520570 831
1520580 831
1520590 832
1520600 833
1520610 833
1520620 834
1520630 834
1520640 834
1520650 834
1520660 834
1520670 834
1520680 836
1520690 837
1520700 837
1520710 838
1520720 840
1520730 841
1520740 841
1520750 842
1520760 844
1520770 844
1520780 847
1520790 851
1520800 851
1520810 854
1520820 858
1520830 858
1520840 861
1520850 863
1520860 863
1520870 865
1520880 864
1520890 863
1520900 863
1520910 861
1520920 861
1520930 861
1520940 864
1520950 866
1520960 866
1520970 867
1520980 867
1520990 867
1521000 867
1521010 866
1521020 866
1521030 865
1521040 863
1521050 861
1521060 861
1521070 861
1521080 860
1521090 860
1521100 859
1521110 858
1521120 858
1521130 857
1521140 854
1521150 854
1521160 851
1521170 847
1521180 847
1521190 843
1521200 833
1521210 830
1521220 830
1521230 829
1521240 827
1521250 827
1521260 822
1521270 817
1521280 817
1521290 813
1521300 810
1521310 810
1521320 808
1521330 805
1521340 805
1521350 802
1521360 800
1521370 799
1521380 799
1521390 794
1521400 787
1521410 787
1521420 781
1521430 772
1521440 772
1521450 763
1521460 757
1521470 757
1521480 750
1521490 745
1521500 745
1521510 742
1521520 740
1521530 742
1521540 742
1521550 743
1521560 745
1521570 745
1521580 749
1521590 753
1521600 753
1521610 753
1521620 753
1521630 753
1521640 753
1521650 754
1521660 754
1521670 753
1521680 753
1521690 752
1521700 752
1521710 752
1521720 754
1521730 754
1521740 758
1521750 762
1521760 762
1521770 766
1521780 767
1521790 767
1521800 771
1521810 776
1521820 776
1521830 780
1521840 783
1521850 784
1521860 784
1521870 784
1521880 784
1521890 784
1521900 784
1521910 784
1521920 784
1521930 786
1521940 786
1521950 786
1521960 786
1521970 786
1521980 786
1521990 786
1522000 786
1522010 786
1522020 786
1522030 786
1522040 785
1522050 785
1522060 785
1522070 784
1522080 784
1522090 782
1522100 781
1522110 781
1522120 778
1522130 773
1522140 773
1522150 768
1522160 763
1522170 758
1522180 758
1522190 754
1522200 751
1522210 751
1522220 749
1522230 748
1522240 748
1522250 743
1522260 734
1522270 734
1522280 726
1522290 720
1522300 720
1522310 716
1522320 713
1522330 710
1522340 710
1522350 709
1522360 709
1522370 709
1522380 711
1522390 712
1522400 712
1522410 713
1522420 715
1522430 715
1522440 720
1522450 724
1522460 724
1522470 730
1522480 736
1522490 741
1522500 741
1522510 742
1522520 744
1522530 744
1522540 748
1522550 752
1522560 752
1522570 752
1522580 752
1522590 752
1522600 752
1522610 752
1522620 752
1522630 753
1522640 755
1522650 757
1522660 757
1522670 760
1522680 764
1522690 764
1522700 769
1522710 774
1522720 774
1522730 780
1522740 784
1522750 784
1522760 786
1522770 785
1522780 785
1522790 785
1522800 787
1522810 790
1522820 790
1522830 795
1522840 802
1522850 802
1522860 808
1522870 810
1522880 810
1522890 816
1522900 824
1522910 824
1522920 827
1522930 829
1522940 829
1522950 836
1522960 844
1522970 852
1522980 852
1522990 860
1523000 868
1523010 868
1523020 873
1523030 876
1523040 876
1523050 879
1523060 883
1523070 883
1523080 884
1523090 882
1523100 882
1523110 880
1523120 879
1523130 877
1523140 877
1523150 878
1523160 881
1523170 881
1523180 882
1523190 883
1523200 883
1523210 885
1523220 886
1523230 886
1523240 888
1523250 890
1523260 890
1523270 891
1523280 894
1523290 899
1523300 899
1523310 903
1523320 907
1523330 907
1523340 909
1523350 911
1523360 911
1523370 915
1523380 922
1523390 922
1523400 928
1523410 934
1523420 934
1523430 942
1523440 949
1523450 949
1523460 954
1523470 960
1523480 966
1523490 966
1523500 973
1523510 982
1523520 982
1523530 990
1523540 998
1523550 998
1523560 1002
1523570 1007
1523580 1007
1523590 1015
1523600 1024
1523610 1024
1523620 1030
1523630 1035
1523640 1040
1523650 1040
1523660 1045
1523670 1050
1523680 1050
1523690 1054
1523700 1058
1523710 1058
1523720 1063
1523730 1067
1523740 1067
1523750 1072
1523760 1077
1523770 1077
1523780 1080
1523790 1082
1523800 1084
1523810 1084
1523820 1090
1523830 1095
1523840 1095
1523850 1099
1523860 1105
1523870 1105
1523880 1109
1523890 1114
1523900 1114
1523910 1119
1523920 1125
1523930 1125
1523940 1130
1523950 1134
1523960 1139
1523970 1139
1523980 1141
1523990 1140
1524000 1140
1524010 1138
1524020 1136
1524030 1136
1524040 1136
1524050 1136
1524060 1136
1524070 1136
1524080 1135
1524090 1135
1524100 1136
1524110 1136
1524120 1138
1524130 1138
1524140 1140
1524150 1140
1524160 1140
1524170 1140
1524180 1140
1524190 1140
1524200 1139
1524210 1139
1524220 1139
1524230 1138
1524240 1139
1524250 1139
1524260 1139
1524270 1139
1524280 1136
1524290 1136
1524300 1132
1524310 1128
1524320 1128
1524330 1126
1524340 1125
1524350 1125
1524360 1123
1524370 1121
1524380 1121
1524390 1119
1524400 1118
1524410 1118
1524420 1117
1524430 1118
1524440 1119
1524450 1119
1524460 1120
1524470 1120
1524480 1120
1524490 1120
1524500 1115
1524510 1115
1524520 1114
1524530 1117
1524540 1117
1524550 1119
1524560 1121
1524570 1121
1524580 1123
1524590 1124
1524600 1124
1524610 1124
1524620 1122
1524630 1119
1524640 1119
1524650 1117
1524660 1115
1524670 1115
1524680 1114
1524690 1112
1524700 1112
1524710 1109
1524720 1107
1524730 1107
1524740 1107
1524750 1106
1524760 1104
1524770 1104
1524780 1101
1524790 1097
1524800 1097
1524810 1093
1524820 1094
1524830 1094
1524840 1097
1524850 1100
1524860 1100
1524870 1103
1524880 1107
1524890 1107
1524900 1110
1524910 1110
1524920 1110
1524930 1110
1524940 1110
1524950 1109
1524960 1109
1524970 1109
1524980 1111
1524990 1111
1525000 1113
1525010 1115
1525020 1115
1525030 1115
1525040 1113
1525050 1113
1525060 1113
1525070 1112
1525080 1113
1525090 1113
1525100 1115
1525110 1117
1525120 1117
1525130 1116
1525140 1114
1525150 1114
1525160 1113
1525170 1111
1525180 1111
1525190 1110
1525200 1111
1525210 1111
1525220 1111
1525230 1112
1525240 1113
1525250 1113
1525260 1113
1525270 1111
1525280 1111
1525290 1112
1525300 1115
1525310 1115
1525320 1116
1525330 1115
1525340 1115
1525350 1115
1525360 1115
1525370 1115
1525380 1116
1525390 1114
1525400 1111
1525410 1111
1525420 1105
1525430 1099
1525440 1099
1525450 1097
1525460 1096
1525470 1096
1525480 1093
1525490 1090
1525500 1090
1525510 1089
1525520 1090
1525530 1090
1525540 1088
1525550 1084
1525560 1080
1525570 1080
1525580 1072
1525590 1064
1525600 1064
1525610 1059
1525620 1053
1525630 1053
1525640 1049
1525650 1049
1525660 1049
1525670 1048
1525680 1048
1525690 1048
1525700 1045
1525710 1040
1525720 1035
1525730 1035
1525740 1032
1525750 1030
1525760 1030
1525770 1029
1525780 1028
1525790 1028
1525800 1026
1525810 1023
1525820 1023
1525830 1020
1525840 1017
1525850 1017
1525860 1014
1525870 1012
1525880 1010
1525890 1010
1525900 1008
1525910 1004
1525920 1004
1525930 1001
1525940 1000
1525950 1000
1525960 999
1525970 998
1525980 998
1525990 997
1526000 996
1526010 996
1526020 996
1526030 995
1526040 993
1526050 993
1526060 989
1526070 987
1526080 987
1526090 984
1526100 979
1526110 979
1526120 971
1526130 965
1526140 965
1526150 962
1526160 959
1526170 959
1526180 956
1526190 953
1526200 954
1526210 954
1526220 954
1526230 953
1526240 953
1526250 951
1526260 948
1526270 948
1526280 947
1526290 946
1526300 946
1526310 942
1526320 939
1526330 939
1526340 939
1526350 938
1526360 938
1526370 938
1526380 937
1526390 936
1526400 936
1526410 933
1526420 931
1526430 931
1526440 930
1526450 928
1526460 928
1526470 928
1526480 925
1526490 925
1526500 922
1526510 918
1526520 911
1526530 911
1526540 906
1526550 901
1526560 901
1526570 895
1526580 888
1526590 888
1526600 880
1526610 871
1526620 871
1526630 863
1526640 856
1526650 856
1526660 849
1526670 842
1526680 837
1526690 837
1526700 833
1526710 829
1526720 829
1526730 827
1526740 823
1526750 823
1526760 819
1526770 816
1526780 816
1526790 812
1526800 809
1526810 809
1526820 808
1526830 807
1526840 805
1526850 805
1526860 805
1526870 805
1526880 805
1526890 806
1526900 806
1526910 806
1526920 801
1526930 794
1526940 794
1526950 787
1526960 782
1526970 782
1526980 781
1526990 780
1527000 781
1527010 781
1527020 782
1527030 781
1527040 781
1527050 779
1527060 776
1527070 776
1527080 774
1527090 772
1527100 772
1527110 771
1527120 770
1527130 770
1527140 769
1527150 767
1527160 764
1527170 764
1527180 762
1527190 760
1527200 760
1527210 758
1527220 756
1527230 756
1527240 753
1527250 749
1527260 749
1527270 747
1527280 744
1527290 744
1527300 739
1527310 735
1527320 731
1527330 731
1527340 728
1527350 725
1527360 725
1527370 722
1527380 720
1527390 720
1527400 718
1527410 715
1527420 715
1527430 712
1527440 710
1527450 710
1527460 709
1527470 707
1527480 706
1527490 706
1527500 706
1527510 704
1527520 704
1527530 701
1527540 700
1527550 700
1527560 698
1527570 696
1527580 696
1527590 693
1527600 689
1527610 689
1527620 686
1527630 684
1527640 683
1527650 683
1527660 682
1527670 680
1527680 680
1527690 677
1527700 675
1527710 675
1527720 670
1527730 665
1527740 665
1527750 660
1527760 656
1527770 656
1527780 653
1527790 653
1527800 651
1527810 651
1527820 649
1527830 650
1527840 650
1527850 653
1527860 655
1527870 655
1527880 653
1527890 648
1527900 648
1527910 643
1527920 638
1527930 638
1527940 632
1527950 626
1527960 619
1527970 619
1527980 612
1527990 608
1528000 608
1528010 605
1528020 604
1528030 604
1528040 602
1528050 602
1528060 602
1528070 603
1528080 607
1528090 607
1528100 611
1528110 613
1528120 615
1528130 615
1528140 616
1528150 616
1528160 616
1528170 616
1528180 616
1528190 616
1528200 616
1528210 616
1528220 616
1528230 618
1528240 620
1528250 620
1528260 622
1528270 623
1528280 624
1528290 624
1528300 624
1528310 624
1528320 624
1528330 625
1528340 625
1528350 625
1528360 625
1528370 625
1528380 625
1528390 624
1528400 623
1528410 623
1528420 621
1528430 618
1528440 616
1528450 616
1528460 615
1528470 614
1528480 614
1528490 613
1528500 613
1528510 613
1528520 613
1528530 613
1528540 613
1528550 611
1528560 608
1528570 608
1528580 604
1528590 599
1528600 595
1528610 595
1528620 593
1528630 600
1528640 600
1528650 609
1528660 614
1528670 614
1528680 615
1528690 615
1528700 615
1528710 614
1528720 612
1528730 612
1528740 608
1528750 607
1528760 609
1528770 609
1528780 613
1528790 615
1528800 615
1528810 620
1528820 625
1528830 625
1528840 631
1528850 635
1528860 635
1528870 638
1528880 639
1528890 639
1528900 639
1528910 639
1528920 638
1528930 638
1528940 637
1528950 634
1528960 634
1528970 631
1528980 631
1528990 631
1529000 631
1529010 635
1529020 635
1529030 639
1529040 639
1529050 639
1529060 637
1529070 633
1529080 630
1529090 630
1529100 627
1529110 624
1529120 624
1529130 624
1529140 625
1529150 625
1529160 627
1529170 630
1529180 630
1529190 633
1529200 636
1529210 636
1529220 639
1529230 641
1529240 643
1529250 643
1529260 644
1529270 644
1529280 644
1529290 644
1529300 643
1529310 643
1529320 643
1529330 643
1529340 643
1529350 645
1529360 648
1529370 648
1529380 650
1529390 653
1529400 654
1529410 654
1529420 654
1529430 653
1529440 653
1529450 653
1529460 651
1529470 651
1529480 650
1529490 650
1529500 650
1529510 649
1529520 648
1529530 648
1529540 647
1529550 645
1529560 645
1529570 644
1529580 644
1529590 644
1529600 644
1529610 642
1529620 640
1529630 640
1529640 638
1529650 636
1529660 636
1529670 634
1529680 632
1529690 632
1529700 629
1529710 627
1529720 627
1529730 627
1529740 625
1529750 623
1529760 623
1529770 620
1529780 617
1529790 617
1529800 615
1529810 613
1529820 613
1529830 611
1529840 607
1529850 607
1529860 603
1529870 600
1529880 600
1529890 597
1529900 594
1529910 591
1529920 591
1529930 587
1529940 584
1529950 584
1529960 580
1529970 576
1529980 576
1529990 573
1530000 571
1530010 571
1530020 569
1530030 566
1530040 566
1530050 564
1530060 561
1530070 559
1530080 559
1530090 556
1530100 554
1530110 554
1530120 553
1530130 554
1530140 554
1530150 552
1530160 551
1530170 551
1530180 551
1530190 549
1530200 549
1530210 546
1530220 544
1530230 543
1530240 543
1530250 542
1530260 542
1530270 542
1530280 542
1530290 541
1530300 541
1530310 541
1530320 541
1530330 541
1530340 540
1530350 540
1530360 541
1530370 540
1530380 539
1530390 537
1530400 537
1530410 537
1530420 537
1530430 537
1530440 536
1530450 535
1530460 535
1530470 533
1530480 532
1530490 532
1530500 532
1530510 531
1530520 531
1530530 530
1530540 530
1530550 529
1530560 529
1530570 528
1530580 527
1530590 527
1530600 525
1530610 524
1530620 524
1530630 522
1530640 521
1530650 521
1530660 520
1530670 519
1530680 519
1530690 517
1530700 516
1530710 514
1530720 514
1530730 513
1530740 512
1530750 512
1530760 512
1530770 512
1530780 512
1530790 513
1530800 513
1530810 513
1530820 513
1530830 513
1530840 513
1530850 512
1530860 512
1530870 512
1530880 512
1530890 511
1530900 511
1530910 511
1530920 510
1530930 510
1530940 510
1530950 510
1530960 509
1530970 509
1530980 509
1530990 509
1531000 509
1531010 508
1531020 508
1531030 508
1531040 508
1531050 507
1531060 507
1531070 507
1531080 507
1531090 507
1531100 507
1531110 506
1531120 506
1531130 506
1531140 506
1531150 506
1531160 506
1531170 505
1531180 505
1531190 505
1531200 505
1531210 505
1531220 505
1531230 505
1531240 505
1531250 504
1531260 504
1531270 504
1531280 504
1531290 504
1531300 504
1531310 504
1531320 504
1531330 503
1531340 503
1531350 503
1531360 503
1531370 502
1531380 501
1531390 501
1531400 501
1531410 500
1531420 500
1531430 500
1531440 499
1531450 499
1531460 499
1531470 498
1531480 498
1531490 499
1531500 498
1531510 498
1531520 498
1531530 498
1531540 498
1531550 498
1531560 498
1531570 498
1531580 498
1531590 498
1531600 498
1531610 498
1531620 498
1531630 498
1531640 498
1531650 498
1531660 498
1531670 498
1531680 498
1531690 498
1531700 498
1531710 498
1531720 498
1531730 498
1531740 498
1531750 498
1531760 498
1531770 498
1531780 498
1531790 498
1531800 498
1531810 498
1531820 498
1531830 498
1531840 498
1531850 498
1531860 498
1531870 498
1531880 498
1531890 498
1531900 498
1531910 498
1531920 498
1531930 498
1531940 498
1531950 498
1531960 498
1531970 498
1531980 498
1531990 498
1532000 498
1532010 498
1532020 498
1532030 498
1532040 498
1532050 498
1532060 498
1532070 498
1532080 498
1532090 498
1532100 498
1532110 498
1532120 498
1532130 498
1532140 498
1532150 498
1532160 498
1532170 498
1532180 498
1532190 498
1532200 498
1532210 498
1532220 498
1532230 496
1532240 495
1532250 495
1532260 495
1532270 495
1532280 495
1532290 495
1532300 495
1532310 495
1532320 495
1532330 495
1532340 495
1532350 495
1532360 497
1532370 500
1532380 500
1532390 500
1532400 500
1532410 500
1532420 501
1532430 501
1532440 501
1532450 501
1532460 504
1532470 510
1532480 510
1532490 515
1532500 518
1532510 518
1532520 520
1532530 524
1532540 524
1532550 528
1532560 533
1532570 533
1532580 536
1532590 540
1532600 540
1532610 542
1532620 543
1532630 545
1532640 545
1532650 546
1532660 548
1532670 548
1532680 549
1532690 549
1532700 549
1532710 550
1532720 550
1532730 550
1532740 550
1532750 551
1532760 551
1532770 552
1532780 554
1532790 559
1532800 559
1532810 565
1532820 568
1532830 568
1532840 571
1532850 574
1532860 574
1532870 577
1532880 578
1532890 578
1532900 577
1532910 577
1532920 577
1532930 577
1532940 575
1532950 573
1532960 573
1532970 572
1532980 571
1532990 571
1533000 570
1533010 569
1533020 569
1533030 568
1533040 569
1533050 569
1533060 570
1533070 571
1533080 571
1533090 572
1533100 575
1533110 578
1533120 578
1533130 581
1533140 585
1533150 585
1533160 589
1533170 593
1533180 593
1533190 596
1533200 600
1533210 600
1533220 603
1533230 606
1533240 606
1533250 610
1533260 615
1533270 619
1533280 619
1533290 622
1533300 625
1533310 625
1533320 627
1533330 630
1533340 630
1533350 633
1533360 636
1533370 636
1533380 639
1533390 643
1533400 643
1533410 645
1533420 647
1533430 649
1533440 649
1533450 652
1533460 655
1533470 655
1533480 658
1533490 661
1533500 661
1533510 664
1533520 666
1533530 666
1533540 668
1533550 670
1533560 670
1533570 671
1533580 671
1533590 672
1533600 672
1533610 671
1533620 671
1533630 671
1533640 672
1533650 673
1533660 673
1533670 674
1533680 674
1533690 674
1533700 675
1533710 676
1533720 676
1533730 678
1533740 681
1533750 682
1533760 682
1533770 683
1533780 684
1533790 684
1533800 685
1533810 686
1533820 686
1533830 689
1533840 691
1533850 691
1533860 694
1533870 697
1533880 697
1533890 700
1533900 702
1533910 703
1533920 703
1533930 705
1533940 707
1533950 707
1533960 710
1533970 712
1533980 712
1533990 715
1534000 718
1534010 718
1534020 720
1534030 722
1534040 722
1534050 724
1534060 727
1534070 731
1534080 731
1534090 734
1534100 737
1534110 737
1534120 740
1534130 744
1534140 744
1534150 747
1534160 750
1534170 750
1534180 753
1534190 756
1534200 756
1534210 758
1534220 760
1534230 762
1534240 762
1534250 765
1534260 769
1534270 769
1534280 772
1534290 775
1534300 775
1534310 777
1534320 780
1534330 780
1534340 785
1534350 788
1534360 788
1534370 790
1534380 791
1534390 792
1534400 792
1534410 792
1534420 793
1534430 793
1534440 793
1534450 793
1534460 793
1534470 792
1534480 792
1534490 792
1534500 791
1534510 789
1534520 789
1534530 787
1534540 784
1534550 780
1534560 780
1534570 775
1534580 772
1534590 772
1534600 771
1534610 769
1534620 769
1534630 767
1534640 764
1534650 764
1534660 759
1534670 751
1534680 751
1534690 741
1534700 733
1534710 727
1534720 727
1534730 724
1534740 720
1534750 720
1534760 714
1534770 707
1534780 707
1534790 702
1534800 697
1534810 697
1534820 691
1534830 683
1534840 683
1534850 676
1534860 671
1534870 669
1534880 669
1534890 667
1534900 664
1534910 664
1534920 660
1534930 659
1534940 659
1534950 659
1534960 661
1534970 661
1534980 664
1534990 665
1535000 665
1535010 665
1535020 666
1535030 668
1535040 668
1535050 671
1535060 675
1535070 675
1535080 676
1535090 676
1535100 676
1535110 676
1535120 675
1535130 675
1535140 679
1535150 684
1535160 684
1535170 684
1535180 685
1535190 689
1535200 689
1535210 695
1535220 696
1535230 696
1535240 697
1535250 700
1535260 700
1535270 705
1535280 706
1535290 706
1535300 708
1535310 713
1535320 713
1535330 714
1535340 716
1535350 719
1535360 719
1535370 721
1535380 724
1535390 724
1535400 729
1535410 734
1535420 734
1535430 740
1535440 743
1535450 743
1535460 744
1535470 746
1535480 746
1535490 747
1535500 749
1535510 753
1535520 753
1535530 754
1535540 755
1535550 755
1535560 758
1535570 759
1535580 759
1535590 759
1535600 761
1535610 761
1535620 764
1535630 765
1535640 765
1535650 764
1535660 764
1535670 764
1535680 764
1535690 764
1535700 764
1535710 764
1535720 764
1535730 765
1535740 765
1535750 773
1535760 784
1535770 784
1535780 795
1535790 806
1535800 806
1535810 812
1535820 822
1535830 822
1535840 829
1535850 834
1535860 838
1535870 838
1535880 842
1535890 846
1535900 846
1535910 850
1535920 855
1535930 855
1535940 858
1535950 862
1535960 862
1535970 866
1535980 871
1535990 871
1536000 874
1536010 876
1536020 877
1536030 877
1536040 879
1536050 880
1536060 880
1536070 882
1536080 884
1536090 884
1536100 885
1536110 886
1536120 886
1536130 890
1536140 894
1536150 894
1536160 897
1536170 901
1536180 904
1536190 904
1536200 906
1536210 907
1536220 907
1536230 908
1536240 909
1536250 909
1536260 910
1536270 913
1536280 913
1536290 915
1536300 919
1536310 919
1536320 924
1536330 930
1536340 935
1536350 935
1536360 938
1536370 940
1536380 940
1536390 940
1536400 940
1536410 940
1536420 939
1536430 939
1536440 939
1536450 940
1536460 941
1536470 941
1536480 943
1536490 944
1536500 947
1536510 947
1536520 948
1536530 950
1536540 950
1536550 952
1536560 954
1536570 954
1536580 956
1536590 959
1536600 959
1536610 961
1536620 964
1536630 964
1536640 968
1536650 972
1536660 976
1536670 976
1536680 982
1536690 988
1536700 988
1536710 995
1536720 1000
1536730 1000
1536740 1005
1536750 1009
1536760 1009
1536770 1014
1536780 1016
1536790 1016
1536800 1017
1536810 1018
1536820 1020
1536830 1020
1536840 1023
1536850 1026
1536860 1026
1536870 1030
1536880 1035
1536890 1035
1536900 1038
1536910 1041
1536920 1041
1536930 1045
1536940 1048
1536950 1048
1536960 1052
1536970 1056
1536980 1060
1536990 1060
1537000 1063
1537010 1066
1537020 1066
1537030 1068
1537040 1070
1537050 1070
1537060 1071
1537070 1072
1537080 1072
1537090 1075
1537100 1078
1537110 1078
1537120 1083
1537130 1087
1537140 1086
1537150 1086
1537160 1083
1537170 1082
1537180 1082
1537190 1084
1537200 1084
1537210 1084
1537220 1084
1537230 1084
1537240 1084
1537250 1085
1537260 1086
1537270 1086
1537280 1089
1537290 1092
1537300 1095
1537310 1095
1537320 1097
1537330 1098
1537340 1098
1537350 1100
1537360 1102
1537370 1102
1537380 1105
1537390 1111
1537400 1111
1537410 1117
1537420 1119
1537430 1119
1537440 1120
1537450 1123
1537460 1126
1537470 1126
1537480 1129
1537490 1131
1537500 1131
1537510 1131
1537520 1130
1537530 1130
1537540 1129
1537550 1131
1537560 1131
1537570 1132
1537580 1130
1537590 1130
1537600 1128
1537610 1127
1537620 1128
1537630 1128
1537640 1129
1537650 1129
1537660 1129
1537670 1129
1537680 1131
1537690 1131
1537700 1133
1537710 1131
1537720 1131
1537730 1129
1537740 1127
1537750 1127
1537760 1126
1537770 1124
1537780 1124
1537790 1124
1537800 1125
1537810 1127
1537820 1127
1537830 1128
1537840 1130
1537850 1130
1537860 1134
1537870 1138
1537880 1138
1537890 1142
1537900 1143
1537910 1143
1537920 1143
1537930 1144
1537940 1143
1537950 1143
1537960 1144
1537970 1149
1537980 1149
1537990 1150
1538000 1149
1538010 1149
1538020 1148
1538030 1145
1538040 1145
1538050 1144
1538060 1143
1538070 1143
1538080 1144
1538090 1146
1538100 1147
1538110 1147
1538120 1148
1538130 1150
1538140 1150
1538150 1154
1538160 1158
1538170 1158
1538180 1159
1538190 1159
1538200 1159
1538210 1159
1538220 1160
1538230 1160
1538240 1163
1538250 1165
1538260 1164
1538270 1164
1538280 1162
1538290 1160
1538300 1160
1538310 1159
1538320 1158
1538330 1158
1538340 1158
1538350 1157
1538360 1157
1538370 1154
1538380 1153
1538390 1153
1538400 1153
1538410 1155
1538420 1159
1538430 1159
1538440 1161
1538450 1160
1538460 1160
1538470 1159
1538480 1158
1538490 1158
1538500 1157
1538510 1156
1538520 1156
1538530 1157
1538540 1158
1538550 1158
1538560 1158
1538570 1160
1538580 1161
1538590 1161
1538600 1162
1538610 1162
1538620 1162
1538630 1162
1538640 1162
1538650 1162
1538660 1162
1538670 1163
1538680 1163
1538690 1163
1538700 1163
1538710 1163
1538720 1163
1538730 1163
1538740 1165
1538750 1165
1538760 1167
1538770 1170
1538780 1170
1538790 1173
1538800 1173
1538810 1173
1538820 1173
1538830 1173
1538840 1173
1538850 1172
1538860 1170
1538870 1170
1538880 1167
1538890 1166
1538900 1166
1538910 1166
1538920 1166
1538930 1165
1538940 1165
1538950 1164
1538960 1162
1538970 1162
1538980 1161
1538990 1160
1539000 1160
1539010 1159
1539020 1158
1539030 1158
1539040 1157
1539050 1156
1539060 1156
1539070 1156
1539080 1156
1539090 1155
1539100 1155
1539110 1154
1539120 1154
1539130 1154
1539140 1155
1539150 1154
1539160 1154
1539170 1152
1539180 1149
1539190 1149
1539200 1148
1539210 1147
1539220 1147
1539230 1147
1539240 1148
1539250 1146
1539260 1146
1539270 1144
1539280 1144
1539290 1144
1539300 1144
1539310 1146
1539320 1146
1539330 1147
1539340 1147
1539350 1147
1539360 1147
1539370 1147
1539380 1147
1539390 1147
1539400 1145
1539410 1144
1539420 1144
1539430 1144
1539440 1143
1539450 1143
1539460 1142
1539470 1142
1539480 1142
1539490 1142
1539500 1144
1539510 1144
1539520 1146
1539530 1147
1539540 1147
1539550 1147
1539560 1148
1539570 1149
1539580 1149
1539590 1149
1539600 1150
1539610 1150
1539620 1150
1539630 1150
1539640 1150
1539650 1150
1539660 1149
1539670 1149
1539680 1149
1539690 1148
1539700 1148
1539710 1148
1539720 1148
1539730 1148
1539740 1148
1539750 1148
1539760 1148
1539770 1148
1539780 1148
1539790 1147
1539800 1147
1539810 1146
1539820 1146
1539830 1146
1539840 1144
1539850 1143
1539860 1142
1539870 1142
1539880 1140
1539890 1139
1539900 1139
1539910 1138
1539920 1137
1539930 1137
1539940 1135
1539950 1134
1539960 1134
1539970 1132
1539980 1130
1539990 1130
