1520000 857
1520010 854
1520020 849
1520030 849
1520040 844
1520050 840
1520060 840
1520070 837
1520080 833
1520090 833
1520100 830
1520110 828
1520120 827
1520130 827
1520140 826
1520150 825
1520160 825
1520170 825
1520180 824
1520190 824
1520200 820
1520210 817
1520220 817
1520230 816
1520240 816
1520250 816
1520260 815
1520270 815
1520280 814
1520290 814
1520300 814
1520310 815
1520320 815
1520330 815
1520340 815
1520350 815
1520360 815
1520370 815
1520380 815
1520390 812
1520400 803
1520410 803
1520420 800
1520430 799
1520440 801
1520450 801
1520460 803
1520470 806
1520480 806
1520490 810
1520500 811
1520510 811
1520520 813
1520530 814
1520540 814
1520550 816
1520560 818
1520570 818
1520580 819
1520590 821
1520600 824
1520610 824
1520620 825
1520630 826
1520640 826
1520650 827
1520660 828
1520670 828
1520680 829
1520690 829
1520700 829
1520710 829
1520720 830
1520730 830
1520740 830
1520750 830
1520760 830
1520770 830
1520780 831
1520790 831
1520800 831
1520810 832
1520820 832
1520830 832
1520840 831
1520850 828
1520860 828
1520870 823
1520880 816
1520890 816
1520900 811
1520910 806
1520920 800
1520930 800
1520940 797
1520950 796
1520960 796
1520970 796
1520980 799
1520990 799
1521000 802
1521010 802
1521020 802
1521030 803
1521040 805
1521050 805
1521060 804
1521070 801
1521080 797
1521090 797
1521100 797
1521110 797
1521120 797
1521130 793
1521140 789
1521150 789
1521160 785
1521170 782
1521180 782
1521190 782
1521200 779
1521210 779
1521220 772
1521230 768
1521240 765
1521250 765
1521260 759
1521270 754
1521280 754
1521290 750
1521300 750
1521310 750
1521320 752
1521330 752
1521340 752
1521350 748
1521360 747
1521370 747
1521380 746
1521390 746
1521400 748
1521410 748
1521420 752
1521430 757
1521440 757
1521450 762
1521460 768
1521470 768
1521480 772
1521490 777
1521500 777
1521510 780
1521520 787
1521530 787
1521540 792
1521550 795
1521560 799
1521570 799
1521580 802
1521590 802
1521600 802
1521610 801
1521620 801
1521630 801
1521640 801
1521650 798
1521660 798
1521670 798
1521680 803
1521690 803
1521700 808
1521710 809
1521720 807
1521730 807
1521740 802
1521750 797
1521760 797
1521770 795
1521780 797
1521790 797
1521800 801
1521810 807
1521820 807
1521830 814
1521840 819
1521850 819
1521860 819
1521870 817
1521880 813
1521890 813
1521900 811
1521910 809
1521920 809
1521930 806
1521940 805
1521950 805
1521960 804
1521970 804
1521980 804
1521990 803
1522000 801
1522010 801
1522020 797
1522030 792
1522040 789
1522050 789
1522060 781
1522070 775
1522080 775
1522090 771
1522100 765
1522110 765
1522120 759
1522130 753
1522140 753
1522150 748
1522160 747
1522170 747
1522180 747
1522190 745
1522200 740
1522210 740
1522220 734
1522230 729
1522240 729
1522250 723
1522260 717
1522270 717
1522280 711
1522290 708
1522300 708
1522310 705
1522320 706
1522330 706
1522340 707
1522350 708
1522360 710
1522370 710
1522380 712
1522390 714
1522400 714
1522410 716
1522420 720
1522430 720
1522440 724
1522450 726
1522460 726
1522470 728
1522480 731
1522490 731
1522500 734
1522510 737
1522520 740
1522530 740
1522540 743
1522550 745
1522560 745
1522570 744
1522580 747
1522590 747
1522600 749
1522610 752
1522620 752
1522630 755
1522640 758
1522650 758
1522660 761
1522670 765
1522680 768
1522690 768
1522700 772
1522710 775
1522720 775
1522730 779
1522740 783
1522750 783
1522760 789
1522770 794
1522780 794
1522790 798
1522800 804
1522810 804
1522820 809
1522830 814
1522840 819
1522850 819
1522860 822
1522870 826
1522880 826
1522890 830
1522900 832
1522910 832
1522920 830
1522930 833
1522940 833
1522950 835
1522960 835
1522970 835
1522980 834
1522990 834
1523000 837
1523010 837
1523020 840
1523030 843
1523040 843
1523050 848
1523060 856
1523070 856
1523080 863
1523090 869
1523100 869
1523110 875
1523120 880
1523130 880
1523140 886
1523150 892
1523160 898
1523170 898
1523180 905
1523190 911
1523200 911
1523210 918
1523220 925
1523230 925
1523240 932
1523250 938
1523260 938
1523270 943
1523280 948
1523290 948
1523300 952
1523310 956
1523320 959
1523330 959
1523340 962
1523350 962
1523360 962
1523370 964
1523380 964
1523390 964
1523400 961
1523410 961
1523420 961
1523430 967
1523440 975
1523450 975
1523460 985
1523470 994
1523480 1001
1523490 1001
1523500 1005
1523510 1012
1523520 1012
1523530 1020
1523540 1029
1523550 1029
1523560 1036
1523570 1042
1523580 1042
1523590 1050
1523600 1058
1523610 1058
1523620 1064
1523630 1069
1523640 1074
1523650 1074
1523660 1079
1523670 1085
1523680 1085
1523690 1088
1523700 1089
1523710 1089
1523720 1091
1523730 1095
1523740 1095
1523750 1103
1523760 1109
1523770 1109
1523780 1112
1523790 1115
1523800 1118
1523810 1118
1523820 1118
1523830 1116
1523840 1116
1523850 1114
1523860 1114
1523870 1114
1523880 1116
1523890 1117
1523900 1117
1523910 1119
1523920 1121
1523930 1121
1523940 1123
1523950 1124
1523960 1126
1523970 1126
1523980 1129
1523990 1132
1524000 1132
1524010 1134
1524020 1133
1524030 1133
1524040 1131
1524050 1128
1524060 1128
1524070 1126
1524080 1126
1524090 1126
1524100 1126
1524110 1126
1524120 1127
1524130 1127
1524140 1127
1524150 1127
1524160 1127
1524170 1125
1524180 1124
1524190 1124
1524200 1121
1524210 1120
1524220 1120
1524230 1120
1524240 1119
1524250 1119
1524260 1116
1524270 1112
1524280 1107
1524290 1107
1524300 1103
1524310 1102
1524320 1102
1524330 1102
1524340 1102
1524350 1102
1524360 1101
1524370 1101
1524380 1101
1524390 1100
1524400 1098
1524410 1098
1524420 1099
1524430 1101
1524440 1103
1524450 1103
1524460 1107
1524470 1112
1524480 1112
1524490 1114
1524500 1115
1524510 1115
1524520 1117
1524530 1118
1524540 1118
1524550 1119
1524560 1117
1524570 1117
1524580 1114
1524590 1112
1524600 1111
1524610 1111
1524620 1111
1524630 1110
1524640 1110
1524650 1108
1524660 1106
1524670 1106
1524680 1103
1524690 1099
1524700 1099
1524710 1096
1524720 1094
1524730 1094
1524740 1090
1524750 1084
1524760 1078
1524770 1078
1524780 1073
1524790 1065
1524800 1065
1524810 1059
1524820 1055
1524830 1055
1524840 1057
1524850 1060
1524860 1060
1524870 1064
1524880 1069
1524890 1069
1524900 1073
1524910 1075
1524920 1074
1524930 1074
1524940 1072
1524950 1071
1524960 1071
1524970 1070
1524980 1070
1524990 1070
1525000 1071
1525010 1072
1525020 1072
1525030 1074
1525040 1076
1525050 1076
1525060 1078
1525070 1079
1525080 1080
1525090 1080
1525100 1080
1525110 1079
1525120 1079
1525130 1080
1525140 1081
1525150 1081
1525160 1083
1525170 1084
1525180 1084
1525190 1085
1525200 1085
1525210 1085
1525220 1086
1525230 1087
1525240 1089
1525250 1089
1525260 1091
1525270 1093
1525280 1093
1525290 1096
1525300 1099
1525310 1099
1525320 1102
1525330 1103
1525340 1103
1525350 1103
1525360 1102
1525370 1102
1525380 1102
1525390 1103
1525400 1101
1525410 1101
1525420 1101
1525430 1102
1525440 1102
1525450 1102
1525460 1101
1525470 1101
1525480 1099
1525490 1097
1525500 1097
1525510 1093
1525520 1090
1525530 1090
1525540 1090
1525550 1086
1525560 1086
1525570 1077
1525580 1070
1525590 1067
1525600 1067
1525610 1067
1525620 1064
1525630 1064
1525640 1057
1525650 1049
1525660 1049
1525670 1044
1525680 1040
1525690 1040
1525700 1035
1525710 1032
1525720 1032
1525730 1032
1525740 1031
1525750 1028
1525760 1028
1525770 1024
1525780 1021
1525790 1021
1525800 1017
1525810 1013
1525820 1013
1525830 1012
1525840 1009
1525850 1009
1525860 1008
1525870 1005
1525880 1005
1525890 1001
1525900 998
1525910 995
1525920 995
1525930 990
1525940 986
1525950 986
1525960 983
1525970 980
1525980 980
1525990 978
1526000 975
1526010 975
1526020 971
1526030 967
1526040 967
1526050 962
1526060 960
1526070 958
1526080 958
1526090 955
1526100 952
1526110 952
1526120 949
1526130 945
1526140 945
1526150 942
1526160 939
1526170 939
1526180 936
1526190 934
1526200 934
1526210 931
1526220 928
1526230 928
1526240 928
1526250 926
1526260 924
1526270 924
1526280 921
1526290 920
1526300 920
1526310 918
1526320 917
1526330 917
1526340 916
1526350 915
1526360 915
1526370 913
1526380 912
1526390 910
1526400 910
1526410 907
1526420 904
1526430 904
1526440 902
1526450 899
1526460 899
1526470 895
1526480 890
1526490 890
1526500 885
1526510 881
1526520 881
1526530 877
1526540 876
1526550 876
1526560 876
1526570 876
1526580 873
1526590 873
1526600 872
1526610 873
1526620 873
1526630 872
1526640 871
1526650 871
1526660 869
1526670 867
1526680 867
1526690 862
1526700 856
1526710 850
1526720 850
1526730 845
1526740 840
1526750 840
1526760 836
1526770 829
1526780 829
1526790 822
1526800 816
1526810 816
1526820 811
1526830 809
1526840 809
1526850 807
1526860 805
1526870 804
1526880 804
1526890 803
1526900 802
1526910 802
1526920 800
1526930 797
1526940 797
1526950 796
1526960 791
1526970 791
1526980 788
1526990 788
1527000 788
1527010 788
1527020 783
1527030 778
1527040 778
1527050 775
1527060 774
1527070 774
1527080 773
1527090 772
1527100 772
1527110 770
1527120 768
1527130 768
1527140 766
1527150 761
1527160 761
1527170 758
1527180 756
1527190 754
1527200 754
1527210 751
1527220 748
1527230 748
1527240 746
1527250 745
1527260 745
1527270 742
1527280 739
1527290 739
1527300 735
1527310 729
1527320 729
1527330 724
1527340 722
1527350 719
1527360 719
1527370 717
1527380 714
1527390 714
1527400 711
1527410 710
1527420 710
1527430 708
1527440 706
1527450 706
1527460 703
1527470 702
1527480 702
1527490 700
1527500 699
1527510 697
1527520 697
1527530 695
1527540 692
1527550 692
1527560 690
1527570 686
1527580 686
1527590 682
1527600 680
1527610 680
1527620 678
1527630 677
1527640 677
1527650 678
1527660 677
1527670 674
1527680 674
1527690 672
1527700 668
1527710 668
1527720 662
1527730 657
1527740 657
1527750 652
1527760 647
1527770 647
1527780 644
1527790 642
1527800 641
1527810 638
1527820 637
1527830 635
1527840 635
1527850 634
1527860 633
1527870 633
1527880 632
1527890 632
1527900 632
1527910 631
1527920 631
1527930 631
1527940 632
1527950 631
1527960 631
1527970 631
1527980 632
1527990 632
1528000 632
1528010 631
1528020 627
1528030 627
1528040 624
1528050 622
1528060 622
1528070 621
1528080 619
1528090 619
1528100 618
1528110 616
1528120 616
1528130 614
1528140 612
1528150 608
1528160 608
1528170 605
1528180 603
1528190 603
1528200 602
1528210 602
1528220 602
1528230 600
1528240 601
1528250 601
1528260 601
1528270 601
1528280 601
1528290 603
1528300 604
1528310 603
1528320 603
1528330 602
1528340 601
1528350 601
1528360 600
1528370 598
1528380 598
1528390 591
1528400 585
1528410 585
1528420 586
1528430 592
1528440 592
1528450 593
1528460 591
1528470 590
1528480 590
1528490 591
1528500 591
1528510 591
1528520 588
1528530 584
1528540 584
1528550 584
1528560 587
1528570 587
1528580 595
1528590 602
1528600 602
1528610 607
1528620 613
1528630 612
1528640 612
1528650 608
1528660 606
1528670 606
1528680 608
1528690 610
1528700 610
1528710 612
1528720 614
1528730 614
1528740 615
1528750 615
1528760 615
1528770 614
1528780 612
1528790 612
1528800 612
1528810 612
1528820 611
1528830 611
1528840 610
1528850 611
1528860 611
1528870 612
1528880 612
1528890 612
1528900 612
1528910 610
1528920 610
1528930 608
1528940 605
1528950 604
1528960 604
1528970 604
1528980 604
1528990 604
1529000 604
1529010 604
1529020 604
1529030 605
1529040 605
1529050 605
1529060 606
1529070 607
1529080 607
1529090 608
1529100 609
1529110 609
1529120 609
1529130 610
1529140 611
1529150 611
1529160 613
1529170 613
1529180 613
1529190 613
1529200 614
1529210 614
1529220 615
1529230 615
1529240 615
1529250 616
1529260 618
1529270 621
1529280 621
1529290 624
1529300 625
1529310 625
1529320 624
1529330 625
1529340 625
1529350 626
1529360 627
1529370 627
1529380 629
1529390 630
1529400 630
1529410 630
1529420 627
1529430 624
1529440 624
1529450 621
1529460 614
1529470 614
1529480 608
1529490 605
1529500 605
1529510 602
1529520 599
1529530 599
1529540 597
1529550 595
1529560 595
1529570 592
1529580 589
1529590 586
1529600 586
1529610 582
1529620 578
1529630 578
1529640 575
1529650 573
1529660 573
1529670 572
1529680 572
1529690 572
1529700 572
1529710 572
1529720 572
1529730 572
1529740 570
1529750 569
1529760 569
1529770 567
1529780 567
1529790 567
1529800 565
1529810 563
1529820 563
1529830 560
1529840 557
1529850 557
1529860 554
1529870 555
1529880 555
1529890 556
1529900 556
1529910 554
1529920 554
1529930 552
1529940 549
1529950 549
1529960 545
1529970 542
1529980 542
1529990 539
1530000 538
1530010 538
1530020 539
1530030 537
1530040 537
1530050 533
1530060 529
1530070 528
1530080 528
1530090 528
1530100 529
1530110 529
1530120 530
1530130 531
1530140 531
1530150 533
1530160 534
1530170 534
1530180 534
1530190 533
1530200 533
1530210 533
1530220 533
1530230 533
1530240 533
1530250 534
1530260 535
1530270 535
1530280 535
1530290 534
1530300 534
1530310 534
1530320 533
1530330 533
1530340 532
1530350 531
1530360 531
1530370 532
1530380 533
1530390 534
1530400 534
1530410 533
1530420 531
1530430 531
1530440 529
1530450 527
1530460 527
1530470 524
1530480 523
1530490 523
1530500 522
1530510 522
1530520 522
1530530 523
1530540 525
1530550 528
1530560 528
1530570 529
1530580 530
1530590 530
1530600 531
1530610 532
1530620 532
1530630 531
1530640 530
1530650 530
1530660 527
1530670 524
1530680 524
1530690 518
1530700 512
1530710 511
1530720 511
1530730 510
1530740 506
1530750 506
1530760 504
1530770 503
1530780 503
1530790 502
1530800 502
1530810 502
1530820 502
1530830 502
1530840 502
1530850 502
1530860 502
1530870 502
1530880 502
1530890 502
1530900 502
1530910 502
1530920 502
1530930 502
1530940 502
1530950 501
1530960 501
1530970 501
1530980 501
1530990 501
1531000 501
1531010 501
1531020 501
1531030 501
1531040 501
1531050 501
1531060 501
1531070 501
1531080 501
1531090 501
1531100 501
1531110 501
1531120 501
1531130 501
1531140 501
1531150 501
1531160 501
1531170 501
1531180 501
1531190 501
1531200 501
1531210 501
1531220 501
1531230 501
1531240 501
1531250 500
1531260 500
1531270 500
1531280 500
1531290 500
1531300 500
1531310 500
1531320 500
1531330 499
1531340 499
1531350 499
1531360 498
1531370 498
1531380 498
1531390 498
1531400 498
1531410 498
1531420 498
1531430 498
1531440 498
1531450 498
1531460 498
1531470 498
1531480 498
1531490 498
1531500 498
1531510 498
1531520 498
1531530 498
1531540 499
1531550 499
1531560 498
1531570 498
1531580 498
1531590 498
1531600 498
1531610 498
1531620 498
1531630 498
1531640 498
1531650 498
1531660 498
1531670 498
1531680 498
1531690 498
1531700 498
1531710 498
1531720 498
1531730 498
1531740 498
1531750 498
1531760 498
1531770 498
1531780 498
1531790 498
1531800 498
1531810 498
1531820 498
1531830 498
1531840 498
1531850 498
1531860 498
1531870 498
1531880 498
1531890 498
1531900 498
1531910 498
1531920 498
1531930 498
1531940 498
1531950 498
1531960 498
1531970 498
1531980 498
1531990 498
1532000 498
1532010 498
1532020 498
1532030 498
1532040 498
1532050 498
1532060 498
1532070 498
1532080 498
1532090 498
1532100 498
1532110 498
1532120 498
1532130 498
1532140 498
1532150 498
1532160 498
1532170 498
1532180 498
1532190 498
1532200 498
1532210 498
1532220 498
1532230 496
1532240 495
1532250 495
1532260 495
1532270 495
1532280 495
1532290 495
1532300 495
1532310 495
1532320 495
1532330 495
1532340 495
1532350 495
1532360 497
1532370 500
1532380 500
1532390 501
1532400 501
1532410 501
1532420 504
1532430 510
1532440 510
1532450 519
1532460 526
1532470 526
1532480 529
1532490 535
1532500 539
1532510 539
1532520 541
1532530 542
1532540 542
1532550 544
1532560 545
1532570 545
1532580 547
1532590 549
1532600 549
1532610 550
1532620 551
1532630 551
1532640 552
1532650 552
1532660 553
1532670 553
1532680 553
1532690 553
1532700 553
1532710 552
1532720 552
1532730 552
1532740 551
1532750 551
1532760 551
1532770 551
1532780 552
1532790 552
1532800 554
1532810 557
1532820 560
1532830 560
1532840 563
1532850 564
1532860 564
1532870 566
1532880 568
1532890 568
1532900 568
1532910 569
1532920 569
1532930 570
1532940 570
1532950 570
1532960 572
1532970 577
1532980 581
1532990 581
1533000 584
1533010 587
1533020 587
1533030 590
1533040 593
1533050 593
1533060 597
1533070 600
1533080 600
1533090 603
1533100 607
1533110 607
1533120 611
1533130 614
1533140 618
1533150 618
1533160 620
1533170 621
1533180 621
1533190 622
1533200 623
1533210 623
1533220 626
1533230 630
1533240 630
1533250 632
1533260 634
1533270 633
1533280 635
1533290 637
1533300 639
1533310 639
1533320 641
1533330 643
1533340 643
1533350 645
1533360 647
1533370 647
1533380 650
1533390 652
1533400 652
1533410 654
1533420 657
1533430 657
1533440 660
1533450 663
1533460 665
1533470 665
1533480 667
1533490 670
1533500 670
1533510 672
1533520 674
1533530 674
1533540 677
1533550 679
1533560 679
1533570 682
1533580 683
1533590 683
1533600 684
1533610 685
1533620 685
1533630 685
1533640 686
1533650 688
1533660 688
1533670 691
1533680 694
1533690 694
1533700 698
1533710 703
1533720 703
1533730 706
1533740 709
1533750 709
1533760 712
1533770 715
1533780 718
1533790 718
1533800 721
1533810 724
1533820 724
1533830 730
1533840 733
1533850 733
1533860 736
1533870 738
1533880 738
1533890 742
1533900 745
1533910 745
1533920 748
1533930 750
1533940 751
1533950 751
1533960 753
1533970 754
1533980 754
1533990 755
1534000 757
1534010 757
1534020 759
1534030 762
1534040 762
1534050 765
1534060 768
1534070 768
1534080 771
1534090 773
1534100 776
1534110 776
1534120 779
1534130 783
1534140 783
1534150 785
1534160 788
1534170 788
1534180 790
1534190 791
1534200 791
1534210 792
1534220 792
1534230 792
1534240 793
1534250 795
1534260 797
1534270 797
1534280 800
1534290 803
1534300 803
1534310 805
1534320 807
1534330 807
1534340 807
1534350 807
1534360 807
1534370 807
1534380 808
1534390 808
1534400 809
1534410 811
1534420 814
1534430 814
1534440 818
1534450 822
1534460 822
1534470 824
1534480 823
1534490 823
1534500 819
1534510 814
1534520 814
1534530 808
1534540 802
1534550 802
1534560 798
1534570 793
1534580 789
1534590 789
1534600 787
1534610 784
1534620 784
1534630 781
1534640 776
1534650 776
1534660 771
1534670 765
1534680 765
1534690 760
1534700 755
1534710 755
1534720 751
1534730 747
1534740 744
1534750 744
1534760 740
1534770 735
1534780 735
1534790 732
1534800 727
1534810 727
1534820 720
1534830 711
1534840 711
1534850 704
1534860 698
1534870 698
1534880 691
1534890 685
1534900 679
1534910 679
1534920 673
1534930 668
1534940 668
1534950 665
1534960 662
1534970 662
1534980 662
1534990 662
1535000 662
1535010 662
1535020 663
1535030 663
1535040 667
1535050 669
1535060 669
1535070 669
1535080 669
1535090 670
1535100 670
1535110 673
1535120 674
1535130 674
1535140 676
1535150 681
1535160 681
1535170 686
1535180 691
1535190 691
1535200 695
1535210 699
1535220 700
1535230 700
1535240 705
1535250 709
1535260 709
1535270 714
1535280 717
1535290 717
1535300 722
1535310 722
1535320 722
1535330 732
1535340 745
1535350 745
1535360 751
1535370 756
1535380 760
1535390 760
1535400 764
1535410 766
1535420 766
1535430 767
1535440 769
1535450 769
1535460 770
1535470 772
1535480 772
1535490 773
1535500 775
1535510 775
1535520 777
1535530 777
1535540 777
1535550 777
1535560 778
1535570 778
1535580 778
1535590 778
1535600 779
1535610 779
1535620 781
1535630 783
1535640 783
1535650 785
1535660 787
1535670 787
1535680 788
1535690 788
1535700 789
1535710 789
1535720 791
1535730 793
1535740 793
1535750 795
1535760 796
1535770 796
1535780 799
1535790 803
1535800 803
1535810 807
1535820 813
1535830 813
1535840 819
1535850 824
1535860 828
1535870 828
1535880 832
1535890 837
1535900 837
1535910 841
1535920 845
1535930 845
1535940 849
1535950 851
1535960 851
1535970 853
1535980 856
1535990 856
1536000 859
1536010 863
1536020 864
1536030 864
1536040 865
1536050 867
1536060 867
1536070 870
1536080 872
1536090 872
1536100 875
1536110 879
1536120 879
1536130 883
1536140 887
1536150 887
1536160 893
1536170 897
1536180 900
1536190 900
1536200 902
1536210 902
1536220 902
1536230 902
1536240 903
1536250 903
1536260 904
1536270 905
1536280 905
1536290 907
1536300 909
1536310 909
1536320 912
1536330 915
1536340 918
1536350 918
1536360 921
1536370 924
1536380 924
1536390 927
1536400 930
1536410 930
1536420 933
1536430 936
1536440 936
1536450 939
1536460 945
1536470 945
1536480 952
1536490 959
1536500 959
1536510 965
1536520 969
1536530 972
1536540 972
1536550 974
1536560 976
1536570 976
1536580 979
1536590 984
1536600 984
1536610 989
1536620 995
1536630 995
1536640 1003
1536650 1014
1536660 1014
1536670 1025
1536680 1030
1536690 1033
1536700 1033
1536710 1036
1536720 1039
1536730 1039
1536740 1041
1536750 1043
1536760 1043
1536770 1045
1536780 1046
1536790 1046
1536800 1048
1536810 1050
1536820 1050
1536830 1052
1536840 1054
1536850 1058
1536860 1058
1536870 1063
1536880 1068
1536890 1068
1536900 1074
1536910 1079
1536920 1079
1536930 1083
1536940 1086
1536950 1086
1536960 1090
1536970 1097
1536980 1097
1536990 1106
1537000 1115
1537010 1119
1537020 1119
1537030 1119
1537040 1121
1537050 1121
1537060 1124
1537070 1127
1537080 1127
1537090 1129
1537100 1131
1537110 1131
1537120 1134
1537130 1136
1537140 1136
1537150 1137
1537160 1135
1537170 1133
1537180 1133
1537190 1131
1537200 1131
1537210 1131
1537220 1131
1537230 1131
1537240 1131
1537250 1132
1537260 1133
1537270 1133
1537280 1133
1537290 1133
1537300 1133
1537310 1133
1537320 1133
1537330 1133
1537340 1133
1537350 1134
1537360 1136
1537370 1136
1537380 1137
1537390 1137
1537400 1137
1537410 1135
1537420 1132
1537430 1132
1537440 1130
1537450 1128
1537460 1128
1537470 1128
1537480 1129
1537490 1131
1537500 1131
1537510 1133
1537520 1135
1537530 1135
1537540 1137
1537550 1139
1537560 1139
1537570 1141
1537580 1141
1537590 1141
1537600 1140
1537610 1141
1537620 1141
1537630 1143
1537640 1145
1537650 1147
1537660 1147
1537670 1149
1537680 1152
1537690 1152
1537700 1156
1537710 1161
1537720 1161
1537730 1163
1537740 1164
1537750 1164
1537760 1163
1537770 1161
1537780 1161
1537790 1158
1537800 1155
1537810 1153
1537820 1153
1537830 1152
1537840 1151
1537850 1151
1537860 1153
1537870 1157
1537880 1157
1537890 1159
1537900 1160
1537910 1160
1537920 1161
1537930 1164
1537940 1164
1537950 1165
1537960 1168
1537970 1172
1537980 1172
1537990 1172
1538000 1170
1538010 1170
1538020 1167
1538030 1170
1538040 1170
1538050 1175
1538060 1178
1538070 1178
1538080 1179
1538090 1181
1538100 1181
1538110 1183
1538120 1184
1538130 1183
1538140 1183
1538150 1181
1538160 1183
1538170 1183
1538180 1182
1538190 1179
1538200 1179
1538210 1177
1538220 1174
1538230 1174
1538240 1174
1538250 1174
1538260 1174
1538270 1175
1538280 1176
1538290 1178
1538300 1178
1538310 1179
1538320 1179
1538330 1179
1538340 1180
1538350 1181
1538360 1181
1538370 1182
1538380 1181
1538390 1181
1538400 1180
1538410 1179
1538420 1179
1538430 1179
1538440 1179
1538450 1179
1538460 1179
1538470 1179
1538480 1178
1538490 1178
1538500 1178
1538510 1178
1538520 1178
1538530 1178
1538540 1178
1538550 1178
1538560 1178
1538570 1178
1538580 1178
1538590 1177
1538600 1177
1538610 1177
1538620 1177
1538630 1177
1538640 1178
1538650 1178
1538660 1179
1538670 1180
1538680 1180
1538690 1182
1538700 1184
1538710 1184
1538720 1184
1538730 1184
1538740 1184
1538750 1185
1538760 1186
1538770 1187
1538780 1187
1538790 1188
1538800 1187
1538810 1187
1538820 1186
1538830 1186
1538840 1186
1538850 1185
1538860 1184
1538870 1184
1538880 1181
1538890 1175
1538900 1175
1538910 1171
1538920 1169
1538930 1167
1538940 1167
1538950 1166
1538960 1166
1538970 1166
1538980 1165
1538990 1165
1539000 1165
1539010 1165
1539020 1166
1539030 1166
1539040 1166
1539050 1166
1539060 1166
1539070 1166
1539080 1166
1539090 1165
1539100 1165
1539110 1166
1539120 1166
1539130 1166
1539140 1166
1539150 1166
1539160 1166
1539170 1165
1539180 1164
1539190 1164
1539200 1163
1539210 1163
1539220 1163
1539230 1162
1539240 1159
1539250 1156
1539260 1156
1539270 1151
1539280 1148
1539290 1148
1539300 1146
1539310 1145
1539320 1145
1539330 1144
1539340 1143
1539350 1143
1539360 1142
1539370 1142
1539380 1142
1539390 1142
1539400 1141
1539410 1142
1539420 1142
1539430 1143
1539440 1142
1539450 1142
1539460 1142
1539470 1141
1539480 1141
1539490 1140
1539500 1142
1539510 1142
1539520 1142
1539530 1140
1539540 1140
1539550 1138
1539560 1137
1539570 1136
1539580 1136
1539590 1136
1539600 1136
1539610 1136
1539620 1136
1539630 1136
1539640 1136
1539650 1134
1539660 1132
1539670 1132
1539680 1130
1539690 1128
1539700 1128
1539710 1127
1539720 1125
1539730 1125
1539740 1125
1539750 1123
1539760 1123
1539770 1123
1539780 1123
1539790 1123
1539800 1123
1539810 1124
1539820 1125
1539830 1125
1539840 1127
1539850 1128
1539860 1128
1539870 1129
1539880 1130
1539890 1130
1539900 1130
1539910 1131
1539920 1130
1539930 1130
1539940 1128
1539950 1126
1539960 1126
1539970 1124
1539980 1123
1539990 1123
