1520000 772
1520010 767
1520020 767
1520030 759
1520040 755
1520050 755
1520060 752
1520070 749
1520080 749
1520090 749
1520100 749
1520110 749
1520120 749
1520130 747
1520140 742
1520150 742
1520160 736
1520170 734
1520180 734
1520190 735
1520200 742
1520210 742
1520220 748
1520230 752
1520240 755
1520250 755
1520260 757
1520270 757
1520280 757
1520290 756
1520300 753
1520310 753
1520320 758
1520330 766
1520340 766
1520350 771
1520360 778
1520370 778
1520380 784
1520390 791
1520400 798
1520410 798
1520420 803
1520430 808
1520440 808
1520450 814
1520460 817
1520470 817
1520480 816
1520490 815
1520500 815
1520510 813
1520520 813
1520530 813
1520540 812
1520550 810
1520560 805
1520570 805
1520580 801
1520590 798
1520600 798
1520610 795
1520620 791
1520630 791
1520640 788
1520650 784
1520660 784
1520670 781
1520680 778
1520690 778
1520700 777
1520710 776
1520720 776
1520730 776
1520740 776
1520750 775
1520760 775
1520770 775
1520780 775
1520790 775
1520800 775
1520810 773
1520820 773
1520830 770
1520840 766
1520850 766
1520860 761
1520870 757
1520880 757
1520890 757
1520900 757
1520910 756
1520920 756
1520930 755
1520940 752
1520950 752
1520960 749
1520970 746
1520980 746
1520990 742
1521000 737
1521010 737
1521020 731
1521030 729
1521040 728
1521050 728
1521060 723
1521070 719
1521080 719
1521090 715
1521100 711
1521110 711
1521120 707
1521130 703
1521140 703
1521150 701
1521160 699
1521170 699
1521180 698
1521190 696
1521200 695
1521210 695
1521220 693
1521230 692
1521240 692
1521250 690
1521260 687
1521270 687
1521280 681
1521290 674
1521300 674
1521310 671
1521320 672
1521330 672
1521340 673
1521350 673
1521360 673
1521370 673
1521380 673
1521390 673
1521400 673
1521410 675
1521420 676
1521430 676
1521440 680
1521450 687
1521460 687
1521470 694
1521480 698
1521490 698
1521500 702
1521510 704
1521520 704
1521530 704
1521540 702
1521550 699
1521560 699
1521570 701
1521580 705
1521590 705
1521600 705
1521610 704
1521620 704
1521630 703
1521640 704
1521650 704
1521660 709
1521670 711
1521680 716
1521690 716
1521700 721
1521710 724
1521720 724
1521730 725
1521740 727
1521750 727
1521760 729
1521770 728
1521780 728
1521790 723
1521800 721
1521810 721
1521820 723
1521830 726
1521840 729
1521850 729
1521860 733
1521870 737
1521880 737
1521890 741
1521900 744
1521910 744
1521920 747
1521930 751
1521940 751
1521950 756
1521960 761
1521970 761
1521980 766
1521990 771
1522000 771
1522010 776
1522020 781
1522030 787
1522040 787
1522050 791
1522060 795
1522070 795
1522080 799
1522090 802
1522100 802
1522110 805
1522120 807
1522130 807
1522140 809
1522150 812
1522160 812
1522170 816
1522180 821
1522190 826
1522200 826
1522210 831
1522220 835
1522230 835
1522240 839
1522250 843
1522260 843
1522270 846
1522280 849
1522290 849
1522300 852
1522310 855
1522320 855
1522330 858
1522340 861
1522350 864
1522360 864
1522370 867
1522380 869
1522390 869
1522400 870
1522410 871
1522420 871
1522430 872
1522440 872
1522450 872
1522460 873
1522470 879
1522480 879
1522490 884
1522500 888
1522510 892
1522520 892
1522530 896
1522540 901
1522550 901
1522560 905
1522570 906
1522580 906
1522590 910
1522600 917
1522610 917
1522620 922
1522630 929
1522640 929
1522650 935
1522660 942
1522670 948
1522680 948
1522690 953
1522700 959
1522710 959
1522720 964
1522730 968
1522740 968
1522750 971
1522760 974
1522770 974
1522780 977
1522790 980
1522800 980
1522810 983
1522820 987
1522830 989
1522840 989
1522850 992
1522860 994
1522870 994
1522880 997
1522890 999
1522900 999
1522910 1002
1522920 1004
1522930 1004
1522940 1007
1522950 1009
1522960 1009
1522970 1012
1522980 1014
1522990 1017
1523000 1017
1523010 1019
1523020 1021
1523030 1021
1523040 1022
1523050 1025
1523060 1025
1523070 1025
1523080 1025
1523090 1025
1523100 1026
1523110 1027
1523120 1027
1523130 1028
1523140 1029
1523150 1031
1523160 1031
1523170 1033
1523180 1037
1523190 1037
1523200 1040
1523210 1044
1523220 1044
1523230 1049
1523240 1054
1523250 1054
1523260 1060
1523270 1065
1523280 1065
1523290 1071
1523300 1077
1523310 1083
1523320 1083
1523330 1091
1523340 1097
1523350 1097
1523360 1101
1523370 1106
1523380 1106
1523390 1111
1523400 1115
1523410 1115
1523420 1121
1523430 1125
1523440 1125
1523450 1129
1523460 1132
1523470 1134
1523480 1134
1523490 1135
1523500 1139
1523510 1139
1523520 1141
1523530 1143
1523540 1143
1523550 1143
1523560 1140
1523570 1140
1523580 1139
1523590 1141
1523600 1141
1523610 1142
1523620 1138
1523630 1133
1523640 1133
1523650 1130
1523660 1127
1523670 1127
1523680 1123
1523690 1120
1523700 1120
1523710 1116
1523720 1112
1523730 1112
1523740 1109
1523750 1108
1523760 1108
1523770 1110
1523780 1113
1523790 1113
1523800 1113
1523810 1110
1523820 1108
1523830 1108
1523840 1105
1523850 1101
1523860 1101
1523870 1097
1523880 1093
1523890 1093
1523900 1087
1523910 1083
1523920 1083
1523930 1080
1523940 1078
1523950 1077
1523960 1077
1523970 1075
1523980 1072
1523990 1072
1524000 1069
1524010 1063
1524020 1063
1524030 1059
1524040 1054
1524050 1054
1524060 1050
1524070 1046
1524080 1046
1524090 1043
1524100 1041
1524110 1038
1524120 1038
1524130 1036
1524140 1033
1524150 1033
1524160 1029
1524170 1024
1524180 1024
1524190 1020
1524200 1015
1524210 1015
1524220 1011
1524230 1007
1524240 1007
1524250 1003
1524260 1002
1524270 999
1524280 999
1524290 995
1524300 990
1524310 990
1524320 986
1524330 982
1524340 982
1524350 975
1524360 968
1524370 968
1524380 962
1524390 957
1524400 957
1524410 952
1524420 947
1524430 943
1524440 943
1524450 939
1524460 936
1524470 936
1524480 934
1524490 932
1524500 932
1524510 929
1524520 928
1524530 928
1524540 926
1524550 925
1524560 925
1524570 924
1524580 923
1524590 920
1524600 920
1524610 915
1524620 912
1524630 912
1524640 910
1524650 908
1524660 908
1524670 907
1524680 907
1524690 907
1524700 905
1524710 904
1524720 904
1524730 902
1524740 900
1524750 896
1524760 896
1524770 892
1524780 887
1524790 887
1524800 884
1524810 881
1524820 881
1524830 879
1524840 877
1524850 877
1524860 873
1524870 868
1524880 868
1524890 862
1524900 856
1524910 852
1524920 852
1524930 851
1524940 850
1524950 850
1524960 849
1524970 847
1524980 847
1524990 844
1525000 842
1525010 842
1525020 837
1525030 832
1525040 832
1525050 826
1525060 821
1525070 816
1525080 816
1525090 813
1525100 811
1525110 811
1525120 807
1525130 802
1525140 802
1525150 800
1525160 801
1525170 801
1525180 801
1525190 804
1525200 804
1525210 810
1525220 815
1525230 815
1525240 818
1525250 822
1525260 827
1525270 827
1525280 831
1525290 833
1525300 833
1525310 835
1525320 835
1525330 835
1525340 834
1525350 832
1525360 832
1525370 828
1525380 824
1525390 824
1525400 819
1525410 814
1525420 810
1525430 810
1525440 807
1525450 803
1525460 803
1525470 799
1525480 794
1525490 794
1525500 792
1525510 788
1525520 788
1525530 784
1525540 781
1525550 781
1525560 777
1525570 772
1525580 767
1525590 767
1525600 764
1525610 762
1525620 762
1525630 761
1525640 759
1525650 759
1525660 753
1525670 749
1525680 749
1525690 746
1525700 744
1525710 744
1525720 742
1525730 740
1525740 736
1525750 736
1525760 732
1525770 727
1525780 727
1525790 720
1525800 715
1525810 715
1525820 713
1525830 712
1525840 712
1525850 710
1525860 708
1525870 708
1525880 706
1525890 703
1525900 702
1525910 702
1525920 699
1525930 695
1525940 695
1525950 690
1525960 686
1525970 686
1525980 683
1525990 682
1526000 682
1526010 681
1526020 680
1526030 680
1526040 680
1526050 678
1526060 676
1526070 676
1526080 672
1526090 668
1526100 668
1526110 666
1526120 666
1526130 666
1526140 668
1526150 669
1526160 669
1526170 669
1526180 669
1526190 669
1526200 670
1526210 670
1526220 671
1526230 671
1526240 672
1526250 674
1526260 674
1526270 676
1526280 675
1526290 675
1526300 673
1526310 672
1526320 672
1526330 672
1526340 674
1526350 674
1526360 675
1526370 675
1526380 674
1526390 674
1526400 672
1526410 670
1526420 670
1526430 669
1526440 670
1526450 670
1526460 670
1526470 671
1526480 671
1526490 671
1526500 671
1526510 671
1526520 671
1526530 671
1526540 670
1526550 670
1526560 670
1526570 671
1526580 671
1526590 672
1526600 671
1526610 671
1526620 668
1526630 663
1526640 663
1526650 660
1526660 657
1526670 657
1526680 653
1526690 650
1526700 647
1526710 647
1526720 645
1526730 643
1526740 643
1526750 641
1526760 639
1526770 639
1526780 637
1526790 635
1526800 635
1526810 633
1526820 632
1526830 632
1526840 631
1526850 630
1526860 630
1526870 630
1526880 630
1526890 630
1526900 630
1526910 630
1526920 629
1526930 629
1526940 629
1526950 629
1526960 629
1526970 627
1526980 627
1526990 627
1527000 625
1527010 625
1527020 625
1527030 625
1527040 625
1527050 625
1527060 625
1527070 625
1527080 627
1527090 627
1527100 627
1527110 626
1527120 626
1527130 627
1527140 628
1527150 628
1527160 628
1527170 628
1527180 628
1527190 628
1527200 628
1527210 627
1527220 627
1527230 628
1527240 628
1527250 628
1527260 627
1527270 626
1527280 626
1527290 624
1527300 621
1527310 621
1527320 618
1527330 617
1527340 615
1527350 615
1527360 613
1527370 610
1527380 610
1527390 609
1527400 608
1527410 608
1527420 607
1527430 606
1527440 606
1527450 604
1527460 603
1527470 603
1527480 603
1527490 602
1527500 602
1527510 602
1527520 602
1527530 601
1527540 601
1527550 601
1527560 600
1527570 600
1527580 598
1527590 595
1527600 595
1527610 593
1527620 593
1527630 593
1527640 595
1527650 597
1527660 599
1527670 599
1527680 600
1527690 600
1527700 600
1527710 600
1527720 598
1527730 598
1527740 596
1527750 592
1527760 592
1527770 589
1527780 587
1527790 587
1527800 588
1527810 587
1527820 587
1527830 587
1527840 587
1527850 588
1527860 588
1527870 587
1527880 585
1527890 585
1527900 585
1527910 584
1527920 584
1527930 583
1527940 581
1527950 581
1527960 578
1527970 576
1527980 574
1527990 574
1528000 572
1528010 571
1528020 571
1528030 568
1528040 563
1528050 563
1528060 557
1528070 559
1528080 559
1528090 566
1528100 567
1528110 567
1528120 566
1528130 566
1528140 564
1528150 564
1528160 562
1528170 560
1528180 560
1528190 558
1528200 558
1528210 558
1528220 559
1528230 560
1528240 560
1528250 560
1528260 561
1528270 561
1528280 558
1528290 553
1528300 547
1528310 547
1528320 543
1528330 542
1528340 542
1528350 541
1528360 540
1528370 540
1528380 539
1528390 539
1528400 539
1528410 538
1528420 539
1528430 539
1528440 539
1528450 539
1528460 539
1528470 540
1528480 541
1528490 541
1528500 541
1528510 541
1528520 541
1528530 541
1528540 541
1528550 541
1528560 541
1528570 542
1528580 542
1528590 542
1528600 542
1528610 542
1528620 542
1528630 541
1528640 541
1528650 540
1528660 540
1528670 540
1528680 540
1528690 540
1528700 539
1528710 539
1528720 539
1528730 539
1528740 539
1528750 539
1528760 539
1528770 539
1528780 539
1528790 539
1528800 539
1528810 539
1528820 539
1528830 539
1528840 539
1528850 539
1528860 539
1528870 539
1528880 539
1528890 539
1528900 539
1528910 539
1528920 539
1528930 539
1528940 539
1528950 538
1528960 538
1528970 538
1528980 538
1528990 539
1529000 538
1529010 538
1529020 538
1529030 539
1529040 539
1529050 540
1529060 538
1529070 538
1529080 536
1529090 533
1529100 533
1529110 531
1529120 528
1529130 525
1529140 525
1529150 522
1529160 519
1529170 519
1529180 516
1529190 514
1529200 514
1529210 511
1529220 509
1529230 509
1529240 506
1529250 504
1529260 504
1529270 501
1529280 500
1529290 500
1529300 500
1529310 500
1529320 500
1529330 500
1529340 500
1529350 500
1529360 500
1529370 500
1529380 500
1529390 500
1529400 500
1529410 500
1529420 500
1529430 500
1529440 500
1529450 500
1529460 500
1529470 500
1529480 500
1529490 500
1529500 500
1529510 500
1529520 500
1529530 500
1529540 500
1529550 500
1529560 500
1529570 500
1529580 500
1529590 500
1529600 500
1529610 500
1529620 500
1529630 500
1529640 500
1529650 500
1529660 500
1529670 500
1529680 500
1529690 500
1529700 500
1529710 500
1529720 500
1529730 500
1529740 500
1529750 500
1529760 500
1529770 500
1529780 500
1529790 500
1529800 500
1529810 500
1529820 500
1529830 500
1529840 500
1529850 500
1529860 500
1529870 500
1529880 500
1529890 500
1529900 500
1529910 500
1529920 500
1529930 500
1529940 500
1529950 500
1529960 500
1529970 500
1529980 500
1529990 500
1530000 500
1530010 500
1530020 500
1530030 500
1530040 500
1530050 500
1530060 500
1530070 500
1530080 500
1530090 500
1530100 500
1530110 500
1530120 500
1530130 500
1530140 500
1530150 500
1530160 500
1530170 500
1530180 500
1530190 500
1530200 500
1530210 500
1530220 500
1530230 500
1530240 497
1530250 496
1530260 496
1530270 495
1530280 495
1530290 495
1530300 495
1530310 495
1530320 495
1530330 495
1530340 495
1530350 495
1530360 495
1530370 496
1530380 496
1530390 499
1530400 500
1530410 500
1530420 500
1530430 500
1530440 499
1530450 499
1530460 499
1530470 500
1530480 500
1530490 499
1530500 499
1530510 499
1530520 499
1530530 499
1530540 499
1530550 499
1530560 499
1530570 499
1530580 499
1530590 499
1530600 499
1530610 499
1530620 499
1530630 499
1530640 499
1530650 499
1530660 499
1530670 499
1530680 499
1530690 499
1530700 499
1530710 499
1530720 499
1530730 499
1530740 499
1530750 499
1530760 499
1530770 499
1530780 499
1530790 499
1530800 499
1530810 499
1530820 499
1530830 499
1530840 499
1530850 499
1530860 499
1530870 499
1530880 499
1530890 499
1530900 499
1530910 499
1530920 499
1530930 499
1530940 500
1530950 500
1530960 500
1530970 499
1530980 499
1530990 499
1531000 500
1531010 500
1531020 500
1531030 501
1531040 501
1531050 500
1531060 500
1531070 500
1531080 501
1531090 501
1531100 504
1531110 508
1531120 508
1531130 509
1531140 510
1531150 510
1531160 510
1531170 511
1531180 511
1531190 512
1531200 513
1531210 514
1531220 514
1531230 516
1531240 516
1531250 516
1531260 517
1531270 517
1531280 517
1531290 518
1531300 519
1531310 519
1531320 520
1531330 521
1531340 521
1531350 522
1531360 523
1531370 524
1531380 524
1531390 525
1531400 526
1531410 526
1531420 526
1531430 527
1531440 527
1531450 528
1531460 528
1531470 528
1531480 529
1531490 530
1531500 530
1531510 529
1531520 529
1531530 529
1531540 529
1531550 530
1531560 532
1531570 532
1531580 533
1531590 534
1531600 534
1531610 535
1531620 535
1531630 535
1531640 536
1531650 537
1531660 537
1531670 538
1531680 539
1531690 539
1531700 539
1531710 539
1531720 540
1531730 540
1531740 540
1531750 541
1531760 541
1531770 541
1531780 542
1531790 542
1531800 542
1531810 542
1531820 542
1531830 542
1531840 542
1531850 542
1531860 542
1531870 542
1531880 543
1531890 543
1531900 543
1531910 543
1531920 543
1531930 543
1531940 542
1531950 542
1531960 542
1531970 542
1531980 542
1531990 542
1532000 542
1532010 542
1532020 542
1532030 542
1532040 543
1532050 543
1532060 543
1532070 544
1532080 544
1532090 544
1532100 543
1532110 543
1532120 543
1532130 542
1532140 542
1532150 542
1532160 541
1532170 541
1532180 541
1532190 541
1532200 540
1532210 540
1532220 540
1532230 540
1532240 540
1532250 540
1532260 540
1532270 540
1532280 541
1532290 540
1532300 540
1532310 539
1532320 539
1532330 539
1532340 538
1532350 537
1532360 536
1532370 536
1532380 536
1532390 535
1532400 535
1532410 534
1532420 534
1532430 534
1532440 533
1532450 533
1532460 533
1532470 532
1532480 530
1532490 530
1532500 529
1532510 529
1532520 528
1532530 528
1532540 527
1532550 526
1532560 526
1532570 525
1532580 523
1532590 523
1532600 521
1532610 521
1532620 521
1532630 520
1532640 520
1532650 520
1532660 520
1532670 520
1532680 520
1532690 520
1532700 519
1532710 522
1532720 522
1532730 528
1532740 530
1532750 530
1532760 530
1532770 531
1532780 531
1532790 532
1532800 533
1532810 533
1532820 533
1532830 534
1532840 532
1532850 532
1532860 530
1532870 531
1532880 531
1532890 525
1532900 528
1532910 528
1532920 527
1532930 526
1532940 526
1532950 524
1532960 522
1532970 522
1532980 523
1532990 523
1533000 523
1533010 523
1533020 523
1533030 523
1533040 523
1533050 524
1533060 527
1533070 527
1533080 532
1533090 535
1533100 535
1533110 535
1533120 536
1533130 536
1533140 538
1533150 540
1533160 541
1533170 541
1533180 541
1533190 538
1533200 538
1533210 532
1533220 530
1533230 530
1533240 530
1533250 530
1533260 530
1533270 530
1533280 530
1533290 530
1533300 530
1533310 530
1533320 530
1533330 530
1533340 531
1533350 533
1533360 533
1533370 534
1533380 532
1533390 532
1533400 532
1533410 532
1533420 532
1533430 531
1533440 531
1533450 531
1533460 531
1533470 531
1533480 531
1533490 531
1533500 531
1533510 531
1533520 531
1533530 531
1533540 531
1533550 531
1533560 532
1533570 532
1533580 532
1533590 532
1533600 532
1533610 532
1533620 533
1533630 533
1533640 533
1533650 533
1533660 533
1533670 533
1533680 533
1533690 534
1533700 534
1533710 534
1533720 534
1533730 534
1533740 534
1533750 534
1533760 535
1533770 535
1533780 535
1533790 535
1533800 535
1533810 535
1533820 535
1533830 535
1533840 535
1533850 535
1533860 536
1533870 536
1533880 536
1533890 536
1533900 536
1533910 536
1533920 536
1533930 536
1533940 537
1533950 537
1533960 537
1533970 537
1533980 538
1533990 538
1534000 538
1534010 538
1534020 538
1534030 538
1534040 538
1534050 538
1534060 538
1534070 539
1534080 539
1534090 539
1534100 539
1534110 540
1534120 541
1534130 541
1534140 543
1534150 544
1534160 544
1534170 547
1534180 549
1534190 549
1534200 550
1534210 552
1534220 552
1534230 554
1534240 556
1534250 556
1534260 558
1534270 559
1534280 560
1534290 560
1534300 562
1534310 563
1534320 563
1534330 564
1534340 566
1534350 566
1534360 568
1534370 569
1534380 569
1534390 568
1534400 566
1534410 566
1534420 565
1534430 566
1534440 568
1534450 568
1534460 569
1534470 570
1534480 570
1534490 571
1534500 573
1534510 573
1534520 576
1534530 579
1534540 579
1534550 584
1534560 588
1534570 588
1534580 587
1534590 584
1534600 581
1534610 581
1534620 580
1534630 581
1534640 581
1534650 581
1534660 580
1534670 580
1534680 577
1534690 576
1534700 576
1534710 575
1534720 576
1534730 576
1534740 578
1534750 581
1534760 582
1534770 582
1534780 581
1534790 578
1534800 578
1534810 575
1534820 575
1534830 575
1534840 574
1534850 574
1534860 574
1534870 574
1534880 575
1534890 575
1534900 575
1534910 573
1534920 574
1534930 574
1534940 574
1534950 576
1534960 576
1534970 580
1534980 583
1534990 583
1535000 584
1535010 584
1535020 584
1535030 586
1535040 589
1535050 589
1535060 589
1535070 591
1535080 591
1535090 595
1535100 598
1535110 600
1535120 600
1535130 602
1535140 605
1535150 605
1535160 606
1535170 609
1535180 609
1535190 612
1535200 613
1535210 613
1535220 614
1535230 616
1535240 616
1535250 618
1535260 618
1535270 620
1535280 620
1535290 625
1535300 631
1535310 631
1535320 638
1535330 643
1535340 643
1535350 647
1535360 654
1535370 654
1535380 658
1535390 660
1535400 660
1535410 667
1535420 673
1535430 674
1535440 674
1535450 673
1535460 674
1535470 674
1535480 676
1535490 675
1535500 675
1535510 673
1535520 674
1535530 674
1535540 675
1535550 675
1535560 675
1535570 675
1535580 675
1535590 675
1535600 675
1535610 675
1535620 680
1535630 680
1535640 685
1535650 686
1535660 686
1535670 687
1535680 691
1535690 691
1535700 698
1535710 703
1535720 703
1535730 706
1535740 708
1535750 709
1535760 709
1535770 710
1535780 710
1535790 710
1535800 710
1535810 710
1535820 710
1535830 709
1535840 709
1535850 709
1535860 710
1535870 712
1535880 712
1535890 716
1535900 720
1535910 725
1535920 725
1535930 731
1535940 736
1535950 736
1535960 740
1535970 746
1535980 746
1535990 753
1536000 759
1536010 759
1536020 765
1536030 773
1536040 773
1536050 779
1536060 784
1536070 790
1536080 790
1536090 796
1536100 802
1536110 802
1536120 809
1536130 814
1536140 814
1536150 819
1536160 826
1536170 826
1536180 831
1536190 835
1536200 835
1536210 840
1536220 844
1536230 848
1536240 848
1536250 853
1536260 856
1536270 856
1536280 860
1536290 865
1536300 865
1536310 869
1536320 874
1536330 874
1536340 879
1536350 885
1536360 885
1536370 889
1536380 894
1536390 900
1536400 900
1536410 906
1536420 911
1536430 911
1536440 917
1536450 923
1536460 923
1536470 929
1536480 936
1536490 936
1536500 942
1536510 948
1536520 948
1536530 954
1536540 959
1536550 962
1536560 962
1536570 966
1536580 970
1536590 970
1536600 974
1536610 979
1536620 979
1536630 985
1536640 989
1536650 989
1536660 994
1536670 999
1536680 999
1536690 1005
1536700 1010
1536710 1015
1536720 1015
1536730 1021
1536740 1027
1536750 1027
1536760 1034
1536770 1041
1536780 1041
1536790 1048
1536800 1054
1536810 1054
1536820 1060
1536830 1066
1536840 1066
1536850 1073
1536860 1081
1536870 1089
1536880 1089
1536890 1096
1536900 1104
1536910 1104
1536920 1110
1536930 1113
1536940 1113
1536950 1116
1536960 1121
1536970 1121
1536980 1127
1536990 1132
1537000 1132
1537010 1137
1537020 1142
1537030 1145
1537040 1145
1537050 1147
1537060 1147
1537070 1147
1537080 1143
1537090 1140
1537100 1140
1537110 1140
1537120 1138
1537130 1138
1537140 1135
1537150 1131
1537160 1131
1537170 1128
1537180 1125
1537190 1125
1537200 1125
1537210 1123
1537220 1122
1537230 1122
1537240 1121
1537250 1119
1537260 1119
1537270 1115
1537280 1111
1537290 1111
1537300 1106
1537310 1105
1537320 1105
1537330 1103
1537340 1099
1537350 1098
1537360 1098
1537370 1096
1537380 1093
1537390 1093
1537400 1087
1537410 1080
1537420 1080
1537430 1078
1537440 1076
1537450 1076
1537460 1071
1537470 1069
1537480 1069
1537490 1068
1537500 1068
1537510 1068
1537520 1068
1537530 1068
1537540 1069
1537550 1069
1537560 1070
1537570 1072
1537580 1072
1537590 1074
1537600 1076
1537610 1076
1537620 1077
1537630 1079
1537640 1079
1537650 1083
1537660 1087
1537670 1090
1537680 1090
1537690 1093
1537700 1097
1537710 1097
1537720 1100
1537730 1101
1537740 1101
1537750 1103
1537760 1103
1537770 1103
1537780 1103
1537790 1103
1537800 1103
1537810 1103
1537820 1104
1537830 1106
1537840 1106
1537850 1105
1537860 1104
1537870 1104
1537880 1102
1537890 1101
1537900 1101
1537910 1100
1537920 1100
1537930 1100
1537940 1101
1537950 1101
1537960 1101
1537970 1103
1537980 1105
1537990 1105
1538000 1105
1538010 1104
1538020 1101
1538030 1101
1538040 1098
1538050 1096
1538060 1096
1538070 1097
1538080 1100
1538090 1100
1538100 1101
1538110 1101
1538120 1101
1538130 1102
1538140 1105
1538150 1110
1538160 1110
1538170 1112
1538180 1111
1538190 1111
1538200 1109
1538210 1111
1538220 1111
1538230 1112
1538240 1111
1538250 1111
1538260 1108
1538270 1103
1538280 1103
1538290 1097
1538300 1092
1538310 1090
1538320 1090
1538330 1090
1538340 1088
1538350 1088
1538360 1085
1538370 1083
1538380 1083
1538390 1080
1538400 1076
1538410 1076
1538420 1072
1538430 1070
1538440 1070
1538450 1071
1538460 1070
1538470 1070
1538480 1066
1538490 1064
1538500 1065
1538510 1065
1538520 1067
1538530 1069
1538540 1069
1538550 1070
1538560 1072
1538570 1072
1538580 1075
1538590 1078
1538600 1078
1538610 1082
1538620 1086
1538630 1086
1538640 1088
1538650 1089
1538660 1088
1538670 1088
1538680 1087
1538690 1088
1538700 1088
1538710 1091
1538720 1094
1538730 1094
1538740 1097
1538750 1100
1538760 1100
1538770 1103
1538780 1106
1538790 1106
1538800 1110
1538810 1113
1538820 1116
1538830 1116
1538840 1119
1538850 1122
1538860 1122
1538870 1124
1538880 1126
1538890 1126
1538900 1128
1538910 1131
1538920 1131
1538930 1133
1538940 1135
1538950 1135
1538960 1137
1538970 1138
1538980 1137
1538990 1137
1539000 1136
1539010 1133
1539020 1133
1539030 1132
1539040 1131
1539050 1131
1539060 1131
1539070 1130
1539080 1130
1539090 1130
1539100 1129
1539110 1129
1539120 1128
1539130 1129
1539140 1129
1539150 1129
1539160 1128
1539170 1128
1539180 1128
1539190 1128
1539200 1128
1539210 1128
1539220 1128
1539230 1127
1539240 1127
1539250 1126
1539260 1126
1539270 1126
1539280 1125
1539290 1121
1539300 1118
1539310 1118
1539320 1115
1539330 1111
1539340 1111
1539350 1107
1539360 1104
1539370 1104
1539380 1101
1539390 1099
1539400 1099
1539410 1098
1539420 1097
1539430 1097
1539440 1093
1539450 1090
1539460 1085
1539470 1085
1539480 1081
1539490 1077
1539500 1077
1539510 1071
1539520 1066
1539530 1066
1539540 1064
1539550 1062
1539560 1062
1539570 1061
1539580 1061
1539590 1061
1539600 1061
1539610 1060
1539620 1059
1539630 1059
1539640 1057
1539650 1053
1539660 1053
1539670 1050
1539680 1048
1539690 1048
1539700 1047
1539710 1049
1539720 1049
1539730 1049
1539740 1048
1539750 1048
1539760 1048
1539770 1050
1539780 1052
1539790 1052
1539800 1052
1539810 1049
1539820 1049
1539830 1046
1539840 1042
1539850 1042
1539860 1037
1539870 1033
1539880 1033
1539890 1029
1539900 1026
1539910 1026
1539920 1024
1539930 1023
1539940 1021
1539950 1021
1539960 1018
1539970 1014
1539980 1014
1539990 1009
