1520000 701
1520010 701
1520020 701
1520030 700
1520040 700
1520050 699
1520060 698
1520070 698
1520080 698
1520090 690
1520100 678
1520110 678
1520120 669
1520130 659
1520140 659
1520150 651
1520160 642
1520170 642
1520180 634
1520190 626
1520200 626
1520210 620
1520220 628
1520230 628
1520240 646
1520250 652
1520260 652
1520270 650
1520280 647
1520290 641
1520300 641
1520310 643
1520320 649
1520330 649
1520340 657
1520350 668
1520360 668
1520370 679
1520380 687
1520390 687
1520400 686
1520410 684
1520420 684
1520430 687
1520440 688
1520450 688
1520460 688
1520470 690
1520480 689
1520490 689
1520500 687
1520510 684
1520520 684
1520530 681
1520540 676
1520550 676
1520560 672
1520570 666
1520580 666
1520590 657
1520600 647
1520610 637
1520620 637
1520630 628
1520640 618
1520650 618
1520660 607
1520670 595
1520680 595
1520690 585
1520700 589
1520710 589
1520720 597
1520730 605
1520740 605
1520750 613
1520760 623
1520770 631
1520780 631
1520790 640
1520800 648
1520810 648
1520820 656
1520830 664
1520840 664
1520850 672
1520860 679
1520870 679
1520880 685
1520890 691
1520900 691
1520910 698
1520920 703
1520930 709
1520940 709
1520950 715
1520960 721
1520970 721
1520980 727
1520990 734
1521000 734
1521010 739
1521020 743
1521030 743
1521040 744
1521050 744
1521060 744
1521070 744
1521080 744
1521090 745
1521100 745
1521110 747
1521120 752
1521130 752
1521140 759
1521150 764
1521160 764
1521170 767
1521180 771
1521190 771
1521200 775
1521210 779
1521220 779
1521230 781
1521240 784
1521250 788
1521260 788
1521270 793
1521280 798
1521290 798
1521300 803
1521310 809
1521320 809
1521330 816
1521340 822
1521350 822
1521360 825
1521370 826
1521380 826
1521390 828
1521400 829
1521410 833
1521420 833
1521430 838
1521440 840
1521450 840
1521460 841
1521470 841
1521480 841
1521490 841
1521500 843
1521510 843
1521520 846
1521530 848
1521540 848
1521550 850
1521560 853
1521570 856
1521580 856
1521590 859
1521600 862
1521610 862
1521620 864
1521630 866
1521640 866
1521650 866
1521660 866
1521670 866
1521680 867
1521690 868
1521700 868
1521710 869
1521720 870
1521730 871
1521740 871
1521750 873
1521760 875
1521770 875
1521780 877
1521790 879
1521800 879
1521810 881
1521820 884
1521830 884
1521840 888
1521850 890
1521860 890
1521870 891
1521880 893
1521890 894
1521900 894
1521910 895
1521920 899
1521930 899
1521940 903
1521950 905
1521960 905
1521970 907
1521980 909
1521990 909
1522000 910
1522010 911
1522020 911
1522030 911
1522040 911
1522050 911
1522060 911
1522070 911
1522080 910
1522090 910
1522100 908
1522110 905
1522120 905
1522130 902
1522140 900
1522150 900
1522160 901
1522170 903
1522180 903
1522190 903
1522200 904
1522210 905
1522220 905
1522230 906
1522240 907
1522250 907
1522260 908
1522270 908
1522280 908
1522290 909
1522300 909
1522310 909
1522320 908
1522330 907
1522340 907
1522350 908
1522360 909
1522370 910
1522380 910
1522390 909
1522400 908
1522410 908
1522420 907
1522430 906
1522440 906
1522450 905
1522460 904
1522470 904
1522480 903
1522490 903
1522500 903
1522510 901
1522520 896
1522530 896
1522540 894
1522550 889
1522560 887
1522570 887
1522580 886
1522590 884
1522600 884
1522610 881
1522620 877
1522630 877
1522640 875
1522650 873
1522660 873
1522670 871
1522680 870
1522690 870
1522700 868
1522710 868
1522720 869
1522730 869
1522740 871
1522750 874
1522760 874
1522770 874
1522780 874
1522790 874
1522800 874
1522810 874
1522820 874
1522830 873
1522840 874
1522850 874
1522860 873
1522870 870
1522880 866
1522890 866
1522900 860
1522910 854
1522920 854
1522930 849
1522940 843
1522950 843
1522960 838
1522970 833
1522980 833
1522990 831
1523000 832
1523010 832
1523020 834
1523030 836
1523040 838
1523050 838
1523060 842
1523070 843
1523080 843
1523090 843
1523100 841
1523110 841
1523120 838
1523130 832
1523140 832
1523150 826
1523160 823
1523170 823
1523180 822
1523190 821
1523200 821
1523210 821
1523220 820
1523230 819
1523240 819
1523250 819
1523260 819
1523270 819
1523280 820
1523290 821
1523300 821
1523310 821
1523320 820
1523330 820
1523340 819
1523350 819
1523360 818
1523370 818
1523380 818
1523390 818
1523400 818
1523410 820
1523420 822
1523430 822
1523440 825
1523450 828
1523460 828
1523470 830
1523480 832
1523490 832
1523500 833
1523510 833
1523520 833
1523530 833
1523540 832
1523550 832
1523560 832
1523570 830
1523580 829
1523590 829
1523600 826
1523610 822
1523620 822
1523630 816
1523640 812
1523650 812
1523660 807
1523670 804
1523680 800
1523690 800
1523700 795
1523710 789
1523720 789
1523730 783
1523740 778
1523750 778
1523760 773
1523770 768
1523780 768
1523790 763
1523800 758
1523810 758
1523820 753
1523830 748
1523840 744
1523850 744
1523860 739
1523870 737
1523880 737
1523890 734
1523900 731
1523910 731
1523920 727
1523930 723
1523940 723
1523950 719
1523960 715
1523970 715
1523980 709
1523990 704
1524000 700
1524010 700
1524020 697
1524030 695
1524040 695
1524050 692
1524060 689
1524070 689
1524080 687
1524090 685
1524100 685
1524110 683
1524120 681
1524130 681
1524140 678
1524150 676
1524160 673
1524170 673
1524180 670
1524190 666
1524200 666
1524210 663
1524220 662
1524230 662
1524240 661
1524250 660
1524260 660
1524270 657
1524280 655
1524290 655
1524300 653
1524310 651
1524320 648
1524330 648
1524340 646
1524350 644
1524360 644
1524370 643
1524380 644
1524390 644
1524400 646
1524410 648
1524420 648
1524430 651
1524440 657
1524450 657
1524460 658
1524470 657
1524480 658
1524490 658
1524500 658
1524510 657
1524520 657
1524530 656
1524540 656
1524550 656
1524560 656
1524570 656
1524580 656
1524590 657
1524600 661
1524610 661
1524620 664
1524630 662
1524640 662
1524650 659
1524660 656
1524670 652
1524680 652
1524690 649
1524700 646
1524710 646
1524720 645
1524730 645
1524740 645
1524750 643
1524760 640
1524770 640
1524780 637
1524790 634
1524800 634
1524810 631
1524820 628
1524830 624
1524840 624
1524850 621
1524860 617
1524870 617
1524880 616
1524890 616
1524900 616
1524910 616
1524920 616
1524930 616
1524940 616
1524950 616
1524960 616
1524970 619
1524980 621
1524990 620
1525000 620
1525010 618
1525020 617
1525030 617
1525040 616
1525050 614
1525060 614
1525070 613
1525080 611
1525090 611
1525100 607
1525110 604
1525120 604
1525130 600
1525140 598
1525150 594
1525160 594
1525170 590
1525180 587
1525190 587
1525200 584
1525210 580
1525220 580
1525230 578
1525240 576
1525250 576
1525260 573
1525270 570
1525280 570
1525290 567
1525300 564
1525310 561
1525320 561
1525330 557
1525340 555
1525350 555
1525360 553
1525370 553
1525380 553
1525390 553
1525400 552
1525410 552
1525420 550
1525430 547
1525440 547
1525450 546
1525460 545
1525470 544
1525480 544
1525490 544
1525500 543
1525510 543
1525520 543
1525530 542
1525540 542
1525550 540
1525560 540
1525570 540
1525580 540
1525590 540
1525600 540
1525610 540
1525620 540
1525630 540
1525640 540
1525650 540
1525660 540
1525670 540
1525680 540
1525690 540
1525700 540
1525710 541
1525720 541
1525730 541
1525740 541
1525750 541
1525760 541
1525770 540
1525780 535
1525790 528
1525800 528
1525810 523
1525820 521
1525830 521
1525840 520
1525850 519
1525860 519
1525870 518
1525880 517
1525890 517
1525900 516
1525910 514
1525920 514
1525930 510
1525940 507
1525950 506
1525960 506
1525970 506
1525980 506
1525990 506
1526000 506
1526010 505
1526020 505
1526030 505
1526040 504
1526050 504
1526060 504
1526070 504
1526080 504
1526090 503
1526100 503
1526110 503
1526120 503
1526130 503
1526140 503
1526150 503
1526160 503
1526170 502
1526180 502
1526190 502
1526200 502
1526210 502
1526220 503
1526230 503
1526240 503
1526250 503
1526260 504
1526270 506
1526280 506
1526290 507
1526300 505
1526310 505
1526320 505
1526330 505
1526340 505
1526350 505
1526360 505
1526370 505
1526380 505
1526390 505
1526400 505
1526410 505
1526420 505
1526430 505
1526440 505
1526450 505
1526460 505
1526470 505
1526480 505
1526490 505
1526500 505
1526510 505
1526520 505
1526530 505
1526540 506
1526550 505
1526560 505
1526570 503
1526580 502
1526590 502
1526600 502
1526610 502
1526620 502
1526630 502
1526640 502
1526650 502
1526660 502
1526670 502
1526680 502
1526690 502
1526700 502
1526710 502
1526720 502
1526730 503
1526740 502
1526750 502
1526760 502
1526770 502
1526780 502
1526790 502
1526800 502
1526810 502
1526820 502
1526830 502
1526840 502
1526850 502
1526860 502
1526870 502
1526880 502
1526890 502
1526900 502
1526910 502
1526920 502
1526930 502
1526940 502
1526950 502
1526960 502
1526970 502
1526980 502
1526990 502
1527000 502
1527010 502
1527020 502
1527030 502
1527040 502
1527050 502
1527060 502
1527070 502
1527080 502
1527090 502
1527100 502
1527110 502
1527120 502
1527130 502
1527140 502
1527150 502
1527160 502
1527170 502
1527180 502
1527190 502
1527200 502
1527210 502
1527220 502
1527230 502
1527240 502
1527250 502
1527260 502
1527270 502
1527280 502
1527290 502
1527300 502
1527310 502
1527320 502
1527330 502
1527340 502
1527350 502
1527360 502
1527370 501
1527380 501
1527390 501
1527400 501
1527410 501
1527420 501
1527430 501
1527440 501
1527450 501
1527460 501
1527470 501
1527480 501
1527490 501
1527500 501
1527510 501
1527520 501
1527530 501
1527540 501
1527550 501
1527560 501
1527570 501
1527580 501
1527590 501
1527600 501
1527610 502
1527620 502
1527630 502
1527640 502
1527650 502
1527660 502
1527670 501
1527680 501
1527690 501
1527700 501
1527710 501
1527720 501
1527730 501
1527740 501
1527750 501
1527760 501
1527770 501
1527780 501
1527790 501
1527800 501
1527810 501
1527820 501
1527830 501
1527840 501
1527850 501
1527860 501
1527870 501
1527880 501
1527890 501
1527900 501
1527910 501
1527920 501
1527930 501
1527940 501
1527950 501
1527960 501
1527970 501
1527980 501
1527990 501
1528000 501
1528010 502
1528020 502
1528030 502
1528040 502
1528050 502
1528060 502
1528070 502
1528080 502
1528090 502
1528100 502
1528110 501
1528120 500
1528130 500
1528140 499
1528150 500
1528160 500
1528170 500
1528180 499
1528190 499
1528200 499
1528210 499
1528220 501
1528230 501
1528240 502
1528250 502
1528260 502
1528270 502
1528280 502
1528290 502
1528300 503
1528310 502
1528320 502
1528330 502
1528340 501
1528350 501
1528360 501
1528370 501
1528380 501
1528390 501
1528400 501
1528410 501
1528420 501
1528430 501
1528440 501
1528450 501
1528460 501
1528470 501
1528480 501
1528490 501
1528500 501
1528510 501
1528520 501
1528530 501
1528540 501
1528550 501
1528560 501
1528570 501
1528580 501
1528590 501
1528600 501
1528610 501
1528620 501
1528630 501
1528640 501
1528650 501
1528660 501
1528670 501
1528680 501
1528690 501
1528700 501
1528710 501
1528720 501
1528730 501
1528740 501
1528750 501
1528760 501
1528770 501
1528780 501
1528790 501
1528800 501
1528810 501
1528820 500
1528830 500
1528840 500
1528850 500
1528860 500
1528870 500
1528880 500
1528890 501
1528900 501
1528910 501
1528920 502
1528930 502
1528940 503
1528950 502
1528960 502
1528970 502
1528980 502
1528990 502
1529000 502
1529010 501
1529020 501
1529030 501
1529040 501
1529050 501
1529060 501
1529070 501
1529080 501
1529090 501
1529100 501
1529110 500
1529120 500
1529130 500
1529140 500
1529150 500
1529160 500
1529170 500
1529180 500
1529190 500
1529200 500
1529210 500
1529220 500
1529230 500
1529240 500
1529250 500
1529260 500
1529270 500
1529280 500
1529290 500
1529300 500
1529310 500
1529320 500
1529330 500
1529340 500
1529350 500
1529360 500
1529370 500
1529380 500
1529390 500
1529400 500
1529410 500
1529420 500
1529430 500
1529440 500
1529450 500
1529460 500
1529470 500
1529480 500
1529490 501
1529500 501
1529510 503
1529520 504
1529530 505
1529540 505
1529550 505
1529560 506
1529570 506
1529580 507
1529590 506
1529600 506
1529610 506
1529620 507
1529630 507
1529640 508
1529650 508
1529660 508
1529670 509
1529680 510
1529690 511
1529700 511
1529710 512
1529720 513
1529730 513
1529740 514
1529750 515
1529760 515
1529770 517
1529780 519
1529790 519
1529800 520
1529810 522
1529820 522
1529830 523
1529840 524
1529850 525
1529860 525
1529870 526
1529880 527
1529890 527
1529900 528
1529910 530
1529920 530
1529930 532
1529940 534
1529950 534
1529960 536
1529970 538
1529980 538
1529990 538
1530000 540
1530010 542
1530020 542
1530030 544
1530040 545
1530050 545
1530060 546
1530070 548
1530080 548
1530090 549
1530100 552
1530110 552
1530120 554
1530130 557
1530140 557
1530150 562
1530160 568
1530170 578
1530180 578
1530190 587
1530200 593
1530210 593
1530220 596
1530230 598
1530240 598
1530250 599
1530260 602
1530270 602
1530280 603
1530290 604
1530300 604
1530310 609
1530320 610
1530330 612
1530340 612
1530350 616
1530360 620
1530370 620
1530380 624
1530390 626
1530400 626
1530410 629
1530420 633
1530430 633
1530440 636
1530450 641
1530460 641
1530470 643
1530480 646
1530490 646
1530500 649
1530510 652
1530520 655
1530530 655
1530540 660
1530550 665
1530560 665
1530570 670
1530580 675
1530590 675
1530600 679
1530610 683
1530620 683
1530630 687
1530640 691
1530650 691
1530660 694
1530670 697
1530680 701
1530690 701
1530700 706
1530710 712
1530720 712
1530730 720
1530740 729
1530750 729
1530760 735
1530770 741
1530780 741
1530790 747
1530800 756
1530810 756
1530820 764
1530830 766
1530840 769
1530850 769
1530860 773
1530870 778
1530880 778
1530890 786
1530900 795
1530910 795
1530920 799
1530930 802
1530940 802
1530950 804
1530960 806
1530970 806
1530980 807
1530990 807
1531000 808
1531010 808
1531020 810
1531030 810
1531040 810
1531050 808
1531060 810
1531070 810
1531080 816
1531090 822
1531100 822
1531110 828
1531120 831
1531130 831
1531140 834
1531150 837
1531160 844
1531170 844
1531180 850
1531190 853
1531200 853
1531210 858
1531220 863
1531230 863
1531240 867
1531250 870
1531260 870
1531270 873
1531280 875
1531290 875
1531300 878
1531310 880
1531320 882
1531330 882
1531340 884
1531350 885
1531360 885
1531370 886
1531380 887
1531390 887
1531400 890
1531410 891
1531420 891
1531430 893
1531440 893
1531450 893
1531460 893
1531470 893
1531480 893
1531490 893
1531500 893
1531510 894
1531520 894
1531530 896
1531540 900
1531550 900
1531560 902
1531570 903
1531580 903
1531590 903
1531600 903
1531610 903
1531620 902
1531630 903
1531640 905
1531650 905
1531660 905
1531670 905
1531680 905
1531690 902
1531700 899
1531710 899
1531720 895
1531730 892
1531740 892
1531750 888
1531760 886
1531770 886
1531780 882
1531790 876
1531800 870
1531810 870
1531820 863
1531830 857
1531840 857
1531850 855
1531860 855
1531870 855
1531880 852
1531890 843
1531900 843
1531910 833
1531920 825
1531930 825
1531940 815
1531950 805
1531960 796
1531970 796
1531980 786
1531990 770
1532000 770
1532010 761
1532020 755
1532030 755
1532040 750
1532050 751
1532060 751
1532070 767
1532080 779
1532090 779
1532100 791
1532110 801
1532120 811
1532130 811
1532140 820
1532150 832
1532160 832
1532170 846
1532180 857
1532190 857
1532200 866
1532210 872
1532220 872
1532230 879
1532240 886
1532250 886
1532260 892
1532270 899
1532280 903
1532290 903
1532300 906
1532310 905
1532320 905
1532330 900
1532340 906
1532350 906
1532360 914
1532370 924
1532380 924
1532390 933
1532400 938
1532410 938
1532420 942
1532430 942
1532440 941
1532450 941
1532460 943
1532470 947
1532480 947
1532490 950
1532500 952
1532510 952
1532520 952
1532530 952
1532540 952
1532550 952
1532560 954
1532570 954
1532580 957
1532590 957
1532600 957
1532610 957
1532620 959
1532630 963
1532640 963
1532650 968
1532660 972
1532670 972
1532680 974
1532690 974
1532700 974
1532710 971
1532720 971
1532730 971
1532740 966
1532750 961
1532760 961
1532770 957
1532780 956
1532790 957
1532800 957
1532810 958
1532820 957
1532830 957
1532840 957
1532850 956
1532860 956
1532870 958
1532880 963
1532890 963
1532900 967
1532910 972
1532920 972
1532930 982
1532940 993
1532950 996
1532960 996
1532970 997
1532980 1010
1532990 1010
1533000 1009
1533010 1007
1533020 1007
1533030 1003
1533040 999
1533050 999
1533060 999
1533070 999
1533080 999
1533090 1000
1533100 1000
1533110 1000
1533120 1000
1533130 1002
1533140 1006
1533150 1006
1533160 1008
1533170 1008
1533180 1008
1533190 1000
1533200 988
1533210 988
1533220 982
1533230 978
1533240 978
1533250 971
1533260 966
1533270 961
1533280 961
1533290 962
1533300 967
1533310 967
1533320 975
1533330 984
1533340 984
1533350 992
1533360 1000
1533370 1000
1533380 1008
1533390 1017
1533400 1017
1533410 1026
1533420 1034
1533430 1040
1533440 1040
1533450 1043
1533460 1048
1533470 1048
1533480 1052
1533490 1051
1533500 1051
1533510 1043
1533520 1031
1533530 1031
1533540 1022
1533550 1012
1533560 1012
1533570 1003
1533580 993
1533590 986
1533600 986
1533610 982
1533620 978
1533630 978
1533640 974
1533650 971
1533660 971
1533670 968
1533680 966
1533690 966
1533700 965
1533710 963
1533720 963
1533730 961
1533740 959
1533750 958
1533760 958
1533770 957
1533780 954
1533790 954
1533800 954
1533810 957
1533820 957
1533830 957
1533840 955
1533850 955
1533860 955
1533870 955
1533880 955
1533890 955
1533900 956
1533910 956
1533920 956
1533930 956
1533940 955
1533950 955
1533960 953
1533970 952
1533980 952
1533990 952
1534000 952
1534010 952
1534020 952
1534030 951
1534040 951
1534050 953
1534060 957
1534070 962
1534080 962
1534090 966
1534100 968
1534110 968
1534120 969
1534130 970
1534140 970
1534150 971
1534160 973
1534170 973
1534180 976
1534190 980
1534200 980
1534210 983
1534220 985
1534230 988
1534240 988
1534250 991
1534260 993
1534270 993
1534280 995
1534290 998
1534300 998
1534310 1001
1534320 1005
1534330 1005
1534340 1010
1534350 1014
1534360 1014
1534370 1018
1534380 1021
1534390 1024
1534400 1024
1534410 1024
1534420 1024
1534430 1024
1534440 1023
1534450 1022
1534460 1022
1534470 1020
1534480 1019
1534490 1019
1534500 1019
1534510 1019
1534520 1019
1534530 1019
1534540 1019
1534550 1017
1534560 1017
1534570 1014
1534580 1011
1534590 1011
1534600 1009
1534610 1009
1534620 1009
1534630 1009
1534640 1009
1534650 1009
1534660 1010
1534670 1012
1534680 1012
1534690 1013
1534700 1015
1534710 1016
1534720 1016
1534730 1017
1534740 1017
1534750 1017
1534760 1018
1534770 1019
1534780 1019
1534790 1019
1534800 1018
1534810 1018
1534820 1018
1534830 1018
1534840 1018
1534850 1019
1534860 1021
1534870 1021
1534880 1025
1534890 1028
1534900 1032
1534910 1032
1534920 1035
1534930 1036
1534940 1036
1534950 1038
1534960 1039
1534970 1039
1534980 1040
1534990 1041
1535000 1041
1535010 1042
1535020 1042
1535030 1042
1535040 1043
1535050 1045
1535060 1046
1535070 1046
1535080 1046
1535090 1044
1535100 1044
1535110 1042
1535120 1042
1535130 1042
1535140 1042
1535150 1041
1535160 1041
1535170 1040
1535180 1039
1535190 1039
1535200 1036
1535210 1031
1535220 1024
1535230 1024
1535240 1017
1535250 1008
1535260 1008
1535270 1000
1535280 992
1535290 992
1535300 981
1535310 972
1535320 972
1535330 964
1535340 955
1535350 955
1535360 948
1535370 940
1535380 934
1535390 934
1535400 928
1535410 922
1535420 922
1535430 917
1535440 913
1535450 913
1535460 909
1535470 907
1535480 907
1535490 904
1535500 901
1535510 901
1535520 896
1535530 893
1535540 889
1535550 889
1535560 885
1535570 882
1535580 882
1535590 879
1535600 877
1535610 877
1535620 873
1535630 867
1535640 867
1535650 864
1535660 860
1535670 860
1535680 856
1535690 853
1535700 849
1535710 849
1535720 843
1535730 838
1535740 838
1535750 832
1535760 828
1535770 828
1535780 824
1535790 820
1535800 820
1535810 815
1535820 810
1535830 810
1535840 805
1535850 800
1535860 799
1535870 799
1535880 798
1535890 799
1535900 799
1535910 799
1535920 800
1535930 800
1535940 801
1535950 801
1535960 801
1535970 801
1535980 800
1535990 800
1536000 799
1536010 803
1536020 810
1536030 810
1536040 815
1536050 818
1536060 818
1536070 817
1536080 817
1536090 817
1536100 819
1536110 819
1536120 819
1536130 820
1536140 819
1536150 819
1536160 820
1536170 823
1536180 829
1536190 829
1536200 831
1536210 829
1536220 829
1536230 828
1536240 827
1536250 827
1536260 822
1536270 814
1536280 814
1536290 806
1536300 802
1536310 802
1536320 799
1536330 790
1536340 779
1536350 779
1536360 773
1536370 761
1536380 761
1536390 753
1536400 742
1536410 742
1536420 729
1536430 714
1536440 714
1536450 708
1536460 704
1536470 704
1536480 701
1536490 698
1536500 692
1536510 692
1536520 689
1536530 688
1536540 688
1536550 687
1536560 688
1536570 688
1536580 688
1536590 690
1536600 690
1536610 689
1536620 689
1536630 689
1536640 690
1536650 690
1536660 692
1536670 692
1536680 692
1536690 691
1536700 691
1536710 691
1536720 691
1536730 691
1536740 688
1536750 686
1536760 686
1536770 685
1536780 684
1536790 684
1536800 684
1536810 683
1536820 682
1536830 682
1536840 680
1536850 679
1536860 679
1536870 677
1536880 676
1536890 676
1536900 674
1536910 673
1536920 673
1536930 672
1536940 671
1536950 671
1536960 670
1536970 670
1536980 670
1536990 668
1537000 667
1537010 666
1537020 666
1537030 664
1537040 662
1537050 662
1537060 661
1537070 659
1537080 659
1537090 659
1537100 658
1537110 658
1537120 657
1537130 656
1537140 656
1537150 655
1537160 654
1537170 653
1537180 653
1537190 652
1537200 651
1537210 651
1537220 649
1537230 648
1537240 648
1537250 647
1537260 647
1537270 647
1537280 646
1537290 645
1537300 645
1537310 644
1537320 644
1537330 643
1537340 643
1537350 642
1537360 641
1537370 641
1537380 641
1537390 640
1537400 640
1537410 640
1537420 640
1537430 640
1537440 639
1537450 639
1537460 639
1537470 638
1537480 638
1537490 638
1537500 638
1537510 637
1537520 637
1537530 637
1537540 637
1537550 636
1537560 636
1537570 636
1537580 636
1537590 636
1537600 636
1537610 635
1537620 635
1537630 635
1537640 635
1537650 635
1537660 635
1537670 634
1537680 634
1537690 634
1537700 634
1537710 634
1537720 634
1537730 634
1537740 634
1537750 634
1537760 634
1537770 634
1537780 634
1537790 634
1537800 634
1537810 634
1537820 634
1537830 634
1537840 634
1537850 634
1537860 634
1537870 634
1537880 634
1537890 634
1537900 634
1537910 634
1537920 634
1537930 634
1537940 634
1537950 634
1537960 637
1537970 641
1537980 641
1537990 645
1538000 642
1538010 642
1538020 636
1538030 631
1538040 631
1538050 628
1538060 622
1538070 622
1538080 619
1538090 619
1538100 619
1538110 619
1538120 618
1538130 618
1538140 618
1538150 617
1538160 616
1538170 616
1538180 616
1538190 616
1538200 616
1538210 616
1538220 617
1538230 617
1538240 617
1538250 616
1538260 616
1538270 616
1538280 617
1538290 616
1538300 616
1538310 616
1538320 617
1538330 617
1538340 619
1538350 620
1538360 620
1538370 622
1538380 623
1538390 623
1538400 625
1538410 629
1538420 629
1538430 633
1538440 639
1538450 645
1538460 645
1538470 649
1538480 654
1538490 654
1538500 659
1538510 664
1538520 664
1538530 669
1538540 672
1538550 672
1538560 676
1538570 682
1538580 682
1538590 686
1538600 691
1538610 696
1538620 696
1538630 701
1538640 707
1538650 707
1538660 713
1538670 718
1538680 718
1538690 722
1538700 727
1538710 727
1538720 732
1538730 737
1538740 737
1538750 741
1538760 745
1538770 749
1538780 749
1538790 754
1538800 758
1538810 758
1538820 762
1538830 766
1538840 766
1538850 769
1538860 773
1538870 773
1538880 777
1538890 781
1538900 781
1538910 783
1538920 785
1538930 786
1538940 786
1538950 787
1538960 787
1538970 787
1538980 787
1538990 787
1539000 787
1539010 787
1539020 786
1539030 786
1539040 784
1539050 779
1539060 779
1539070 775
1539080 770
1539090 770
1539100 766
1539110 761
1539120 757
1539130 757
1539140 751
1539150 750
1539160 750
1539170 757
1539180 764
1539190 764
1539200 773
1539210 780
1539220 780
1539230 786
1539240 791
1539250 791
1539260 795
1539270 797
1539280 797
1539290 797
1539300 797
1539310 796
1539320 796
1539330 795
1539340 793
1539350 793
1539360 791
1539370 788
1539380 788
1539390 785
1539400 783
1539410 783
1539420 783
1539430 784
1539440 785
1539450 785
1539460 786
1539470 785
1539480 785
1539490 783
1539500 779
1539510 779
1539520 773
1539530 768
1539540 768
1539550 763
1539560 758
1539570 758
1539580 754
1539590 750
1539600 747
1539610 747
1539620 744
1539630 741
1539640 741
1539650 739
1539660 737
1539670 737
1539680 734
1539690 729
1539700 729
1539710 726
1539720 724
1539730 724
1539740 721
1539750 719
1539760 718
1539770 718
1539780 715
1539790 713
1539800 713
1539810 711
1539820 708
1539830 708
1539840 707
1539850 706
1539860 706
1539870 706
1539880 706
1539890 706
1539900 706
1539910 706
1539920 705
1539930 705
1539940 702
1539950 699
1539960 699
1539970 694
1539980 690
1539990 690
