1520000 636
1520010 635
1520020 635
1520030 634
1520040 633
1520050 632
1520060 632
1520070 633
1520080 633
1520090 633
1520100 631
1520110 627
1520120 627
1520130 626
1520140 625
1520150 625
1520160 621
1520170 617
1520180 617
1520190 613
1520200 609
1520210 609
1520220 607
1520230 607
1520240 607
1520250 607
1520260 607
1520270 608
1520280 608
1520290 609
1520300 608
1520310 608
1520320 607
1520330 605
1520340 605
1520350 604
1520360 602
1520370 602
1520380 600
1520390 599
1520400 598
1520410 598
1520420 596
1520430 595
1520440 595
1520450 593
1520460 592
1520470 592
1520480 591
1520490 589
1520500 589
1520510 588
1520520 587
1520530 587
1520540 586
1520550 585
1520560 584
1520570 584
1520580 583
1520590 582
1520600 582
1520610 582
1520620 581
1520630 581
1520640 581
1520650 581
1520660 581
1520670 581
1520680 580
1520690 580
1520700 580
1520710 579
1520720 579
1520730 579
1520740 578
1520750 578
1520760 578
1520770 578
1520780 577
1520790 577
1520800 577
1520810 577
1520820 577
1520830 576
1520840 576
1520850 576
1520860 576
1520870 576
1520880 576
1520890 576
1520900 576
1520910 575
1520920 575
1520930 572
1520940 567
1520950 567
1520960 562
1520970 560
1520980 560
1520990 559
1521000 557
1521010 557
1521020 556
1521030 555
1521040 552
1521050 552
1521060 548
1521070 543
1521080 543
1521090 541
1521100 539
1521110 539
1521120 538
1521130 537
1521140 537
1521150 537
1521160 536
1521170 537
1521180 538
1521190 540
1521200 541
1521210 541
1521220 542
1521230 545
1521240 545
1521250 547
1521260 548
1521270 548
1521280 546
1521290 544
1521300 544
1521310 545
1521320 546
1521330 546
1521340 545
1521350 545
1521360 544
1521370 544
1521380 543
1521390 543
1521400 543
1521410 543
1521420 542
1521430 542
1521440 543
1521450 544
1521460 544
1521470 542
1521480 541
1521490 541
1521500 540
1521510 539
1521520 538
1521530 538
1521540 538
1521550 537
1521560 537
1521570 536
1521580 535
1521590 535
1521600 533
1521610 533
1521620 533
1521630 532
1521640 531
1521650 531
1521660 531
1521670 530
1521680 530
1521690 530
1521700 530
1521710 529
1521720 529
1521730 529
1521740 529
1521750 529
1521760 528
1521770 528
1521780 528
1521790 528
1521800 528
1521810 528
1521820 528
1521830 528
1521840 528
1521850 528
1521860 528
1521870 528
1521880 528
1521890 528
1521900 527
1521910 527
1521920 528
1521930 527
1521940 527
1521950 527
1521960 527
1521970 527
1521980 527
1521990 527
1522000 527
1522010 527
1522020 527
1522030 527
1522040 527
1522050 527
1522060 527
1522070 527
1522080 527
1522090 527
1522100 527
1522110 526
1522120 526
1522130 526
1522140 526
1522150 526
1522160 526
1522170 526
1522180 526
1522190 526
1522200 526
1522210 526
1522220 525
1522230 525
1522240 525
1522250 525
1522260 525
1522270 525
1522280 525
1522290 525
1522300 524
1522310 524
1522320 524
1522330 524
1522340 524
1522350 523
1522360 523
1522370 523
1522380 522
1522390 522
1522400 522
1522410 522
1522420 522
1522430 522
1522440 522
1522450 522
1522460 522
1522470 521
1522480 521
1522490 521
1522500 521
1522510 521
1522520 521
1522530 521
1522540 520
1522550 520
1522560 520
1522570 520
1522580 520
1522590 520
1522600 520
1522610 520
1522620 520
1522630 519
1522640 519
1522650 519
1522660 519
1522670 519
1522680 519
1522690 519
1522700 519
1522710 519
1522720 518
1522730 518
1522740 518
1522750 518
1522760 518
1522770 518
1522780 518
1522790 518
1522800 518
1522810 518
1522820 517
1522830 517
1522840 517
1522850 517
1522860 517
1522870 517
1522880 517
1522890 517
1522900 517
1522910 517
1522920 517
1522930 517
1522940 516
1522950 516
1522960 516
1522970 516
1522980 516
1522990 516
1523000 516
1523010 516
1523020 516
1523030 516
1523040 516
1523050 515
1523060 515
1523070 515
1523080 515
1523090 515
1523100 515
1523110 515
1523120 515
1523130 515
1523140 515
1523150 515
1523160 514
1523170 514
1523180 513
1523190 513
1523200 514
1523210 514
1523220 514
1523230 513
1523240 513
1523250 513
1523260 513
1523270 513
1523280 513
1523290 513
1523300 513
1523310 513
1523320 512
1523330 512
1523340 513
1523350 513
1523360 513
1523370 513
1523380 513
1523390 512
1523400 513
1523410 513
1523420 512
1523430 512
1523440 512
1523450 513
1523460 512
1523470 512
1523480 512
1523490 512
1523500 511
1523510 511
1523520 511
1523530 512
1523540 512
1523550 511
1523560 512
1523570 512
1523580 512
1523590 511
1523600 511
1523610 510
1523620 510
1523630 510
1523640 510
1523650 510
1523660 511
1523670 511
1523680 512
1523690 512
1523700 512
1523710 512
1523720 512
1523730 512
1523740 512
1523750 512
1523760 512
1523770 513
1523780 513
1523790 513
1523800 513
1523810 513
1523820 513
1523830 513
1523840 513
1523850 513
1523860 513
1523870 513
1523880 513
1523890 513
1523900 513
1523910 513
1523920 513
1523930 513
1523940 512
1523950 512
1523960 512
1523970 512
1523980 512
1523990 512
1524000 512
1524010 512
1524020 512
1524030 512
1524040 511
1524050 511
1524060 509
1524070 507
1524080 507
1524090 506
1524100 506
1524110 506
1524120 505
1524130 505
1524140 505
1524150 505
1524160 505
1524170 505
1524180 505
1524190 505
1524200 505
1524210 505
1524220 505
1524230 505
1524240 505
1524250 505
1524260 505
1524270 505
1524280 505
1524290 505
1524300 505
1524310 505
1524320 505
1524330 505
1524340 505
1524350 505
1524360 505
1524370 505
1524380 505
1524390 505
1524400 505
1524410 505
1524420 505
1524430 505
1524440 505
1524450 505
1524460 505
1524470 505
1524480 505
1524490 505
1524500 505
1524510 505
1524520 504
1524530 504
1524540 504
1524550 504
1524560 504
1524570 504
1524580 505
1524590 505
1524600 505
1524610 505
1524620 505
1524630 505
1524640 505
1524650 506
1524660 506
1524670 507
1524680 508
1524690 508
1524700 508
1524710 508
1524720 508
1524730 508
1524740 508
1524750 508
1524760 508
1524770 508
1524780 508
1524790 509
1524800 509
1524810 509
1524820 509
1524830 509
1524840 509
1524850 509
1524860 508
1524870 507
1524880 507
1524890 505
1524900 504
1524910 504
1524920 504
1524930 504
1524940 504
1524950 504
1524960 504
1524970 504
1524980 504
1524990 504
1525000 504
1525010 504
1525020 505
1525030 505
1525040 505
1525050 505
1525060 505
1525070 505
1525080 505
1525090 505
1525100 505
1525110 505
1525120 505
1525130 505
1525140 505
1525150 507
1525160 507
1525170 507
1525180 505
1525190 505
1525200 505
1525210 505
1525220 505
1525230 505
1525240 505
1525250 505
1525260 505
1525270 505
1525280 505
1525290 505
1525300 505
1525310 505
1525320 506
1525330 506
1525340 508
1525350 505
1525360 505
1525370 504
1525380 504
1525390 504
1525400 504
1525410 504
1525420 504
1525430 505
1525440 505
1525450 505
1525460 505
1525470 505
1525480 505
1525490 505
1525500 505
1525510 505
1525520 505
1525530 505
1525540 505
1525550 505
1525560 505
1525570 505
1525580 505
1525590 505
1525600 505
1525610 505
1525620 505
1525630 505
1525640 505
1525650 505
1525660 505
1525670 505
1525680 505
1525690 505
1525700 505
1525710 505
1525720 505
1525730 506
1525740 506
1525750 506
1525760 505
1525770 505
1525780 504
1525790 504
1525800 504
1525810 504
1525820 504
1525830 504
1525840 504
1525850 504
1525860 504
1525870 504
1525880 504
1525890 504
1525900 504
1525910 504
1525920 504
1525930 504
1525940 504
1525950 504
1525960 504
1525970 504
1525980 504
1525990 505
1526000 505
1526010 505
1526020 504
1526030 504
1526040 504
1526050 504
1526060 504
1526070 504
1526080 504
1526090 504
1526100 504
1526110 504
1526120 504
1526130 504
1526140 504
1526150 504
1526160 504
1526170 504
1526180 504
1526190 504
1526200 504
1526210 504
1526220 504
1526230 504
1526240 504
1526250 504
1526260 504
1526270 504
1526280 504
1526290 504
1526300 504
1526310 504
1526320 504
1526330 504
1526340 504
1526350 504
1526360 504
1526370 504
1526380 504
1526390 504
1526400 504
1526410 504
1526420 504
1526430 504
1526440 504
1526450 504
1526460 504
1526470 504
1526480 504
1526490 504
1526500 504
1526510 504
1526520 504
1526530 504
1526540 504
1526550 504
1526560 504
1526570 504
1526580 504
1526590 504
1526600 504
1526610 504
1526620 504
1526630 504
1526640 504
1526650 504
1526660 504
1526670 504
1526680 504
1526690 504
1526700 504
1526710 504
1526720 504
1526730 504
1526740 504
1526750 504
1526760 504
1526770 504
1526780 505
1526790 505
1526800 505
1526810 505
1526820 505
1526830 505
1526840 506
1526850 506
1526860 506
1526870 506
1526880 507
1526890 507
1526900 508
1526910 509
1526920 511
1526930 511
1526940 513
1526950 516
1526960 516
1526970 518
1526980 521
1526990 521
1527000 523
1527010 523
1527020 523
1527030 524
1527040 525
1527050 525
1527060 526
1527070 528
1527080 528
1527090 529
1527100 531
1527110 534
1527120 534
1527130 537
1527140 541
1527150 541
1527160 545
1527170 551
1527180 551
1527190 557
1527200 562
1527210 562
1527220 565
1527230 568
1527240 568
1527250 570
1527260 574
1527270 578
1527280 578
1527290 580
1527300 582
1527310 582
1527320 583
1527330 585
1527340 585
1527350 587
1527360 589
1527370 589
1527380 592
1527390 595
1527400 595
1527410 598
1527420 600
1527430 601
1527440 601
1527450 602
1527460 604
1527470 604
1527480 609
1527490 610
1527500 610
1527510 616
1527520 618
1527530 618
1527540 618
1527550 619
1527560 619
1527570 620
1527580 620
1527590 621
1527600 621
1527610 627
1527620 633
1527630 633
1527640 639
1527650 646
1527660 646
1527670 654
1527680 662
1527690 662
1527700 668
1527710 672
1527720 672
1527730 675
1527740 677
1527750 677
1527760 677
1527770 675
1527780 672
1527790 672
1527800 668
1527810 666
1527820 666
1527830 666
1527840 671
1527850 671
1527860 677
1527870 685
1527880 685
1527890 692
1527900 699
1527910 702
1527920 702
1527930 701
1527940 700
1527950 700
1527960 700
1527970 700
1527980 700
1527990 702
1528000 704
1528010 704
1528020 706
1528030 709
1528040 709
1528050 711
1528060 712
1528070 713
1528080 713
1528090 715
1528100 718
1528110 718
1528120 719
1528130 722
1528140 722
1528150 723
1528160 724
1528170 724
1528180 725
1528190 725
1528200 725
1528210 724
1528220 721
1528230 717
1528240 717
1528250 711
1528260 706
1528270 706
1528280 710
1528290 718
1528300 718
1528310 723
1528320 728
1528330 728
1528340 734
1528350 741
1528360 741
1528370 749
1528380 754
1528390 754
1528400 758
1528410 760
1528420 762
1528430 762
1528440 762
1528450 763
1528460 763
1528470 767
1528480 773
1528490 773
1528500 779
1528510 784
1528520 784
1528530 791
1528540 795
1528550 795
1528560 800
1528570 805
1528580 809
1528590 809
1528600 814
1528610 819
1528620 819
1528630 824
1528640 831
1528650 831
1528660 838
1528670 848
1528680 848
1528690 862
1528700 867
1528710 867
1528720 868
1528730 871
1528740 875
1528750 875
1528760 877
1528770 876
1528780 876
1528790 874
1528800 871
1528810 871
1528820 868
1528830 865
1528840 865
1528850 862
1528860 862
1528870 862
1528880 863
1528890 865
1528900 867
1528910 867
1528920 869
1528930 871
1528940 871
1528950 873
1528960 876
1528970 876
1528980 879
1528990 883
1529000 883
1529010 888
1529020 894
1529030 894
1529040 900
1529050 907
1529060 911
1529070 911
1529080 915
1529090 918
1529100 918
1529110 923
1529120 927
1529130 927
1529140 933
1529150 939
1529160 939
1529170 947
1529180 955
1529190 955
1529200 963
1529210 967
1529220 969
1529230 969
1529240 972
1529250 975
1529260 975
1529270 978
1529280 981
1529290 981
1529300 985
1529310 990
1529320 990
1529330 995
1529340 998
1529350 998
1529360 1003
1529370 1009
1529380 1016
1529390 1016
1529400 1022
1529410 1029
1529420 1029
1529430 1039
1529440 1050
1529450 1050
1529460 1057
1529470 1065
1529480 1065
1529490 1073
1529500 1083
1529510 1083
1529520 1094
1529530 1105
1529540 1113
1529550 1113
1529560 1118
1529570 1122
1529580 1122
1529590 1123
1529600 1124
1529610 1124
1529620 1126
1529630 1128
1529640 1128
1529650 1130
1529660 1132
1529670 1132
1529680 1134
1529690 1137
1529700 1137
1529710 1140
1529720 1143
1529730 1148
1529740 1148
1529750 1155
1529760 1163
1529770 1163
1529780 1182
1529790 1210
1529800 1210
1529810 1219
1529820 1227
1529830 1227
1529840 1230
1529850 1232
1529860 1232
1529870 1233
1529880 1235
1529890 1238
1529900 1238
1529910 1241
1529920 1244
1529930 1244
1529940 1246
1529950 1249
1529960 1249
1529970 1251
1529980 1253
1529990 1253
1530000 1253
1530010 1251
1530020 1251
1530030 1247
1530040 1244
1530050 1243
1530060 1243
1530070 1244
1530080 1243
1530090 1243
1530100 1242
1530110 1241
1530120 1241
1530130 1242
1530140 1245
1530150 1245
1530160 1247
1530170 1247
1530180 1247
1530190 1245
1530200 1243
1530210 1243
1530220 1243
1530230 1244
1530240 1245
1530250 1245
1530260 1246
1530270 1248
1530280 1248
1530290 1250
1530300 1254
1530310 1254
1530320 1259
1530330 1263
1530340 1260
1530350 1264
1530360 1268
1530370 1272
1530380 1272
1530390 1275
1530400 1280
1530410 1280
1530420 1284
1530430 1288
1530440 1288
1530450 1292
1530460 1295
1530470 1295
1530480 1299
1530490 1303
1530500 1303
1530510 1306
1530520 1309
1530530 1312
1530540 1312
1530550 1315
1530560 1318
1530570 1318
1530580 1321
1530590 1325
1530600 1325
1530610 1329
1530620 1334
1530630 1334
1530640 1340
1530650 1347
1530660 1347
1530670 1352
1530680 1355
1530690 1357
1530700 1357
1530710 1358
1530720 1359
1530730 1359
1530740 1360
1530750 1360
1530760 1360
1530770 1360
1530780 1360
1530790 1360
1530800 1361
1530810 1362
1530820 1362
1530830 1365
1530840 1368
1530850 1370
1530860 1370
1530870 1373
1530880 1376
1530890 1376
1530900 1380
1530910 1383
1530920 1383
1530930 1386
1530940 1388
1530950 1388
1530960 1391
1530970 1395
1530980 1395
1530990 1398
1531000 1401
1531010 1401
1531020 1403
1531030 1405
1531040 1407
1531050 1407
1531060 1408
1531070 1409
1531080 1409
1531090 1410
1531100 1410
1531110 1410
1531120 1412
1531130 1414
1531140 1414
1531150 1417
1531160 1421
1531170 1421
1531180 1425
1531190 1430
1531200 1436
1531210 1436
1531220 1441
1531230 1446
1531240 1446
1531250 1451
1531260 1456
1531270 1456
1531280 1460
1531290 1464
1531300 1464
1531310 1465
1531320 1466
1531330 1466
1531340 1467
1531350 1467
1531360 1467
1531370 1467
1531380 1469
1531390 1472
1531400 1472
1531410 1475
1531420 1479
1531430 1479
1531440 1482
1531450 1485
1531460 1485
1531470 1487
1531480 1489
1531490 1489
1531500 1491
1531510 1493
1531520 1495
1531530 1495
1531540 1496
1531550 1498
1531560 1498
1531570 1499
1531580 1501
1531590 1501
1531600 1501
1531610 1502
1531620 1502
1531630 1502
1531640 1504
1531650 1504
1531660 1506
1531670 1512
1531680 1517
1531690 1517
1531700 1516
1531710 1513
1531720 1513
1531730 1513
1531740 1513
1531750 1513
1531760 1509
1531770 1503
1531780 1503
1531790 1499
1531800 1495
1531810 1495
1531820 1493
1531830 1492
1531840 1491
1531850 1491
1531860 1490
1531870 1491
1531880 1491
1531890 1493
1531900 1494
1531910 1494
1531920 1494
1531930 1494
1531940 1494
1531950 1495
1531960 1495
1531970 1495
1531980 1496
1531990 1496
1532000 1497
1532010 1497
1532020 1497
1532030 1497
1532040 1497
1532050 1497
1532060 1496
1532070 1496
1532080 1495
1532090 1494
1532100 1494
1532110 1491
1532120 1488
1532130 1488
1532140 1483
1532150 1479
1532160 1474
1532170 1474
1532180 1469
1532190 1464
1532200 1464
1532210 1458
1532220 1452
1532230 1452
1532240 1446
1532250 1439
1532260 1439
1532270 1432
1532280 1424
1532290 1424
1532300 1417
1532310 1410
1532320 1404
1532330 1404
1532340 1402
1532350 1402
1532360 1402
1532370 1401
1532380 1402
1532390 1402
1532400 1406
1532410 1408
1532420 1408
1532430 1408
1532440 1408
1532450 1408
1532460 1409
1532470 1410
1532480 1410
1532490 1411
1532500 1413
1532510 1414
1532520 1414
1532530 1414
1532540 1413
1532550 1413
1532560 1412
1532570 1411
1532580 1411
1532590 1410
1532600 1408
1532610 1408
1532620 1405
1532630 1402
1532640 1402
1532650 1401
1532660 1398
1532670 1397
1532680 1397
1532690 1396
1532700 1395
1532710 1395
1532720 1395
1532730 1394
1532740 1394
1532750 1396
1532760 1397
1532770 1397
1532780 1398
1532790 1396
1532800 1396
1532810 1393
1532820 1390
1532830 1388
1532840 1388
1532850 1388
1532860 1391
1532870 1391
1532880 1392
1532890 1390
1532900 1390
1532910 1391
1532920 1395
1532930 1395
1532940 1396
1532950 1395
1532960 1395
1532970 1397
1532980 1399
1532990 1403
1533000 1403
1533010 1411
1533020 1415
1533030 1415
1533040 1418
1533050 1421
1533060 1421
1533070 1424
1533080 1426
1533090 1426
1533100 1429
1533110 1431
1533120 1431
1533130 1433
1533140 1434
1533150 1434
1533160 1434
1533170 1434
1533180 1436
1533190 1436
1533200 1437
1533210 1437
1533220 1437
1533230 1437
1533240 1434
1533250 1434
1533260 1431
1533270 1428
1533280 1428
1533290 1426
1533300 1424
1533310 1421
1533320 1421
1533330 1419
1533340 1417
1533350 1417
1533360 1415
1533370 1414
1533380 1414
1533390 1412
1533400 1410
1533410 1410
1533420 1410
1533430 1410
1533440 1410
1533450 1410
1533460 1413
1533470 1414
1533480 1414
1533490 1414
1533500 1415
1533510 1415
1533520 1418
1533530 1423
1533540 1423
1533550 1427
1533560 1431
1533570 1431
1533580 1432
1533590 1434
1533600 1434
1533610 1435
1533620 1434
1533630 1433
1533640 1433
1533650 1430
1533660 1427
1533670 1427
1533680 1426
1533690 1425
1533700 1425
1533710 1424
1533720 1425
1533730 1425
1533740 1423
1533750 1421
1533760 1421
1533770 1421
1533780 1420
1533790 1420
1533800 1420
1533810 1421
1533820 1423
1533830 1423
1533840 1424
1533850 1426
1533860 1426
1533870 1429
1533880 1433
1533890 1433
1533900 1435
1533910 1437
1533920 1437
1533930 1439
1533940 1441
1533950 1441
1533960 1442
1533970 1444
1533980 1447
1533990 1447
1534000 1449
1534010 1451
1534020 1451
1534030 1453
1534040 1455
1534050 1455
1534060 1455
1534070 1454
1534080 1454
1534090 1453
1534100 1453
1534110 1453
1534120 1453
1534130 1452
1534140 1451
1534150 1451
1534160 1451
1534170 1452
1534180 1452
1534190 1452
1534200 1452
1534210 1452
1534220 1451
1534230 1450
1534240 1450
1534250 1448
1534260 1447
1534270 1447
1534280 1446
1534290 1446
1534300 1445
1534310 1445
1534320 1445
1534330 1443
1534340 1443
1534350 1442
1534360 1441
1534370 1441
1534380 1439
1534390 1438
1534400 1438
1534410 1437
1534420 1434
1534430 1434
1534440 1429
1534450 1426
1534460 1424
1534470 1424
1534480 1421
1534490 1418
1534500 1418
1534510 1413
1534520 1408
1534530 1408
1534540 1401
1534550 1396
1534560 1396
1534570 1392
1534580 1389
1534590 1389
1534600 1385
1534610 1381
1534620 1375
1534630 1375
1534640 1369
1534650 1362
1534660 1362
1534670 1357
1534680 1351
1534690 1351
1534700 1345
1534710 1338
1534720 1338
1534730 1331
1534740 1324
1534750 1324
1534760 1319
1534770 1312
1534780 1304
1534790 1304
1534800 1298
1534810 1291
1534820 1291
1534830 1284
1534840 1277
1534850 1277
1534860 1271
1534870 1265
1534880 1265
1534890 1259
1534900 1253
1534910 1253
1534920 1246
1534930 1239
1534940 1233
1534950 1233
1534960 1227
1534970 1223
1534980 1223
1534990 1215
1535000 1209
1535010 1209
1535020 1201
1535030 1193
1535040 1193
1535050 1190
1535060 1194
1535070 1194
1535080 1194
1535090 1190
1535100 1186
1535110 1186
1535120 1185
1535130 1183
1535140 1183
1535150 1179
1535160 1167
1535170 1167
1535180 1159
1535190 1150
1535200 1150
1535210 1142
1535220 1135
1535230 1135
1535240 1138
1535250 1143
1535260 1143
1535270 1147
1535280 1149
1535290 1153
1535300 1153
1535310 1156
1535320 1157
1535330 1157
1535340 1158
1535350 1159
1535360 1159
1535370 1159
1535380 1159
1535390 1159
1535400 1159
1535410 1159
1535420 1159
1535430 1158
1535440 1158
1535450 1159
1535460 1159
1535470 1160
1535480 1160
1535490 1160
1535500 1159
1535510 1158
1535520 1158
1535530 1158
1535540 1157
1535550 1162
1535560 1161
1535570 1161
1535580 1161
1535590 1162
1535600 1161
1535610 1159
1535620 1159
1535630 1155
1535640 1152
1535650 1152
1535660 1152
1535670 1153
1535680 1153
1535690 1152
1535700 1150
1535710 1150
1535720 1150
1535730 1152
1535740 1152
1535750 1153
1535760 1154
1535770 1155
1535780 1155
1535790 1155
1535800 1153
1535810 1153
1535820 1153
1535830 1155
1535840 1155
1535850 1158
1535860 1159
1535870 1159
1535880 1160
1535890 1161
1535900 1161
1535910 1163
1535920 1165
1535930 1166
1535940 1166
1535950 1167
1535960 1167
1535970 1167
1535980 1167
1535990 1167
1536000 1167
1536010 1169
1536020 1170
1536030 1170
1536040 1171
1536050 1171
1536060 1171
1536070 1171
1536080 1170
1536090 1170
1536100 1170
1536110 1171
1536120 1171
1536130 1171
1536140 1171
1536150 1171
1536160 1171
1536170 1169
1536180 1168
1536190 1168
1536200 1166
1536210 1165
1536220 1165
1536230 1164
1536240 1162
1536250 1160
1536260 1160
1536270 1158
1536280 1158
1536290 1158
1536300 1157
1536310 1158
1536320 1158
1536330 1157
1536340 1156
1536350 1156
1536360 1156
1536370 1156
1536380 1156
1536390 1156
1536400 1156
1536410 1156
1536420 1156
1536430 1157
1536440 1158
1536450 1158
1536460 1160
1536470 1160
1536480 1160
1536490 1161
1536500 1160
1536510 1160
1536520 1162
1536530 1164
1536540 1164
1536550 1166
1536560 1168
1536570 1168
1536580 1170
1536590 1171
1536600 1171
1536610 1171
1536620 1171
1536630 1172
1536640 1172
1536650 1174
1536660 1177
1536670 1177
1536680 1180
1536690 1182
1536700 1182
1536710 1182
1536720 1181
1536730 1181
1536740 1181
1536750 1181
1536760 1181
1536770 1181
1536780 1183
1536790 1186
1536800 1186
1536810 1188
1536820 1189
1536830 1189
1536840 1189
1536850 1189
1536860 1189
1536870 1187
1536880 1185
1536890 1185
1536900 1183
1536910 1181
1536920 1178
1536930 1178
1536940 1178
1536950 1177
1536960 1177
1536970 1169
1536980 1164
1536990 1164
1537000 1162
1537010 1160
1537020 1160
1537030 1156
1537040 1153
1537050 1153
1537060 1150
1537070 1146
1537080 1143
1537090 1143
1537100 1138
1537110 1134
1537120 1134
1537130 1129
1537140 1125
1537150 1125
1537160 1121
1537170 1117
1537180 1117
1537190 1114
1537200 1110
1537210 1110
1537220 1107
1537230 1103
1537240 1099
1537250 1099
1537260 1096
1537270 1094
1537280 1094
1537290 1091
1537300 1088
1537310 1088
1537320 1085
1537330 1081
1537340 1081
1537350 1077
1537360 1073
1537370 1073
1537380 1067
1537390 1063
1537400 1058
1537410 1058
1537420 1053
1537430 1047
1537440 1047
1537450 1041
1537460 1036
1537470 1036
1537480 1032
1537490 1029
1537500 1029
1537510 1027
1537520 1025
1537530 1025
1537540 1022
1537550 1018
1537560 1016
1537570 1016
1537580 1015
1537590 1013
1537600 1013
1537610 1011
1537620 1008
1537630 1008
1537640 1005
1537650 1002
1537660 1002
1537670 999
1537680 995
1537690 995
1537700 992
1537710 988
1537720 983
1537730 983
1537740 977
1537750 971
1537760 971
1537770 966
1537780 961
1537790 961
1537800 958
1537810 957
1537820 957
1537830 954
1537840 951
1537850 951
1537860 947
1537870 943
1537880 941
1537890 941
1537900 936
1537910 933
1537920 933
1537930 929
1537940 925
1537950 925
1537960 918
1537970 912
1537980 912
1537990 910
1538000 908
1538010 908
1538020 904
1538030 902
1538040 902
1538050 901
1538060 900
1538070 899
1538080 899
1538090 898
1538100 896
1538110 896
1538120 894
1538130 891
1538140 891
1538150 888
1538160 883
1538170 883
1538180 878
1538190 873
1538200 873
1538210 870
1538220 867
1538230 863
1538240 863
1538250 858
1538260 853
1538270 853
1538280 849
1538290 846
1538300 846
1538310 843
1538320 841
1538330 841
1538340 838
1538350 835
1538360 835
1538370 832
1538380 830
1538390 827
1538400 827
1538410 825
1538420 822
1538430 822
1538440 818
1538450 813
1538460 813
1538470 809
1538480 806
1538490 806
1538500 802
1538510 797
1538520 797
1538530 793
1538540 790
1538550 788
1538560 788
1538570 783
1538580 776
1538590 776
1538600 768
1538610 763
1538620 763
1538630 759
1538640 754
1538650 754
1538660 745
1538670 738
1538680 738
1538690 733
1538700 724
1538710 718
1538720 718
1538730 714
1538740 710
1538750 710
1538760 708
1538770 706
1538780 706
1538790 699
1538800 693
1538810 693
1538820 688
1538830 683
1538840 683
1538850 678
1538860 675
1538870 672
1538880 672
1538890 669
1538900 665
1538910 665
1538920 662
1538930 658
1538940 658
1538950 654
1538960 650
1538970 650
1538980 647
1538990 643
1539000 643
1539010 638
1539020 632
1539030 627
1539040 627
1539050 622
1539060 617
1539070 617
1539080 612
1539090 608
1539100 608
1539110 605
1539120 602
1539130 602
1539140 600
1539150 596
1539160 596
1539170 593
1539180 589
1539190 586
1539200 586
1539210 582
1539220 578
1539230 578
1539240 575
1539250 571
1539260 571
1539270 567
1539280 563
1539290 563
1539300 559
1539310 555
1539320 555
1539330 555
1539340 555
1539350 555
1539360 555
1539370 555
1539380 554
1539390 554
1539400 556
1539410 558
1539420 558
1539430 560
1539440 558
1539450 558
1539460 555
1539470 555
1539480 555
1539490 555
1539500 555
1539510 555
1539520 556
1539530 558
1539540 559
1539550 559
1539560 560
1539570 561
1539580 561
1539590 562
1539600 563
1539610 563
1539620 564
1539630 565
1539640 565
1539650 565
1539660 565
1539670 565
1539680 566
1539690 567
1539700 567
1539710 567
1539720 568
1539730 568
1539740 568
1539750 569
1539760 569
1539770 569
1539780 569
1539790 569
1539800 569
1539810 569
1539820 569
1539830 569
1539840 569
1539850 570
1539860 571
1539870 571
1539880 573
1539890 576
1539900 576
1539910 580
1539920 585
1539930 585
1539940 590
1539950 593
1539960 593
1539970 595
1539980 595
1539990 595
