1520000 621
1520010 620
1520020 620
1520030 618
1520040 616
1520050 616
1520060 613
1520070 608
1520080 606
1520090 606
1520100 605
1520110 605
1520120 605
1520130 606
1520140 606
1520150 606
1520160 607
1520170 608
1520180 608
1520190 608
1520200 606
1520210 606
1520220 605
1520230 604
1520240 602
1520250 602
1520260 601
1520270 600
1520280 600
1520290 599
1520300 598
1520310 598
1520320 597
1520330 595
1520340 595
1520350 595
1520360 595
1520370 595
1520380 594
1520390 593
1520400 591
1520410 591
1520420 590
1520430 589
1520440 589
1520450 589
1520460 588
1520470 588
1520480 587
1520490 585
1520500 585
1520510 584
1520520 584
1520530 584
1520540 583
1520550 582
1520560 582
1520570 582
1520580 581
1520590 581
1520600 581
1520610 580
1520620 580
1520630 580
1520640 579
1520650 578
1520660 578
1520670 578
1520680 577
1520690 577
1520700 577
1520710 577
1520720 576
1520730 576
1520740 575
1520750 575
1520760 575
1520770 574
1520780 573
1520790 573
1520800 573
1520810 572
1520820 572
1520830 571
1520840 571
1520850 571
1520860 570
1520870 568
1520880 564
1520890 564
1520900 564
1520910 562
1520920 562
1520930 560
1520940 559
1520950 559
1520960 558
1520970 557
1520980 557
1520990 556
1521000 555
1521010 555
1521020 555
1521030 554
1521040 554
1521050 554
1521060 554
1521070 553
1521080 553
1521090 553
1521100 553
1521110 553
1521120 553
1521130 553
1521140 553
1521150 553
1521160 553
1521170 553
1521180 553
1521190 553
1521200 553
1521210 553
1521220 553
1521230 553
1521240 553
1521250 552
1521260 552
1521270 552
1521280 551
1521290 550
1521300 550
1521310 549
1521320 549
1521330 549
1521340 549
1521350 548
1521360 548
1521370 548
1521380 545
1521390 545
1521400 545
1521410 545
1521420 545
1521430 545
1521440 544
1521450 543
1521460 543
1521470 543
1521480 544
1521490 544
1521500 543
1521510 543
1521520 543
1521530 542
1521540 543
1521550 543
1521560 543
1521570 541
1521580 539
1521590 539
1521600 536
1521610 534
1521620 534
1521630 534
1521640 533
1521650 533
1521660 532
1521670 531
1521680 531
1521690 530
1521700 530
1521710 529
1521720 529
1521730 529
1521740 529
1521750 529
1521760 528
1521770 528
1521780 528
1521790 528
1521800 527
1521810 527
1521820 527
1521830 527
1521840 527
1521850 527
1521860 527
1521870 527
1521880 527
1521890 527
1521900 527
1521910 527
1521920 527
1521930 527
1521940 527
1521950 527
1521960 528
1521970 528
1521980 526
1521990 526
1522000 526
1522010 525
1522020 524
1522030 525
1522040 525
1522050 525
1522060 525
1522070 525
1522080 525
1522090 525
1522100 525
1522110 525
1522120 525
1522130 525
1522140 525
1522150 525
1522160 525
1522170 525
1522180 524
1522190 524
1522200 524
1522210 525
1522220 525
1522230 525
1522240 525
1522250 525
1522260 525
1522270 524
1522280 524
1522290 524
1522300 524
1522310 524
1522320 524
1522330 524
1522340 524
1522350 524
1522360 524
1522370 524
1522380 523
1522390 523
1522400 523
1522410 523
1522420 523
1522430 523
1522440 523
1522450 523
1522460 522
1522470 522
1522480 522
1522490 522
1522500 522
1522510 522
1522520 522
1522530 522
1522540 521
1522550 521
1522560 521
1522570 521
1522580 521
1522590 521
1522600 520
1522610 520
1522620 520
1522630 520
1522640 520
1522650 520
1522660 520
1522670 520
1522680 520
1522690 520
1522700 520
1522710 520
1522720 519
1522730 519
1522740 519
1522750 519
1522760 519
1522770 519
1522780 519
1522790 519
1522800 519
1522810 519
1522820 519
1522830 519
1522840 519
1522850 518
1522860 517
1522870 517
1522880 517
1522890 517
1522900 517
1522910 517
1522920 517
1522930 517
1522940 516
1522950 516
1522960 516
1522970 516
1522980 516
1522990 516
1523000 516
1523010 515
1523020 515
1523030 515
1523040 515
1523050 515
1523060 515
1523070 515
1523080 515
1523090 515
1523100 515
1523110 514
1523120 514
1523130 514
1523140 515
1523150 515
1523160 514
1523170 514
1523180 514
1523190 514
1523200 514
1523210 514
1523220 514
1523230 514
1523240 514
1523250 514
1523260 514
1523270 514
1523280 514
1523290 513
1523300 513
1523310 513
1523320 513
1523330 513
1523340 512
1523350 512
1523360 513
1523370 513
1523380 513
1523390 513
1523400 512
1523410 512
1523420 512
1523430 512
1523440 512
1523450 512
1523460 512
1523470 512
1523480 512
1523490 512
1523500 512
1523510 512
1523520 512
1523530 511
1523540 511
1523550 511
1523560 511
1523570 511
1523580 511
1523590 512
1523600 512
1523610 512
1523620 512
1523630 512
1523640 511
1523650 510
1523660 510
1523670 510
1523680 510
1523690 510
1523700 510
1523710 510
1523720 510
1523730 510
1523740 510
1523750 511
1523760 511
1523770 511
1523780 512
1523790 512
1523800 512
1523810 513
1523820 513
1523830 513
1523840 513
1523850 513
1523860 513
1523870 513
1523880 513
1523890 513
1523900 513
1523910 513
1523920 513
1523930 513
1523940 512
1523950 512
1523960 512
1523970 512
1523980 512
1523990 512
1524000 512
1524010 512
1524020 512
1524030 512
1524040 512
1524050 512
1524060 512
1524070 511
1524080 511
1524090 511
1524100 510
1524110 510
1524120 510
1524130 508
1524140 508
1524150 506
1524160 506
1524170 505
1524180 505
1524190 505
1524200 505
1524210 505
1524220 505
1524230 505
1524240 505
1524250 505
1524260 505
1524270 505
1524280 505
1524290 505
1524300 505
1524310 505
1524320 505
1524330 505
1524340 505
1524350 505
1524360 505
1524370 505
1524380 505
1524390 505
1524400 505
1524410 505
1524420 505
1524430 505
1524440 505
1524450 505
1524460 505
1524470 505
1524480 505
1524490 505
1524500 505
1524510 505
1524520 505
1524530 505
1524540 505
1524550 505
1524560 505
1524570 505
1524580 505
1524590 505
1524600 505
1524610 505
1524620 505
1524630 505
1524640 505
1524650 505
1524660 505
1524670 505
1524680 505
1524690 505
1524700 505
1524710 505
1524720 505
1524730 505
1524740 505
1524750 505
1524760 505
1524770 505
1524780 505
1524790 506
1524800 506
1524810 506
1524820 506
1524830 506
1524840 507
1524850 507
1524860 507
1524870 507
1524880 507
1524890 506
1524900 504
1524910 504
1524920 504
1524930 504
1524940 504
1524950 504
1524960 504
1524970 504
1524980 505
1524990 505
1525000 505
1525010 505
1525020 505
1525030 505
1525040 505
1525050 505
1525060 505
1525070 505
1525080 505
1525090 505
1525100 505
1525110 505
1525120 505
1525130 505
1525140 505
1525150 505
1525160 506
1525170 506
1525180 507
1525190 506
1525200 506
1525210 505
1525220 505
1525230 505
1525240 505
1525250 505
1525260 505
1525270 505
1525280 505
1525290 505
1525300 505
1525310 505
1525320 506
1525330 506
1525340 506
1525350 508
1525360 508
1525370 505
1525380 505
1525390 505
1525400 505
1525410 505
1525420 505
1525430 505
1525440 505
1525450 505
1525460 505
1525470 505
1525480 505
1525490 505
1525500 505
1525510 505
1525520 505
1525530 505
1525540 505
1525550 505
1525560 505
1525570 505
1525580 505
1525590 505
1525600 505
1525610 505
1525620 506
1525630 506
1525640 506
1525650 506
1525660 505
1525670 505
1525680 505
1525690 505
1525700 505
1525710 505
1525720 505
1525730 505
1525740 505
1525750 505
1525760 505
1525770 505
1525780 505
1525790 505
1525800 505
1525810 505
1525820 506
1525830 505
1525840 505
1525850 504
1525860 504
1525870 504
1525880 504
1525890 505
1525900 505
1525910 506
1525920 506
1525930 506
1525940 505
1525950 504
1525960 504
1525970 504
1525980 504
1525990 504
1526000 504
1526010 504
1526020 504
1526030 504
1526040 504
1526050 504
1526060 504
1526070 504
1526080 504
1526090 504
1526100 504
1526110 504
1526120 504
1526130 504
1526140 505
1526150 505
1526160 505
1526170 504
1526180 504
1526190 504
1526200 504
1526210 504
1526220 504
1526230 504
1526240 504
1526250 504
1526260 504
1526270 504
1526280 504
1526290 504
1526300 504
1526310 504
1526320 504
1526330 504
1526340 504
1526350 504
1526360 504
1526370 504
1526380 504
1526390 504
1526400 504
1526410 504
1526420 504
1526430 504
1526440 504
1526450 504
1526460 504
1526470 504
1526480 504
1526490 504
1526500 504
1526510 504
1526520 504
1526530 504
1526540 504
1526550 504
1526560 504
1526570 504
1526580 504
1526590 504
1526600 504
1526610 504
1526620 504
1526630 504
1526640 504
1526650 504
1526660 504
1526670 504
1526680 504
1526690 504
1526700 504
1526710 504
1526720 505
1526730 505
1526740 505
1526750 505
1526760 505
1526770 506
1526780 507
1526790 509
1526800 509
1526810 510
1526820 513
1526830 513
1526840 515
1526850 516
1526860 516
1526870 518
1526880 518
1526890 518
1526900 519
1526910 520
1526920 520
1526930 522
1526940 525
1526950 527
1526960 527
1526970 529
1526980 532
1526990 532
1527000 534
1527010 536
1527020 536
1527030 538
1527040 540
1527050 540
1527060 543
1527070 544
1527080 544
1527090 548
1527100 552
1527110 558
1527120 558
1527130 562
1527140 566
1527150 566
1527160 570
1527170 574
1527180 574
1527190 577
1527200 581
1527210 581
1527220 584
1527230 588
1527240 588
1527250 590
1527260 592
1527270 595
1527280 595
1527290 599
1527300 603
1527310 603
1527320 606
1527330 610
1527340 610
1527350 617
1527360 621
1527370 621
1527380 625
1527390 629
1527400 629
1527410 632
1527420 635
1527430 639
1527440 639
1527450 641
1527460 641
1527470 641
1527480 646
1527490 648
1527500 648
1527510 649
1527520 650
1527530 650
1527540 651
1527550 655
1527560 655
1527570 657
1527580 658
1527590 659
1527600 659
1527610 659
1527620 661
1527630 661
1527640 662
1527650 666
1527660 666
1527670 672
1527680 678
1527690 678
1527700 682
1527710 682
1527720 682
1527730 686
1527740 692
1527750 692
1527760 697
1527770 701
1527780 703
1527790 703
1527800 706
1527810 709
1527820 709
1527830 709
1527840 710
1527850 710
1527860 711
1527870 710
1527880 710
1527890 709
1527900 706
1527910 706
1527920 705
1527930 709
1527940 712
1527950 714
1527960 720
1527970 722
1527980 722
1527990 720
1528000 721
1528010 721
1528020 723
1528030 725
1528040 725
1528050 727
1528060 729
1528070 729
1528080 731
1528090 733
1528100 734
1528110 734
1528120 736
1528130 738
1528140 738
1528150 738
1528160 737
1528170 737
1528180 736
1528190 737
1528200 737
1528210 740
1528220 740
1528230 740
1528240 738
1528250 733
1528260 723
1528270 723
1528280 717
1528290 721
1528300 721
1528310 727
1528320 736
1528330 736
1528340 742
1528350 749
1528360 749
1528370 755
1528380 761
1528390 761
1528400 767
1528410 771
1528420 774
1528430 774
1528440 778
1528450 784
1528460 784
1528470 791
1528480 796
1528490 796
1528500 800
1528510 804
1528520 804
1528530 808
1528540 810
1528550 810
1528560 813
1528570 816
1528580 819
1528590 819
1528600 822
1528610 826
1528620 826
1528630 830
1528640 834
1528650 834
1528660 838
1528670 842
1528680 842
1528690 846
1528700 847
1528710 847
1528720 849
1528730 850
1528740 852
1528750 852
1528760 852
1528770 850
1528780 850
1528790 848
1528800 848
1528810 848
1528820 850
1528830 853
1528840 853
1528850 858
1528860 861
1528870 861
1528880 864
1528890 868
1528900 874
1528910 874
1528920 879
1528930 885
1528940 885
1528950 890
1528960 894
1528970 894
1528980 899
1528990 904
1529000 904
1529010 909
1529020 914
1529030 914
1529040 921
1529050 926
1529060 926
1529070 929
1529080 932
1529090 936
1529100 936
1529110 940
1529120 944
1529130 944
1529140 951
1529150 958
1529160 958
1529170 964
1529180 970
1529190 970
1529200 979
1529210 988
1529220 988
1529230 993
1529240 1000
1529250 1004
1529260 1004
1529270 1008
1529280 1012
1529290 1012
1529300 1018
1529310 1026
1529320 1026
1529330 1032
1529340 1037
1529350 1037
1529360 1040
1529370 1045
1529380 1045
1529390 1050
1529400 1056
1529410 1062
1529420 1062
1529430 1069
1529440 1076
1529450 1076
1529460 1082
1529470 1086
1529480 1086
1529490 1091
1529500 1097
1529510 1097
1529520 1102
1529530 1106
1529540 1106
1529550 1111
1529560 1115
1529570 1118
1529580 1118
1529590 1120
1529600 1122
1529610 1122
1529620 1124
1529630 1126
1529640 1126
1529650 1129
1529660 1133
1529670 1133
1529680 1139
1529690 1145
1529700 1145
1529710 1152
1529720 1158
1529730 1166
1529740 1166
1529750 1174
1529760 1184
1529770 1184
1529780 1199
1529790 1208
1529800 1208
1529810 1212
1529820 1215
1529830 1215
1529840 1216
1529850 1217
1529860 1217
1529870 1217
1529880 1216
1529890 1216
1529900 1216
1529910 1215
1529920 1213
1529930 1213
1529940 1212
1529950 1211
1529960 1211
1529970 1212
1529980 1213
1529990 1213
1530000 1214
1530010 1213
1530020 1213
1530030 1212
1530040 1212
1530050 1212
1530060 1212
1530070 1213
1530080 1214
1530090 1214
1530100 1214
1530110 1214
1530120 1214
1530130 1214
1530140 1215
1530150 1215
1530160 1216
1530170 1217
1530180 1217
1530190 1217
1530200 1218
1530210 1218
1530220 1221
1530230 1223
1530240 1226
1530250 1226
1530260 1229
1530270 1233
1530280 1233
1530290 1237
1530300 1242
1530310 1242
1530320 1248
1530330 1254
1530340 1254
1530350 1259
1530360 1263
1530370 1263
1530380 1267
1530390 1269
1530400 1272
1530410 1272
1530420 1275
1530430 1278
1530440 1278
1530450 1280
1530460 1283
1530470 1283
1530480 1285
1530490 1288
1530500 1288
1530510 1291
1530520 1295
1530530 1295
1530540 1299
1530550 1304
1530560 1309
1530570 1309
1530580 1313
1530590 1318
1530600 1318
1530610 1322
1530620 1326
1530630 1326
1530640 1330
1530650 1334
1530660 1334
1530670 1338
1530680 1341
1530690 1341
1530700 1343
1530710 1344
1530720 1345
1530730 1345
1530740 1346
1530750 1347
1530760 1347
1530770 1349
1530780 1352
1530790 1352
1530800 1355
1530810 1359
1530820 1359
1530830 1363
1530840 1367
1530850 1367
1530860 1371
1530870 1375
1530880 1379
1530890 1379
1530900 1382
1530910 1385
1530920 1385
1530930 1389
1530940 1393
1530950 1393
1530960 1396
1530970 1400
1530980 1400
1530990 1403
1531000 1406
1531010 1406
1531020 1409
1531030 1412
1531040 1415
1531050 1415
1531060 1420
1531070 1424
1531080 1424
1531090 1429
1531100 1433
1531110 1433
1531120 1437
1531130 1442
1531140 1442
1531150 1447
1531160 1452
1531170 1452
1531180 1455
1531190 1458
1531200 1460
1531210 1460
1531220 1463
1531230 1465
1531240 1465
1531250 1466
1531260 1468
1531270 1468
1531280 1469
1531290 1469
1531300 1469
1531310 1472
1531320 1475
1531330 1475
1531340 1478
1531350 1482
1531360 1487
1531370 1487
1531380 1492
1531390 1497
1531400 1497
1531410 1501
1531420 1507
1531430 1507
1531440 1512
1531450 1516
1531460 1516
1531470 1519
1531480 1523
1531490 1523
1531500 1527
1531510 1529
1531520 1531
1531530 1531
1531540 1533
1531550 1535
1531560 1535
1531570 1535
1531580 1533
1531590 1533
1531600 1532
1531610 1531
1531620 1531
1531630 1530
1531640 1528
1531650 1528
1531660 1527
1531670 1526
1531680 1526
1531690 1525
1531700 1524
1531710 1523
1531720 1523
1531730 1522
1531740 1521
1531750 1521
1531760 1520
1531770 1520
1531780 1520
1531790 1520
1531800 1520
1531810 1520
1531820 1521
1531830 1522
1531840 1522
1531850 1523
1531860 1525
1531870 1526
1531880 1526
1531890 1527
1531900 1527
1531910 1527
1531920 1528
1531930 1528
1531940 1528
1531950 1528
1531960 1527
1531970 1527
1531980 1527
1531990 1526
1532000 1526
1532010 1525
1532020 1524
1532030 1522
1532040 1522
1532050 1521
1532060 1520
1532070 1520
1532080 1517
1532090 1514
1532100 1514
1532110 1512
1532120 1508
1532130 1508
1532140 1503
1532150 1499
1532160 1499
1532170 1494
1532180 1489
1532190 1483
1532200 1483
1532210 1477
1532220 1472
1532230 1472
1532240 1466
1532250 1460
1532260 1460
1532270 1453
1532280 1447
1532290 1447
1532300 1443
1532310 1440
1532320 1440
1532330 1438
1532340 1439
1532350 1439
1532360 1439
1532370 1438
1532380 1437
1532390 1437
1532400 1437
1532410 1438
1532420 1438
1532430 1438
1532440 1439
1532450 1439
1532460 1442
1532470 1445
1532480 1445
1532490 1447
1532500 1447
1532510 1447
1532520 1447
1532530 1446
1532540 1444
1532550 1444
1532560 1442
1532570 1441
1532580 1441
1532590 1440
1532600 1440
1532610 1440
1532620 1439
1532630 1437
1532640 1437
1532650 1438
1532660 1439
1532670 1438
1532680 1438
1532690 1439
1532700 1441
1532710 1441
1532720 1441
1532730 1442
1532740 1442
1532750 1443
1532760 1441
1532770 1441
1532780 1437
1532790 1431
1532800 1431
1532810 1429
1532820 1426
1532830 1423
1532840 1423
1532850 1425
1532860 1426
1532870 1426
1532880 1426
1532890 1425
1532900 1425
1532910 1425
1532920 1427
1532930 1427
1532940 1429
1532950 1430
1532960 1430
1532970 1431
1532980 1431
1532990 1431
1533000 1434
1533010 1439
1533020 1442
1533030 1442
1533040 1445
1533050 1449
1533060 1449
1533070 1451
1533080 1453
1533090 1453
1533100 1455
1533110 1456
1533120 1456
1533130 1457
1533140 1459
1533150 1459
1533160 1462
1533170 1464
1533180 1465
1533190 1465
1533200 1464
1533210 1462
1533220 1462
1533230 1459
1533240 1454
1533250 1454
1533260 1449
1533270 1444
1533280 1444
1533290 1440
1533300 1438
1533310 1438
1533320 1437
1533330 1435
1533340 1434
1533350 1434
1533360 1434
1533370 1434
1533380 1434
1533390 1434
1533400 1439
1533410 1439
1533420 1439
1533430 1439
1533440 1439
1533450 1438
1533460 1438
1533470 1438
1533480 1437
1533490 1437
1533500 1439
1533510 1439
1533520 1440
1533530 1442
1533540 1442
1533550 1445
1533560 1449
1533570 1449
1533580 1453
1533590 1455
1533600 1455
1533610 1458
1533620 1459
1533630 1459
1533640 1459
1533650 1459
1533660 1459
1533670 1459
1533680 1458
1533690 1457
1533700 1457
1533710 1457
1533720 1455
1533730 1455
1533740 1454
1533750 1455
1533760 1455
1533770 1455
1533780 1454
1533790 1454
1533800 1454
1533810 1454
1533820 1456
1533830 1456
1533840 1457
1533850 1458
1533860 1458
1533870 1459
1533880 1460
1533890 1460
1533900 1461
1533910 1462
1533920 1462
1533930 1464
1533940 1467
1533950 1467
1533960 1469
1533970 1471
1533980 1473
1533990 1473
1534000 1474
1534010 1475
1534020 1475
1534030 1475
1534040 1475
1534050 1475
1534060 1475
1534070 1474
1534080 1474
1534090 1474
1534100 1473
1534110 1473
1534120 1471
1534130 1471
1534140 1470
1534150 1470
1534160 1470
1534170 1470
1534180 1470
1534190 1469
1534200 1468
1534210 1468
1534220 1467
1534230 1467
1534240 1467
1534250 1466
1534260 1465
1534270 1465
1534280 1464
1534290 1462
1534300 1462
1534310 1460
1534320 1458
1534330 1457
1534340 1457
1534350 1456
1534360 1454
1534370 1454
1534380 1453
1534390 1451
1534400 1451
1534410 1448
1534420 1445
1534430 1445
1534440 1440
1534450 1434
1534460 1434
1534470 1429
1534480 1422
1534490 1416
1534500 1416
1534510 1412
1534520 1408
1534530 1408
1534540 1406
1534550 1400
1534560 1400
1534570 1395
1534580 1391
1534590 1391
1534600 1386
1534610 1380
1534620 1380
1534630 1375
1534640 1371
1534650 1366
1534660 1366
1534670 1362
1534680 1357
1534690 1357
1534700 1351
1534710 1346
1534720 1346
1534730 1342
1534740 1336
1534750 1336
1534760 1329
1534770 1322
1534780 1322
1534790 1314
1534800 1306
1534810 1298
1534820 1298
1534830 1290
1534840 1281
1534850 1281
1534860 1272
1534870 1265
1534880 1265
1534890 1258
1534900 1253
1534910 1253
1534920 1252
1534930 1249
1534940 1249
1534950 1245
1534960 1242
1534970 1240
1534980 1240
1534990 1238
1535000 1236
1535010 1236
1535020 1234
1535030 1230
1535040 1230
1535050 1225
1535060 1221
1535070 1221
1535080 1217
1535090 1215
1535100 1215
1535110 1213
1535120 1211
1535130 1206
1535140 1206
1535150 1200
1535160 1192
1535170 1192
1535180 1186
1535190 1182
1535200 1182
1535210 1182
1535220 1186
1535230 1186
1535240 1192
1535250 1196
1535260 1196
1535270 1197
1535280 1198
1535290 1199
1535300 1199
1535310 1200
1535320 1201
1535330 1201
1535340 1201
1535350 1202
1535360 1202
1535370 1202
1535380 1201
1535390 1201
1535400 1199
1535410 1197
1535420 1197
1535430 1195
1535440 1194
1535450 1195
1535460 1195
1535470 1195
1535480 1196
1535490 1196
1535500 1195
1535510 1194
1535520 1194
1535530 1193
1535540 1192
1535550 1192
1535560 1191
1535570 1191
1535580 1191
1535590 1190
1535600 1189
1535610 1188
1535620 1188
1535630 1187
1535640 1185
1535650 1185
1535660 1183
1535670 1181
1535680 1181
1535690 1179
1535700 1178
1535710 1178
1535720 1180
1535730 1181
1535740 1181
1535750 1183
1535760 1183
1535770 1183
1535780 1183
1535790 1184
1535800 1184
1535810 1184
1535820 1184
1535830 1184
1535840 1184
1535850 1186
1535860 1188
1535870 1188
1535880 1189
1535890 1189
1535900 1189
1535910 1190
1535920 1195
1535930 1195
1535940 1195
1535950 1196
1535960 1197
1535970 1197
1535980 1198
1535990 1198
1536000 1198
1536010 1199
1536020 1200
1536030 1200
1536040 1200
1536050 1200
1536060 1200
1536070 1200
1536080 1200
1536090 1200
1536100 1201
1536110 1200
1536120 1200
1536130 1200
1536140 1200
1536150 1200
1536160 1200
1536170 1200
1536180 1200
1536190 1200
1536200 1199
1536210 1198
1536220 1198
1536230 1197
1536240 1195
1536250 1195
1536260 1194
1536270 1194
1536280 1195
1536290 1195
1536300 1196
1536310 1196
1536320 1196
1536330 1196
1536340 1196
1536350 1196
1536360 1195
1536370 1195
1536380 1195
1536390 1194
1536400 1193
1536410 1193
1536420 1193
1536430 1193
1536440 1192
1536450 1192
1536460 1191
1536470 1188
1536480 1188
1536490 1186
1536500 1184
1536510 1184
1536520 1183
1536530 1182
1536540 1182
1536550 1182
1536560 1183
1536570 1183
1536580 1183
1536590 1181
1536600 1180
1536610 1180
1536620 1179
1536630 1178
1536640 1178
1536650 1178
1536660 1179
1536670 1179
1536680 1180
1536690 1181
1536700 1181
1536710 1182
1536720 1183
1536730 1183
1536740 1183
1536750 1182
1536760 1181
1536770 1181
1536780 1180
1536790 1181
1536800 1181
1536810 1181
1536820 1181
1536830 1181
1536840 1180
1536850 1178
1536860 1178
1536870 1176
1536880 1174
1536890 1174
1536900 1172
1536910 1172
1536920 1172
1536930 1172
1536940 1172
1536950 1172
1536960 1172
1536970 1171
1536980 1169
1536990 1169
1537000 1166
1537010 1165
1537020 1165
1537030 1164
1537040 1161
1537050 1161
1537060 1154
1537070 1146
1537080 1146
1537090 1140
1537100 1135
1537110 1131
1537120 1131
1537130 1127
1537140 1124
1537150 1124
1537160 1121
1537170 1117
1537180 1117
1537190 1112
1537200 1109
1537210 1109
1537220 1106
1537230 1105
1537240 1105
1537250 1104
1537260 1101
1537270 1097
1537280 1097
1537290 1094
1537300 1090
1537310 1090
1537320 1087
1537330 1082
1537340 1082
1537350 1076
1537360 1071
1537370 1071
1537380 1065
1537390 1061
1537400 1061
1537410 1058
1537420 1054
1537430 1050
1537440 1050
1537450 1043
1537460 1035
1537470 1035
1537480 1028
1537490 1022
1537500 1022
1537510 1018
1537520 1014
1537530 1014
1537540 1012
1537550 1010
1537560 1010
1537570 1008
1537580 1006
1537590 1002
1537600 1002
1537610 999
1537620 996
1537630 996
1537640 993
1537650 991
1537660 991
1537670 989
1537680 987
1537690 987
1537700 984
1537710 978
1537720 978
1537730 973
1537740 967
1537750 961
1537760 961
1537770 956
1537780 952
1537790 952
1537800 948
1537810 944
1537820 944
1537830 939
1537840 934
1537850 934
1537860 929
1537870 925
1537880 925
1537890 922
1537900 919
1537910 917
1537920 917
1537930 914
1537940 912
1537950 912
1537960 910
1537970 909
1537980 909
1537990 907
1538000 906
1538010 906
1538020 903
1538030 901
1538040 901
1538050 899
1538060 896
1538070 889
1538080 889
1538090 882
1538100 877
1538110 877
1538120 873
1538130 868
1538140 868
1538150 864
1538160 861
1538170 861
1538180 860
1538190 858
1538200 858
1538210 855
1538220 854
1538230 852
1538240 852
1538250 849
1538260 846
1538270 846
1538280 845
1538290 843
1538300 843
1538310 841
1538320 839
1538330 839
1538340 837
1538350 834
1538360 834
1538370 832
1538380 829
1538390 829
1538400 826
1538410 823
1538420 819
1538430 819
1538440 816
1538450 813
1538460 813
1538470 809
1538480 806
1538490 806
1538500 803
1538510 799
1538520 799
1538530 794
1538540 785
1538550 785
1538560 779
1538570 774
1538580 771
1538590 771
1538600 766
1538610 758
1538620 758
1538630 751
1538640 745
1538650 745
1538660 739
1538670 734
1538680 734
1538690 729
1538700 722
1538710 722
1538720 717
1538730 714
1538740 711
1538750 711
1538760 708
1538770 701
1538780 701
1538790 693
1538800 688
1538810 688
1538820 684
1538830 681
1538840 681
1538850 677
1538860 675
1538870 675
1538880 671
1538890 668
1538900 665
1538910 665
1538920 663
1538930 660
1538940 660
1538950 658
1538960 656
1538970 656
1538980 653
1538990 650
1539000 650
1539010 645
1539020 639
1539030 639
1539040 633
1539050 628
1539060 623
1539070 623
1539080 618
1539090 614
1539100 614
1539110 608
1539120 603
1539130 603
1539140 598
1539150 593
1539160 593
1539170 590
1539180 589
1539190 589
1539200 588
1539210 584
1539220 578
1539230 578
1539240 572
1539250 567
1539260 567
1539270 562
1539280 557
1539290 557
1539300 556
1539310 555
1539320 555
1539330 556
1539340 555
1539350 555
1539360 556
1539370 559
1539380 560
1539390 560
1539400 558
1539410 556
1539420 556
1539430 556
1539440 557
1539450 557
1539460 558
1539470 559
1539480 559
1539490 560
1539500 561
1539510 561
1539520 562
1539530 564
1539540 565
1539550 565
1539560 566
1539570 566
1539580 566
1539590 567
1539600 568
1539610 568
1539620 569
1539630 570
1539640 570
1539650 570
1539660 571
1539670 571
1539680 571
1539690 572
1539700 572
1539710 573
1539720 574
1539730 575
1539740 575
1539750 576
1539760 577
1539770 577
1539780 577
1539790 578
1539800 578
1539810 578
1539820 579
1539830 579
1539840 583
1539850 589
1539860 589
1539870 595
1539880 597
1539890 597
1539900 597
1539910 598
1539920 598
1539930 598
1539940 598
1539950 599
1539960 599
1539970 599
1539980 600
1539990 600
