1520000 509
1520010 509
1520020 509
1520030 509
1520040 509
1520050 509
1520060 509
1520070 509
1520080 509
1520090 509
1520100 510
1520110 510
1520120 510
1520130 510
1520140 510
1520150 510
1520160 510
1520170 510
1520180 510
1520190 509
1520200 509
1520210 509
1520220 509
1520230 509
1520240 509
1520250 509
1520260 509
1520270 509
1520280 509
1520290 509
1520300 509
1520310 509
1520320 509
1520330 509
1520340 509
1520350 510
1520360 510
1520370 510
1520380 510
1520390 509
1520400 509
1520410 509
1520420 509
1520430 509
1520440 509
1520450 509
1520460 509
1520470 509
1520480 509
1520490 509
1520500 509
1520510 509
1520520 509
1520530 509
1520540 509
1520550 509
1520560 509
1520570 509
1520580 509
1520590 509
1520600 509
1520610 509
1520620 509
1520630 509
1520640 509
1520650 509
1520660 509
1520670 509
1520680 509
1520690 509
1520700 510
1520710 509
1520720 509
1520730 509
1520740 508
1520750 509
1520760 509
1520770 509
1520780 509
1520790 509
1520800 509
1520810 509
1520820 509
1520830 509
1520840 509
1520850 509
1520860 509
1520870 509
1520880 509
1520890 508
1520900 509
1520910 509
1520920 509
1520930 509
1520940 509
1520950 509
1520960 509
1520970 509
1520980 509
1520990 509
1521000 509
1521010 509
1521020 509
1521030 509
1521040 509
1521050 509
1521060 509
1521070 509
1521080 509
1521090 509
1521100 509
1521110 509
1521120 509
1521130 509
1521140 509
1521150 509
1521160 509
1521170 509
1521180 509
1521190 509
1521200 509
1521210 508
1521220 508
1521230 508
1521240 509
1521250 509
1521260 509
1521270 509
1521280 509
1521290 509
1521300 509
1521310 507
1521320 505
1521330 505
1521340 505
1521350 505
1521360 505
1521370 505
1521380 505
1521390 505
1521400 505
1521410 505
1521420 505
1521430 505
1521440 505
1521450 505
1521460 505
1521470 506
1521480 508
1521490 508
1521500 509
1521510 510
1521520 510
1521530 510
1521540 510
1521550 510
1521560 510
1521570 509
1521580 509
1521590 509
1521600 509
1521610 509
1521620 509
1521630 509
1521640 510
1521650 510
1521660 511
1521670 512
1521680 512
1521690 512
1521700 512
1521710 512
1521720 513
1521730 512
1521740 512
1521750 512
1521760 514
1521770 518
1521780 518
1521790 524
1521800 528
1521810 528
1521820 533
1521830 539
1521840 539
1521850 543
1521860 548
1521870 548
1521880 554
1521890 560
1521900 560
1521910 569
1521920 576
1521930 581
1521940 581
1521950 586
1521960 590
1521970 590
1521980 594
1521990 597
1522000 597
1522010 601
1522020 604
1522030 604
1522040 606
1522050 609
1522060 609
1522070 611
1522080 614
1522090 619
1522100 619
1522110 621
1522120 623
1522130 623
1522140 623
1522150 623
1522160 623
1522170 623
1522180 621
1522190 621
1522200 620
1522210 621
1522220 621
1522230 620
1522240 618
1522250 613
1522260 613
1522270 612
1522280 613
1522290 613
1522300 610
1522310 604
1522320 604
1522330 599
1522340 602
1522350 602
1522360 613
1522370 625
1522380 625
1522390 628
1522400 630
1522410 630
1522420 633
1522430 635
1522440 639
1522450 639
1522460 641
1522470 645
1522480 645
1522490 648
1522500 651
1522510 651
1522520 655
1522530 659
1522540 659
1522550 662
1522560 665
1522570 665
1522580 667
1522590 669
1522600 671
1522610 671
1522620 673
1522630 675
1522640 675
1522650 678
1522660 680
1522670 680
1522680 683
1522690 684
1522700 684
1522710 686
1522720 687
1522730 687
1522740 687
1522750 688
1522760 688
1522770 688
1522780 689
1522790 690
1522800 690
1522810 690
1522820 690
1522830 690
1522840 691
1522850 692
1522860 692
1522870 693
1522880 694
1522890 694
1522900 694
1522910 695
1522920 695
1522930 695
1522940 697
1522950 698
1522960 698
1522970 699
1522980 700
1522990 700
1523000 701
1523010 702
1523020 702
1523030 704
1523040 706
1523050 706
1523060 708
1523070 712
1523080 715
1523090 715
1523100 716
1523110 716
1523120 716
1523130 714
1523140 713
1523150 713
1523160 712
1523170 712
1523180 712
1523190 712
1523200 712
1523210 712
1523220 710
1523230 708
1523240 708
1523250 707
1523260 703
1523270 698
1523280 698
1523290 693
1523300 687
1523310 687
1523320 682
1523330 677
1523340 677
1523350 673
1523360 671
1523370 671
1523380 669
1523390 667
1523400 667
1523410 666
1523420 665
1523430 664
1523440 664
1523450 663
1523460 662
1523470 662
1523480 662
1523490 662
1523500 662
1523510 662
1523520 662
1523530 662
1523540 662
1523550 662
1523560 662
1523570 662
1523580 662
1523590 662
1523600 662
1523610 662
1523620 662
1523630 662
1523640 662
1523650 662
1523660 662
1523670 663
1523680 663
1523690 664
1523700 664
1523710 664
1523720 664
1523730 664
1523740 664
1523750 665
1523760 665
1523770 665
1523780 665
1523790 665
1523800 665
1523810 665
1523820 665
1523830 665
1523840 666
1523850 666
1523860 666
1523870 666
1523880 666
1523890 666
1523900 666
1523910 667
1523920 667
1523930 667
1523940 667
1523950 667
1523960 667
1523970 667
1523980 667
1523990 668
1524000 669
1524010 669
1524020 670
1524030 671
1524040 671
1524050 671
1524060 671
1524070 671
1524080 672
1524090 672
1524100 673
1524110 673
1524120 674
1524130 675
1524140 675
1524150 676
1524160 677
1524170 677
1524180 678
1524190 680
1524200 680
1524210 681
1524220 682
1524230 682
1524240 684
1524250 685
1524260 686
1524270 686
1524280 687
1524290 687
1524300 687
1524310 690
1524320 690
1524330 690
1524340 691
1524350 694
1524360 694
1524370 697
1524380 699
1524390 699
1524400 702
1524410 702
1524420 703
1524430 703
1524440 704
1524450 706
1524460 706
1524470 706
1524480 707
1524490 707
1524500 707
1524510 708
1524520 708
1524530 708
1524540 709
1524550 709
1524560 709
1524570 710
1524580 711
1524590 711
1524600 712
1524610 713
1524620 713
1524630 715
1524640 717
1524650 717
1524660 720
1524670 722
1524680 722
1524690 725
1524700 727
1524710 727
1524720 730
1524730 733
1524740 736
1524750 736
1524760 741
1524770 745
1524780 745
1524790 748
1524800 751
1524810 751
1524820 753
1524830 753
1524840 753
1524850 754
1524860 753
1524870 753
1524880 753
1524890 752
1524900 752
1524910 750
1524920 750
1524930 750
1524940 750
1524950 751
1524960 752
1524970 752
1524980 756
1524990 759
1525000 759
1525010 762
1525020 765
1525030 765
1525040 768
1525050 771
1525060 771
1525070 775
1525080 777
1525090 780
1525100 780
1525110 784
1525120 790
1525130 790
1525140 795
1525150 799
1525160 799
1525170 804
1525180 808
1525190 808
1525200 810
1525210 812
1525220 812
1525230 815
1525240 818
1525250 822
1525260 822
1525270 826
1525280 831
1525290 831
1525300 835
1525310 840
1525320 840
1525330 845
1525340 850
1525350 850
1525360 855
1525370 860
1525380 860
1525390 865
1525400 869
1525410 873
1525420 873
1525430 876
1525440 880
1525450 880
1525460 883
1525470 885
1525480 885
1525490 887
1525500 889
1525510 889
1525520 891
1525530 895
1525540 895
1525550 898
1525560 901
1525570 905
1525580 905
1525590 908
1525600 912
1525610 912
1525620 917
1525630 923
1525640 923
1525650 928
1525660 931
1525670 931
1525680 932
1525690 933
1525700 933
1525710 934
1525720 935
1525730 935
1525740 937
1525750 939
1525760 940
1525770 940
1525780 940
1525790 940
1525800 940
1525810 941
1525820 941
1525830 941
1525840 941
1525850 941
1525860 941
1525870 942
1525880 944
1525890 944
1525900 945
1525910 946
1525920 947
1525930 947
1525940 948
1525950 948
1525960 948
1525970 949
1525980 949
1525990 949
1526000 950
1526010 951
1526020 951
1526030 952
1526040 953
1526050 953
1526060 956
1526070 958
1526080 961
1526090 961
1526100 963
1526110 965
1526120 965
1526130 967
1526140 969
1526150 969
1526160 970
1526170 972
1526180 972
1526190 975
1526200 980
1526210 980
1526220 985
1526230 989
1526240 992
1526250 992
1526260 995
1526270 998
1526280 998
1526290 1002
1526300 1006
1526310 1006
1526320 1010
1526330 1014
1526340 1014
1526350 1017
1526360 1020
1526370 1020
1526380 1021
1526390 1022
1526400 1025
1526410 1025
1526420 1027
1526430 1028
1526440 1028
1526450 1031
1526460 1034
1526470 1034
1526480 1038
1526490 1040
1526500 1040
1526510 1043
1526520 1046
1526530 1046
1526540 1049
1526550 1051
1526560 1051
1526570 1053
1526580 1056
1526590 1059
1526600 1059
1526610 1061
1526620 1062
1526630 1062
1526640 1065
1526650 1067
1526660 1067
1526670 1069
1526680 1071
1526690 1071
1526700 1074
1526710 1075
1526720 1075
1526730 1078
1526740 1081
1526750 1085
1526760 1085
1526770 1089
1526780 1093
1526790 1097
1526800 1102
1526810 1107
1526820 1107
1526830 1112
1526840 1117
1526850 1117
1526860 1121
1526870 1125
1526880 1125
1526890 1128
1526900 1132
1526910 1137
1526920 1137
1526930 1143
1526940 1149
1526950 1149
1526960 1155
1526970 1163
1526980 1163
1526990 1169
1527000 1175
1527010 1175
1527020 1181
1527030 1187
1527040 1187
1527050 1193
1527060 1199
1527070 1207
1527080 1207
1527090 1212
1527100 1217
1527110 1217
1527120 1223
1527130 1229
1527140 1229
1527150 1234
1527160 1239
1527170 1239
1527180 1243
1527190 1248
1527200 1248
1527210 1255
1527220 1260
1527230 1266
1527240 1266
1527250 1270
1527260 1275
1527270 1275
1527280 1281
1527290 1287
1527300 1287
1527310 1292
1527320 1297
1527330 1297
1527340 1302
1527350 1304
1527360 1304
1527370 1307
1527380 1310
1527390 1310
1527400 1314
1527410 1317
1527420 1320
1527430 1320
1527440 1322
1527450 1325
1527460 1325
1527470 1327
1527480 1330
1527490 1330
1527500 1332
1527510 1334
1527520 1334
1527530 1336
1527540 1338
1527550 1338
1527560 1343
1527570 1350
1527580 1357
1527590 1357
1527600 1361
1527610 1367
1527620 1367
1527630 1371
1527640 1375
1527650 1375
1527660 1381
1527670 1386
1527680 1386
1527690 1391
1527700 1396
1527710 1396
1527720 1401
1527730 1407
1527740 1413
1527750 1413
1527760 1418
1527770 1423
1527780 1423
1527790 1428
1527800 1432
1527810 1432
1527820 1437
1527830 1442
1527840 1442
1527850 1446
1527860 1451
1527870 1451
1527880 1456
1527890 1461
1527900 1465
1527910 1465
1527920 1470
1527930 1475
1527940 1475
1527950 1480
1527960 1485
1527970 1485
1527980 1489
1527990 1494
1528000 1494
1528010 1501
1528020 1510
1528030 1510
1528040 1518
1528050 1524
1528060 1530
1528070 1530
1528080 1534
1528090 1537
1528100 1537
1528110 1540
1528120 1541
1528130 1541
1528140 1546
1528150 1550
1528160 1550
1528170 1554
1528180 1559
1528190 1559
1528200 1563
1528210 1567
1528220 1567
1528230 1571
1528240 1574
1528250 1578
1528260 1578
1528270 1584
1528280 1592
1528290 1592
1528300 1598
1528310 1605
1528320 1605
1528330 1612
1528340 1618
1528350 1618
1528360 1625
1528370 1631
1528380 1631
1528390 1636
1528400 1642
1528410 1649
1528420 1649
1528430 1656
1528440 1664
1528450 1664
1528460 1671
1528470 1677
1528480 1677
1528490 1684
1528500 1690
1528510 1690
1528520 1696
1528530 1703
1528540 1703
1528550 1709
1528560 1716
1528570 1722
1528580 1722
1528590 1729
1528600 1736
1528610 1736
1528620 1742
1528630 1748
1528640 1748
1528650 1752
1528660 1758
1528670 1758
1528680 1763
1528690 1767
1528700 1767
1528710 1772
1528720 1775
1528730 1775
1528740 1775
1528750 1774
1528760 1773
1528770 1773
1528780 1772
1528790 1771
1528800 1771
1528810 1769
1528820 1768
1528830 1768
1528840 1765
1528850 1763
1528860 1763
1528870 1761
1528880 1761
1528890 1760
1528900 1760
1528910 1760
1528920 1758
1528930 1758
1528940 1755
1528950 1750
1528960 1750
1528970 1743
1528980 1736
1528990 1736
1529000 1730
1529010 1728
1529020 1728
1529030 1729
1529040 1729
1529050 1729
1529060 1729
1529070 1730
1529080 1731
1529090 1731
1529100 1731
1529110 1730
1529120 1730
1529130 1728
1529140 1727
1529150 1727
1529160 1725
1529170 1721
1529180 1721
1529190 1715
1529200 1711
1529210 1711
1529220 1709
1529230 1708
1529240 1706
1529250 1706
1529260 1697
1529270 1687
1529280 1687
1529290 1686
1529300 1686
1529310 1686
1529320 1687
1529330 1689
1529340 1689
1529350 1691
1529360 1693
1529370 1693
1529380 1694
1529390 1696
1529400 1698
1529410 1698
1529420 1702
1529430 1705
1529440 1705
1529450 1709
1529460 1713
1529470 1713
1529480 1716
1529490 1717
1529500 1717
1529510 1716
1529520 1715
1529530 1715
1529540 1713
1529550 1710
1529560 1707
1529570 1707
1529580 1705
1529590 1703
1529600 1703
1529610 1702
1529620 1703
1529630 1703
1529640 1702
1529650 1701
1529660 1701
1529670 1705
1529680 1704
1529690 1704
1529700 1704
1529710 1704
1529720 1704
1529730 1704
1529740 1704
1529750 1703
1529760 1703
1529770 1703
1529780 1703
1529790 1703
1529800 1703
1529810 1703
1529820 1703
1529830 1704
1529840 1705
1529850 1705
1529860 1707
1529870 1709
1529880 1709
1529890 1711
1529900 1714
1529910 1717
1529920 1717
1529930 1722
1529940 1726
1529950 1726
1529960 1729
1529970 1731
1529980 1731
1529990 1733
1530000 1734
1530010 1734
1530020 1737
1530030 1740
1530040 1740
1530050 1744
1530060 1746
1530070 1749
1530080 1749
1530090 1752
1530100 1756
1530110 1756
1530120 1760
1530130 1763
1530140 1763
1530150 1765
1530160 1767
1530170 1767
1530180 1769
1530190 1771
1530200 1771
1530210 1773
1530220 1776
1530230 1778
1530240 1778
1530250 1781
1530260 1784
1530270 1784
1530280 1788
1530290 1789
1530300 1789
1530310 1789
1530320 1791
1530330 1791
1530340 1791
1530350 1794
1530360 1794
1530370 1798
1530380 1802
1530390 1807
1530400 1807
1530410 1810
1530420 1813
1530430 1813
1530440 1815
1530450 1817
1530460 1817
1530470 1819
1530480 1820
1530490 1820
1530500 1820
1530510 1819
1530520 1819
1530530 1818
1530540 1816
1530550 1815
1530560 1815
1530570 1816
1530580 1817
1530590 1817
1530600 1817
1530610 1818
1530620 1818
1530630 1820
1530640 1821
1530650 1821
1530660 1823
1530670 1824
1530680 1824
1530690 1825
1530700 1826
1530710 1826
1530720 1827
1530730 1828
1530740 1828
1530750 1828
1530760 1827
1530770 1826
1530780 1826
1530790 1824
1530800 1822
1530810 1822
1530820 1820
1530830 1818
1530840 1818
1530850 1814
1530860 1809
1530870 1809
1530880 1804
1530890 1800
1530900 1796
1530910 1796
1530920 1793
1530930 1788
1530940 1788
1530950 1786
1530960 1783
1530970 1783
1530980 1781
1530990 1778
1531000 1778
1531010 1774
1531020 1771
1531030 1771
1531040 1767
1531050 1763
1531060 1759
1531070 1759
1531080 1755
1531090 1748
1531100 1748
1531110 1742
1531120 1734
1531130 1734
1531140 1726
1531150 1719
1531160 1719
1531170 1715
1531180 1712
1531190 1712
1531200 1709
1531210 1706
1531220 1702
1531230 1702
1531240 1698
1531250 1694
1531260 1694
1531270 1691
1531280 1688
1531290 1688
1531300 1686
1531310 1685
1531320 1685
1531330 1684
1531340 1684
1531350 1684
1531360 1684
1531370 1684
1531380 1683
1531390 1683
1531400 1682
1531410 1680
1531420 1680
1531430 1679
1531440 1678
1531450 1678
1531460 1677
1531470 1674
1531480 1674
1531490 1671
1531500 1669
1531510 1669
1531520 1668
1531530 1665
1531540 1665
1531550 1663
1531560 1660
1531570 1656
1531580 1656
1531590 1652
1531600 1647
1531610 1647
1531620 1642
1531630 1637
1531640 1637
1531650 1632
1531660 1626
1531670 1626
1531680 1620
1531690 1619
1531700 1619
1531710 1621
1531720 1622
1531730 1622
1531740 1622
1531750 1621
1531760 1620
1531770 1620
1531780 1618
1531790 1614
1531800 1614
1531810 1610
1531820 1606
1531830 1606
1531840 1601
1531850 1598
1531860 1598
1531870 1595
1531880 1592
1531890 1590
1531900 1590
1531910 1587
1531920 1585
1531930 1585
1531940 1583
1531950 1581
1531960 1581
1531970 1576
1531980 1571
1531990 1571
1532000 1569
1532010 1567
1532020 1567
1532030 1564
1532040 1560
1532050 1556
1532060 1556
1532070 1553
1532080 1549
1532090 1549
1532100 1545
1532110 1541
1532120 1541
1532130 1537
1532140 1533
1532150 1533
1532160 1529
1532170 1525
1532180 1525
1532190 1523
1532200 1520
1532210 1520
1532220 1517
1532230 1513
1532240 1508
1532250 1508
1532260 1503
1532270 1496
1532280 1496
1532290 1489
1532300 1483
1532310 1483
1532320 1478
1532330 1475
1532340 1475
1532350 1472
1532360 1470
1532370 1470
1532380 1470
1532390 1466
1532400 1463
1532410 1463
1532420 1462
1532430 1459
1532440 1459
1532450 1454
1532460 1449
1532470 1449
1532480 1447
1532490 1447
1532500 1447
1532510 1445
1532520 1443
1532530 1443
1532540 1443
1532550 1446
1532560 1449
1532570 1449
1532580 1447
1532590 1443
1532600 1443
1532610 1439
1532620 1437
1532630 1437
1532640 1436
1532650 1433
1532660 1433
1532670 1433
1532680 1434
1532690 1434
1532700 1434
1532710 1433
1532720 1431
1532730 1431
1532740 1428
1532750 1424
1532760 1424
1532770 1419
1532780 1415
1532790 1415
1532800 1411
1532810 1408
1532820 1408
1532830 1404
1532840 1402
1532850 1402
1532860 1400
1532870 1401
1532880 1404
1532890 1404
1532900 1406
1532910 1406
1532920 1406
1532930 1404
1532940 1402
1532950 1402
1532960 1403
1532970 1402
1532980 1402
1532990 1400
1533000 1399
1533010 1399
1533020 1397
1533030 1393
1533040 1393
1533050 1390
1533060 1387
1533070 1385
1533080 1385
1533090 1383
1533100 1381
1533110 1381
1533120 1380
1533130 1379
1533140 1379
1533150 1378
1533160 1376
1533170 1376
1533180 1373
1533190 1371
1533200 1371
1533210 1369
1533220 1367
1533230 1364
1533240 1364
1533250 1363
1533260 1362
1533270 1362
1533280 1360
1533290 1358
1533300 1358
1533310 1356
1533320 1353
1533330 1353
1533340 1351
1533350 1348
1533360 1348
1533370 1345
1533380 1343
1533390 1342
1533400 1342
1533410 1342
1533420 1339
1533430 1339
1533440 1336
1533450 1333
1533460 1333
1533470 1331
1533480 1329
1533490 1329
1533500 1327
1533510 1325
1533520 1325
1533530 1322
1533540 1320
1533550 1318
1533560 1318
1533570 1315
1533580 1312
1533590 1312
1533600 1310
1533610 1307
1533620 1307
1533630 1305
1533640 1304
1533650 1304
1533660 1303
1533670 1302
1533680 1302
1533690 1301
1533700 1299
1533710 1296
1533720 1296
1533730 1293
1533740 1290
1533750 1290
1533760 1287
1533770 1283
1533780 1283
1533790 1279
1533800 1275
1533810 1275
1533820 1271
1533830 1268
1533840 1268
1533850 1265
1533860 1263
1533870 1263
1533880 1261
1533890 1258
1533900 1256
1533910 1256
1533920 1252
1533930 1247
1533940 1247
1533950 1242
1533960 1235
1533970 1235
1533980 1229
1533990 1223
1534000 1223
1534010 1218
1534020 1211
1534030 1211
1534040 1203
1534050 1196
1534060 1189
1534070 1189
1534080 1183
1534090 1179
1534100 1179
1534110 1179
1534120 1180
1534130 1180
1534140 1179
1534150 1176
1534160 1176
1534170 1175
1534180 1175
1534190 1175
1534200 1176
1534210 1175
1534220 1173
1534230 1173
1534240 1170
1534250 1165
1534260 1165
1534270 1160
1534280 1154
1534290 1154
1534300 1149
1534310 1143
1534320 1143
1534330 1138
1534340 1136
1534350 1136
1534360 1137
1534370 1140
1534380 1142
1534390 1142
1534400 1144
1534410 1146
1534420 1146
1534430 1150
1534440 1153
1534450 1153
1534460 1155
1534470 1156
1534480 1156
1534490 1155
1534500 1154
1534510 1154
1534520 1154
1534530 1153
1534540 1153
1534550 1153
1534560 1153
1534570 1155
1534580 1155
1534590 1156
1534600 1156
1534610 1156
1534620 1155
1534630 1154
1534640 1154
1534650 1153
1534660 1150
1534670 1150
1534680 1148
1534690 1146
1534700 1142
1534710 1142
1534720 1139
1534730 1137
1534740 1137
1534750 1134
1534760 1132
1534770 1132
1534780 1130
1534790 1129
1534800 1129
1534810 1128
1534820 1128
1534830 1128
1534840 1127
1534850 1126
1534860 1126
1534870 1124
1534880 1122
1534890 1121
1534900 1121
1534910 1121
1534920 1120
1534930 1120
1534940 1118
1534950 1113
1534960 1113
1534970 1112
1534980 1109
1534990 1109
1535000 1112
1535010 1109
1535020 1109
1535030 1108
1535040 1108
1535050 1109
1535060 1109
1535070 1109
1535080 1109
1535090 1109
1535100 1109
1535110 1109
1535120 1109
1535130 1109
1535140 1109
1535150 1109
1535160 1109
1535170 1109
1535180 1109
1535190 1109
1535200 1109
1535210 1109
1535220 1109
1535230 1108
1535240 1108
1535250 1108
1535260 1107
1535270 1106
1535280 1106
1535290 1107
1535300 1107
1535310 1107
1535320 1106
1535330 1106
1535340 1106
1535350 1105
1535360 1104
1535370 1103
1535380 1103
1535390 1102
1535400 1102
1535410 1102
1535420 1101
1535430 1101
1535440 1101
1535450 1101
1535460 1101
1535470 1101
1535480 1100
1535490 1099
1535500 1099
1535510 1099
1535520 1098
1535530 1095
1535540 1095
1535550 1097
1535560 1098
1535570 1098
1535580 1097
1535590 1097
1535600 1097
1535610 1098
1535620 1097
1535630 1097
1535640 1097
1535650 1096
1535660 1096
1535670 1093
1535680 1088
1535690 1088
1535700 1092
1535710 1095
1535720 1095
1535730 1095
1535740 1094
1535750 1094
1535760 1094
1535770 1095
1535780 1095
1535790 1095
1535800 1094
1535810 1093
1535820 1093
1535830 1095
1535840 1095
1535850 1095
1535860 1095
1535870 1095
1535880 1093
1535890 1093
1535900 1092
1535910 1091
1535920 1091
1535930 1089
1535940 1087
1535950 1087
1535960 1086
1535970 1085
1535980 1085
1535990 1085
1536000 1083
1536010 1083
1536020 1082
1536030 1080
1536040 1078
1536050 1078
1536060 1077
1536070 1076
1536080 1076
1536090 1074
1536100 1073
1536110 1073
1536120 1071
1536130 1069
1536140 1069
1536150 1068
1536160 1067
1536170 1067
1536180 1066
1536190 1065
1536200 1064
1536210 1064
1536220 1062
1536230 1061
1536240 1061
1536250 1060
1536260 1058
1536270 1058
1536280 1056
1536290 1055
1536300 1055
1536310 1054
1536320 1053
1536330 1053
1536340 1052
1536350 1051
1536360 1051
1536370 1049
1536380 1047
1536390 1046
1536400 1046
1536410 1044
1536420 1043
1536430 1043
1536440 1041
1536450 1039
1536460 1039
1536470 1039
1536480 1037
1536490 1037
1536500 1035
1536510 1034
1536520 1034
1536530 1033
1536540 1033
1536550 1033
1536560 1033
1536570 1033
1536580 1030
1536590 1030
1536600 1026
1536610 1024
1536620 1024
1536630 1021
1536640 1019
1536650 1019
1536660 1017
1536670 1016
1536680 1016
1536690 1014
1536700 1012
1536710 1010
1536720 1010
1536730 1009
1536740 1007
1536750 1007
1536760 1007
1536770 1006
1536780 1006
1536790 1004
1536800 1004
1536810 1004
1536820 1003
1536830 1001
1536840 1001
1536850 1000
1536860 998
1536870 997
1536880 997
1536890 996
1536900 995
1536910 995
1536920 995
1536930 994
1536940 994
1536950 994
1536960 993
1536970 993
1536980 993
1536990 993
1537000 993
1537010 992
1537020 993
1537030 993
1537040 993
1537050 992
1537060 992
1537070 992
1537080 992
1537090 992
1537100 992
1537110 992
1537120 991
1537130 991
1537140 991
1537150 990
1537160 990
1537170 990
1537180 990
1537190 990
1537200 990
1537210 990
1537220 990
1537230 990
1537240 990
1537250 989
1537260 989
1537270 988
1537280 987
1537290 987
1537300 986
1537310 985
1537320 985
1537330 983
1537340 980
1537350 980
1537360 976
1537370 973
1537380 969
1537390 972
1537400 968
1537410 965
1537420 965
1537430 964
1537440 960
1537450 960
1537460 957
1537470 955
1537480 955
1537490 953
1537500 951
1537510 951
1537520 950
1537530 947
1537540 946
1537550 946
1537560 944
1537570 942
1537580 942
1537590 940
1537600 938
1537610 938
1537620 937
1537630 935
1537640 935
1537650 934
1537660 933
1537670 933
1537680 930
1537690 929
1537700 927
1537710 927
1537720 925
1537730 924
1537740 924
1537750 922
1537760 920
1537770 920
1537780 918
1537790 916
1537800 916
1537810 914
1537820 912
1537830 912
1537840 911
1537850 908
1537860 906
1537870 906
1537880 904
1537890 902
1537900 902
1537910 900
1537920 897
1537930 897
1537940 895
1537950 893
1537960 893
1537970 891
1537980 890
1537990 890
1538000 888
1538010 886
1538020 886
1538030 885
1538040 884
1538050 883
1538060 883
1538070 883
1538080 882
1538090 882
1538100 881
1538110 879
1538120 879
1538130 877
1538140 875
1538150 875
1538160 873
1538170 871
1538180 871
1538190 868
1538200 866
1538210 865
1538220 865
1538230 863
1538240 862
1538250 862
1538260 860
1538270 857
1538280 857
1538290 855
1538300 852
1538310 852
1538320 849
1538330 847
1538340 847
1538350 844
1538360 842
1538370 840
1538380 840
1538390 838
1538400 832
1538410 832
1538420 824
1538430 818
1538440 818
1538450 813
1538460 807
1538470 807
1538480 801
1538490 797
1538500 797
1538510 795
1538520 792
1538530 790
1538540 790
1538550 788
1538560 786
1538570 786
1538580 782
1538590 777
1538600 777
1538610 769
1538620 759
1538630 759
1538640 748
1538650 740
1538660 740
1538670 729
1538680 715
1538690 702
1538700 702
1538710 692
1538720 685
1538730 685
1538740 677
1538750 670
1538760 670
1538770 664
1538780 658
1538790 658
1538800 651
1538810 646
1538820 646
1538830 640
1538840 635
1538850 635
1538860 629
1538870 622
1538880 614
1538890 614
1538900 610
1538910 609
1538920 609
1538930 608
1538940 607
1538950 607
1538960 607
1538970 607
1538980 607
1538990 606
1539000 606
1539010 606
1539020 606
1539030 606
1539040 605
1539050 605
1539060 605
1539070 606
1539080 606
1539090 611
1539100 614
1539110 614
1539120 614
1539130 614
1539140 614
1539150 617
1539160 621
1539170 621
1539180 624
1539190 629
1539200 636
1539210 636
1539220 642
1539230 650
1539240 650
1539250 657
1539260 664
1539270 664
1539280 672
1539290 679
1539300 679
1539310 683
1539320 683
1539330 683
1539340 682
1539350 682
1539360 680
1539370 680
1539380 680
1539390 679
1539400 679
1539410 680
1539420 682
1539430 682
1539440 684
1539450 684
1539460 684
1539470 684
1539480 686
1539490 686
1539500 686
1539510 693
1539520 711
1539530 711
1539540 729
1539550 732
1539560 732
1539570 734
1539580 737
1539590 737
1539600 741
1539610 746
1539620 746
1539630 748
1539640 754
1539650 754
1539660 759
1539670 764
1539680 764
1539690 768
1539700 771
1539710 773
1539720 769
1539730 774
1539740 779
1539750 779
1539760 785
1539770 790
1539780 790
1539790 796
1539800 803
1539810 803
1539820 808
1539830 812
1539840 812
1539850 816
1539860 818
1539870 821
1539880 821
1539890 823
1539900 826
1539910 826
1539920 828
1539930 831
1539940 831
1539950 835
1539960 839
1539970 839
1539980 843
1539990 847
