1520000 510
1520010 510
1520020 510
1520030 510
1520040 510
1520050 510
1520060 510
1520070 511
1520080 511
1520090 511
1520100 510
1520110 510
1520120 510
1520130 510
1520140 510
1520150 511
1520160 511
1520170 511
1520180 511
1520190 511
1520200 511
1520210 511
1520220 509
1520230 508
1520240 508
1520250 506
1520260 505
1520270 505
1520280 505
1520290 505
1520300 505
1520310 505
1520320 505
1520330 505
1520340 505
1520350 505
1520360 505
1520370 505
1520380 505
1520390 505
1520400 505
1520410 505
1520420 505
1520430 505
1520440 505
1520450 506
1520460 506
1520470 507
1520480 508
1520490 508
1520500 510
1520510 511
1520520 511
1520530 512
1520540 513
1520550 513
1520560 516
1520570 518
1520580 522
1520590 522
1520600 528
1520610 533
1520620 533
1520630 536
1520640 539
1520650 539
1520660 542
1520670 545
1520680 545
1520690 548
1520700 550
1520710 550
1520720 551
1520730 553
1520740 554
1520750 554
1520760 555
1520770 556
1520780 556
1520790 557
1520800 556
1520810 556
1520820 563
1520830 567
1520840 567
1520850 570
1520860 572
1520870 572
1520880 572
1520890 573
1520900 576
1520910 576
1520920 578
1520930 580
1520940 580
1520950 582
1520960 583
1520970 583
1520980 585
1520990 586
1521000 586
1521010 586
1521020 588
1521030 588
1521040 589
1521050 589
1521060 590
1521070 590
1521080 590
1521090 591
1521100 591
1521110 592
1521120 594
1521130 594
1521140 595
1521150 597
1521160 597
1521170 599
1521180 601
1521190 601
1521200 604
1521210 606
1521220 608
1521230 608
1521240 610
1521250 612
1521260 612
1521270 614
1521280 616
1521290 616
1521300 618
1521310 617
1521320 617
1521330 617
1521340 617
1521350 617
1521360 616
1521370 615
1521380 615
1521390 615
1521400 617
1521410 618
1521420 618
1521430 620
1521440 621
1521450 621
1521460 622
1521470 624
1521480 624
1521490 625
1521500 627
1521510 627
1521520 629
1521530 632
1521540 632
1521550 635
1521560 639
1521570 643
1521580 643
1521590 646
1521600 651
1521610 651
1521620 653
1521630 654
1521640 654
1521650 656
1521660 657
1521670 657
1521680 658
1521690 658
1521700 658
1521710 658
1521720 658
1521730 657
1521740 657
1521750 657
1521760 657
1521770 657
1521780 658
1521790 660
1521800 660
1521810 662
1521820 664
1521830 664
1521840 666
1521850 668
1521860 668
1521870 669
1521880 670
1521890 671
1521900 671
1521910 674
1521920 676
1521930 676
1521940 678
1521950 679
1521960 679
1521970 680
1521980 681
1521990 681
1522000 681
1522010 682
1522020 682
1522030 683
1522040 684
1522050 684
1522060 685
1522070 685
1522080 686
1522090 686
1522100 689
1522110 693
1522120 693
1522130 699
1522140 702
1522150 702
1522160 704
1522170 705
1522180 705
1522190 706
1522200 706
1522210 706
1522220 706
1522230 706
1522240 706
1522250 706
1522260 704
1522270 703
1522280 703
1522290 702
1522300 701
1522310 701
1522320 699
1522330 698
1522340 698
1522350 699
1522360 701
1522370 701
1522380 704
1522390 706
1522400 705
1522410 705
1522420 704
1522430 702
1522440 702
1522450 700
1522460 698
1522470 698
1522480 695
1522490 693
1522500 693
1522510 691
1522520 690
1522530 690
1522540 690
1522550 688
1522560 688
1522570 688
1522580 687
1522590 687
1522600 687
1522610 686
1522620 685
1522630 685
1522640 685
1522650 684
1522660 684
1522670 683
1522680 682
1522690 682
1522700 682
1522710 682
1522720 682
1522730 682
1522740 682
1522750 682
1522760 682
1522770 682
1522780 682
1522790 682
1522800 682
1522810 682
1522820 682
1522830 681
1522840 681
1522850 681
1522860 681
1522870 681
1522880 681
1522890 681
1522900 681
1522910 681
1522920 681
1522930 681
1522940 682
1522950 682
1522960 681
1522970 682
1522980 682
1522990 682
1523000 682
1523010 682
1523020 682
1523030 682
1523040 682
1523050 682
1523060 682
1523070 682
1523080 682
1523090 682
1523100 682
1523110 682
1523120 682
1523130 682
1523140 682
1523150 682
1523160 683
1523170 683
1523180 683
1523190 684
1523200 684
1523210 684
1523220 684
1523230 685
1523240 685
1523250 685
1523260 686
1523270 686
1523280 687
1523290 688
1523300 688
1523310 688
1523320 689
1523330 689
1523340 690
1523350 690
1523360 690
1523370 690
1523380 691
1523390 691
1523400 691
1523410 691
1523420 692
1523430 692
1523440 694
1523450 695
1523460 695
1523470 695
1523480 697
1523490 697
1523500 698
1523510 699
1523520 699
1523530 699
1523540 700
1523550 700
1523560 701
1523570 702
1523580 703
1523590 703
1523600 707
1523610 708
1523620 708
1523630 709
1523640 710
1523650 710
1523660 710
1523670 710
1523680 710
1523690 711
1523700 711
1523710 711
1523720 712
1523730 712
1523740 715
1523750 715
1523760 717
1523770 719
1523780 719
1523790 722
1523800 727
1523810 727
1523820 731
1523830 732
1523840 732
1523850 732
1523860 733
1523870 733
1523880 734
1523890 734
1523900 734
1523910 734
1523920 733
1523930 735
1523940 735
1523950 737
1523960 739
1523970 739
1523980 742
1523990 745
1524000 745
1524010 748
1524020 751
1524030 751
1524040 755
1524050 759
1524060 762
1524070 762
1524080 764
1524090 768
1524100 768
1524110 772
1524120 773
1524130 773
1524140 773
1524150 772
1524160 772
1524170 771
1524180 769
1524190 769
1524200 768
1524210 768
1524220 768
1524230 768
1524240 769
1524250 769
1524260 769
1524270 770
1524280 771
1524290 771
1524300 771
1524310 772
1524320 772
1524330 773
1524340 773
1524350 773
1524360 771
1524370 769
1524380 769
1524390 772
1524400 774
1524410 776
1524420 776
1524430 778
1524440 779
1524450 779
1524460 780
1524470 781
1524480 781
1524490 781
1524500 780
1524510 780
1524520 781
1524530 783
1524540 783
1524550 784
1524560 786
1524570 788
1524580 788
1524590 790
1524600 793
1524610 793
1524620 797
1524630 800
1524640 800
1524650 799
1524660 797
1524670 797
1524680 797
1524690 799
1524700 799
1524710 800
1524720 803
1524730 808
1524740 808
1524750 811
1524760 813
1524770 813
1524780 814
1524790 816
1524800 816
1524810 817
1524820 818
1524830 818
1524840 819
1524850 819
1524860 819
1524870 819
1524880 819
1524890 820
1524900 820
1524910 821
1524920 823
1524930 823
1524940 826
1524950 829
1524960 829
1524970 832
1524980 836
1524990 836
1525000 841
1525010 846
1525020 846
1525030 850
1525040 856
1525050 856
1525060 860
1525070 863
1525080 867
1525090 867
1525100 870
1525110 874
1525120 874
1525130 877
1525140 881
1525150 881
1525160 885
1525170 890
1525180 890
1525190 896
1525200 899
1525210 899
1525220 902
1525230 904
1525240 906
1525250 906
1525260 906
1525270 905
1525280 905
1525290 905
1525300 907
1525310 907
1525320 910
1525330 913
1525340 913
1525350 915
1525360 918
1525370 918
1525380 920
1525390 924
1525400 929
1525410 929
1525420 935
1525430 943
1525440 943
1525450 952
1525460 957
1525470 957
1525480 961
1525490 964
1525500 964
1525510 965
1525520 966
1525530 966
1525540 967
1525550 967
1525560 967
1525570 967
1525580 968
1525590 968
1525600 968
1525610 970
1525620 971
1525630 971
1525640 972
1525650 973
1525660 973
1525670 974
1525680 975
1525690 975
1525700 976
1525710 977
1525720 977
1525730 979
1525740 980
1525750 981
1525760 981
1525770 984
1525780 986
1525790 986
1525800 989
1525810 991
1525820 991
1525830 993
1525840 995
1525850 995
1525860 997
1525870 999
1525880 999
1525890 1000
1525900 1002
1525910 1004
1525920 1004
1525930 1005
1525940 1007
1525950 1007
1525960 1009
1525970 1011
1525980 1011
1525990 1014
1526000 1016
1526010 1016
1526020 1018
1526030 1020
1526040 1020
1526050 1022
1526060 1024
1526070 1027
1526080 1027
1526090 1029
1526100 1031
1526110 1031
1526120 1033
1526130 1036
1526140 1036
1526150 1038
1526160 1040
1526170 1040
1526180 1042
1526190 1045
1526200 1045
1526210 1047
1526220 1048
1526230 1051
1526240 1051
1526250 1054
1526260 1056
1526270 1056
1526280 1058
1526290 1061
1526300 1061
1526310 1063
1526320 1065
1526330 1065
1526340 1068
1526350 1071
1526360 1071
1526370 1073
1526380 1076
1526390 1078
1526400 1078
1526410 1082
1526420 1085
1526430 1085
1526440 1090
1526450 1094
1526460 1094
1526470 1098
1526480 1101
1526490 1101
1526500 1104
1526510 1108
1526520 1108
1526530 1113
1526540 1116
1526550 1116
1526560 1119
1526570 1123
1526580 1126
1526590 1126
1526600 1129
1526610 1132
1526620 1132
1526630 1136
1526640 1139
1526650 1139
1526660 1141
1526670 1142
1526680 1142
1526690 1141
1526700 1145
1526710 1145
1526720 1146
1526730 1147
1526740 1147
1526750 1147
1526760 1149
1526770 1153
1526780 1153
1526790 1157
1526800 1159
1526810 1159
1526820 1162
1526830 1163
1526840 1163
1526850 1161
1526860 1158
1526870 1158
1526880 1158
1526890 1163
1526900 1170
1526910 1170
1526920 1176
1526930 1182
1526940 1182
1526950 1188
1526960 1195
1526970 1195
1526980 1202
1526990 1208
1527000 1208
1527010 1215
1527020 1222
1527030 1222
1527040 1226
1527050 1229
1527060 1232
1527070 1232
1527080 1236
1527090 1240
1527100 1240
1527110 1244
1527120 1249
1527130 1249
1527140 1253
1527150 1258
1527160 1258
1527170 1262
1527180 1264
1527190 1264
1527200 1267
1527210 1270
1527220 1270
1527230 1272
1527240 1276
1527250 1281
1527260 1281
1527270 1287
1527280 1291
1527290 1291
1527300 1295
1527310 1298
1527320 1298
1527330 1300
1527340 1301
1527350 1301
1527360 1301
1527370 1301
1527380 1301
1527390 1301
1527400 1302
1527410 1305
1527420 1305
1527430 1311
1527440 1319
1527450 1319
1527460 1325
1527470 1330
1527480 1330
1527490 1335
1527500 1341
1527510 1341
1527520 1346
1527530 1352
1527540 1352
1527550 1356
1527560 1362
1527570 1367
1527580 1367
1527590 1373
1527600 1378
1527610 1378
1527620 1382
1527630 1386
1527640 1386
1527650 1389
1527660 1392
1527670 1392
1527680 1395
1527690 1399
1527700 1399
1527710 1403
1527720 1406
1527730 1410
1527740 1410
1527750 1414
1527760 1419
1527770 1419
1527780 1424
1527790 1429
1527800 1429
1527810 1435
1527820 1440
1527830 1440
1527840 1445
1527850 1450
1527860 1450
1527870 1453
1527880 1454
1527890 1456
1527900 1456
1527910 1459
1527920 1462
1527930 1462
1527940 1466
1527950 1469
1527960 1469
1527970 1472
1527980 1475
1527990 1475
1528000 1478
1528010 1481
1528020 1481
1528030 1485
1528040 1490
1528050 1490
1528060 1496
1528070 1501
1528080 1506
1528090 1506
1528100 1512
1528110 1518
1528120 1518
1528130 1523
1528140 1527
1528150 1527
1528160 1531
1528170 1535
1528180 1535
1528190 1538
1528200 1541
1528210 1541
1528220 1545
1528230 1549
1528240 1553
1528250 1553
1528260 1558
1528270 1563
1528280 1563
1528290 1567
1528300 1572
1528310 1572
1528320 1577
1528330 1582
1528340 1582
1528350 1587
1528360 1591
1528370 1591
1528380 1595
1528390 1600
1528400 1605
1528410 1605
1528420 1610
1528430 1616
1528440 1616
1528450 1623
1528460 1630
1528470 1630
1528480 1635
1528490 1641
1528500 1641
1528510 1646
1528520 1651
1528530 1651
1528540 1656
1528550 1660
1528560 1664
1528570 1664
1528580 1668
1528590 1673
1528600 1673
1528610 1678
1528620 1684
1528630 1684
1528640 1689
1528650 1694
1528660 1694
1528670 1698
1528680 1703
1528690 1703
1528700 1708
1528710 1713
1528720 1713
1528730 1718
1528740 1724
1528750 1731
1528760 1731
1528770 1737
1528780 1743
1528790 1743
1528800 1749
1528810 1756
1528820 1756
1528830 1762
1528840 1767
1528850 1767
1528860 1772
1528870 1777
1528880 1777
1528890 1781
1528900 1783
1528910 1786
1528920 1786
1528930 1789
1528940 1791
1528950 1791
1528960 1794
1528970 1798
1528980 1798
1528990 1802
1529000 1806
1529010 1806
1529020 1809
1529030 1811
1529040 1811
1529050 1814
1529060 1819
1529070 1825
1529080 1825
1529090 1832
1529100 1838
1529110 1838
1529120 1844
1529130 1849
1529140 1849
1529150 1854
1529160 1858
1529170 1858
1529180 1861
1529190 1864
1529200 1864
1529210 1865
1529220 1866
1529230 1867
1529240 1867
1529250 1867
1529260 1868
1529270 1868
1529280 1867
1529290 1867
1529300 1867
1529310 1867
1529320 1867
1529330 1867
1529340 1867
1529350 1867
1529360 1867
1529370 1866
1529380 1865
1529390 1864
1529400 1864
1529410 1863
1529420 1861
1529430 1861
1529440 1859
1529450 1856
1529460 1856
1529470 1853
1529480 1846
1529490 1846
1529500 1841
1529510 1839
1529520 1839
1529530 1836
1529540 1834
1529550 1834
1529560 1833
1529570 1833
1529580 1832
1529590 1830
1529600 1828
1529610 1825
1529620 1825
1529630 1821
1529640 1818
1529650 1818
1529660 1816
1529670 1813
1529680 1813
1529690 1810
1529700 1808
1529710 1808
1529720 1808
1529730 1806
1529740 1804
1529750 1804
1529760 1802
1529770 1800
1529780 1800
1529790 1799
1529800 1796
1529810 1796
1529820 1794
1529830 1792
1529840 1792
1529850 1789
1529860 1787
1529870 1787
1529880 1785
1529890 1781
1529900 1778
1529910 1778
1529920 1773
1529930 1769
1529940 1769
1529950 1765
1529960 1760
1529970 1760
1529980 1755
1529990 1752
1530000 1752
1530010 1750
1530020 1749
1530030 1749
1530040 1747
1530050 1743
1530060 1740
1530070 1740
1530080 1738
1530090 1738
1530100 1738
1530110 1737
1530120 1735
1530130 1735
1530140 1733
1530150 1728
1530160 1728
1530170 1724
1530180 1722
1530190 1722
1530200 1721
1530210 1721
1530220 1721
1530230 1720
1530240 1718
1530250 1714
1530260 1714
1530270 1711
1530280 1707
1530290 1707
1530300 1701
1530310 1695
1530320 1695
1530330 1689
1530340 1683
1530350 1683
1530360 1676
1530370 1671
1530380 1671
1530390 1666
1530400 1660
1530410 1653
1530420 1653
1530430 1648
1530440 1642
1530450 1642
1530460 1637
1530470 1633
1530480 1633
1530490 1627
1530500 1623
1530510 1623
1530520 1620
1530530 1617
1530540 1617
1530550 1616
1530560 1615
1530570 1613
1530580 1613
1530590 1610
1530600 1606
1530610 1606
1530620 1602
1530630 1600
1530640 1600
1530650 1599
1530660 1598
1530670 1598
1530680 1597
1530690 1596
1530700 1596
1530710 1594
1530720 1591
1530730 1589
1530740 1589
1530750 1587
1530760 1586
1530770 1586
1530780 1585
1530790 1582
1530800 1582
1530810 1580
1530820 1579
1530830 1579
1530840 1574
1530850 1570
1530860 1570
1530870 1570
1530880 1568
1530890 1565
1530900 1565
1530910 1562
1530920 1560
1530930 1560
1530940 1558
1530950 1557
1530960 1557
1530970 1554
1530980 1550
1530990 1550
1531000 1547
1531010 1546
1531020 1546
1531030 1546
1531040 1545
1531050 1545
1531060 1545
1531070 1545
1531080 1546
1531090 1546
1531100 1546
1531110 1546
1531120 1546
1531130 1544
1531140 1544
1531150 1544
1531160 1545
1531170 1545
1531180 1545
1531190 1542
1531200 1536
1531210 1536
1531220 1531
1531230 1527
1531240 1524
1531250 1524
1531260 1520
1531270 1516
1531280 1516
1531290 1512
1531300 1508
1531310 1508
1531320 1505
1531330 1500
1531340 1500
1531350 1494
1531360 1489
1531370 1489
1531380 1485
1531390 1483
1531400 1481
1531410 1481
1531420 1477
1531430 1474
1531440 1474
1531450 1470
1531460 1468
1531470 1468
1531480 1464
1531490 1461
1531500 1461
1531510 1457
1531520 1454
1531530 1454
1531540 1451
1531550 1446
1531560 1441
1531570 1441
1531580 1435
1531590 1429
1531600 1429
1531610 1423
1531620 1419
1531630 1419
1531640 1414
1531650 1410
1531660 1410
1531670 1406
1531680 1401
1531690 1401
1531700 1397
1531710 1394
1531720 1394
1531730 1392
1531740 1390
1531750 1386
1531760 1386
1531770 1381
1531780 1377
1531790 1377
1531800 1377
1531810 1377
1531820 1377
1531830 1377
1531840 1376
1531850 1376
1531860 1374
1531870 1373
1531880 1373
1531890 1372
1531900 1370
1531910 1367
1531920 1367
1531930 1366
1531940 1364
1531950 1364
1531960 1363
1531970 1362
1531980 1362
1531990 1360
1532000 1356
1532010 1356
1532020 1352
1532030 1348
1532040 1348
1532050 1342
1532060 1337
1532070 1334
1532080 1334
1532090 1332
1532100 1329
1532110 1329
1532120 1327
1532130 1324
1532140 1324
1532150 1321
1532160 1318
1532170 1318
1532180 1316
1532190 1315
1532200 1315
1532210 1313
1532220 1310
1532230 1306
1532240 1306
1532250 1302
1532260 1297
1532270 1297
1532280 1293
1532290 1292
1532300 1292
1532310 1288
1532320 1288
1532330 1288
1532340 1288
1532350 1288
1532360 1288
1532370 1288
1532380 1288
1532390 1287
1532400 1287
1532410 1284
1532420 1282
1532430 1282
1532440 1279
1532450 1279
1532460 1279
1532470 1280
1532480 1281
1532490 1281
1532500 1281
1532510 1279
1532520 1279
1532530 1277
1532540 1275
1532550 1275
1532560 1274
1532570 1273
1532580 1272
1532590 1272
1532600 1271
1532610 1269
1532620 1269
1532630 1266
1532640 1264
1532650 1264
1532660 1261
1532670 1259
1532680 1259
1532690 1253
1532700 1247
1532710 1247
1532720 1241
1532730 1236
1532740 1232
1532750 1232
1532760 1227
1532770 1221
1532780 1221
1532790 1215
1532800 1211
1532810 1211
1532820 1207
1532830 1205
1532840 1205
1532850 1203
1532860 1200
1532870 1200
1532880 1195
1532890 1189
1532900 1182
1532910 1182
1532920 1176
1532930 1171
1532940 1171
1532950 1164
1532960 1158
1532970 1158
1532980 1151
1532990 1145
1533000 1145
1533010 1137
1533020 1126
1533030 1126
1533040 1116
1533050 1108
1533060 1100
1533070 1100
1533080 1093
1533090 1086
1533100 1086
1533110 1079
1533120 1071
1533130 1071
1533140 1063
1533150 1056
1533160 1056
1533170 1057
1533180 1059
1533190 1059
1533200 1057
1533210 1058
1533220 1058
1533230 1057
1533240 1054
1533250 1052
1533260 1052
1533270 1052
1533280 1050
1533290 1050
1533300 1052
1533310 1053
1533320 1053
1533330 1053
1533340 1054
1533350 1054
1533360 1054
1533370 1057
1533380 1057
1533390 1063
1533400 1068
1533410 1071
1533420 1071
1533430 1074
1533440 1077
1533450 1077
1533460 1077
1533470 1076
1533480 1076
1533490 1072
1533500 1067
1533510 1067
1533520 1067
1533530 1071
1533540 1071
1533550 1076
1533560 1079
1533570 1081
1533580 1081
1533590 1082
1533600 1082
1533610 1082
1533620 1082
1533630 1081
1533640 1081
1533650 1082
1533660 1084
1533670 1084
1533680 1083
1533690 1081
1533700 1081
1533710 1079
1533720 1076
1533730 1076
1533740 1076
1533750 1076
1533760 1076
1533770 1076
1533780 1076
1533790 1075
1533800 1075
1533810 1077
1533820 1077
1533830 1077
1533840 1075
1533850 1072
1533860 1072
1533870 1070
1533880 1068
1533890 1066
1533900 1066
1533910 1063
1533920 1061
1533930 1061
1533940 1059
1533950 1056
1533960 1056
1533970 1054
1533980 1053
1533990 1053
1534000 1052
1534010 1051
1534020 1051
1534030 1049
1534040 1047
1534050 1047
1534060 1045
1534070 1043
1534080 1041
1534090 1041
1534100 1038
1534110 1036
1534120 1036
1534130 1033
1534140 1030
1534150 1030
1534160 1028
1534170 1025
1534180 1025
1534190 1023
1534200 1022
1534210 1022
1534220 1020
1534230 1017
1534240 1015
1534250 1015
1534260 1014
1534270 1013
1534280 1013
1534290 1013
1534300 1013
1534310 1013
1534320 1014
1534330 1015
1534340 1015
1534350 1016
1534360 1016
1534370 1016
1534380 1014
1534390 1012
1534400 1011
1534410 1011
1534420 1013
1534430 1014
1534440 1014
1534450 1013
1534460 1013
1534470 1013
1534480 1012
1534490 1011
1534500 1011
1534510 1009
1534520 1008
1534530 1008
1534540 1007
1534550 1005
1534560 1003
1534570 1003
1534580 1000
1534590 996
1534600 996
1534610 992
1534620 989
1534630 989
1534640 988
1534650 988
1534660 988
1534670 987
1534680 983
1534690 983
1534700 980
1534710 976
1534720 976
1534730 969
1534740 962
1534750 957
1534760 957
1534770 952
1534780 945
1534790 945
1534800 940
1534810 940
1534820 940
1534830 941
1534840 946
1534850 946
1534860 953
1534870 958
1534880 955
1534890 960
1534900 962
1534910 967
1534920 967
1534930 972
1534940 979
1534950 979
1534960 981
1534970 982
1534980 982
1534990 981
1535000 979
1535010 979
1535020 975
1535030 976
1535040 976
1535050 979
1535060 980
1535070 980
1535080 980
1535090 981
1535100 982
1535110 982
1535120 982
1535130 982
1535140 982
1535150 983
1535160 982
1535170 982
1535180 982
1535190 982
1535200 982
1535210 981
1535220 981
1535230 980
1535240 980
1535250 980
1535260 978
1535270 978
1535280 974
1535290 971
1535300 971
1535310 964
1535320 960
1535330 960
1535340 963
1535350 968
1535360 968
1535370 969
1535380 970
1535390 970
1535400 970
1535410 970
1535420 969
1535430 969
1535440 969
1535450 969
1535460 969
1535470 969
1535480 969
1535490 969
1535500 968
1535510 968
1535520 968
1535530 968
1535540 968
1535550 968
1535560 967
1535570 966
1535580 965
1535590 965
1535600 963
1535610 961
1535620 961
1535630 959
1535640 959
1535650 959
1535660 958
1535670 957
1535680 957
1535690 957
1535700 956
1535710 956
1535720 955
1535730 954
1535740 953
1535750 953
1535760 952
1535770 949
1535780 949
1535790 943
1535800 935
1535810 935
1535820 929
1535830 926
1535840 926
1535850 923
1535860 924
1535870 924
1535880 929
1535890 930
1535900 933
1535910 933
1535920 935
1535930 932
1535940 932
1535950 930
1535960 933
1535970 933
1535980 935
1535990 940
1536000 940
1536010 945
1536020 948
1536030 948
1536040 949
1536050 949
1536060 949
1536070 949
1536080 949
1536090 949
1536100 949
1536110 949
1536120 949
1536130 949
1536140 950
1536150 949
1536160 949
1536170 949
1536180 949
1536190 949
1536200 948
1536210 947
1536220 947
1536230 945
1536240 942
1536250 939
1536260 939
1536270 936
1536280 934
1536290 934
1536300 932
1536310 931
1536320 931
1536330 930
1536340 930
1536350 930
1536360 930
1536370 929
1536380 929
1536390 928
1536400 927
1536410 925
1536420 925
1536430 924
1536440 923
1536450 923
1536460 922
1536470 921
1536480 921
1536490 920
1536500 919
1536510 919
1536520 918
1536530 915
1536540 915
1536550 913
1536560 910
1536570 908
1536580 908
1536590 906
1536600 904
1536610 904
1536620 903
1536630 902
1536640 902
1536650 902
1536660 900
1536670 900
1536680 899
1536690 898
1536700 898
1536710 898
1536720 897
1536730 896
1536740 896
1536750 896
1536760 894
1536770 894
1536780 893
1536790 891
1536800 891
1536810 890
1536820 890
1536830 890
1536840 888
1536850 887
1536860 887
1536870 886
1536880 885
1536890 885
1536900 885
1536910 885
1536920 884
1536930 884
1536940 883
1536950 882
1536960 882
1536970 880
1536980 877
1536990 877
1537000 874
1537010 870
1537020 870
1537030 866
1537040 863
1537050 863
1537060 860
1537070 857
1537080 855
1537090 855
1537100 851
1537110 847
1537120 847
1537130 844
1537140 839
1537150 839
1537160 836
1537170 833
1537180 833
1537190 832
1537200 830
1537210 830
1537220 828
1537230 826
1537240 823
1537250 823
1537260 821
1537270 820
1537280 820
1537290 819
1537300 818
1537310 818
1537320 809
1537330 808
1537340 808
1537350 808
1537360 807
1537370 807
1537380 806
1537390 804
1537400 802
1537410 802
1537420 800
1537430 798
1537440 798
1537450 797
1537460 794
1537470 794
1537480 792
1537490 791
1537500 791
1537510 790
1537520 788
1537530 788
1537540 786
1537550 783
1537560 780
1537570 780
1537580 778
1537590 778
1537600 778
1537610 778
1537620 777
1537630 777
1537640 774
1537650 771
1537660 771
1537670 768
1537680 766
1537690 766
1537700 764
1537710 761
1537720 761
1537730 758
1537740 756
1537750 755
1537760 755
1537770 755
1537780 754
1537790 754
1537800 752
1537810 749
1537820 749
1537830 745
1537840 741
1537850 741
1537860 735
1537870 728
1537880 728
1537890 723
1537900 719
1537910 715
1537920 715
1537930 713
1537940 714
1537950 714
1537960 712
1537970 709
1537980 709
1537990 708
1538000 706
1538010 706
1538020 710
1538030 713
1538040 713
1538050 717
1538060 721
1538070 725
1538080 725
1538090 728
1538100 729
1538110 729
1538120 731
1538130 734
1538140 734
1538150 736
1538160 738
1538170 738
1538180 739
1538190 742
1538200 742
1538210 745
1538220 746
1538230 744
1538240 744
1538250 741
1538260 738
1538270 738
1538280 730
1538290 721
1538300 721
1538310 716
1538320 711
1538330 711
1538340 707
1538350 703
1538360 703
1538370 701
1538380 696
1538390 693
1538400 693
1538410 691
1538420 689
1538430 689
1538440 688
1538450 687
1538460 687
1538470 685
1538480 684
1538490 684
1538500 683
1538510 682
1538520 682
1538530 682
1538540 682
1538550 682
1538560 681
1538570 680
1538580 679
1538590 679
1538600 679
1538610 678
1538620 678
1538630 676
1538640 675
1538650 675
1538660 673
1538670 672
1538680 672
1538690 671
1538700 670
1538710 670
1538720 669
1538730 668
1538740 667
1538750 667
1538760 667
1538770 666
1538780 666
1538790 665
1538800 664
1538810 664
1538820 664
1538830 663
1538840 663
1538850 664
1538860 667
1538870 667
1538880 673
1538890 677
1538900 681
1538910 681
1538920 683
1538930 686
1538940 686
1538950 689
1538960 693
1538970 693
1538980 698
1538990 703
1539000 703
1539010 707
1539020 710
1539030 710
1539040 711
1539050 711
1539060 712
1539070 712
1539080 713
1539090 714
1539100 714
1539110 716
1539120 717
1539130 717
1539140 719
1539150 720
1539160 720
1539170 718
1539180 713
1539190 713
1539200 706
1539210 700
1539220 700
1539230 694
1539240 687
1539250 681
1539260 681
1539270 674
1539280 667
1539290 667
1539300 662
1539310 656
1539320 656
1539330 646
1539340 636
1539350 636
1539360 628
1539370 628
1539380 628
1539390 626
1539400 625
1539410 630
1539420 630
1539430 639
1539440 648
1539450 648
1539460 657
1539470 666
1539480 666
1539490 676
1539500 685
1539510 685
1539520 694
1539530 706
1539540 706
1539550 717
1539560 726
1539570 735
1539580 735
1539590 746
1539600 758
1539610 758
1539620 767
1539630 774
1539640 774
1539650 781
1539660 786
1539670 786
1539680 787
1539690 789
1539700 789
1539710 789
1539720 794
1539730 797
1539740 797
1539750 800
1539760 802
1539770 802
1539780 804
1539790 807
1539800 807
1539810 810
1539820 813
1539830 813
1539840 815
1539850 817
1539860 817
1539870 819
1539880 821
1539890 823
1539900 823
1539910 826
1539920 829
1539930 829
1539940 831
1539950 831
1539960 831
1539970 832
1539980 833
1539990 833
