1520000 511
1520010 511
1520020 511
1520030 511
1520040 511
1520050 510
1520060 509
1520070 507
1520080 507
1520090 506
1520100 505
1520110 505
1520120 505
1520130 505
1520140 505
1520150 505
1520160 505
1520170 505
1520180 505
1520190 505
1520200 505
1520210 505
1520220 505
1520230 505
1520240 505
1520250 505
1520260 505
1520270 505
1520280 507
1520290 508
1520300 508
1520310 510
1520320 510
1520330 510
1520340 511
1520350 512
1520360 512
1520370 512
1520380 514
1520390 514
1520400 517
1520410 519
1520420 522
1520430 522
1520440 528
1520450 533
1520460 533
1520470 538
1520480 543
1520490 543
1520500 547
1520510 552
1520520 552
1520530 556
1520540 561
1520550 561
1520560 564
1520570 566
1520580 568
1520590 568
1520600 570
1520610 571
1520620 571
1520630 574
1520640 576
1520650 576
1520660 577
1520670 577
1520680 577
1520690 577
1520700 578
1520710 578
1520720 579
1520730 580
1520740 581
1520750 581
1520760 583
1520770 584
1520780 584
1520790 586
1520800 588
1520810 588
1520820 588
1520830 587
1520840 587
1520850 585
1520860 587
1520870 587
1520880 590
1520890 590
1520900 590
1520910 591
1520920 592
1520930 592
1520940 592
1520950 594
1520960 596
1520970 596
1520980 596
1520990 596
1521000 596
1521010 596
1521020 596
1521030 596
1521040 598
1521050 599
1521060 599
1521070 601
1521080 603
1521090 605
1521100 605
1521110 607
1521120 609
1521130 609
1521140 612
1521150 615
1521160 615
1521170 618
1521180 622
1521190 622
1521200 626
1521210 631
1521220 631
1521230 634
1521240 635
1521250 633
1521260 633
1521270 631
1521280 628
1521290 628
1521300 626
1521310 624
1521320 624
1521330 623
1521340 621
1521350 621
1521360 621
1521370 622
1521380 622
1521390 624
1521400 626
1521410 628
1521420 628
1521430 630
1521440 631
1521450 631
1521460 632
1521470 634
1521480 634
1521490 635
1521500 637
1521510 637
1521520 640
1521530 642
1521540 642
1521550 646
1521560 652
1521570 655
1521580 655
1521590 656
1521600 656
1521610 656
1521620 656
1521630 656
1521640 656
1521650 655
1521660 655
1521670 655
1521680 655
1521690 657
1521700 657
1521710 658
1521720 658
1521730 658
1521740 659
1521750 661
1521760 662
1521770 662
1521780 664
1521790 667
1521800 667
1521810 669
1521820 671
1521830 671
1521840 673
1521850 675
1521860 675
1521870 676
1521880 678
1521890 678
1521900 681
1521910 683
1521920 685
1521930 685
1521940 687
1521950 691
1521960 691
1521970 696
1521980 699
1521990 699
1522000 702
1522010 704
1522020 704
1522030 708
1522040 712
1522050 712
1522060 716
1522070 720
1522080 723
1522090 723
1522100 725
1522110 727
1522120 727
1522130 728
1522140 729
1522150 729
1522160 728
1522170 727
1522180 727
1522190 726
1522200 724
1522210 724
1522220 720
1522230 719
1522240 721
1522250 721
1522260 727
1522270 732
1522280 732
1522290 736
1522300 737
1522310 737
1522320 736
1522330 736
1522340 736
1522350 734
1522360 729
1522370 729
1522380 725
1522390 721
1522400 721
1522410 717
1522420 713
1522430 709
1522440 709
1522450 706
1522460 704
1522470 704
1522480 702
1522490 701
1522500 701
1522510 701
1522520 701
1522530 701
1522540 701
1522550 702
1522560 702
1522570 702
1522580 703
1522590 704
1522600 704
1522610 705
1522620 704
1522630 704
1522640 703
1522650 701
1522660 701
1522670 700
1522680 698
1522690 698
1522700 696
1522710 693
1522720 693
1522730 691
1522740 690
1522750 688
1522760 688
1522770 687
1522780 687
1522790 687
1522800 687
1522810 687
1522820 687
1522830 687
1522840 686
1522850 686
1522860 686
1522870 686
1522880 686
1522890 685
1522900 685
1522910 685
1522920 685
1522930 685
1522940 685
1522950 685
1522960 685
1522970 685
1522980 685
1522990 685
1523000 685
1523010 685
1523020 685
1523030 685
1523040 685
1523050 685
1523060 685
1523070 685
1523080 685
1523090 685
1523100 685
1523110 685
1523120 685
1523130 685
1523140 685
1523150 685
1523160 685
1523170 685
1523180 685
1523190 685
1523200 685
1523210 686
1523220 686
1523230 686
1523240 686
1523250 687
1523260 687
1523270 687
1523280 688
1523290 688
1523300 688
1523310 689
1523320 690
1523330 690
1523340 691
1523350 692
1523360 692
1523370 692
1523380 694
1523390 694
1523400 696
1523410 697
1523420 698
1523430 698
1523440 699
1523450 701
1523460 701
1523470 703
1523480 705
1523490 705
1523500 707
1523510 709
1523520 709
1523530 710
1523540 710
1523550 710
1523560 712
1523570 713
1523580 713
1523590 713
1523600 713
1523610 713
1523620 713
1523630 712
1523640 712
1523650 712
1523660 712
1523670 715
1523680 715
1523690 721
1523700 724
1523710 724
1523720 727
1523730 730
1523740 733
1523750 733
1523760 735
1523770 738
1523780 738
1523790 740
1523800 741
1523810 741
1523820 743
1523830 745
1523840 745
1523850 746
1523860 748
1523870 748
1523880 750
1523890 752
1523900 752
1523910 755
1523920 757
1523930 757
1523940 757
1523950 758
1523960 758
1523970 758
1523980 759
1523990 760
1524000 760
1524010 762
1524020 764
1524030 764
1524040 767
1524050 770
1524060 770
1524070 772
1524080 774
1524090 776
1524100 776
1524110 776
1524120 776
1524130 776
1524140 775
1524150 774
1524160 774
1524170 773
1524180 773
1524190 773
1524200 773
1524210 773
1524220 773
1524230 773
1524240 774
1524250 775
1524260 775
1524270 776
1524280 777
1524290 777
1524300 778
1524310 780
1524320 780
1524330 781
1524340 783
1524350 783
1524360 784
1524370 784
1524380 784
1524390 782
1524400 784
1524410 787
1524420 787
1524430 788
1524440 790
1524450 790
1524460 792
1524470 794
1524480 794
1524490 795
1524500 795
1524510 795
1524520 795
1524530 795
1524540 795
1524550 796
1524560 798
1524570 798
1524580 799
1524590 800
1524600 801
1524610 801
1524620 802
1524630 804
1524640 804
1524650 807
1524660 809
1524670 809
1524680 811
1524690 813
1524700 813
1524710 813
1524720 814
1524730 814
1524740 814
1524750 815
1524760 816
1524770 816
1524780 817
1524790 820
1524800 820
1524810 821
1524820 822
1524830 822
1524840 825
1524850 827
1524860 827
1524870 830
1524880 834
1524890 834
1524900 837
1524910 841
1524920 845
1524930 845
1524940 851
1524950 856
1524960 856
1524970 857
1524980 859
1524990 859
1525000 863
1525010 864
1525020 864
1525030 861
1525040 859
1525050 859
1525060 860
1525070 869
1525080 881
1525090 881
1525100 887
1525110 891
1525120 891
1525130 895
1525140 900
1525150 900
1525160 905
1525170 907
1525180 907
1525190 907
1525200 909
1525210 909
1525220 911
1525230 913
1525240 913
1525250 915
1525260 918
1525270 921
1525280 921
1525290 924
1525300 927
1525310 927
1525320 930
1525330 933
1525340 933
1525350 936
1525360 939
1525370 939
1525380 942
1525390 945
1525400 945
1525410 947
1525420 950
1525430 957
1525440 957
1525450 961
1525460 962
1525470 962
1525480 962
1525490 961
1525500 961
1525510 961
1525520 961
1525530 961
1525540 961
1525550 962
1525560 962
1525570 963
1525580 964
1525590 964
1525600 964
1525610 965
1525620 966
1525630 966
1525640 967
1525650 969
1525660 969
1525670 971
1525680 974
1525690 974
1525700 977
1525710 979
1525720 979
1525730 981
1525740 983
1525750 986
1525760 986
1525770 988
1525780 991
1525790 991
1525800 993
1525810 995
1525820 995
1525830 997
1525840 999
1525850 999
1525860 1001
1525870 1003
1525880 1003
1525890 1005
1525900 1006
1525910 1008
1525920 1008
1525930 1010
1525940 1012
1525950 1012
1525960 1014
1525970 1016
1525980 1016
1525990 1018
1526000 1020
1526010 1020
1526020 1022
1526030 1025
1526040 1025
1526050 1028
1526060 1030
1526070 1030
1526080 1032
1526090 1034
1526100 1037
1526110 1037
1526120 1039
1526130 1041
1526140 1041
1526150 1043
1526160 1046
1526170 1046
1526180 1048
1526190 1050
1526200 1050
1526210 1052
1526220 1054
1526230 1054
1526240 1056
1526250 1058
1526260 1061
1526270 1061
1526280 1063
1526290 1065
1526300 1065
1526310 1069
1526320 1070
1526330 1070
1526340 1072
1526350 1075
1526360 1075
1526370 1077
1526380 1080
1526390 1080
1526400 1082
1526410 1085
1526420 1088
1526430 1088
1526440 1091
1526450 1095
1526460 1095
1526470 1098
1526480 1102
1526490 1102
1526500 1106
1526510 1110
1526520 1110
1526530 1113
1526540 1117
1526550 1117
1526560 1121
1526570 1125
1526580 1130
1526590 1130
1526600 1134
1526610 1138
1526620 1138
1526630 1141
1526640 1143
1526650 1143
1526660 1145
1526670 1147
1526680 1147
1526690 1149
1526700 1153
1526710 1153
1526720 1157
1526730 1161
1526740 1161
1526750 1166
1526760 1170
1526770 1174
1526780 1174
1526790 1179
1526800 1184
1526810 1184
1526820 1189
1526830 1192
1526840 1192
1526850 1195
1526860 1198
1526870 1198
1526880 1201
1526890 1202
1526900 1202
1526910 1203
1526920 1205
1526930 1207
1526940 1207
1526950 1209
1526960 1210
1526970 1210
1526980 1209
1526990 1209
1527000 1209
1527010 1208
1527020 1209
1527030 1209
1527040 1210
1527050 1214
1527060 1214
1527070 1217
1527080 1220
1527090 1223
1527100 1223
1527110 1226
1527120 1229
1527130 1229
1527140 1233
1527150 1236
1527160 1236
1527170 1239
1527180 1242
1527190 1242
1527200 1245
1527210 1247
1527220 1247
1527230 1250
1527240 1254
1527250 1259
1527260 1259
1527270 1266
1527280 1272
1527290 1272
1527300 1280
1527310 1286
1527320 1286
1527330 1291
1527340 1296
1527350 1296
1527360 1302
1527370 1306
1527380 1306
1527390 1312
1527400 1317
1527410 1317
1527420 1322
1527430 1325
1527440 1329
1527450 1329
1527460 1334
1527470 1339
1527480 1339
1527490 1345
1527500 1351
1527510 1351
1527520 1357
1527530 1362
1527540 1362
1527550 1366
1527560 1371
1527570 1371
1527580 1376
1527590 1382
1527600 1389
1527610 1389
1527620 1395
1527630 1400
1527640 1400
1527650 1405
1527660 1410
1527670 1410
1527680 1415
1527690 1420
1527700 1420
1527710 1425
1527720 1430
1527730 1430
1527740 1434
1527750 1438
1527760 1443
1527770 1443
1527780 1448
1527790 1452
1527800 1452
1527810 1456
1527820 1460
1527830 1460
1527840 1464
1527850 1468
1527860 1468
1527870 1472
1527880 1477
1527890 1477
1527900 1482
1527910 1487
1527920 1493
1527930 1493
1527940 1498
1527950 1502
1527960 1502
1527970 1506
1527980 1509
1527990 1509
1528000 1511
1528010 1512
1528020 1512
1528030 1514
1528040 1517
1528050 1517
1528060 1519
1528070 1522
1528080 1524
1528090 1524
1528100 1526
1528110 1529
1528120 1529
1528130 1533
1528140 1537
1528150 1537
1528160 1540
1528170 1545
1528180 1545
1528190 1549
1528200 1554
1528210 1554
1528220 1559
1528230 1564
1528240 1564
1528250 1568
1528260 1573
1528270 1578
1528280 1578
1528290 1581
1528300 1585
1528310 1585
1528320 1589
1528330 1593
1528340 1593
1528350 1596
1528360 1600
1528370 1600
1528380 1603
1528390 1607
1528400 1607
1528410 1614
1528420 1621
1528430 1628
1528440 1628
1528450 1634
1528460 1638
1528470 1638
1528480 1643
1528490 1647
1528500 1647
1528510 1650
1528520 1654
1528530 1654
1528540 1657
1528550 1660
1528560 1660
1528570 1664
1528580 1667
1528590 1669
1528600 1669
1528610 1672
1528620 1675
1528630 1675
1528640 1677
1528650 1681
1528660 1681
1528670 1685
1528680 1690
1528690 1690
1528700 1694
1528710 1699
1528720 1699
1528730 1703
1528740 1709
1528750 1715
1528760 1715
1528770 1721
1528780 1728
1528790 1728
1528800 1735
1528810 1742
1528820 1742
1528830 1750
1528840 1757
1528850 1757
1528860 1762
1528870 1766
1528880 1766
1528890 1771
1528900 1776
1528910 1776
1528920 1781
1528930 1784
1528940 1787
1528950 1787
1528960 1789
1528970 1791
1528980 1791
1528990 1795
1529000 1800
1529010 1800
1529020 1805
1529030 1810
1529040 1810
1529050 1814
1529060 1817
1529070 1817
1529080 1822
1529090 1828
1529100 1833
1529110 1833
1529120 1838
1529130 1841
1529140 1841
1529150 1844
1529160 1847
1529170 1847
1529180 1849
1529190 1851
1529200 1851
1529210 1853
1529220 1855
1529230 1855
1529240 1855
1529250 1856
1529260 1856
1529270 1856
1529280 1856
1529290 1856
1529300 1856
1529310 1856
1529320 1856
1529330 1856
1529340 1855
1529350 1855
1529360 1855
1529370 1853
1529380 1850
1529390 1850
1529400 1847
1529410 1844
1529420 1841
1529430 1841
1529440 1839
1529450 1836
1529460 1836
1529470 1834
1529480 1832
1529490 1832
1529500 1829
1529510 1826
1529520 1826
1529530 1824
1529540 1821
1529550 1821
1529560 1819
1529570 1816
1529580 1813
1529590 1813
1529600 1809
1529610 1806
1529620 1806
1529630 1803
1529640 1799
1529650 1799
1529660 1796
1529670 1793
1529680 1793
1529690 1790
1529700 1788
1529710 1788
1529720 1785
1529730 1783
1529740 1783
1529750 1780
1529760 1778
1529770 1776
1529780 1776
1529790 1774
1529800 1773
1529810 1773
1529820 1772
1529830 1770
1529840 1770
1529850 1766
1529860 1763
1529870 1763
1529880 1760
1529890 1759
1529900 1759
1529910 1758
1529920 1759
1529930 1760
1529940 1760
1529950 1759
1529960 1756
1529970 1756
1529980 1752
1529990 1747
1530000 1747
1530010 1742
1530020 1738
1530030 1738
1530040 1733
1530050 1729
1530060 1729
1530070 1727
1530080 1725
1530090 1724
1530100 1724
1530110 1723
1530120 1720
1530130 1720
1530140 1717
1530150 1715
1530160 1715
1530170 1713
1530180 1714
1530190 1714
1530200 1712
1530210 1710
1530220 1710
1530230 1707
1530240 1704
1530250 1700
1530260 1700
1530270 1694
1530280 1689
1530290 1689
1530300 1682
1530310 1675
1530320 1675
1530330 1669
1530340 1662
1530350 1662
1530360 1657
1530370 1654
1530380 1654
1530390 1650
1530400 1645
1530410 1645
1530420 1638
1530430 1631
1530440 1625
1530450 1625
1530460 1619
1530470 1616
1530480 1616
1530490 1615
1530500 1611
1530510 1611
1530520 1603
1530530 1597
1530540 1597
1530550 1593
1530560 1592
1530570 1592
1530580 1590
1530590 1589
1530600 1588
1530610 1588
1530620 1587
1530630 1586
1530640 1586
1530650 1584
1530660 1581
1530670 1581
1530680 1580
1530690 1580
1530700 1580
1530710 1579
1530720 1578
1530730 1578
1530740 1576
1530750 1574
1530760 1571
1530770 1571
1530780 1568
1530790 1565
1530800 1565
1530810 1561
1530820 1557
1530830 1557
1530840 1554
1530850 1550
1530860 1550
1530870 1547
1530880 1543
1530890 1543
1530900 1538
1530910 1533
1530920 1529
1530930 1529
1530940 1527
1530950 1527
1530960 1527
1530970 1526
1530980 1525
1530990 1525
1531000 1523
1531010 1520
1531020 1520
1531030 1519
1531040 1516
1531050 1516
1531060 1516
1531070 1515
1531080 1513
1531090 1513
1531100 1512
1531110 1512
1531120 1512
1531130 1510
1531140 1508
1531150 1508
1531160 1508
1531170 1506
1531180 1506
1531190 1501
1531200 1497
1531210 1497
1531220 1494
1531230 1491
1531240 1491
1531250 1487
1531260 1484
1531270 1481
1531280 1481
1531290 1479
1531300 1476
1531310 1476
1531320 1475
1531330 1474
1531340 1474
1531350 1472
1531360 1469
1531370 1469
1531380 1465
1531390 1461
1531400 1461
1531410 1457
1531420 1453
1531430 1449
1531440 1449
1531450 1447
1531460 1443
1531470 1443
1531480 1438
1531490 1433
1531500 1433
1531510 1428
1531520 1423
1531530 1423
1531540 1419
1531550 1415
1531560 1415
1531570 1409
1531580 1404
1531590 1398
1531600 1398
1531610 1391
1531620 1386
1531630 1386
1531640 1380
1531650 1375
1531660 1375
1531670 1371
1531680 1367
1531690 1367
1531700 1361
1531710 1356
1531720 1356
1531730 1353
1531740 1346
1531750 1343
1531760 1343
1531770 1339
1531780 1336
1531790 1336
1531800 1335
1531810 1335
1531820 1335
1531830 1335
1531840 1333
1531850 1333
1531860 1333
1531870 1332
1531880 1332
1531890 1330
1531900 1326
1531910 1326
1531920 1323
1531930 1322
1531940 1322
1531950 1322
1531960 1322
1531970 1322
1531980 1322
1531990 1321
1532000 1319
1532010 1319
1532020 1316
1532030 1314
1532040 1314
1532050 1312
1532060 1311
1532070 1311
1532080 1308
1532090 1306
1532100 1303
1532110 1303
1532120 1300
1532130 1297
1532140 1297
1532150 1294
1532160 1292
1532170 1292
1532180 1289
1532190 1288
1532200 1288
1532210 1287
1532220 1286
1532230 1286
1532240 1285
1532250 1285
1532260 1283
1532270 1283
1532280 1280
1532290 1274
1532300 1274
1532310 1268
1532320 1263
1532330 1263
1532340 1260
1532350 1258
1532360 1258
1532370 1258
1532380 1257
1532390 1257
1532400 1257
1532410 1258
1532420 1258
1532430 1258
1532440 1257
1532450 1255
1532460 1255
1532470 1253
1532480 1251
1532490 1251
1532500 1247
1532510 1244
1532520 1244
1532530 1242
1532540 1241
1532550 1241
1532560 1240
1532570 1240
1532580 1240
1532590 1240
1532600 1239
1532610 1239
1532620 1239
1532630 1238
1532640 1237
1532650 1237
1532660 1237
1532670 1235
1532680 1235
1532690 1233
1532700 1230
1532710 1230
1532720 1227
1532730 1223
1532740 1223
1532750 1220
1532760 1218
1532770 1217
1532780 1217
1532790 1214
1532800 1211
1532810 1211
1532820 1209
1532830 1205
1532840 1205
1532850 1202
1532860 1197
1532870 1197
1532880 1191
1532890 1186
1532900 1186
1532910 1181
1532920 1177
1532930 1173
1532940 1173
1532950 1169
1532960 1163
1532970 1163
1532980 1156
1532990 1150
1533000 1150
1533010 1144
1533020 1137
1533030 1137
1533040 1130
1533050 1123
1533060 1123
1533070 1116
1533080 1107
1533090 1100
1533100 1100
1533110 1094
1533120 1087
1533130 1087
1533140 1080
1533150 1074
1533160 1074
1533170 1069
1533180 1063
1533190 1063
1533200 1055
1533210 1049
1533220 1049
1533230 1042
1533240 1033
1533250 1026
1533260 1026
1533270 1018
1533280 1014
1533290 1014
1533300 1012
1533310 1011
1533320 1011
1533330 1009
1533340 1008
1533350 1008
1533360 1008
1533370 1009
1533380 1009
1533390 1009
1533400 1010
1533410 1010
1533420 1012
1533430 1016
1533440 1019
1533450 1019
1533460 1021
1533470 1024
1533480 1024
1533490 1027
1533500 1023
1533510 1023
1533520 1022
1533530 1025
1533540 1025
1533550 1029
1533560 1031
1533570 1031
1533580 1034
1533590 1039
1533600 1043
1533610 1043
1533620 1047
1533630 1048
1533640 1048
1533650 1048
1533660 1049
1533670 1049
1533680 1051
1533690 1052
1533700 1052
1533710 1052
1533720 1050
1533730 1050
1533740 1050
1533750 1048
1533760 1043
1533770 1043
1533780 1038
1533790 1034
1533800 1034
1533810 1032
1533820 1030
1533830 1030
1533840 1028
1533850 1027
1533860 1027
1533870 1025
1533880 1023
1533890 1023
1533900 1022
1533910 1021
1533920 1020
1533930 1020
1533940 1020
1533950 1020
1533960 1020
1533970 1020
1533980 1018
1533990 1018
1534000 1018
1534010 1017
1534020 1017
1534030 1015
1534040 1013
1534050 1013
1534060 1011
1534070 1008
1534080 1004
1534090 1004
1534100 1000
1534110 997
1534120 997
1534130 995
1534140 994
1534150 994
1534160 992
1534170 991
1534180 991
1534190 991
1534200 990
1534210 990
1534220 991
1534230 991
1534240 991
1534250 990
1534260 989
1534270 987
1534280 987
1534290 983
1534300 980
1534310 980
1534320 978
1534330 979
1534340 974
1534350 976
1534360 978
1534370 978
1534380 978
1534390 979
1534400 979
1534410 981
1534420 981
1534430 981
1534440 981
1534450 982
1534460 982
1534470 982
1534480 981
1534490 978
1534500 978
1534510 975
1534520 975
1534530 975
1534540 975
1534550 976
1534560 976
1534570 978
1534580 981
1534590 983
1534600 983
1534610 982
1534620 979
1534630 979
1534640 975
1534650 971
1534660 971
1534670 965
1534680 960
1534690 960
1534700 954
1534710 948
1534720 948
1534730 943
1534740 938
1534750 934
1534760 934
1534770 932
1534780 931
1534790 931
1534800 930
1534810 927
1534820 927
1534830 921
1534840 921
1534850 921
1534860 926
1534870 934
1534880 934
1534890 941
1534900 948
1534910 948
1534920 954
1534930 956
1534940 955
1534950 955
1534960 954
1534970 951
1534980 951
1534990 949
1535000 947
1535010 947
1535020 947
1535030 952
1535040 952
1535050 955
1535060 958
1535070 958
1535080 960
1535090 961
1535100 962
1535110 962
1535120 962
1535130 962
1535140 962
1535150 962
1535160 961
1535170 961
1535180 960
1535190 960
1535200 960
1535210 959
1535220 959
1535230 959
1535240 958
1535250 957
1535260 956
1535270 956
1535280 955
1535290 955
1535300 955
1535310 954
1535320 952
1535330 952
1535340 947
1535350 943
1535360 943
1535370 944
1535380 949
1535390 949
1535400 950
1535410 950
1535420 950
1535430 950
1535440 950
1535450 950
1535460 950
1535470 949
1535480 949
1535490 949
1535500 949
1535510 948
1535520 948
1535530 948
1535540 947
1535550 947
1535560 946
1535570 946
1535580 945
1535590 945
1535600 945
1535610 944
1535620 944
1535630 943
1535640 943
1535650 943
1535660 942
1535670 941
1535680 941
1535690 941
1535700 941
1535710 941
1535720 941
1535730 940
1535740 940
1535750 939
1535760 936
1535770 932
1535780 932
1535790 929
1535800 927
1535810 927
1535820 925
1535830 923
1535840 923
1535850 919
1535860 916
1535870 916
1535880 913
1535890 909
1535900 909
1535910 903
1535920 901
1535930 903
1535940 903
1535950 905
1535960 911
1535970 911
1535980 913
1535990 913
1536000 913
1536010 913
1536020 914
1536030 914
1536040 916
1536050 916
1536060 916
1536070 917
1536080 919
1536090 920
1536100 920
1536110 922
1536120 922
1536130 922
1536140 919
1536150 918
1536160 918
1536170 918
1536180 917
1536190 917
1536200 916
1536210 915
1536220 915
1536230 913
1536240 910
1536250 910
1536260 910
1536270 910
1536280 909
1536290 909
1536300 909
1536310 908
1536320 908
1536330 908
1536340 907
1536350 907
1536360 907
1536370 908
1536380 908
1536390 908
1536400 907
1536410 907
1536420 907
1536430 907
1536440 906
1536450 906
1536460 905
1536470 904
1536480 904
1536490 902
1536500 899
1536510 899
1536520 897
1536530 895
1536540 895
1536550 893
1536560 891
1536570 891
1536580 889
1536590 887
1536600 885
1536610 885
1536620 883
1536630 881
1536640 881
1536650 880
1536660 879
1536670 879
1536680 878
1536690 876
1536700 876
1536710 876
1536720 875
1536730 875
1536740 874
1536750 873
1536760 872
1536770 872
1536780 871
1536790 870
1536800 870
1536810 867
1536820 866
1536830 866
1536840 866
1536850 867
1536860 867
1536870 868
1536880 869
1536890 869
1536900 871
1536910 873
1536920 875
1536930 875
1536940 876
1536950 876
1536960 876
1536970 876
1536980 876
1536990 876
1537000 875
1537010 872
1537020 872
1537030 869
1537040 863
1537050 863
1537060 854
1537070 844
1537080 844
1537090 834
1537100 826
1537110 819
1537120 819
1537130 813
1537140 808
1537150 808
1537160 803
1537170 798
1537180 798
1537190 797
1537200 797
1537210 797
1537220 796
1537230 792
1537240 792
1537250 788
1537260 785
1537270 782
1537280 782
1537290 786
1537300 788
1537310 788
1537320 787
1537330 787
1537340 787
1537350 786
1537360 785
1537370 785
1537380 783
1537390 780
1537400 780
1537410 780
1537420 779
1537430 775
1537440 775
1537450 771
1537460 768
1537470 768
1537480 767
1537490 765
1537500 765
1537510 765
1537520 764
1537530 764
1537540 761
1537550 758
1537560 758
1537570 754
1537580 751
1537590 748
1537600 748
1537610 744
1537620 740
1537630 740
1537640 737
1537650 733
1537660 733
1537670 731
1537680 730
1537690 730
1537700 728
1537710 725
1537720 725
1537730 721
1537740 717
1537750 714
1537760 714
1537770 711
1537780 707
1537790 707
1537800 705
1537810 704
1537820 704
1537830 703
1537840 700
1537850 700
1537860 697
1537870 693
1537880 693
1537890 692
1537900 693
1537910 693
1537920 692
1537930 689
1537940 686
1537950 686
1537960 684
1537970 680
1537980 680
1537990 678
1538000 680
1538010 680
1538020 682
1538030 683
1538040 683
1538050 684
1538060 686
1538070 686
1538080 687
1538090 686
1538100 684
1538110 684
1538120 682
1538130 680
1538140 680
1538150 679
1538160 678
1538170 678
1538180 677
1538190 676
1538200 676
1538210 674
1538220 673
1538230 673
1538240 672
1538250 671
1538260 669
1538270 669
1538280 667
1538290 664
1538300 664
1538310 663
1538320 663
1538330 663
1538340 662
1538350 663
1538360 663
1538370 663
1538380 664
1538390 664
1538400 664
1538410 664
1538420 664
1538430 664
1538440 664
1538450 664
1538460 664
1538470 663
1538480 663
1538490 663
1538500 662
1538510 662
1538520 662
1538530 661
1538540 660
1538550 660
1538560 660
1538570 659
1538580 659
1538590 659
1538600 657
1538610 655
1538620 655
1538630 653
1538640 650
1538650 650
1538660 648
1538670 647
1538680 647
1538690 645
1538700 643
1538710 643
1538720 641
1538730 640
1538740 640
1538750 640
1538760 639
1538770 638
1538780 638
1538790 638
1538800 638
1538810 638
1538820 638
1538830 640
1538840 640
1538850 645
1538860 651
1538870 651
1538880 658
1538890 663
1538900 663
1538910 667
1538920 670
1538930 672
1538940 672
1538950 672
1538960 674
1538970 674
1538980 677
1538990 679
1539000 679
1539010 679
1539020 677
1539030 677
1539040 675
1539050 672
1539060 672
1539070 668
1539080 665
1539090 665
1539100 665
1539110 666
1539120 668
1539130 668
1539140 669
1539150 666
1539160 666
1539170 653
1539180 648
1539190 648
1539200 644
1539210 639
1539220 639
1539230 634
1539240 633
1539250 632
1539260 632
1539270 633
1539280 637
1539290 637
1539300 642
1539310 647
1539320 647
1539330 654
1539340 658
1539350 658
1539360 665
1539370 668
1539380 668
1539390 655
1539400 636
1539410 636
1539420 631
1539430 634
1539440 639
1539450 639
1539460 651
1539470 666
1539480 666
1539490 673
1539500 677
1539510 677
1539520 679
1539530 682
1539540 682
1539550 689
1539560 692
1539570 692
1539580 701
1539590 718
1539600 735
1539610 735
1539620 743
1539630 748
1539640 748
1539650 755
1539660 762
1539670 762
1539680 766
1539690 766
1539700 766
1539710 770
1539720 778
1539730 778
1539740 783
1539750 787
1539760 791
1539770 791
1539780 792
1539790 794
1539800 794
1539810 796
1539820 797
1539830 797
1539840 798
1539850 802
1539860 802
1539870 809
1539880 815
1539890 815
1539900 818
1539910 822
1539920 824
1539930 824
1539940 826
1539950 828
1539960 828
1539970 830
1539980 832
1539990 832
