1520000 681
1520010 682
1520020 682
1520030 683
1520040 685
1520050 687
1520060 687
1520070 691
1520080 694
1520090 694
1520100 696
1520110 699
1520120 699
1520130 703
1520140 708
1520150 708
1520160 713
1520170 719
1520180 719
1520190 727
1520200 736
1520210 740
1520220 740
1520230 745
1520240 751
1520250 756
1520260 760
1520270 759
1520280 759
1520290 754
1520300 754
1520310 754
1520320 755
1520330 756
1520340 756
1520350 760
1520360 765
1520370 768
1520380 768
1520390 767
1520400 765
1520410 765
1520420 765
1520430 765
1520440 765
1520450 765
1520460 765
1520470 765
1520480 766
1520490 766
1520500 766
1520510 766
1520520 767
1520530 767
1520540 769
1520550 770
1520560 770
1520570 770
1520580 768
1520590 764
1520600 764
1520610 758
1520620 752
1520630 752
1520640 746
1520650 743
1520660 743
1520670 740
1520680 739
1520690 739
1520700 738
1520710 739
1520720 741
1520730 741
1520740 742
1520750 744
1520760 744
1520770 746
1520780 747
1520790 747
1520800 749
1520810 751
1520820 751
1520830 753
1520840 755
1520850 755
1520860 757
1520870 761
1520880 765
1520890 765
1520900 768
1520910 772
1520920 772
1520930 776
1520940 780
1520950 780
1520960 784
1520970 789
1520980 789
1520990 792
1521000 795
1521010 795
1521020 798
1521030 798
1521040 798
1521050 796
1521060 790
1521070 781
1521080 781
1521090 776
1521100 772
1521110 772
1521120 769
1521130 768
1521140 768
1521150 769
1521160 770
1521170 770
1521180 771
1521190 772
1521200 772
1521210 773
1521220 774
1521230 774
1521240 774
1521250 775
1521260 774
1521270 774
1521280 772
1521290 768
1521300 768
1521310 765
1521320 762
1521330 762
1521340 759
1521350 756
1521360 756
1521370 754
1521380 752
1521390 750
1521400 750
1521410 749
1521420 749
1521430 749
1521440 749
1521450 749
1521460 749
1521470 749
1521480 748
1521490 748
1521500 748
1521510 748
1521520 748
1521530 748
1521540 748
1521550 748
1521560 748
1521570 749
1521580 749
1521590 749
1521600 750
1521610 752
1521620 752
1521630 755
1521640 756
1521650 756
1521660 756
1521670 758
1521680 758
1521690 760
1521700 761
1521710 761
1521720 762
1521730 763
1521740 764
1521750 764
1521760 764
1521770 764
1521780 764
1521790 764
1521800 764
1521810 764
1521820 764
1521830 764
1521840 764
1521850 763
1521860 763
1521870 763
1521880 761
1521890 759
1521900 757
1521910 757
1521920 756
1521930 754
1521940 754
1521950 753
1521960 752
1521970 752
1521980 750
1521990 749
1522000 749
1522010 749
1522020 749
1522030 749
1522040 748
1522050 748
1522060 749
1522070 749
1522080 749
1522090 749
1522100 749
1522110 749
1522120 749
1522130 749
1522140 749
1522150 749
1522160 749
1522170 749
1522180 750
1522190 750
1522200 753
1522210 755
1522220 756
1522230 756
1522240 758
1522250 761
1522260 761
1522270 763
1522280 765
1522290 765
1522300 768
1522310 770
1522320 770
1522330 773
1522340 774
1522350 774
1522360 775
1522370 776
1522380 776
1522390 777
1522400 778
1522410 780
1522420 780
1522430 783
1522440 786
1522450 786
1522460 789
1522470 792
1522480 792
1522490 795
1522500 799
1522510 799
1522520 802
1522530 804
1522540 804
1522550 807
1522560 809
1522570 811
1522580 811
1522590 812
1522600 812
1522610 812
1522620 812
1522630 812
1522640 812
1522650 813
1522660 814
1522670 814
1522680 815
1522690 816
1522700 816
1522710 819
1522720 821
1522730 825
1522740 825
1522750 829
1522760 832
1522770 832
1522780 836
1522790 840
1522800 840
1522810 844
1522820 849
1522830 849
1522840 851
1522850 853
1522860 853
1522870 855
1522880 856
1522890 856
1522900 857
1522910 857
1522920 857
1522930 857
1522940 857
1522950 854
1522960 854
1522970 849
1522980 845
1522990 845
1523000 841
1523010 841
1523020 841
1523030 845
1523040 848
1523050 848
1523060 850
1523070 852
1523080 855
1523090 855
1523100 856
1523110 859
1523120 859
1523130 862
1523140 865
1523150 865
1523160 869
1523170 871
1523180 871
1523190 873
1523200 876
1523210 876
1523220 879
1523230 880
1523240 879
1523250 879
1523260 884
1523270 886
1523280 886
1523290 886
1523300 885
1523310 885
1523320 886
1523330 888
1523340 888
1523350 891
1523360 894
1523370 894
1523380 897
1523390 900
1523400 903
1523410 903
1523420 906
1523430 909
1523440 909
1523450 912
1523460 916
1523470 916
1523480 920
1523490 923
1523500 923
1523510 925
1523520 928
1523530 928
1523540 932
1523550 936
1523560 936
1523570 938
1523580 939
1523590 940
1523600 940
1523610 942
1523620 944
1523630 945
1523640 946
1523650 946
1523660 946
1523670 947
1523680 949
1523690 949
1523700 951
1523710 953
1523720 953
1523730 953
1523740 953
1523750 953
1523760 953
1523770 954
1523780 954
1523790 954
1523800 953
1523810 952
1523820 952
1523830 955
1523840 958
1523850 958
1523860 960
1523870 961
1523880 961
1523890 963
1523900 965
1523910 966
1523920 966
1523930 967
1523940 968
1523950 968
1523960 969
1523970 967
1523980 967
1523990 967
1524000 967
1524010 967
1524020 968
1524030 968
1524040 968
1524050 968
1524060 968
1524070 968
1524080 968
1524090 968
1524100 968
1524110 968
1524120 969
1524130 968
1524140 968
1524150 968
1524160 969
1524170 969
1524180 970
1524190 972
1524200 972
1524210 974
1524220 976
1524230 976
1524240 978
1524250 979
1524260 980
1524270 980
1524280 981
1524290 982
1524300 982
1524310 982
1524320 984
1524330 984
1524340 986
1524350 987
1524360 987
1524370 988
1524380 988
1524390 988
1524400 988
1524410 987
1524420 986
1524430 986
1524440 987
1524450 987
1524460 987
1524470 982
1524480 980
1524490 980
1524500 981
1524510 981
1524520 981
1524530 981
1524540 988
1524550 988
1524560 1000
1524570 1006
1524580 1011
1524590 1011
1524600 1013
1524610 1014
1524620 1014
1524630 1015
1524640 1017
1524650 1017
1524660 1020
1524670 1022
1524680 1022
1524690 1024
1524700 1026
1524710 1026
1524720 1027
1524730 1028
1524740 1028
1524750 1030
1524760 1031
1524770 1032
1524780 1032
1524790 1034
1524800 1035
1524810 1035
1524820 1037
1524830 1038
1524840 1038
1524850 1040
1524860 1042
1524870 1042
1524880 1045
1524890 1048
1524900 1048
1524910 1051
1524920 1053
1524930 1055
1524940 1055
1524950 1057
1524960 1058
1524970 1058
1524980 1061
1524990 1062
1525000 1062
1525010 1064
1525020 1065
1525030 1065
1525040 1067
1525050 1069
1525060 1069
1525070 1071
1525080 1074
1525090 1076
1525100 1076
1525110 1078
1525120 1080
1525130 1080
1525140 1082
1525150 1085
1525160 1085
1525170 1086
1525180 1088
1525190 1088
1525200 1090
1525210 1092
1525220 1092
1525230 1093
1525240 1094
1525250 1095
1525260 1095
1525270 1097
1525280 1098
1525290 1098
1525300 1100
1525310 1101
1525320 1101
1525330 1102
1525340 1103
1525350 1103
1525360 1105
1525370 1106
1525380 1106
1525390 1108
1525400 1110
1525410 1110
1525420 1111
1525430 1113
1525440 1114
1525450 1114
1525460 1116
1525470 1117
1525480 1117
1525490 1119
1525500 1121
1525510 1121
1525520 1123
1525530 1124
1525540 1124
1525550 1125
1525560 1126
1525570 1126
1525580 1127
1525590 1128
1525600 1129
1525610 1129
1525620 1131
1525630 1132
1525640 1132
1525650 1132
1525660 1133
1525670 1133
1525680 1136
1525690 1138
1525700 1138
1525710 1139
1525720 1138
1525730 1138
1525740 1139
1525750 1140
1525760 1141
1525770 1141
1525780 1143
1525790 1147
1525800 1147
1525810 1148
1525820 1150
1525830 1150
1525840 1153
1525850 1156
1525860 1156
1525870 1159
1525880 1163
1525890 1163
1525900 1166
1525910 1168
1525920 1168
1525930 1170
1525940 1173
1525950 1176
1525960 1176
1525970 1180
1525980 1182
1525990 1182
1526000 1185
1526010 1187
1526020 1187
1526030 1189
1526040 1191
1526050 1191
1526060 1194
1526070 1195
1526080 1195
1526090 1197
1526100 1199
1526110 1200
1526120 1200
1526130 1201
1526140 1202
1526150 1202
1526160 1202
1526170 1203
1526180 1203
1526190 1205
1526200 1207
1526210 1207
1526220 1209
1526230 1211
1526240 1211
1526250 1213
1526260 1215
1526270 1217
1526280 1217
1526290 1220
1526300 1223
1526310 1223
1526320 1225
1526330 1228
1526340 1228
1526350 1230
1526360 1232
1526370 1232
1526380 1235
1526390 1237
1526400 1237
1526410 1239
1526420 1242
1526430 1245
1526440 1245
1526450 1248
1526460 1250
1526470 1250
1526480 1253
1526490 1256
1526500 1256
1526510 1259
1526520 1261
1526530 1261
1526540 1264
1526550 1266
1526560 1266
1526570 1268
1526580 1270
1526590 1270
1526600 1273
1526610 1275
1526620 1276
1526630 1276
1526640 1278
1526650 1279
1526660 1279
1526670 1279
1526680 1280
1526690 1280
1526700 1280
1526710 1281
1526720 1281
1526730 1282
1526740 1287
1526750 1287
1526760 1287
1526770 1288
1526780 1288
1526790 1288
1526800 1289
1526810 1289
1526820 1289
1526830 1289
1526840 1289
1526850 1289
1526860 1289
1526870 1287
1526880 1287
1526890 1287
1526900 1289
1526910 1289
1526920 1292
1526930 1295
1526940 1299
1526950 1299
1526960 1303
1526970 1308
1526980 1308
1526990 1313
1527000 1319
1527010 1319
1527020 1327
1527030 1335
1527040 1335
1527050 1340
1527060 1344
1527070 1344
1527080 1347
1527090 1348
1527100 1348
1527110 1348
1527120 1347
1527130 1345
1527140 1345
1527150 1346
1527160 1347
1527170 1347
1527180 1348
1527190 1350
1527200 1350
1527210 1352
1527220 1354
1527230 1354
1527240 1354
1527250 1355
1527260 1355
1527270 1355
1527280 1355
1527290 1354
1527300 1354
1527310 1353
1527320 1354
1527330 1354
1527340 1355
1527350 1357
1527360 1357
1527370 1362
1527380 1367
1527390 1367
1527400 1369
1527410 1372
1527420 1372
1527430 1375
1527440 1379
1527450 1382
1527460 1382
1527470 1386
1527480 1390
1527490 1390
1527500 1395
1527510 1400
1527520 1400
1527530 1405
1527540 1409
1527550 1409
1527560 1411
1527570 1415
1527580 1415
1527590 1420
1527600 1423
1527610 1426
1527620 1426
1527630 1430
1527640 1434
1527650 1434
1527660 1438
1527670 1441
1527680 1441
1527690 1444
1527700 1448
1527710 1448
1527720 1451
1527730 1455
1527740 1455
1527750 1458
1527760 1462
1527770 1462
1527780 1466
1527790 1470
1527800 1474
1527810 1474
1527820 1478
1527830 1483
1527840 1483
1527850 1488
1527860 1493
1527870 1493
1527880 1498
1527890 1503
1527900 1503
1527910 1507
1527920 1515
1527930 1515
1527940 1521
1527950 1531
1527960 1539
1527970 1539
1527980 1546
1527990 1552
1528000 1552
1528010 1559
1528020 1566
1528030 1566
1528040 1572
1528050 1579
1528060 1579
1528070 1585
1528080 1591
1528090 1591
1528100 1597
1528110 1602
1528120 1610
1528130 1610
1528140 1616
1528150 1622
1528160 1622
1528170 1627
1528180 1633
1528190 1633
1528200 1639
1528210 1645
1528220 1645
1528230 1651
1528240 1656
1528250 1656
1528260 1661
1528270 1665
1528280 1670
1528290 1670
1528300 1675
1528310 1680
1528320 1680
1528330 1685
1528340 1689
1528350 1689
1528360 1693
1528370 1697
1528380 1697
1528390 1703
1528400 1710
1528410 1710
1528420 1715
1528430 1719
1528440 1719
1528450 1722
1528460 1726
1528470 1731
1528480 1731
1528490 1737
1528500 1743
1528510 1743
1528520 1748
1528530 1753
1528540 1753
1528550 1758
1528560 1762
1528570 1762
1528580 1766
1528590 1770
1528600 1770
1528610 1773
1528620 1775
1528630 1777
1528640 1777
1528650 1779
1528660 1780
1528670 1780
1528680 1780
1528690 1780
1528700 1780
1528710 1780
1528720 1779
1528730 1779
1528740 1779
1528750 1778
1528760 1778
1528770 1777
1528780 1776
1528790 1775
1528800 1775
1528810 1774
1528820 1773
1528830 1773
1528840 1772
1528850 1771
1528860 1771
1528870 1769
1528880 1767
1528890 1767
1528900 1765
1528910 1763
1528920 1763
1528930 1761
1528940 1759
1528950 1759
1528960 1757
1528970 1755
1528980 1753
1528990 1753
1529000 1751
1529010 1748
1529020 1748
1529030 1745
1529040 1743
1529050 1743
1529060 1739
1529070 1735
1529080 1735
1529090 1732
1529100 1730
1529110 1730
1529120 1728
1529130 1726
1529140 1722
1529150 1722
1529160 1719
1529170 1717
1529180 1717
1529190 1714
1529200 1711
1529210 1711
1529220 1708
1529230 1706
1529240 1706
1529250 1704
1529260 1702
1529270 1702
1529280 1699
1529290 1698
1529300 1696
1529310 1696
1529320 1694
1529330 1692
1529340 1692
1529350 1689
1529360 1687
1529370 1687
1529380 1685
1529390 1683
1529400 1683
1529410 1680
1529420 1678
1529430 1678
1529440 1675
1529450 1672
1529460 1669
1529470 1669
1529480 1666
1529490 1662
1529500 1662
1529510 1659
1529520 1655
1529530 1655
1529540 1652
1529550 1648
1529560 1648
1529570 1644
1529580 1641
1529590 1641
1529600 1637
1529610 1634
1529620 1634
1529630 1627
1529640 1624
1529650 1621
1529660 1621
1529670 1618
1529680 1614
1529690 1614
1529700 1611
1529710 1608
1529720 1608
1529730 1605
1529740 1602
1529750 1602
1529760 1599
1529770 1596
1529780 1596
1529790 1592
1529800 1589
1529810 1586
1529820 1586
1529830 1583
1529840 1580
1529850 1580
1529860 1578
1529870 1575
1529880 1575
1529890 1573
1529900 1571
1529910 1571
1529920 1569
1529930 1568
1529940 1568
1529950 1566
1529960 1564
1529970 1562
1529980 1562
1529990 1561
1530000 1559
1530010 1559
1530020 1558
1530030 1557
1530040 1557
1530050 1555
1530060 1551
1530070 1551
1530080 1548
1530090 1545
1530100 1545
1530110 1543
1530120 1539
1530130 1536
1530140 1536
1530150 1533
1530160 1531
1530170 1531
1530180 1529
1530190 1525
1530200 1525
1530210 1523
1530220 1520
1530230 1520
1530240 1517
1530250 1514
1530260 1514
1530270 1509
1530280 1504
1530290 1504
1530300 1498
1530310 1492
1530320 1488
1530330 1488
1530340 1484
1530350 1480
1530360 1480
1530370 1477
1530380 1472
1530390 1472
1530400 1466
1530410 1461
1530420 1461
1530430 1456
1530440 1452
1530450 1452
1530460 1449
1530470 1445
1530480 1440
1530490 1440
1530500 1435
1530510 1430
1530520 1430
1530530 1428
1530540 1426
1530550 1426
1530560 1423
1530570 1419
1530580 1419
1530590 1415
1530600 1412
1530610 1412
1530620 1408
1530630 1405
1530640 1403
1530650 1403
1530660 1399
1530670 1396
1530680 1396
1530690 1394
1530700 1392
1530710 1392
1530720 1388
1530730 1384
1530740 1384
1530750 1381
1530760 1377
1530770 1377
1530780 1374
1530790 1371
1530800 1371
1530810 1368
1530820 1364
1530830 1361
1530840 1361
1530850 1359
1530860 1356
1530870 1356
1530880 1353
1530890 1350
1530900 1350
1530910 1348
1530920 1346
1530930 1346
1530940 1343
1530950 1339
1530960 1339
1530970 1333
1530980 1330
1530990 1328
1531000 1328
1531010 1325
1531020 1323
1531030 1323
1531040 1320
1531050 1317
1531060 1317
1531070 1313
1531080 1309
1531090 1309
1531100 1307
1531110 1306
1531120 1306
1531130 1304
1531140 1302
1531150 1301
1531160 1301
1531170 1299
1531180 1296
1531190 1296
1531200 1293
1531210 1291
1531220 1291
1531230 1288
1531240 1287
1531250 1287
1531260 1285
1531270 1283
1531280 1283
1531290 1281
1531300 1279
1531310 1277
1531320 1277
1531330 1275
1531340 1272
1531350 1272
1531360 1269
1531370 1267
1531380 1267
1531390 1264
1531400 1261
1531410 1261
1531420 1258
1531430 1253
1531440 1253
1531450 1249
1531460 1246
1531470 1246
1531480 1242
1531490 1238
1531500 1235
1531510 1235
1531520 1231
1531530 1227
1531540 1227
1531550 1223
1531560 1219
1531570 1219
1531580 1214
1531590 1210
1531600 1210
1531610 1207
1531620 1202
1531630 1202
1531640 1196
1531650 1191
1531660 1186
1531670 1186
1531680 1182
1531690 1177
1531700 1177
1531710 1173
1531720 1171
1531730 1171
1531740 1167
1531750 1164
1531760 1164
1531770 1160
1531780 1155
1531790 1155
1531800 1151
1531810 1146
1531820 1141
1531830 1141
1531840 1137
1531850 1133
1531860 1133
1531870 1129
1531880 1124
1531890 1124
1531900 1120
1531910 1115
1531920 1115
1531930 1109
1531940 1104
1531950 1104
1531960 1099
1531970 1094
1531980 1089
1531990 1089
1532000 1084
1532010 1078
1532020 1078
1532030 1071
1532040 1064
1532050 1064
1532060 1057
1532070 1051
1532080 1051
1532090 1046
1532100 1045
1532110 1045
1532120 1042
1532130 1038
1532140 1038
1532150 1037
1532160 1033
1532170 1031
1532180 1031
1532190 1031
1532200 1029
1532210 1029
1532220 1026
1532230 1022
1532240 1022
1532250 1019
1532260 1016
1532270 1016
1532280 1013
1532290 1009
1532300 1009
1532310 1006
1532320 1002
1532330 999
1532340 999
1532350 995
1532360 991
1532370 991
1532380 985
1532390 981
1532400 981
1532410 977
1532420 971
1532430 971
1532440 969
1532450 966
1532460 966
1532470 960
1532480 956
1532490 953
1532500 953
1532510 947
1532520 942
1532530 942
1532540 937
1532550 931
1532560 931
1532570 924
1532580 916
1532590 916
1532600 910
1532610 906
1532620 906
1532630 902
1532640 898
1532650 893
1532660 893
1532670 887
1532680 882
1532690 882
1532700 877
1532710 871
1532720 871
1532730 865
1532740 860
1532750 860
1532760 854
1532770 847
1532780 847
1532790 841
1532800 835
1532810 835
1532820 830
1532830 827
1532840 825
1532850 825
1532860 824
1532870 823
1532880 823
1532890 823
1532900 820
1532910 820
1532920 818
1532930 816
1532940 816
1532950 814
1532960 812
1532970 812
1532980 810
1532990 809
1533000 808
1533010 808
1533020 806
1533030 804
1533040 804
1533050 804
1533060 803
1533070 803
1533080 802
1533090 801
1533100 801
1533110 800
1533120 797
1533130 797
1533140 795
1533150 794
1533160 793
1533170 793
1533180 791
1533190 790
1533200 790
1533210 789
1533220 788
1533230 788
1533240 787
1533250 786
1533260 786
1533270 785
1533280 785
1533290 785
1533300 785
1533310 784
1533320 784
1533330 783
1533340 783
1533350 782
1533360 782
1533370 782
1533380 782
1533390 782
1533400 781
1533410 781
1533420 781
1533430 780
1533440 779
1533450 779
1533460 778
1533470 778
1533480 778
1533490 777
1533500 777
1533510 776
1533520 776
1533530 774
1533540 774
1533550 774
1533560 774
1533570 773
1533580 773
1533590 773
1533600 772
1533610 772
1533620 771
1533630 770
1533640 770
1533650 769
1533660 768
1533670 767
1533680 767
1533690 767
1533700 767
1533710 767
1533720 766
1533730 765
1533740 765
1533750 764
1533760 763
1533770 763
1533780 762
1533790 762
1533800 762
1533810 761
1533820 760
1533830 759
1533840 759
1533850 758
1533860 757
1533870 757
1533880 756
1533890 755
1533900 755
1533910 754
1533920 754
1533930 754
1533940 753
1533950 752
1533960 752
1533970 752
1533980 751
1533990 751
1534000 750
1534010 750
1534020 749
1534030 749
1534040 749
1534050 748
1534060 748
1534070 748
1534080 747
1534090 747
1534100 747
1534110 746
1534120 746
1534130 746
1534140 745
1534150 745
1534160 745
1534170 744
1534180 744
1534190 744
1534200 744
1534210 743
1534220 743
1534230 743
1534240 742
1534250 742
1534260 741
1534270 741
1534280 741
1534290 740
1534300 739
1534310 739
1534320 739
1534330 740
1534340 741
1534350 741
1534360 744
1534370 748
1534380 748
1534390 753
1534400 757
1534410 757
1534420 760
1534430 763
1534440 763
1534450 767
1534460 771
1534470 771
1534480 775
1534490 779
1534500 782
1534510 782
1534520 785
1534530 786
1534540 786
1534550 786
1534560 786
1534570 786
1534580 787
1534590 788
1534600 788
1534610 789
1534620 789
1534630 789
1534640 791
1534650 792
1534660 792
1534670 793
1534680 794
1534690 794
1534700 794
1534710 794
1534720 793
1534730 793
1534740 792
1534750 792
1534760 792
1534770 791
1534780 791
1534790 791
1534800 791
1534810 791
1534820 791
1534830 792
1534840 792
1534850 792
1534860 792
1534870 791
1534880 789
1534890 789
1534900 789
1534910 792
1534920 792
1534930 793
1534940 791
1534950 791
1534960 790
1534970 784
1534980 784
1534990 775
1535000 768
1535010 761
1535020 761
1535030 769
1535040 782
1535050 782
1535060 782
1535070 782
1535080 782
1535090 781
1535100 781
1535110 781
1535120 780
1535130 780
1535140 780
1535150 780
1535160 779
1535170 779
1535180 780
1535190 780
1535200 780
1535210 780
1535220 780
1535230 778
1535240 778
1535250 777
1535260 777
1535270 777
1535280 776
1535290 773
1535300 773
1535310 766
1535320 764
1535330 764
1535340 765
1535350 768
1535360 773
1535370 773
1535380 776
1535390 778
1535400 778
1535410 779
1535420 781
1535430 781
1535440 782
1535450 784
1535460 784
1535470 787
1535480 788
1535490 788
1535500 788
1535510 788
1535520 787
1535530 787
1535540 786
1535550 786
1535560 786
1535570 787
1535580 788
1535590 788
1535600 790
1535610 791
1535620 791
1535630 792
1535640 793
1535650 793
1535660 794
1535670 796
1535680 798
1535690 798
1535700 798
1535710 799
1535720 799
1535730 799
1535740 799
1535750 799
1535760 800
1535770 800
1535780 800
1535790 801
1535800 801
1535810 801
1535820 805
1535830 807
1535840 807
1535850 808
1535860 811
1535870 812
1535880 812
1535890 812
1535900 813
1535910 813
1535920 814
1535930 814
1535940 814
1535950 813
1535960 812
1535970 812
1535980 812
1535990 811
1536000 811
1536010 812
1536020 812
1536030 812
1536040 812
1536050 812
1536060 811
1536070 811
1536080 808
1536090 802
1536100 802
1536110 792
1536120 785
1536130 785
1536140 780
1536150 774
1536160 774
1536170 767
1536180 760
1536190 756
1536200 756
1536210 751
1536220 748
1536230 748
1536240 745
1536250 740
1536260 740
1536270 742
1536280 744
1536290 744
1536300 753
1536310 762
1536320 762
1536330 768
1536340 773
1536350 773
1536360 777
1536370 783
1536380 790
1536390 790
1536400 797
1536410 800
1536420 800
1536430 805
1536440 816
1536450 816
1536460 826
1536470 830
1536480 830
1536490 835
1536500 839
1536510 839
1536520 843
1536530 846
1536540 849
1536550 849
1536560 851
1536570 854
1536580 854
1536590 859
1536600 862
1536610 862
1536620 863
1536630 863
1536640 863
1536650 864
1536660 866
1536670 866
1536680 868
1536690 870
1536700 870
1536710 870
1536720 868
1536730 869
1536740 869
1536750 873
1536760 877
1536770 877
1536780 879
1536790 880
1536800 880
1536810 882
1536820 883
1536830 883
1536840 886
1536850 890
1536860 892
1536870 892
1536880 894
1536890 897
1536900 897
1536910 901
1536920 904
1536930 904
1536940 906
1536950 909
1536960 909
1536970 913
1536980 917
1536990 917
1537000 921
1537010 926
1537020 926
1537030 931
1537040 937
1537050 940
1537060 940
1537070 943
1537080 944
1537090 944
1537100 945
1537110 946
1537120 946
1537130 947
1537140 947
1537150 947
1537160 949
1537170 957
1537180 957
1537190 965
1537200 972
1537210 979
1537220 979
1537230 984
1537240 987
1537250 987
1537260 988
1537270 989
1537280 989
1537290 992
1537300 991
1537310 991
1537320 991
1537330 994
1537340 994
1537350 998
1537360 1009
1537370 1012
1537380 1012
1537390 1015
1537400 1019
1537410 1019
1537420 1024
1537430 1028
1537440 1028
1537450 1032
1537460 1040
1537470 1040
1537480 1054
1537490 1058
1537500 1058
1537510 1058
1537520 1058
1537530 1058
1537540 1058
1537550 1058
1537560 1056
1537570 1056
1537580 1055
1537590 1054
1537600 1054
1537610 1053
1537620 1052
1537630 1052
1537640 1051
1537650 1051
1537660 1051
1537670 1051
1537680 1050
1537690 1050
1537700 1050
1537710 1048
1537720 1047
1537730 1047
1537740 1046
1537750 1042
1537760 1042
1537770 1038
1537780 1035
1537790 1035
1537800 1032
1537810 1029
1537820 1029
1537830 1025
1537840 1022
1537850 1022
1537860 1019
1537870 1016
1537880 1013
1537890 1013
1537900 1011
1537910 1009
1537920 1009
1537930 1006
1537940 1004
1537950 1004
1537960 1003
1537970 1003
1537980 1003
1537990 1004
1538000 1002
1538010 1002
1538020 1000
1538030 997
1538040 994
1538050 994
1538060 992
1538070 988
1538080 988
1538090 987
1538100 990
1538110 990
1538120 995
1538130 998
1538140 998
1538150 999
1538160 1000
1538170 1000
1538180 1001
1538190 1002
1538200 1002
1538210 1002
1538220 1003
1538230 1003
1538240 1003
1538250 1004
1538260 1003
1538270 1003
1538280 1003
1538290 1004
1538300 1004
1538310 1004
1538320 1005
1538330 1005
1538340 1007
1538350 1008
1538360 1008
1538370 1010
1538380 1012
1538390 1013
1538400 1013
1538410 1013
1538420 1014
1538430 1014
1538440 1017
1538450 1019
1538460 1019
1538470 1021
1538480 1023
1538490 1023
1538500 1025
1538510 1028
1538520 1028
1538530 1029
1538540 1031
1538550 1034
1538560 1034
1538570 1036
1538580 1038
1538590 1038
1538600 1041
1538610 1043
1538620 1043
1538630 1047
1538640 1049
1538650 1049
1538660 1052
1538670 1056
1538680 1056
1538690 1061
1538700 1066
1538710 1072
1538720 1072
1538730 1074
1538740 1077
1538750 1077
1538760 1079
1538770 1080
1538780 1080
1538790 1079
1538800 1078
1538810 1078
1538820 1076
1538830 1074
1538840 1074
1538850 1072
1538860 1070
1538870 1070
1538880 1067
1538890 1066
1538900 1064
1538910 1064
1538920 1062
1538930 1060
1538940 1060
1538950 1059
1538960 1057
1538970 1057
1538980 1055
1538990 1053
1539000 1053
1539010 1051
1539020 1049
1539030 1049
1539040 1047
1539050 1046
1539060 1045
1539070 1045
1539080 1042
1539090 1041
1539100 1041
1539110 1040
1539120 1039
1539130 1039
1539140 1038
1539150 1037
1539160 1037
1539170 1035
1539180 1034
1539190 1034
1539200 1032
1539210 1030
1539220 1028
1539230 1028
1539240 1027
1539250 1025
1539260 1025
1539270 1024
1539280 1023
1539290 1023
1539300 1021
1539310 1020
1539320 1020
1539330 1018
1539340 1017
1539350 1017
1539360 1016
1539370 1015
1539380 1014
1539390 1014
1539400 1012
1539410 1011
1539420 1011
1539430 1009
1539440 1007
1539450 1007
1539460 1005
1539470 1003
1539480 1003
1539490 1001
1539500 998
1539510 998
1539520 996
1539530 994
1539540 994
1539550 993
1539560 991
1539570 988
1539580 988
1539590 987
1539600 982
1539610 982
1539620 977
1539630 972
1539640 972
1539650 971
1539660 972
1539670 972
1539680 968
1539690 965
1539700 965
1539710 968
1539720 970
1539730 967
1539740 967
1539750 965
1539760 970
1539770 970
1539780 972
1539790 973
1539800 973
1539810 973
1539820 972
1539830 972
1539840 973
1539850 973
1539860 973
1539870 972
1539880 973
1539890 973
1539900 973
1539910 978
1539920 985
1539930 985
1539940 992
1539950 998
1539960 998
1539970 1001
1539980 1001
1539990 1001
