1520000 870
1520010 870
1520020 865
1520030 859
1520040 859
1520050 853
1520060 848
1520070 848
1520080 842
1520090 836
1520100 831
1520110 831
1520120 825
1520130 820
1520140 820
1520150 816
1520160 812
1520170 812
1520180 807
1520190 803
1520200 803
1520210 799
1520220 797
1520230 797
1520240 795
1520250 793
1520260 791
1520270 791
1520280 790
1520290 788
1520300 788
1520310 786
1520320 784
1520330 784
1520340 781
1520350 778
1520360 778
1520370 777
1520380 776
1520390 776
1520400 776
1520410 776
1520420 776
1520430 775
1520440 775
1520450 775
1520460 775
1520470 775
1520480 775
1520490 775
1520500 776
1520510 775
1520520 775
1520530 775
1520540 775
1520550 775
1520560 775
1520570 776
1520580 776
1520590 779
1520600 783
1520610 785
1520620 785
1520630 788
1520640 792
1520650 792
1520660 796
1520670 801
1520680 801
1520690 805
1520700 812
1520710 812
1520720 817
1520730 820
1520740 820
1520750 823
1520760 831
1520770 836
1520780 836
1520790 838
1520800 841
1520810 841
1520820 845
1520830 850
1520840 850
1520850 855
1520860 859
1520870 859
1520880 863
1520890 868
1520900 868
1520910 873
1520920 876
1520930 876
1520940 876
1520950 875
1520960 874
1520970 874
1520980 874
1520990 873
1521000 873
1521010 872
1521020 870
1521030 870
1521040 869
1521050 868
1521060 868
1521070 870
1521080 872
1521090 872
1521100 874
1521110 874
1521120 872
1521130 872
1521140 869
1521150 867
1521160 867
1521170 865
1521180 864
1521190 864
1521200 863
1521210 862
1521220 862
1521230 860
1521240 860
1521250 860
1521260 860
1521270 861
1521280 862
1521290 862
1521300 864
1521310 866
1521320 866
1521330 868
1521340 871
1521350 871
1521360 872
1521370 874
1521380 874
1521390 875
1521400 875
1521410 875
1521420 875
1521430 875
1521440 875
1521450 876
1521460 876
1521470 877
1521480 877
1521490 878
1521500 880
1521510 880
1521520 882
1521530 885
1521540 885
1521550 888
1521560 890
1521570 890
1521580 892
1521590 894
1521600 894
1521610 896
1521620 898
1521630 900
1521640 900
1521650 902
1521660 905
1521670 905
1521680 908
1521690 910
1521700 910
1521710 914
1521720 918
1521730 918
1521740 923
1521750 926
1521760 926
1521770 929
1521780 934
1521790 940
1521800 940
1521810 946
1521820 953
1521830 953
1521840 957
1521850 962
1521860 962
1521870 966
1521880 968
1521890 968
1521900 971
1521910 974
1521920 974
1521930 977
1521940 981
1521950 987
1521960 987
1521970 993
1521980 996
1521990 996
1522000 999
1522010 1001
1522020 1001
1522030 1006
1522040 1010
1522050 1010
1522060 1011
1522070 1011
1522080 1011
1522090 1012
1522100 1013
1522110 1013
1522120 1014
1522130 1015
1522140 1017
1522150 1017
1522160 1017
1522170 1016
1522180 1016
1522190 1017
1522200 1018
1522210 1018
1522220 1020
1522230 1022
1522240 1022
1522250 1025
1522260 1025
1522270 1025
1522280 1025
1522290 1027
1522300 1031
1522310 1031
1522320 1030
1522330 1031
1522340 1031
1522350 1031
1522360 1030
1522370 1030
1522380 1030
1522390 1030
1522400 1030
1522410 1031
1522420 1031
1522430 1031
1522440 1032
1522450 1033
1522460 1033
1522470 1033
1522480 1034
1522490 1037
1522500 1037
1522510 1038
1522520 1039
1522530 1039
1522540 1041
1522550 1043
1522560 1043
1522570 1045
1522580 1048
1522590 1048
1522600 1052
1522610 1055
1522620 1055
1522630 1058
1522640 1061
1522650 1062
1522660 1062
1522670 1064
1522680 1066
1522690 1066
1522700 1068
1522710 1069
1522720 1069
1522730 1070
1522740 1072
1522750 1072
1522760 1073
1522770 1074
1522780 1074
1522790 1076
1522800 1077
1522810 1078
1522820 1078
1522830 1079
1522840 1080
1522850 1080
1522860 1082
1522870 1083
1522880 1083
1522890 1084
1522900 1084
1522910 1084
1522920 1085
1522930 1086
1522940 1086
1522950 1086
1522960 1086
1522970 1086
1522980 1086
1522990 1087
1523000 1088
1523010 1088
1523020 1089
1523030 1090
1523040 1090
1523050 1090
1523060 1090
1523070 1090
1523080 1091
1523090 1092
1523100 1092
1523110 1092
1523120 1093
1523130 1093
1523140 1095
1523150 1097
1523160 1098
1523170 1098
1523180 1099
1523190 1100
1523200 1100
1523210 1101
1523220 1102
1523230 1102
1523240 1104
1523250 1105
1523260 1105
1523270 1107
1523280 1111
1523290 1111
1523300 1113
1523310 1115
1523320 1116
1523330 1116
1523340 1117
1523350 1119
1523360 1119
1523370 1120
1523380 1120
1523390 1120
1523400 1122
1523410 1123
1523420 1123
1523430 1126
1523440 1128
1523450 1128
1523460 1130
1523470 1132
1523480 1134
1523490 1134
1523500 1136
1523510 1137
1523520 1137
1523530 1139
1523540 1141
1523550 1141
1523560 1143
1523570 1145
1523580 1145
1523590 1146
1523600 1148
1523610 1148
1523620 1149
1523630 1151
1523640 1151
1523650 1152
1523660 1154
1523670 1155
1523680 1155
1523690 1156
1523700 1157
1523710 1157
1523720 1158
1523730 1157
1523740 1157
1523750 1156
1523760 1153
1523770 1153
1523780 1149
1523790 1146
1523800 1146
1523810 1143
1523820 1141
1523830 1140
1523840 1140
1523850 1140
1523860 1139
1523870 1139
1523880 1139
1523890 1139
1523900 1139
1523910 1141
1523920 1144
1523930 1144
1523940 1146
1523950 1148
1523960 1148
1523970 1152
1523980 1156
1523990 1161
1524000 1161
1524010 1165
1524020 1170
1524030 1170
1524040 1174
1524050 1172
1524060 1172
1524070 1170
1524080 1169
1524090 1169
1524100 1171
1524110 1175
1524120 1175
1524130 1179
1524140 1183
1524150 1183
1524160 1186
1524170 1190
1524180 1194
1524190 1194
1524200 1197
1524210 1198
1524220 1198
1524230 1194
1524240 1190
1524250 1190
1524260 1186
1524270 1182
1524280 1182
1524290 1178
1524300 1176
1524310 1176
1524320 1176
1524330 1180
1524340 1184
1524350 1184
1524360 1187
1524370 1191
1524380 1191
1524390 1194
1524400 1197
1524410 1197
1524420 1201
1524430 1204
1524440 1204
1524450 1208
1524460 1211
1524470 1211
1524480 1214
1524490 1216
1524500 1217
1524510 1217
1524520 1219
1524530 1220
1524540 1220
1524550 1221
1524560 1223
1524570 1223
1524580 1225
1524590 1227
1524600 1227
1524610 1229
1524620 1231
1524630 1231
1524640 1234
1524650 1235
1524660 1237
1524670 1237
1524680 1239
1524690 1240
1524700 1240
1524710 1241
1524720 1241
1524730 1241
1524740 1241
1524750 1241
1524760 1241
1524770 1241
1524780 1240
1524790 1240
1524800 1241
1524810 1240
1524820 1240
1524830 1240
1524840 1240
1524850 1240
1524860 1240
1524870 1240
1524880 1239
1524890 1239
1524900 1239
1524910 1238
1524920 1238
1524930 1238
1524940 1237
1524950 1237
1524960 1238
1524970 1238
1524980 1238
1524990 1238
1525000 1237
1525010 1237
1525020 1237
1525030 1237
1525040 1237
1525050 1237
1525060 1237
1525070 1236
1525080 1236
1525090 1237
1525100 1237
1525110 1237
1525120 1237
1525130 1237
1525140 1237
1525150 1235
1525160 1232
1525170 1232
1525180 1232
1525190 1235
1525200 1236
1525210 1236
1525220 1236
1525230 1235
1525240 1235
1525250 1234
1525260 1233
1525270 1233
1525280 1229
1525290 1225
1525300 1225
1525310 1225
1525320 1226
1525330 1226
1525340 1225
1525350 1222
1525360 1220
1525370 1220
1525380 1219
1525390 1220
1525400 1220
1525410 1217
1525420 1213
1525430 1213
1525440 1217
1525450 1221
1525460 1221
1525470 1217
1525480 1212
1525490 1212
1525500 1212
1525510 1215
1525520 1220
1525530 1220
1525540 1227
1525550 1232
1525560 1232
1525570 1234
1525580 1233
1525590 1233
1525600 1233
1525610 1233
1525620 1233
1525630 1233
1525640 1234
1525650 1234
1525660 1235
1525670 1237
1525680 1239
1525690 1239
1525700 1241
1525710 1243
1525720 1243
1525730 1245
1525740 1247
1525750 1247
1525760 1249
1525770 1251
1525780 1251
1525790 1253
1525800 1254
1525810 1254
1525820 1256
1525830 1257
1525840 1257
1525850 1258
1525860 1260
1525870 1261
1525880 1261
1525890 1263
1525900 1264
1525910 1264
1525920 1264
1525930 1264
1525940 1264
1525950 1263
1525960 1263
1525970 1263
1525980 1265
1525990 1267
1526000 1267
1526010 1269
1526020 1269
1526030 1268
1526040 1268
1526050 1269
1526060 1271
1526070 1271
1526080 1277
1526090 1283
1526100 1283
1526110 1289
1526120 1294
1526130 1294
1526140 1298
1526150 1303
1526160 1303
1526170 1307
1526180 1311
1526190 1315
1526200 1315
1526210 1319
1526220 1322
1526230 1322
1526240 1326
1526250 1329
1526260 1329
1526270 1334
1526280 1338
1526290 1338
1526300 1342
1526310 1346
1526320 1346
1526330 1349
1526340 1352
1526350 1352
1526360 1357
1526370 1362
1526380 1366
1526390 1366
1526400 1371
1526410 1377
1526420 1377
1526430 1381
1526440 1385
1526450 1385
1526460 1389
1526470 1392
1526480 1392
1526490 1396
1526500 1400
1526510 1400
1526520 1404
1526530 1407
1526540 1411
1526550 1411
1526560 1413
1526570 1415
1526580 1415
1526590 1418
1526600 1420
1526610 1420
1526620 1423
1526630 1425
1526640 1425
1526650 1428
1526660 1431
1526670 1431
1526680 1434
1526690 1437
1526700 1440
1526710 1440
1526720 1443
1526730 1446
1526740 1446
1526750 1449
1526760 1451
1526770 1451
1526780 1452
1526790 1453
1526800 1453
1526810 1456
1526820 1460
1526830 1460
1526840 1466
1526850 1471
1526860 1471
1526870 1475
1526880 1479
1526890 1484
1526900 1484
1526910 1486
1526920 1488
1526930 1488
1526940 1490
1526950 1492
1526960 1492
1526970 1496
1526980 1500
1526990 1500
1527000 1504
1527010 1507
1527020 1507
1527030 1510
1527040 1512
1527050 1517
1527060 1517
1527070 1522
1527080 1526
1527090 1526
1527100 1531
1527110 1536
1527120 1536
1527130 1541
1527140 1545
1527150 1545
1527160 1549
1527170 1551
1527180 1551
1527190 1552
1527200 1555
1527210 1557
1527220 1557
1527230 1561
1527240 1564
1527250 1564
1527260 1567
1527270 1570
1527280 1570
1527290 1574
1527300 1579
1527310 1579
1527320 1582
1527330 1584
1527340 1584
1527350 1586
1527360 1588
1527370 1590
1527380 1590
1527390 1593
1527400 1596
1527410 1596
1527420 1599
1527430 1603
1527440 1603
1527450 1607
1527460 1613
1527470 1613
1527480 1621
1527490 1627
1527500 1627
1527510 1631
1527520 1635
1527530 1635
1527540 1638
1527550 1640
1527560 1643
1527570 1643
1527580 1644
1527590 1648
1527600 1648
1527610 1651
1527620 1656
1527630 1656
1527640 1660
1527650 1664
1527660 1664
1527670 1668
1527680 1673
1527690 1673
1527700 1677
1527710 1681
1527720 1687
1527730 1687
1527740 1692
1527750 1694
1527760 1694
1527770 1699
1527780 1704
1527790 1704
1527800 1710
1527810 1716
1527820 1716
1527830 1722
1527840 1729
1527850 1729
1527860 1735
1527870 1743
1527880 1750
1527890 1750
1527900 1756
1527910 1761
1527920 1761
1527930 1767
1527940 1773
1527950 1773
1527960 1779
1527970 1784
1527980 1784
1527990 1788
1528000 1793
1528010 1793
1528020 1798
1528030 1802
1528040 1802
1528050 1807
1528060 1810
1528070 1815
1528080 1815
1528090 1818
1528100 1820
1528110 1820
1528120 1822
1528130 1823
1528140 1823
1528150 1824
1528160 1825
1528170 1825
1528180 1826
1528190 1827
1528200 1827
1528210 1827
1528220 1826
1528230 1825
1528240 1825
1528250 1824
1528260 1822
1528270 1822
1528280 1820
1528290 1819
1528300 1819
1528310 1816
1528320 1814
1528330 1814
1528340 1811
1528350 1807
1528360 1807
1528370 1804
1528380 1800
1528390 1796
1528400 1796
1528410 1792
1528420 1787
1528430 1787
1528440 1782
1528450 1777
1528460 1777
1528470 1771
1528480 1766
1528490 1766
1528500 1760
1528510 1755
1528520 1755
1528530 1749
1528540 1745
1528550 1745
1528560 1740
1528570 1736
1528580 1732
1528590 1732
1528600 1728
1528610 1724
1528620 1724
1528630 1720
1528640 1716
1528650 1716
1528660 1713
1528670 1710
1528680 1710
1528690 1708
1528700 1706
1528710 1706
1528720 1703
1528730 1701
1528740 1699
1528750 1699
1528760 1698
1528770 1696
1528780 1696
1528790 1692
1528800 1688
1528810 1688
1528820 1684
1528830 1681
1528840 1681
1528850 1679
1528860 1676
1528870 1676
1528880 1673
1528890 1670
1528900 1667
1528910 1667
1528920 1664
1528930 1660
1528940 1660
1528950 1658
1528960 1654
1528970 1654
1528980 1651
1528990 1649
1529000 1649
1529010 1646
1529020 1644
1529030 1644
1529040 1642
1529050 1639
1529060 1639
1529070 1637
1529080 1634
1529090 1631
1529100 1631
1529110 1628
1529120 1626
1529130 1626
1529140 1623
1529150 1621
1529160 1621
1529170 1619
1529180 1617
1529190 1617
1529200 1615
1529210 1612
1529220 1612
1529230 1610
1529240 1607
1529250 1605
1529260 1605
1529270 1602
1529280 1598
1529290 1598
1529300 1595
1529310 1592
1529320 1588
1529330 1585
1529340 1581
1529350 1581
1529360 1578
1529370 1574
1529380 1574
1529390 1571
1529400 1568
1529410 1564
1529420 1564
1529430 1561
1529440 1558
1529450 1558
1529460 1554
1529470 1551
1529480 1551
1529490 1547
1529500 1544
1529510 1544
1529520 1542
1529530 1542
1529540 1542
1529550 1542
1529560 1542
1529570 1543
1529580 1543
1529590 1543
1529600 1543
1529610 1543
1529620 1544
1529630 1545
1529640 1545
1529650 1545
1529660 1548
1529670 1548
1529680 1549
1529690 1548
1529700 1548
1529710 1545
1529720 1544
1529730 1544
1529740 1543
1529750 1541
1529760 1540
1529770 1540
1529780 1539
1529790 1538
1529800 1538
1529810 1536
1529820 1534
1529830 1534
1529840 1533
1529850 1532
1529860 1532
1529870 1531
1529880 1529
1529890 1529
1529900 1528
1529910 1527
1529920 1527
1529930 1527
1529940 1525
1529950 1521
1529960 1521
1529970 1518
1529980 1514
1529990 1514
1530000 1509
1530010 1505
1530020 1505
1530030 1501
1530040 1498
1530050 1498
1530060 1494
1530070 1491
1530080 1488
1530090 1488
1530100 1486
1530110 1485
1530120 1485
1530130 1483
1530140 1480
1530150 1480
1530160 1477
1530170 1478
1530180 1478
1530190 1482
1530200 1482
1530210 1482
1530220 1482
1530230 1480
1530240 1480
1530250 1479
1530260 1477
1530270 1476
1530280 1476
1530290 1474
1530300 1471
1530310 1471
1530320 1469
1530330 1468
1530340 1468
1530350 1467
1530360 1466
1530370 1466
1530380 1465
1530390 1464
1530400 1464
1530410 1462
1530420 1460
1530430 1459
1530440 1459
1530450 1457
1530460 1454
1530470 1454
1530480 1451
1530490 1448
1530500 1448
1530510 1445
1530520 1442
1530530 1442
1530540 1439
1530550 1436
1530560 1436
1530570 1433
1530580 1432
1530590 1430
1530600 1430
1530610 1429
1530620 1429
1530630 1429
1530640 1428
1530650 1426
1530660 1426
1530670 1423
1530680 1419
1530690 1419
1530700 1416
1530710 1413
1530720 1413
1530730 1410
1530740 1406
1530750 1406
1530760 1402
1530770 1397
1530780 1395
1530790 1395
1530800 1391
1530810 1388
1530820 1388
1530830 1384
1530840 1380
1530850 1380
1530860 1373
1530870 1366
1530880 1366
1530890 1359
1530900 1352
1530910 1352
1530920 1347
1530930 1341
1530940 1337
1530950 1337
1530960 1332
1530970 1326
1530980 1326
1530990 1321
1531000 1319
1531010 1319
1531020 1317
1531030 1315
1531040 1315
1531050 1312
1531060 1309
1531070 1309
1531080 1305
1531090 1300
1531100 1296
1531110 1296
1531120 1292
1531130 1289
1531140 1289
1531150 1284
1531160 1279
1531170 1279
1531180 1274
1531190 1268
1531200 1268
1531210 1264
1531220 1259
1531230 1259
1531240 1253
1531250 1248
1531260 1248
1531270 1242
1531280 1235
1531290 1229
1531300 1229
1531310 1222
1531320 1217
1531330 1217
1531340 1212
1531350 1208
1531360 1208
1531370 1204
1531380 1200
1531390 1200
1531400 1196
1531410 1192
1531420 1192
1531430 1187
1531440 1182
1531450 1177
1531460 1177
1531470 1173
1531480 1170
1531490 1170
1531500 1167
1531510 1165
1531520 1165
1531530 1162
1531540 1158
1531550 1158
1531560 1153
1531570 1148
1531580 1148
1531590 1144
1531600 1141
1531610 1139
1531620 1139
1531630 1136
1531640 1133
1531650 1133
1531660 1128
1531670 1124
1531680 1124
1531690 1121
1531700 1112
1531710 1112
1531720 1105
1531730 1100
1531740 1100
1531750 1096
1531760 1092
1531770 1086
1531780 1086
1531790 1081
1531800 1077
1531810 1077
1531820 1072
1531830 1069
1531840 1069
1531850 1066
1531860 1061
1531870 1061
1531880 1049
1531890 1040
1531900 1040
1531910 1032
1531920 1024
1531930 1024
1531940 1018
1531950 1010
1531960 1001
1531970 1001
1531980 994
1531990 986
1532000 986
1532010 979
1532020 973
1532030 973
1532040 967
1532050 961
1532060 961
1532070 954
1532080 948
1532090 948
1532100 941
1532110 935
1532120 928
1532130 928
1532140 922
1532150 918
1532160 918
1532170 912
1532180 907
1532190 907
1532200 903
1532210 899
1532220 899
1532230 894
1532240 887
1532250 887
1532260 882
1532270 877
1532280 875
1532290 875
1532300 873
1532310 869
1532320 869
1532330 862
1532340 858
1532350 858
1532360 854
1532370 851
1532380 851
1532390 847
1532400 844
1532410 844
1532420 840
1532430 836
1532440 836
1532450 832
1532460 829
1532470 825
1532480 825
1532490 820
1532500 816
1532510 816
1532520 813
1532530 810
1532540 810
1532550 802
1532560 792
1532570 792
1532580 783
1532590 774
1532600 774
1532610 765
1532620 757
1532630 752
1532640 752
1532650 748
1532660 748
1532670 748
1532680 748
1532690 748
1532700 748
1532710 748
1532720 748
1532730 748
1532740 748
1532750 748
1532760 748
1532770 748
1532780 748
1532790 748
1532800 748
1532810 748
1532820 748
1532830 748
1532840 748
1532850 748
1532860 748
1532870 748
1532880 748
1532890 748
1532900 748
1532910 748
1532920 748
1532930 748
1532940 748
1532950 748
1532960 748
1532970 748
1532980 748
1532990 748
1533000 748
1533010 748
1533020 748
1533030 748
1533040 748
1533050 748
1533060 748
1533070 748
1533080 748
1533090 749
1533100 750
1533110 750
1533120 751
1533130 751
1533140 752
1533150 752
1533160 753
1533170 754
1533180 754
1533190 756
1533200 756
1533210 756
1533220 757
1533230 764
1533240 764
1533250 771
1533260 775
1533270 775
1533280 782
1533290 789
1533300 795
1533310 795
1533320 801
1533330 808
1533340 808
1533350 813
1533360 820
1533370 820
1533380 827
1533390 833
1533400 833
1533410 840
1533420 847
1533430 847
1533440 854
1533450 861
1533460 861
1533470 867
1533480 874
1533490 881
1533500 881
1533510 887
1533520 894
1533530 894
1533540 899
1533550 905
1533560 905
1533570 909
1533580 913
1533590 913
1533600 916
1533610 922
1533620 922
1533630 928
1533640 934
1533650 937
1533660 937
1533670 938
1533680 940
1533690 940
1533700 942
1533710 946
1533720 946
1533730 951
1533740 956
1533750 956
1533760 962
1533770 966
1533780 966
1533790 972
1533800 978
1533810 984
1533820 984
1533830 991
1533840 997
1533850 997
1533860 1002
1533870 1006
1533880 1006
1533890 1011
1533900 1015
1533910 1015
1533920 1019
1533930 1024
1533940 1024
1533950 1029
1533960 1033
1533970 1033
1533980 1036
1533990 1039
1534000 1044
1534010 1044
1534020 1047
1534030 1049
1534040 1049
1534050 1052
1534060 1054
1534070 1054
1534080 1055
1534090 1056
1534100 1056
1534110 1058
1534120 1059
1534130 1059
1534140 1062
1534150 1062
1534160 1061
1534170 1061
1534180 1059
1534190 1057
1534200 1057
1534210 1055
1534220 1054
1534230 1054
1534240 1052
1534250 1050
1534260 1050
1534270 1048
1534280 1047
1534290 1047
1534300 1046
1534310 1046
1534320 1045
1534330 1045
1534340 1046
1534350 1047
1534360 1047
1534370 1048
1534380 1049
1534390 1049
1534400 1051
1534410 1052
1534420 1052
1534430 1053
1534440 1054
1534450 1054
1534460 1055
1534470 1056
1534480 1057
1534490 1057
1534500 1058
1534510 1058
1534520 1058
1534530 1058
1534540 1057
1534550 1057
1534560 1056
1534570 1055
1534580 1055
1534590 1053
1534600 1051
1534610 1051
1534620 1050
1534630 1052
1534640 1052
1534650 1051
1534660 1047
1534670 1042
1534680 1042
1534690 1039
1534700 1032
1534710 1032
1534720 1023
1534730 1014
1534740 1014
1534750 1009
1534760 1004
1534770 1004
1534780 1001
1534790 997
1534800 997
1534810 992
1534820 986
1534830 979
1534840 979
1534850 975
1534860 972
1534870 972
1534880 968
1534890 972
1534900 972
1534910 977
1534920 984
1534930 984
1534940 990
1534950 997
1534960 997
1534970 1002
1534980 1005
1534990 1009
1535000 1009
1535010 1015
1535020 1021
1535030 1021
1535040 1027
1535050 1033
1535060 1033
1535070 1039
1535080 1046
1535090 1046
1535100 1053
1535110 1054
1535120 1054
1535130 1054
1535140 1054
1535150 1054
1535160 1052
1535170 1051
1535180 1051
1535190 1051
1535200 1053
1535210 1055
1535220 1055
1535230 1057
1535240 1059
1535250 1059
1535260 1060
1535270 1061
1535280 1061
1535290 1062
1535300 1064
1535310 1064
1535320 1066
1535330 1068
1535340 1069
1535350 1069
1535360 1070
1535370 1071
1535380 1071
1535390 1073
1535400 1074
1535410 1074
1535420 1075
1535430 1077
1535440 1077
1535450 1078
1535460 1080
1535470 1080
1535480 1081
1535490 1083
1535500 1085
1535510 1085
1535520 1087
1535530 1089
1535540 1089
1535550 1090
1535560 1092
1535570 1092
1535580 1094
1535590 1095
1535600 1095
1535610 1096
1535620 1095
1535630 1095
1535640 1095
1535650 1095
1535660 1095
1535670 1095
1535680 1095
1535690 1096
1535700 1096
1535710 1095
1535720 1095
1535730 1095
1535740 1095
1535750 1095
1535760 1095
1535770 1095
1535780 1096
1535790 1096
1535800 1096
1535810 1095
1535820 1095
1535830 1093
1535840 1092
1535850 1093
1535860 1093
1535870 1093
1535880 1094
1535890 1094
1535900 1094
1535910 1092
1535920 1092
1535930 1090
1535940 1091
1535950 1091
1535960 1092
1535970 1093
1535980 1093
1535990 1091
1536000 1089
1536010 1086
1536020 1086
1536030 1079
1536040 1074
1536050 1074
1536060 1067
1536070 1063
1536080 1063
1536090 1068
1536100 1075
1536110 1075
1536120 1081
1536130 1086
1536140 1086
1536150 1091
1536160 1094
1536170 1094
1536180 1096
1536190 1099
1536200 1102
1536210 1102
1536220 1104
1536230 1105
1536240 1105
1536250 1106
1536260 1107
1536270 1107
1536280 1107
1536290 1107
1536300 1107
1536310 1107
1536320 1107
1536330 1107
1536340 1106
1536350 1108
1536360 1109
1536370 1109
1536380 1109
1536390 1110
1536400 1110
1536410 1110
1536420 1110
1536430 1110
1536440 1111
1536450 1111
1536460 1111
1536470 1110
1536480 1111
1536490 1111
1536500 1113
1536510 1116
1536520 1118
1536530 1118
1536540 1120
1536550 1120
1536560 1120
1536570 1119
1536580 1119
1536590 1119
1536600 1118
1536610 1117
1536620 1117
1536630 1117
1536640 1116
1536650 1116
1536660 1116
1536670 1115
1536680 1114
1536690 1114
1536700 1111
1536710 1112
1536720 1112
1536730 1113
1536740 1113
1536750 1113
1536760 1112
1536770 1117
1536780 1117
1536790 1120
1536800 1122
1536810 1122
1536820 1124
1536830 1126
1536840 1126
1536850 1129
1536860 1131
1536870 1133
1536880 1133
1536890 1134
1536900 1136
1536910 1136
1536920 1137
1536930 1138
1536940 1138
1536950 1138
1536960 1139
1536970 1139
1536980 1139
1536990 1139
1537000 1139
1537010 1139
1537020 1139
1537030 1139
1537040 1139
1537050 1138
1537060 1139
1537070 1139
1537080 1137
1537090 1142
1537100 1142
1537110 1141
1537120 1139
1537130 1139
1537140 1138
1537150 1137
1537160 1137
1537170 1136
1537180 1135
1537190 1133
1537200 1133
1537210 1132
1537220 1129
1537230 1129
1537240 1127
1537250 1125
1537260 1125
1537270 1123
1537280 1122
1537290 1122
1537300 1121
1537310 1118
1537320 1118
1537330 1117
1537340 1116
1537350 1116
1537360 1115
1537370 1114
1537380 1114
1537390 1114
1537400 1113
1537410 1111
1537420 1111
1537430 1110
1537440 1110
1537450 1110
1537460 1109
1537470 1108
1537480 1108
1537490 1107
1537500 1105
1537510 1105
1537520 1104
1537530 1101
1537540 1099
1537550 1099
1537560 1097
1537570 1096
1537580 1096
1537590 1094
1537600 1092
1537610 1092
1537620 1090
1537630 1088
1537640 1088
1537650 1087
1537660 1086
1537670 1086
1537680 1086
1537690 1084
1537700 1081
1537710 1081
1537720 1075
1537730 1071
1537740 1071
1537750 1071
1537760 1068
1537770 1068
1537780 1063
1537790 1061
1537800 1061
1537810 1060
1537820 1059
1537830 1059
1537840 1055
1537850 1049
1537860 1049
1537870 1042
1537880 1038
1537890 1035
1537900 1035
1537910 1033
1537920 1030
1537930 1030
1537940 1031
1537950 1031
1537960 1031
1537970 1030
1537980 1029
1537990 1029
1538000 1027
1538010 1026
1538020 1026
1538030 1030
1538040 1036
1538050 1042
1538060 1042
1538070 1048
1538080 1056
1538090 1056
1538100 1062
1538110 1068
1538120 1068
1538130 1076
1538140 1085
1538150 1085
1538160 1093
1538170 1098
1538180 1098
1538190 1104
1538200 1109
1538210 1114
1538220 1114
1538230 1119
1538240 1123
1538250 1123
1538260 1126
1538270 1129
1538280 1129
1538290 1132
1538300 1135
1538310 1135
1538320 1138
1538330 1140
1538340 1140
1538350 1143
1538360 1146
1538370 1146
1538380 1150
1538390 1155
1538400 1159
1538410 1159
1538420 1163
1538430 1166
1538440 1166
1538450 1170
1538460 1175
1538470 1175
1538480 1179
1538490 1182
1538500 1182
1538510 1186
1538520 1192
1538530 1192
1538540 1196
1538550 1201
1538560 1204
1538570 1204
1538580 1207
1538590 1210
1538600 1210
1538610 1214
1538620 1219
1538630 1219
1538640 1226
1538650 1230
1538660 1230
1538670 1234
1538680 1239
1538690 1239
1538700 1244
1538710 1250
1538720 1257
1538730 1257
1538740 1263
1538750 1268
1538760 1268
1538770 1271
1538780 1273
1538790 1273
1538800 1274
1538810 1275
1538820 1275
1538830 1277
1538840 1279
1538850 1279
1538860 1281
1538870 1279
1538880 1279
1538890 1279
1538900 1277
1538910 1275
1538920 1275
1538930 1273
1538940 1270
1538950 1270
1538960 1270
1538970 1269
1538980 1269
1538990 1269
1539000 1269
1539010 1269
1539020 1269
1539030 1269
1539040 1269
1539050 1268
1539060 1264
1539070 1264
1539080 1264
1539090 1265
1539100 1266
1539110 1266
1539120 1267
1539130 1268
1539140 1268
1539150 1268
1539160 1269
1539170 1269
1539180 1269
1539190 1270
1539200 1270
1539210 1271
1539220 1271
1539230 1271
1539240 1271
1539250 1271
1539260 1270
1539270 1270
1539280 1269
1539290 1268
1539300 1268
1539310 1268
1539320 1268
1539330 1268
1539340 1267
1539350 1266
1539360 1266
1539370 1263
1539380 1263
1539390 1264
1539400 1264
1539410 1265
1539420 1265
1539430 1265
1539440 1269
1539450 1268
1539460 1268
1539470 1267
1539480 1265
1539490 1265
1539500 1264
1539510 1264
1539520 1264
1539530 1264
1539540 1264
1539550 1264
1539560 1263
1539570 1261
1539580 1259
1539590 1259
1539600 1257
1539610 1254
1539620 1254
1539630 1252
1539640 1250
1539650 1250
1539660 1247
1539670 1245
1539680 1245
1539690 1245
1539700 1244
1539710 1244
1539720 1242
1539730 1241
1539740 1240
1539750 1240
1539760 1238
1539770 1236
1539780 1236
1539790 1234
1539800 1231
1539810 1231
1539820 1230
1539830 1229
1539840 1229
1539850 1227
1539860 1226
1539870 1226
1539880 1225
1539890 1222
1539900 1220
1539910 1220
1539920 1219
1539930 1217
1539940 1217
1539950 1214
1539960 1213
1539970 1213
1539980 1212
1539990 1211
