1520000 827
1520010 829
1520020 829
1520030 830
1520040 831
1520050 835
1520060 835
1520070 838
1520080 841
1520090 841
1520100 843
1520110 846
1520120 846
1520130 849
1520140 853
1520150 853
1520160 858
1520170 863
1520180 863
1520190 867
1520200 871
1520210 871
1520220 875
1520230 878
1520240 878
1520250 878
1520260 876
1520270 873
1520280 873
1520290 872
1520300 871
1520310 871
1520320 872
1520330 874
1520340 874
1520350 877
1520360 879
1520370 879
1520380 881
1520390 884
1520400 887
1520410 887
1520420 889
1520430 892
1520440 892
1520450 895
1520460 899
1520470 899
1520480 904
1520490 908
1520500 908
1520510 911
1520520 915
1520530 915
1520540 918
1520550 923
1520560 923
1520570 927
1520580 931
1520590 935
1520600 935
1520610 940
1520620 945
1520630 945
1520640 948
1520650 951
1520660 951
1520670 955
1520680 959
1520690 959
1520700 963
1520710 967
1520720 967
1520730 971
1520740 975
1520750 980
1520760 980
1520770 984
1520780 987
1520790 987
1520800 990
1520810 993
1520820 993
1520830 996
1520840 999
1520850 999
1520860 1002
1520870 1003
1520880 1003
1520890 1005
1520900 1007
1520910 1008
1520920 1008
1520930 1008
1520940 1008
1520950 1008
1520960 1008
1520970 1009
1520980 1009
1520990 1010
1521000 1012
1521010 1012
1521020 1014
1521030 1015
1521040 1015
1521050 1017
1521060 1018
1521070 1018
1521080 1020
1521090 1022
1521100 1024
1521110 1024
1521120 1027
1521130 1031
1521140 1031
1521150 1034
1521160 1038
1521170 1038
1521180 1039
1521190 1040
1521200 1040
1521210 1042
1521220 1045
1521230 1045
1521240 1047
1521250 1049
1521260 1051
1521270 1051
1521280 1054
1521290 1057
1521300 1057
1521310 1059
1521320 1061
1521330 1061
1521340 1061
1521350 1060
1521360 1060
1521370 1059
1521380 1059
1521390 1059
1521400 1059
1521410 1060
1521420 1060
1521430 1060
1521440 1060
1521450 1060
1521460 1060
1521470 1061
1521480 1061
1521490 1061
1521500 1060
1521510 1060
1521520 1060
1521530 1060
1521540 1060
1521550 1060
1521560 1061
1521570 1062
1521580 1062
1521590 1062
1521600 1064
1521610 1065
1521620 1065
1521630 1065
1521640 1064
1521650 1064
1521660 1064
1521670 1065
1521680 1065
1521690 1066
1521700 1068
1521710 1068
1521720 1069
1521730 1070
1521740 1070
1521750 1071
1521760 1072
1521770 1074
1521780 1074
1521790 1076
1521800 1078
1521810 1078
1521820 1078
1521830 1078
1521840 1078
1521850 1079
1521860 1080
1521870 1080
1521880 1081
1521890 1083
1521900 1083
1521910 1084
1521920 1085
1521930 1087
1521940 1087
1521950 1089
1521960 1091
1521970 1091
1521980 1093
1521990 1096
1522000 1096
1522010 1099
1522020 1101
1522030 1101
1522040 1103
1522050 1104
1522060 1104
1522070 1106
1522080 1108
1522090 1108
1522100 1110
1522110 1111
1522120 1113
1522130 1113
1522140 1115
1522150 1118
1522160 1118
1522170 1120
1522180 1121
1522190 1121
1522200 1123
1522210 1125
1522220 1125
1522230 1127
1522240 1130
1522250 1130
1522260 1132
1522270 1133
1522280 1135
1522290 1135
1522300 1136
1522310 1138
1522320 1138
1522330 1140
1522340 1143
1522350 1143
1522360 1144
1522370 1146
1522380 1146
1522390 1149
1522400 1151
1522410 1151
1522420 1154
1522430 1156
1522440 1159
1522450 1159
1522460 1161
1522470 1164
1522480 1164
1522490 1166
1522500 1168
1522510 1168
1522520 1171
1522530 1174
1522540 1174
1522550 1176
1522560 1178
1522570 1178
1522580 1180
1522590 1182
1522600 1182
1522610 1184
1522620 1186
1522630 1188
1522640 1188
1522650 1191
1522660 1193
1522670 1193
1522680 1194
1522690 1196
1522700 1196
1522710 1197
1522720 1198
1522730 1198
1522740 1198
1522750 1200
1522760 1200
1522770 1203
1522780 1204
1522790 1206
1522800 1206
1522810 1206
1522820 1208
1522830 1208
1522840 1211
1522850 1214
1522860 1214
1522870 1215
1522880 1218
1522890 1218
1522900 1221
1522910 1224
1522920 1224
1522930 1227
1522940 1230
1522950 1230
1522960 1232
1522970 1236
1522980 1240
1522990 1240
1523000 1243
1523010 1245
1523020 1245
1523030 1248
1523040 1251
1523050 1251
1523060 1253
1523070 1254
1523080 1254
1523090 1255
1523100 1257
1523110 1257
1523120 1259
1523130 1262
1523140 1264
1523150 1264
1523160 1266
1523170 1268
1523180 1268
1523190 1271
1523200 1274
1523210 1274
1523220 1276
1523230 1279
1523240 1279
1523250 1281
1523260 1283
1523270 1283
1523280 1285
1523290 1288
1523300 1290
1523310 1290
1523320 1292
1523330 1294
1523340 1294
1523350 1297
1523360 1300
1523370 1300
1523380 1303
1523390 1304
1523400 1304
1523410 1306
1523420 1308
1523430 1308
1523440 1310
1523450 1311
1523460 1311
1523470 1313
1523480 1313
1523490 1313
1523500 1313
1523510 1315
1523520 1317
1523530 1317
1523540 1318
1523550 1319
1523560 1319
1523570 1321
1523580 1322
1523590 1322
1523600 1323
1523610 1324
1523620 1324
1523630 1326
1523640 1328
1523650 1329
1523660 1329
1523670 1331
1523680 1333
1523690 1333
1523700 1335
1523710 1338
1523720 1338
1523730 1341
1523740 1345
1523750 1345
1523760 1348
1523770 1351
1523780 1351
1523790 1354
1523800 1356
1523810 1359
1523820 1359
1523830 1361
1523840 1362
1523850 1362
1523860 1363
1523870 1364
1523880 1364
1523890 1366
1523900 1369
1523910 1369
1523920 1374
1523930 1380
1523940 1380
1523950 1385
1523960 1390
1523970 1390
1523980 1393
1523990 1396
1524000 1399
1524010 1399
1524020 1403
1524030 1409
1524040 1409
1524050 1413
1524060 1417
1524070 1417
1524080 1421
1524090 1426
1524100 1426
1524110 1430
1524120 1434
1524130 1434
1524140 1438
1524150 1442
1524160 1446
1524170 1446
1524180 1451
1524190 1455
1524200 1455
1524210 1458
1524220 1462
1524230 1462
1524240 1466
1524250 1471
1524260 1471
1524270 1476
1524280 1480
1524290 1480
1524300 1484
1524310 1488
1524320 1492
1524330 1492
1524340 1495
1524350 1499
1524360 1499
1524370 1502
1524380 1506
1524390 1506
1524400 1511
1524410 1516
1524420 1516
1524430 1521
1524440 1525
1524450 1525
1524460 1529
1524470 1534
1524480 1534
1524490 1539
1524500 1543
1524510 1548
1524520 1548
1524530 1553
1524540 1557
1524550 1557
1524560 1561
1524570 1566
1524580 1566
1524590 1571
1524600 1577
1524610 1577
1524620 1582
1524630 1588
1524640 1588
1524650 1593
1524660 1597
1524670 1602
1524680 1602
1524690 1605
1524700 1608
1524710 1608
1524720 1611
1524730 1616
1524740 1616
1524750 1621
1524760 1627
1524770 1627
1524780 1632
1524790 1638
1524800 1638
1524810 1644
1524820 1651
1524830 1657
1524840 1657
1524850 1663
1524860 1669
1524870 1669
1524880 1676
1524890 1682
1524900 1682
1524910 1684
1524920 1689
1524930 1689
1524940 1695
1524950 1699
1524960 1699
1524970 1705
1524980 1711
1524990 1711
1525000 1717
1525010 1724
1525020 1731
1525030 1731
1525040 1736
1525050 1741
1525060 1741
1525070 1747
1525080 1751
1525090 1751
1525100 1756
1525110 1761
1525120 1761
1525130 1766
1525140 1770
1525150 1770
1525160 1775
1525170 1779
1525180 1784
1525190 1784
1525200 1788
1525210 1792
1525220 1792
1525230 1795
1525240 1798
1525250 1798
1525260 1802
1525270 1805
1525280 1805
1525290 1808
1525300 1811
1525310 1811
1525320 1814
1525330 1816
1525340 1816
1525350 1822
1525360 1825
1525370 1829
1525380 1829
1525390 1832
1525400 1835
1525410 1835
1525420 1836
1525430 1838
1525440 1838
1525450 1839
1525460 1840
1525470 1840
1525480 1840
1525490 1840
1525500 1840
1525510 1840
1525520 1840
1525530 1841
1525540 1841
1525550 1843
1525560 1845
1525570 1845
1525580 1846
1525590 1847
1525600 1847
1525610 1848
1525620 1849
1525630 1849
1525640 1850
1525650 1851
1525660 1851
1525670 1851
1525680 1852
1525690 1853
1525700 1853
1525710 1855
1525720 1856
1525730 1856
1525740 1858
1525750 1860
1525760 1860
1525770 1862
1525780 1863
1525790 1863
1525800 1864
1525810 1865
1525820 1865
1525830 1866
1525840 1867
1525850 1867
1525860 1867
1525870 1868
1525880 1868
1525890 1868
1525900 1868
1525910 1869
1525920 1869
1525930 1869
1525940 1870
1525950 1870
1525960 1870
1525970 1871
1525980 1871
1525990 1872
1526000 1873
1526010 1873
1526020 1875
1526030 1877
1526040 1879
1526050 1879
1526060 1882
1526070 1887
1526080 1887
1526090 1891
1526100 1895
1526110 1895
1526120 1898
1526130 1902
1526140 1902
1526150 1904
1526160 1906
1526170 1906
1526180 1909
1526190 1911
1526200 1912
1526210 1912
1526220 1914
1526230 1916
1526240 1916
1526250 1918
1526260 1919
1526270 1919
1526280 1921
1526290 1924
1526300 1924
1526310 1926
1526320 1928
1526330 1928
1526340 1931
1526350 1934
1526360 1934
1526370 1937
1526380 1940
1526390 1943
1526400 1943
1526410 1946
1526420 1949
1526430 1949
1526440 1952
1526450 1954
1526460 1954
1526470 1957
1526480 1960
1526490 1960
1526500 1962
1526510 1964
1526520 1964
1526530 1967
1526540 1969
1526550 1971
1526560 1971
1526570 1972
1526580 1973
1526590 1973
1526600 1975
1526610 1978
1526620 1978
1526630 1980
1526640 1984
1526650 1984
1526660 1988
1526670 1990
1526680 1990
1526690 1991
1526700 1992
1526710 1993
1526720 1993
1526730 1993
1526740 1993
1526750 1993
1526760 1993
1526770 1993
1526780 1993
1526790 1993
1526800 1993
1526810 1993
1526820 1994
1526830 1995
1526840 1995
1526850 1995
1526860 1996
1526870 1996
1526880 1996
1526890 1996
1526900 1996
1526910 1996
1526920 1996
1526930 1996
1526940 1996
1526950 1997
1526960 1997
1526970 1997
1526980 1997
1526990 1998
1527000 1998
1527010 1998
1527020 1999
1527030 1999
1527040 1999
1527050 1999
1527060 2000
1527070 2000
1527080 2001
1527090 2001
1527100 2001
1527110 2001
1527120 2001
1527130 2001
1527140 2000
1527150 1999
1527160 1999
1527170 1998
1527180 1997
1527190 1997
1527200 1995
1527210 1992
1527220 1992
1527230 1989
1527240 1985
1527250 1980
1527260 1980
1527270 1977
1527280 1968
1527290 1968
1527300 1960
1527310 1954
1527320 1954
1527330 1945
1527340 1935
1527350 1935
1527360 1926
1527370 1920
1527380 1920
1527390 1913
1527400 1906
1527410 1897
1527420 1897
1527430 1892
1527440 1887
1527450 1887
1527460 1881
1527470 1876
1527480 1876
1527490 1877
1527500 1878
1527510 1878
1527520 1878
1527530 1879
1527540 1879
1527550 1880
1527560 1881
1527570 1882
1527580 1882
1527590 1883
1527600 1883
1527610 1883
1527620 1884
1527630 1885
1527640 1885
1527650 1885
1527660 1887
1527670 1887
1527680 1888
1527690 1889
1527700 1889
1527710 1890
1527720 1891
1527730 1891
1527740 1892
1527750 1892
1527760 1892
1527770 1892
1527780 1892
1527790 1892
1527800 1892
1527810 1891
1527820 1891
1527830 1891
1527840 1890
1527850 1889
1527860 1889
1527870 1887
1527880 1882
1527890 1882
1527900 1875
1527910 1866
1527920 1857
1527930 1857
1527940 1847
1527950 1837
1527960 1837
1527970 1832
1527980 1828
1527990 1828
1528000 1822
1528010 1817
1528020 1817
1528030 1816
1528040 1815
1528050 1815
1528060 1812
1528070 1807
1528080 1802
1528090 1802
1528100 1799
1528110 1797
1528120 1797
1528130 1795
1528140 1794
1528150 1794
1528160 1794
1528170 1792
1528180 1792
1528190 1791
1528200 1790
1528210 1790
1528220 1789
1528230 1787
1528240 1787
1528250 1783
1528260 1781
1528270 1780
1528280 1780
1528290 1779
1528300 1778
1528310 1778
1528320 1778
1528330 1777
1528340 1771
1528350 1770
1528360 1770
1528370 1770
1528380 1770
1528390 1769
1528400 1769
1528410 1768
1528420 1768
1528430 1768
1528440 1768
1528450 1767
1528460 1765
1528470 1765
1528480 1764
1528490 1764
1528500 1764
1528510 1764
1528520 1765
1528530 1765
1528540 1767
1528550 1770
1528560 1770
1528570 1772
1528580 1774
1528590 1776
1528600 1776
1528610 1778
1528620 1780
1528630 1780
1528640 1783
1528650 1785
1528660 1785
1528670 1786
1528680 1785
1528690 1785
1528700 1780
1528710 1771
1528720 1771
1528730 1764
1528740 1756
1528750 1756
1528760 1747
1528770 1740
1528780 1736
1528790 1736
1528800 1732
1528810 1728
1528820 1728
1528830 1725
1528840 1720
1528850 1720
1528860 1714
1528870 1708
1528880 1708
1528890 1706
1528900 1702
1528910 1702
1528920 1695
1528930 1688
1528940 1679
1528950 1679
1528960 1672
1528970 1664
1528980 1664
1528990 1659
1529000 1655
1529010 1655
1529020 1652
1529030 1648
1529040 1648
1529050 1643
1529060 1637
1529070 1637
1529080 1632
1529090 1628
1529100 1622
1529110 1622
1529120 1616
1529130 1611
1529140 1611
1529150 1606
1529160 1603
1529170 1603
1529180 1599
1529190 1595
1529200 1595
1529210 1591
1529220 1587
1529230 1587
1529240 1583
1529250 1579
1529260 1579
1529270 1575
1529280 1570
1529290 1567
1529300 1567
1529310 1563
1529320 1561
1529330 1561
1529340 1558
1529350 1554
1529360 1554
1529370 1550
1529380 1547
1529390 1547
1529400 1543
1529410 1540
1529420 1540
1529430 1538
1529440 1536
1529450 1532
1529460 1532
1529470 1528
1529480 1522
1529490 1522
1529500 1516
1529510 1511
1529520 1511
1529530 1507
1529540 1503
1529550 1503
1529560 1499
1529570 1494
1529580 1494
1529590 1489
1529600 1482
1529610 1482
1529620 1475
1529630 1469
1529640 1465
1529650 1465
1529660 1461
1529670 1455
1529680 1455
1529690 1448
1529700 1441
1529710 1441
1529720 1436
1529730 1431
1529740 1431
1529750 1426
1529760 1422
1529770 1422
1529780 1419
1529790 1415
1529800 1412
1529810 1412
1529820 1409
1529830 1406
1529840 1406
1529850 1401
1529860 1399
1529870 1399
1529880 1393
1529890 1388
1529900 1388
1529910 1382
1529920 1377
1529930 1377
1529940 1370
1529950 1365
1529960 1359
1529970 1359
1529980 1352
1529990 1345
1530000 1345
1530010 1339
1530020 1332
1530030 1332
1530040 1326
1530050 1319
1530060 1319
1530070 1312
1530080 1304
1530090 1304
1530100 1298
1530110 1291
1530120 1291
1530130 1283
1530140 1276
1530150 1270
1530160 1270
1530170 1264
1530180 1257
1530190 1257
1530200 1249
1530210 1242
1530220 1242
1530230 1234
1530240 1227
1530250 1227
1530260 1221
1530270 1214
1530280 1214
1530290 1208
1530300 1201
1530310 1194
1530320 1194
1530330 1187
1530340 1180
1530350 1180
1530360 1172
1530370 1163
1530380 1163
1530390 1155
1530400 1150
1530410 1150
1530420 1149
1530430 1145
1530440 1145
1530450 1141
1530460 1143
1530470 1143
1530480 1143
1530490 1137
1530500 1131
1530510 1131
1530520 1126
1530530 1120
1530540 1120
1530550 1115
1530560 1110
1530570 1110
1530580 1104
1530590 1099
1530600 1099
1530610 1089
1530620 1081
1530630 1081
1530640 1074
1530650 1071
1530660 1071
1530670 1071
1530680 1067
1530690 1066
1530700 1066
1530710 1064
1530720 1059
1530730 1059
1530740 1054
1530750 1049
1530760 1049
1530770 1043
1530780 1036
1530790 1036
1530800 1031
1530810 1026
1530820 1022
1530830 1022
1530840 1017
1530850 1013
1530860 1013
1530870 1011
1530880 1013
1530890 1013
1530900 1012
1530910 1008
1530920 1008
1530930 1003
1530940 997
1530950 997
1530960 992
1530970 989
1530980 987
1530990 987
1531000 983
1531010 979
1531020 979
1531030 975
1531040 968
1531050 968
1531060 961
1531070 956
1531080 956
1531090 954
1531100 951
1531110 951
1531120 947
1531130 940
1531140 940
1531150 937
1531160 936
1531170 935
1531180 935
1531190 931
1531200 926
1531210 926
1531220 922
1531230 917
1531240 917
1531250 914
1531260 911
1531270 911
1531280 910
1531290 907
1531300 907
1531310 906
1531320 904
1531330 902
1531340 902
1531350 898
1531360 894
1531370 894
1531380 891
1531390 885
1531400 885
1531410 879
1531420 872
1531430 872
1531440 867
1531450 863
1531460 863
1531470 860
1531480 857
1531490 858
1531500 858
1531510 862
1531520 864
1531530 864
1531540 864
1531550 865
1531560 865
1531570 865
1531580 864
1531590 864
1531600 860
1531610 856
1531620 856
1531630 851
1531640 846
1531650 846
1531660 840
1531670 834
1531680 829
1531690 829
1531700 823
1531710 819
1531720 819
1531730 814
1531740 809
1531750 809
1531760 805
1531770 800
1531780 800
1531790 795
1531800 790
1531810 790
1531820 786
1531830 783
1531840 781
1531850 781
1531860 780
1531870 778
1531880 778
1531890 777
1531900 775
1531910 775
1531920 773
1531930 772
1531940 772
1531950 770
1531960 769
1531970 769
1531980 767
1531990 766
1532000 766
1532010 765
1532020 764
1532030 763
1532040 763
1532050 762
1532060 761
1532070 761
1532080 761
1532090 760
1532100 760
1532110 760
1532120 759
1532130 759
1532140 759
1532150 758
1532160 758
1532170 758
1532180 758
1532190 758
1532200 758
1532210 758
1532220 757
1532230 757
1532240 757
1532250 757
1532260 757
1532270 757
1532280 757
1532290 757
1532300 757
1532310 757
1532320 757
1532330 757
1532340 757
1532350 757
1532360 757
1532370 757
1532380 758
1532390 758
1532400 758
1532410 759
1532420 759
1532430 761
1532440 762
1532450 762
1532460 764
1532470 766
1532480 766
1532490 769
1532500 772
1532510 772
1532520 776
1532530 784
1532540 794
1532550 794
1532560 803
1532570 810
1532580 810
1532590 815
1532600 820
1532610 820
1532620 827
1532630 835
1532640 835
1532650 842
1532660 850
1532670 850
1532680 857
1532690 864
1532700 871
1532710 871
1532720 876
1532730 879
1532740 879
1532750 886
1532760 892
1532770 892
1532780 896
1532790 899
1532800 899
1532810 902
1532820 906
1532830 906
1532840 908
1532850 910
1532860 913
1532870 913
1532880 917
1532890 919
1532900 919
1532910 923
1532920 927
1532930 927
1532940 931
1532950 936
1532960 936
1532970 941
1532980 949
1532990 949
1533000 958
1533010 966
1533020 966
1533030 971
1533040 975
1533050 976
1533060 976
1533070 980
1533080 983
1533090 983
1533100 987
1533110 990
1533120 990
1533130 995
1533140 1001
1533150 1001
1533160 1005
1533170 1009
1533180 1009
1533190 1014
1533200 1019
1533210 1024
1533220 1024
1533230 1030
1533240 1037
1533250 1037
1533260 1043
1533270 1050
1533280 1050
1533290 1056
1533300 1063
1533310 1063
1533320 1071
1533330 1077
1533340 1077
1533350 1083
1533360 1089
1533370 1096
1533380 1096
1533390 1102
1533400 1108
1533410 1108
1533420 1115
1533430 1120
1533440 1120
1533450 1123
1533460 1126
1533470 1126
1533480 1129
1533490 1133
1533500 1133
1533510 1138
1533520 1141
1533530 1141
1533540 1146
1533550 1153
1533560 1159
1533570 1159
1533580 1165
1533590 1172
1533600 1172
1533610 1178
1533620 1184
1533630 1184
1533640 1190
1533650 1196
1533660 1196
1533670 1201
1533680 1205
1533690 1205
1533700 1209
1533710 1213
1533720 1216
1533730 1216
1533740 1219
1533750 1223
1533760 1223
1533770 1227
1533780 1231
1533790 1231
1533800 1236
1533810 1242
1533820 1242
1533830 1248
1533840 1256
1533850 1256
1533860 1263
1533870 1270
1533880 1276
1533890 1276
1533900 1281
1533910 1286
1533920 1286
1533930 1290
1533940 1296
1533950 1296
1533960 1303
1533970 1310
1533980 1310
1533990 1317
1534000 1325
1534010 1325
1534020 1331
1534030 1337
1534040 1337
1534050 1342
1534060 1348
1534070 1352
1534080 1352
1534090 1357
1534100 1364
1534110 1364
1534120 1371
1534130 1378
1534140 1378
1534150 1383
1534160 1385
1534170 1385
1534180 1387
1534190 1388
1534200 1388
1534210 1389
1534220 1390
1534230 1391
1534240 1391
1534250 1392
1534260 1393
1534270 1393
1534280 1393
1534290 1392
1534300 1392
1534310 1391
1534320 1391
1534330 1391
1534340 1391
1534350 1390
1534360 1390
1534370 1389
1534380 1389
1534390 1389
1534400 1389
1534410 1390
1534420 1391
1534430 1391
1534440 1392
1534450 1394
1534460 1394
1534470 1395
1534480 1398
1534490 1398
1534500 1400
1534510 1400
1534520 1400
1534530 1399
1534540 1399
1534550 1399
1534560 1398
1534570 1397
1534580 1397
1534590 1397
1534600 1397
1534610 1398
1534620 1398
1534630 1400
1534640 1401
1534650 1401
1534660 1401
1534670 1401
1534680 1401
1534690 1400
1534700 1400
1534710 1400
1534720 1400
1534730 1400
1534740 1399
1534750 1399
1534760 1399
1534770 1398
1534780 1398
1534790 1399
1534800 1399
1534810 1399
1534820 1398
1534830 1397
1534840 1397
1534850 1396
1534860 1395
1534870 1395
1534880 1395
1534890 1393
1534900 1393
1534910 1392
1534920 1392
1534930 1391
1534940 1391
1534950 1390
1534960 1388
1534970 1388
1534980 1385
1534990 1383
1535000 1383
1535010 1382
1535020 1381
1535030 1381
1535040 1383
1535050 1383
1535060 1383
1535070 1382
1535080 1376
1535090 1370
1535100 1370
1535110 1366
1535120 1368
1535130 1368
1535140 1369
1535150 1373
1535160 1373
1535170 1378
1535180 1377
1535190 1377
1535200 1370
1535210 1363
1535220 1363
1535230 1356
1535240 1350
1535250 1344
1535260 1344
1535270 1339
1535280 1334
1535290 1334
1535300 1333
1535310 1336
1535320 1336
1535330 1339
1535340 1343
1535350 1343
1535360 1347
1535370 1352
1535380 1352
1535390 1357
1535400 1363
1535410 1363
1535420 1366
1535430 1362
1535440 1361
1535450 1361
1535460 1364
1535470 1359
1535480 1359
1535490 1354
1535500 1352
1535510 1352
1535520 1349
1535530 1345
1535540 1345
1535550 1344
1535560 1349
1535570 1349
1535580 1355
1535590 1360
1535600 1365
1535610 1365
1535620 1369
1535630 1368
1535640 1368
1535650 1367
1535660 1368
1535670 1368
1535680 1366
1535690 1366
1535700 1366
1535710 1365
1535720 1364
1535730 1364
1535740 1366
1535750 1373
1535760 1379
1535770 1379
1535780 1384
1535790 1390
1535800 1390
1535810 1395
1535820 1399
1535830 1399
1535840 1403
1535850 1407
1535860 1407
1535870 1410
1535880 1414
1535890 1414
1535900 1418
1535910 1423
1535920 1423
1535930 1427
1535940 1432
1535950 1436
1535960 1436
1535970 1441
1535980 1445
1535990 1445
1536000 1449
1536010 1455
1536020 1455
1536030 1459
1536040 1463
1536050 1463
1536060 1466
1536070 1470
1536080 1470
1536090 1475
1536100 1481
1536110 1485
1536120 1485
1536130 1489
1536140 1493
1536150 1493
1536160 1497
1536170 1501
1536180 1501
1536190 1505
1536200 1511
1536210 1511
1536220 1516
1536230 1521
1536240 1521
1536250 1526
1536260 1530
1536270 1530
1536280 1536
1536290 1541
1536300 1546
1536310 1546
1536320 1551
1536330 1556
1536340 1556
1536350 1561
1536360 1564
1536370 1564
1536380 1568
1536390 1571
1536400 1571
1536410 1575
1536420 1578
1536430 1578
1536440 1581
1536450 1584
1536460 1588
1536470 1588
1536480 1591
1536490 1594
1536500 1594
1536510 1597
1536520 1601
1536530 1601
1536540 1604
1536550 1604
1536560 1604
1536570 1604
1536580 1602
1536590 1602
1536600 1600
1536610 1597
1536620 1595
1536630 1595
1536640 1592
1536650 1590
1536660 1590
1536670 1587
1536680 1584
1536690 1584
1536700 1581
1536710 1578
1536720 1578
1536730 1575
1536740 1572
1536750 1572
1536760 1569
1536770 1565
1536780 1565
1536790 1562
1536800 1559
1536810 1555
1536820 1555
1536830 1551
1536840 1548
1536850 1548
1536860 1543
1536870 1539
1536880 1539
1536890 1535
1536900 1530
1536910 1530
1536920 1525
1536930 1522
1536940 1522
1536950 1516
1536960 1511
1536970 1505
1536980 1505
1536990 1500
1537000 1493
1537010 1493
1537020 1486
1537030 1479
1537040 1479
1537050 1473
1537060 1467
1537070 1467
1537080 1461
1537090 1455
1537100 1455
1537110 1450
1537120 1445
1537130 1440
1537140 1440
1537150 1435
1537160 1430
1537170 1430
1537180 1426
1537190 1422
1537200 1422
1537210 1417
1537220 1412
1537230 1412
1537240 1407
1537250 1403
1537260 1403
1537270 1398
1537280 1394
1537290 1394
1537300 1390
1537310 1387
1537320 1384
1537330 1384
1537340 1381
1537350 1378
1537360 1378
1537370 1374
1537380 1371
1537390 1371
1537400 1367
1537410 1364
1537420 1364
1537430 1360
1537440 1355
1537450 1355
1537460 1352
1537470 1349
1537480 1346
1537490 1346
1537500 1344
1537510 1342
1537520 1342
1537530 1339
1537540 1338
1537550 1338
1537560 1336
1537570 1334
1537580 1334
1537590 1331
1537600 1330
1537610 1330
1537620 1328
1537630 1326
1537640 1324
1537650 1324
1537660 1322
1537670 1321
1537680 1321
1537690 1320
1537700 1317
1537710 1317
1537720 1313
1537730 1307
1537740 1307
1537750 1302
1537760 1299
1537770 1299
1537780 1298
1537790 1298
1537800 1298
1537810 1297
1537820 1295
1537830 1293
1537840 1293
1537850 1291
1537860 1290
1537870 1290
1537880 1289
1537890 1285
1537900 1285
1537910 1281
1537920 1278
1537930 1278
1537940 1275
1537950 1274
1537960 1274
1537970 1274
1537980 1270
1537990 1265
1538000 1265
1538010 1259
1538020 1255
1538030 1255
1538040 1250
1538050 1245
1538060 1245
1538070 1241
1538080 1236
1538090 1236
1538100 1230
1538110 1226
1538120 1226
1538130 1234
1538140 1243
1538150 1245
1538160 1245
1538170 1244
1538180 1244
1538190 1244
1538200 1244
1538210 1244
1538220 1244
1538230 1243
1538240 1247
1538250 1247
1538260 1253
1538270 1260
1538280 1260
1538290 1266
1538300 1270
1538310 1270
1538320 1273
1538330 1277
1538340 1282
1538350 1282
1538360 1289
1538370 1296
1538380 1296
1538390 1303
1538400 1309
1538410 1309
1538420 1314
1538430 1318
1538440 1318
1538450 1321
1538460 1323
1538470 1323
1538480 1325
1538490 1327
1538500 1330
1538510 1330
1538520 1332
1538530 1335
1538540 1335
1538550 1337
1538560 1338
1538570 1338
1538580 1339
1538590 1340
1538600 1340
1538610 1342
1538620 1345
1538630 1345
1538640 1350
1538650 1354
1538660 1354
1538670 1357
1538680 1361
1538690 1364
1538700 1364
1538710 1367
1538720 1371
1538730 1371
1538740 1374
1538750 1377
1538760 1377
1538770 1380
1538780 1383
1538790 1383
1538800 1387
1538810 1391
1538820 1391
1538830 1395
1538840 1399
1538850 1403
1538860 1403
1538870 1408
1538880 1412
1538890 1412
1538900 1416
1538910 1420
1538920 1420
1538930 1424
1538940 1427
1538950 1427
1538960 1431
1538970 1433
1538980 1433
1538990 1436
1539000 1440
1539010 1444
1539020 1444
1539030 1447
1539040 1451
1539050 1451
1539060 1455
1539070 1458
1539080 1458
1539090 1462
1539100 1465
1539110 1465
1539120 1469
1539130 1472
1539140 1472
1539150 1476
1539160 1479
1539170 1479
1539180 1483
1539190 1486
1539200 1489
1539210 1489
1539220 1493
1539230 1496
1539240 1496
1539250 1501
1539260 1504
1539270 1504
1539280 1509
1539290 1513
1539300 1513
1539310 1517
1539320 1522
1539330 1522
1539340 1526
1539350 1530
1539360 1534
1539370 1534
1539380 1539
1539390 1544
1539400 1544
1539410 1548
1539420 1552
1539430 1552
1539440 1556
1539450 1559
1539460 1559
1539470 1562
1539480 1565
1539490 1565
1539500 1568
1539510 1571
1539520 1574
1539530 1574
1539540 1577
1539550 1579
1539560 1579
1539570 1582
1539580 1583
1539590 1583
1539600 1585
1539610 1587
1539620 1587
1539630 1587
1539640 1587
1539650 1587
1539660 1586
1539670 1584
1539680 1584
1539690 1582
1539700 1580
1539710 1577
1539720 1577
1539730 1573
1539740 1569
1539750 1569
1539760 1564
1539770 1560
1539780 1560
1539790 1557
1539800 1553
1539810 1553
1539820 1550
1539830 1546
1539840 1546
1539850 1543
1539860 1539
1539870 1535
1539880 1535
1539890 1530
1539900 1526
1539910 1526
1539920 1523
1539930 1519
1539940 1519
1539950 1516
1539960 1512
1539970 1512
1539980 1508
1539990 1505
