1520000 789
1520010 791
1520020 791
1520030 792
1520040 792
1520050 792
1520060 793
1520070 793
1520080 793
1520090 793
1520100 793
1520110 794
1520120 795
1520130 795
1520140 796
1520150 797
1520160 797
1520170 799
1520180 800
1520190 800
1520200 802
1520210 804
1520220 807
1520230 807
1520240 809
1520250 812
1520260 812
1520270 814
1520280 817
1520290 817
1520300 820
1520310 825
1520320 825
1520330 830
1520340 834
1520350 834
1520360 840
1520370 844
1520380 849
1520390 849
1520400 854
1520410 859
1520420 859
1520430 864
1520440 870
1520450 870
1520460 876
1520470 882
1520480 882
1520490 887
1520500 892
1520510 892
1520520 897
1520530 901
1520540 901
1520550 905
1520560 909
1520570 913
1520580 913
1520590 917
1520600 920
1520610 920
1520620 922
1520630 924
1520640 924
1520650 926
1520660 929
1520670 929
1520680 932
1520690 936
1520700 936
1520710 939
1520720 942
1520730 945
1520740 945
1520750 949
1520760 953
1520770 953
1520780 956
1520790 959
1520800 959
1520810 962
1520820 967
1520830 967
1520840 973
1520850 978
1520860 978
1520870 985
1520880 991
1520890 996
1520900 996
1520910 1000
1520920 1005
1520930 1005
1520940 1009
1520950 1013
1520960 1013
1520970 1017
1520980 1020
1520990 1020
1521000 1023
1521010 1026
1521020 1026
1521030 1030
1521040 1033
1521050 1033
1521060 1037
1521070 1043
1521080 1048
1521090 1048
1521100 1054
1521110 1058
1521120 1058
1521130 1061
1521140 1063
1521150 1063
1521160 1065
1521170 1067
1521180 1067
1521190 1069
1521200 1071
1521210 1071
1521220 1073
1521230 1075
1521240 1078
1521250 1078
1521260 1081
1521270 1085
1521280 1085
1521290 1088
1521300 1092
1521310 1092
1521320 1094
1521330 1098
1521340 1098
1521350 1101
1521360 1105
1521370 1105
1521380 1108
1521390 1110
1521400 1110
1521410 1112
1521420 1115
1521430 1117
1521440 1117
1521450 1119
1521460 1121
1521470 1121
1521480 1124
1521490 1126
1521500 1126
1521510 1128
1521520 1130
1521530 1130
1521540 1133
1521550 1136
1521560 1136
1521570 1138
1521580 1140
1521590 1143
1521600 1143
1521610 1144
1521620 1146
1521630 1146
1521640 1147
1521650 1149
1521660 1149
1521670 1152
1521680 1154
1521690 1154
1521700 1156
1521710 1158
1521720 1158
1521730 1160
1521740 1163
1521750 1165
1521760 1165
1521770 1167
1521780 1169
1521790 1169
1521800 1171
1521810 1173
1521820 1173
1521830 1175
1521840 1177
1521850 1177
1521860 1179
1521870 1181
1521880 1181
1521890 1183
1521900 1185
1521910 1185
1521920 1187
1521930 1188
1521940 1190
1521950 1190
1521960 1192
1521970 1194
1521980 1194
1521990 1196
1522000 1198
1522010 1198
1522020 1200
1522030 1202
1522040 1202
1522050 1204
1522060 1206
1522070 1206
1522080 1208
1522090 1210
1522100 1213
1522110 1213
1522120 1215
1522130 1217
1522140 1217
1522150 1219
1522160 1221
1522170 1221
1522180 1224
1522190 1226
1522200 1226
1522210 1229
1522220 1232
1522230 1232
1522240 1235
1522250 1238
1522260 1238
1522270 1240
1522280 1242
1522290 1245
1522300 1245
1522310 1249
1522320 1252
1522330 1252
1522340 1255
1522350 1258
1522360 1258
1522370 1261
1522380 1265
1522390 1265
1522400 1269
1522410 1273
1522420 1273
1522430 1277
1522440 1281
1522450 1285
1522460 1285
1522470 1288
1522480 1292
1522490 1292
1522500 1295
1522510 1299
1522520 1299
1522530 1303
1522540 1306
1522550 1306
1522560 1310
1522570 1313
1522580 1313
1522590 1317
1522600 1321
1522610 1325
1522620 1325
1522630 1330
1522640 1334
1522650 1334
1522660 1338
1522670 1341
1522680 1341
1522690 1345
1522700 1350
1522710 1350
1522720 1354
1522730 1359
1522740 1359
1522750 1363
1522760 1368
1522770 1368
1522780 1372
1522790 1376
1522800 1379
1522810 1379
1522820 1382
1522830 1386
1522840 1386
1522850 1391
1522860 1397
1522870 1396
1522880 1401
1522890 1408
1522900 1408
1522910 1413
1522920 1418
1522930 1418
1522940 1422
1522950 1427
1522960 1432
1522970 1432
1522980 1437
1522990 1442
1523000 1442
1523010 1447
1523020 1453
1523030 1453
1523040 1458
1523050 1464
1523060 1464
1523070 1469
1523080 1475
1523090 1475
1523100 1482
1523110 1490
1523120 1490
1523130 1497
1523140 1502
1523150 1508
1523160 1508
1523170 1513
1523180 1520
1523190 1520
1523200 1527
1523210 1535
1523220 1535
1523230 1540
1523240 1544
1523250 1544
1523260 1548
1523270 1551
1523280 1551
1523290 1553
1523300 1555
1523310 1560
1523320 1560
1523330 1565
1523340 1573
1523350 1573
1523360 1580
1523370 1586
1523380 1586
1523390 1592
1523400 1598
1523410 1598
1523420 1605
1523430 1611
1523440 1611
1523450 1618
1523460 1624
1523470 1630
1523480 1630
1523490 1636
1523500 1643
1523510 1643
1523520 1649
1523530 1656
1523540 1656
1523550 1663
1523560 1669
1523570 1669
1523580 1675
1523590 1681
1523600 1681
1523610 1686
1523620 1693
1523630 1693
1523640 1699
1523650 1704
1523660 1710
1523670 1710
1523680 1716
1523690 1721
1523700 1721
1523710 1727
1523720 1732
1523730 1732
1523740 1738
1523750 1744
1523760 1744
1523770 1750
1523780 1756
1523790 1756
1523800 1762
1523810 1767
1523820 1772
1523830 1772
1523840 1777
1523850 1783
1523860 1783
1523870 1789
1523880 1795
1523890 1795
1523900 1800
1523910 1805
1523920 1805
1523930 1810
1523940 1815
1523950 1815
1523960 1819
1523970 1824
1523980 1824
1523990 1829
1524000 1834
1524010 1838
1524020 1838
1524030 1842
1524040 1846
1524050 1846
1524060 1849
1524070 1852
1524080 1852
1524090 1854
1524100 1855
1524110 1855
1524120 1855
1524130 1856
1524140 1856
1524150 1856
1524160 1857
1524170 1857
1524180 1857
1524190 1857
1524200 1858
1524210 1858
1524220 1858
1524230 1858
1524240 1858
1524250 1859
1524260 1860
1524270 1860
1524280 1861
1524290 1861
1524300 1861
1524310 1861
1524320 1862
1524330 1864
1524340 1864
1524350 1866
1524360 1868
1524370 1868
1524380 1869
1524390 1870
1524400 1870
1524410 1871
1524420 1872
1524430 1872
1524440 1873
1524450 1873
1524460 1873
1524470 1874
1524480 1874
1524490 1874
1524500 1874
1524510 1874
1524520 1874
1524530 1874
1524540 1874
1524550 1874
1524560 1874
1524570 1874
1524580 1875
1524590 1875
1524600 1876
1524610 1878
1524620 1878
1524630 1879
1524640 1882
1524650 1882
1524660 1884
1524670 1887
1524680 1888
1524690 1888
1524700 1891
1524710 1894
1524720 1894
1524730 1896
1524740 1899
1524750 1899
1524760 1901
1524770 1903
1524780 1903
1524790 1907
1524800 1909
1524810 1909
1524820 1912
1524830 1915
1524840 1915
1524850 1918
1524860 1920
1524870 1923
1524880 1923
1524890 1926
1524900 1929
1524910 1929
1524920 1932
1524930 1935
1524940 1935
1524950 1937
1524960 1939
1524970 1939
1524980 1942
1524990 1945
1525000 1945
1525010 1948
1525020 1951
1525030 1953
1525040 1953
1525050 1956
1525060 1958
1525070 1958
1525080 1960
1525090 1962
1525100 1962
1525110 1962
1525120 1963
1525130 1963
1525140 1963
1525150 1965
1525160 1965
1525170 1966
1525180 1967
1525190 1968
1525200 1968
1525210 1970
1525220 1972
1525230 1972
1525240 1973
1525250 1974
1525260 1974
1525270 1975
1525280 1977
1525290 1977
1525300 1978
1525310 1979
1525320 1979
1525330 1981
1525340 1981
1525350 1981
1525360 1981
1525370 1982
1525380 1982
1525390 1982
1525400 1983
1525410 1983
1525420 1983
1525430 1984
1525440 1984
1525450 1984
1525460 1984
1525470 1984
1525480 1984
1525490 1985
1525500 1985
1525510 1985
1525520 1986
1525530 1986
1525540 1986
1525550 1986
1525560 1985
1525570 1984
1525580 1984
1525590 1982
1525600 1979
1525610 1979
1525620 1974
1525630 1969
1525640 1969
1525650 1964
1525660 1961
1525670 1961
1525680 1960
1525690 1958
1525700 1958
1525710 1957
1525720 1956
1525730 1954
1525740 1954
1525750 1950
1525760 1947
1525770 1947
1525780 1946
1525790 1941
1525800 1941
1525810 1936
1525820 1934
1525830 1934
1525840 1931
1525850 1930
1525860 1930
1525870 1929
1525880 1928
1525890 1928
1525900 1928
1525910 1926
1525920 1921
1525930 1921
1525940 1915
1525950 1912
1525960 1912
1525970 1914
1525980 1917
1525990 1917
1526000 1920
1526010 1923
1526020 1923
1526030 1921
1526040 1927
1526050 1927
1526060 1932
1526070 1937
1526080 1943
1526090 1943
1526100 1949
1526110 1954
1526120 1954
1526130 1959
1526140 1964
1526150 1964
1526160 1966
1526170 1969
1526180 1969
1526190 1972
1526200 1974
1526210 1974
1526220 1977
1526230 1979
1526240 1981
1526250 1981
1526260 1980
1526270 1979
1526280 1979
1526290 1977
1526300 1973
1526310 1973
1526320 1969
1526330 1964
1526340 1964
1526350 1959
1526360 1953
1526370 1953
1526380 1946
1526390 1941
1526400 1936
1526410 1936
1526420 1930
1526430 1922
1526440 1922
1526450 1914
1526460 1908
1526470 1908
1526480 1898
1526490 1883
1526500 1883
1526510 1873
1526520 1867
1526530 1867
1526540 1862
1526550 1858
1526560 1858
1526570 1858
1526580 1860
1526590 1861
1526600 1861
1526610 1860
1526620 1859
1526630 1859
1526640 1857
1526650 1855
1526660 1855
1526670 1850
1526680 1836
1526690 1836
1526700 1826
1526710 1819
1526720 1819
1526730 1813
1526740 1807
1526750 1803
1526760 1803
1526770 1799
1526780 1796
1526790 1796
1526800 1792
1526810 1789
1526820 1789
1526830 1786
1526840 1782
1526850 1782
1526860 1778
1526870 1774
1526880 1774
1526890 1769
1526900 1763
1526910 1763
1526920 1755
1526930 1747
1526940 1741
1526950 1741
1526960 1737
1526970 1733
1526980 1733
1526990 1729
1527000 1728
1527010 1728
1527020 1727
1527030 1723
1527040 1723
1527050 1721
1527060 1721
1527070 1721
1527080 1721
1527090 1722
1527100 1723
1527110 1723
1527120 1724
1527130 1721
1527140 1721
1527150 1719
1527160 1718
1527170 1718
1527180 1715
1527190 1713
1527200 1713
1527210 1716
1527220 1717
1527230 1717
1527240 1715
1527250 1713
1527260 1711
1527270 1711
1527280 1709
1527290 1709
1527300 1709
1527310 1711
1527320 1715
1527330 1715
1527340 1716
1527350 1713
1527360 1713
1527370 1709
1527380 1703
1527390 1703
1527400 1697
1527410 1695
1527420 1695
1527430 1691
1527440 1686
1527450 1681
1527460 1681
1527470 1676
1527480 1671
1527490 1671
1527500 1667
1527510 1662
1527520 1662
1527530 1657
1527540 1651
1527550 1651
1527560 1646
1527570 1640
1527580 1640
1527590 1635
1527600 1630
1527610 1625
1527620 1625
1527630 1621
1527640 1616
1527650 1616
1527660 1614
1527670 1614
1527680 1614
1527690 1615
1527700 1615
1527710 1615
1527720 1615
1527730 1614
1527740 1614
1527750 1613
1527760 1612
1527770 1612
1527780 1610
1527790 1606
1527800 1603
1527810 1603
1527820 1600
1527830 1596
1527840 1596
1527850 1593
1527860 1590
1527870 1590
1527880 1589
1527890 1591
1527900 1591
1527910 1592
1527920 1589
1527930 1589
1527940 1586
1527950 1586
1527960 1585
1527970 1585
1527980 1586
1527990 1587
1528000 1587
1528010 1586
1528020 1578
1528030 1578
1528040 1574
1528050 1579
1528060 1579
1528070 1583
1528080 1590
1528090 1590
1528100 1598
1528110 1606
1528120 1608
1528130 1608
1528140 1608
1528150 1605
1528160 1605
1528170 1603
1528180 1612
1528190 1612
1528200 1621
1528210 1619
1528220 1619
1528230 1615
1528240 1611
1528250 1611
1528260 1608
1528270 1602
1528280 1602
1528290 1593
1528300 1582
1528310 1576
1528320 1576
1528330 1580
1528340 1588
1528350 1588
1528360 1589
1528370 1586
1528380 1586
1528390 1584
1528400 1579
1528410 1579
1528420 1574
1528430 1568
1528440 1568
1528450 1562
1528460 1557
1528470 1552
1528480 1552
1528490 1547
1528500 1541
1528510 1541
1528520 1538
1528530 1534
1528540 1534
1528550 1529
1528560 1524
1528570 1524
1528580 1518
1528590 1511
1528600 1511
1528610 1504
1528620 1497
1528630 1497
1528640 1490
1528650 1483
1528660 1475
1528670 1475
1528680 1470
1528690 1468
1528700 1468
1528710 1465
1528720 1462
1528730 1462
1528740 1461
1528750 1457
1528760 1457
1528770 1453
1528780 1453
1528790 1453
1528800 1456
1528810 1457
1528820 1459
1528830 1459
1528840 1464
1528850 1466
1528860 1466
1528870 1466
1528880 1462
1528890 1462
1528900 1460
1528910 1458
1528920 1458
1528930 1456
1528940 1454
1528950 1454
1528960 1452
1528970 1443
1528980 1441
1528990 1441
1529000 1435
1529010 1431
1529020 1431
1529030 1425
1529040 1427
1529050 1427
1529060 1425
1529070 1419
1529080 1419
1529090 1413
1529100 1407
1529110 1407
1529120 1401
1529130 1396
1529140 1396
1529150 1390
1529160 1384
1529170 1379
1529180 1379
1529190 1375
1529200 1373
1529210 1373
1529220 1371
1529230 1364
1529240 1364
1529250 1357
1529260 1352
1529270 1352
1529280 1345
1529290 1340
1529300 1340
1529310 1335
1529320 1330
1529330 1324
1529340 1324
1529350 1321
1529360 1318
1529370 1318
1529380 1314
1529390 1308
1529400 1308
1529410 1302
1529420 1298
1529430 1298
1529440 1295
1529450 1291
1529460 1291
1529470 1288
1529480 1284
1529490 1284
1529500 1281
1529510 1278
1529520 1275
1529530 1275
1529540 1271
1529550 1267
1529560 1267
1529570 1262
1529580 1258
1529590 1258
1529600 1254
1529610 1250
1529620 1250
1529630 1245
1529640 1239
1529650 1239
1529660 1229
1529670 1221
1529680 1215
1529690 1215
1529700 1207
1529710 1201
1529720 1201
1529730 1195
1529740 1189
1529750 1189
1529760 1183
1529770 1178
1529780 1178
1529790 1171
1529800 1164
1529810 1164
1529820 1155
1529830 1142
1529840 1142
1529850 1129
1529860 1120
1529870 1111
1529880 1111
1529890 1100
1529900 1090
1529910 1090
1529920 1080
1529930 1070
1529940 1070
1529950 1059
1529960 1047
1529970 1047
1529980 1033
1529990 1021
1530000 1021
1530010 1014
1530020 1009
1530030 1004
1530040 1004
1530050 998
1530060 992
1530070 992
1530080 987
1530090 979
1530100 979
1530110 970
1530120 963
1530130 963
1530140 958
1530150 951
1530160 951
1530170 941
1530180 934
1530190 928
1530200 928
1530210 925
1530220 921
1530230 921
1530240 914
1530250 908
1530260 908
1530270 902
1530280 900
1530290 900
1530300 898
1530310 898
1530320 898
1530330 893
1530340 882
1530350 882
1530360 878
1530370 875
1530380 871
1530390 871
1530400 866
1530410 862
1530420 862
1530430 856
1530440 850
1530450 850
1530460 843
1530470 836
1530480 836
1530490 830
1530500 823
1530510 823
1530520 816
1530530 810
1530540 805
1530550 805
1530560 801
1530570 797
1530580 797
1530590 793
1530600 790
1530610 790
1530620 787
1530630 782
1530640 782
1530650 778
1530660 773
1530670 773
1530680 768
1530690 764
1530700 764
1530710 761
1530720 758
1530730 753
1530740 753
1530750 749
1530760 747
1530770 747
1530780 747
1530790 747
1530800 747
1530810 747
1530820 747
1530830 747
1530840 747
1530850 747
1530860 747
1530870 747
1530880 747
1530890 747
1530900 747
1530910 747
1530920 747
1530930 747
1530940 747
1530950 747
1530960 747
1530970 747
1530980 747
1530990 747
1531000 747
1531010 747
1531020 747
1531030 747
1531040 747
1531050 747
1531060 747
1531070 747
1531080 747
1531090 747
1531100 747
1531110 747
1531120 747
1531130 747
1531140 747
1531150 747
1531160 747
1531170 747
1531180 747
1531190 747
1531200 747
1531210 747
1531220 747
1531230 747
1531240 747
1531250 747
1531260 747
1531270 747
1531280 747
1531290 747
1531300 747
1531310 747
1531320 747
1531330 747
1531340 747
1531350 747
1531360 747
1531370 747
1531380 748
1531390 749
1531400 750
1531410 750
1531420 751
1531430 754
1531440 754
1531450 756
1531460 762
1531470 762
1531480 769
1531490 773
1531500 773
1531510 776
1531520 779
1531530 779
1531540 783
1531550 787
1531560 787
1531570 790
1531580 794
1531590 799
1531600 799
1531610 803
1531620 807
1531630 807
1531640 811
1531650 815
1531660 815
1531670 821
1531680 827
1531690 827
1531700 832
1531710 836
1531720 838
1531730 841
1531740 845
1531750 848
1531760 848
1531770 852
1531780 855
1531790 855
1531800 859
1531810 863
1531820 863
1531830 866
1531840 870
1531850 870
1531860 875
1531870 880
1531880 880
1531890 884
1531900 889
1531910 896
1531920 896
1531930 902
1531940 905
1531950 905
1531960 908
1531970 910
1531980 910
1531990 915
1532000 919
1532010 919
1532020 924
1532030 928
1532040 928
1532050 932
1532060 936
1532070 936
1532080 941
1532090 948
1532100 954
1532110 954
1532120 958
1532130 964
1532140 964
1532150 970
1532160 976
1532170 976
1532180 979
1532190 983
1532200 983
1532210 987
1532220 990
1532230 990
1532240 995
1532250 1000
1532260 1005
1532270 1005
1532280 1011
1532290 1018
1532300 1018
1532310 1024
1532320 1031
1532330 1031
1532340 1039
1532350 1047
1532360 1047
1532370 1054
1532380 1061
1532390 1061
1532400 1067
1532410 1072
1532420 1072
1532430 1076
1532440 1080
1532450 1084
1532460 1084
1532470 1087
1532480 1089
1532490 1089
1532500 1091
1532510 1094
1532520 1094
1532530 1097
1532540 1102
1532550 1102
1532560 1109
1532570 1117
1532580 1117
1532590 1125
1532600 1133
1532610 1143
1532620 1143
1532630 1148
1532640 1152
1532650 1152
1532660 1158
1532670 1163
1532680 1163
1532690 1170
1532700 1178
1532710 1178
1532720 1186
1532730 1193
1532740 1193
1532750 1198
1532760 1200
1532770 1200
1532780 1202
1532790 1203
1532800 1208
1532810 1208
1532820 1212
1532830 1216
1532840 1216
1532850 1218
1532860 1221
1532870 1221
1532880 1223
1532890 1227
1532900 1227
1532910 1231
1532920 1235
1532930 1235
1532940 1240
1532950 1245
1532960 1248
1532970 1248
1532980 1250
1532990 1250
1533000 1250
1533010 1251
1533020 1254
1533030 1254
1533040 1258
1533050 1262
1533060 1262
1533070 1266
1533080 1270
1533090 1270
1533100 1273
1533110 1274
1533120 1275
1533130 1275
1533140 1278
1533150 1280
1533160 1280
1533170 1283
1533180 1285
1533190 1285
1533200 1285
1533210 1288
1533220 1288
1533230 1292
1533240 1293
1533250 1293
1533260 1295
1533270 1297
1533280 1297
1533290 1299
1533300 1301
1533310 1302
1533320 1302
1533330 1305
1533340 1309
1533350 1309
1533360 1313
1533370 1318
1533380 1318
1533390 1324
1533400 1331
1533410 1331
1533420 1336
1533430 1339
1533440 1339
1533450 1344
1533460 1348
1533470 1352
1533480 1352
1533490 1354
1533500 1356
1533510 1356
1533520 1357
1533530 1359
1533540 1359
1533550 1362
1533560 1365
1533570 1365
1533580 1369
1533590 1371
1533600 1371
1533610 1372
1533620 1373
1533630 1373
1533640 1374
1533650 1376
1533660 1378
1533670 1378
1533680 1380
1533690 1382
1533700 1382
1533710 1384
1533720 1387
1533730 1387
1533740 1391
1533750 1394
1533760 1394
1533770 1395
1533780 1394
1533790 1394
1533800 1394
1533810 1395
1533820 1397
1533830 1397
1533840 1399
1533850 1402
1533860 1402
1533870 1407
1533880 1414
1533890 1414
1533900 1419
1533910 1425
1533920 1425
1533930 1429
1533940 1433
1533950 1433
1533960 1438
1533970 1441
1533980 1444
1533990 1444
1534000 1449
1534010 1453
1534020 1453
1534030 1457
1534040 1460
1534050 1460
1534060 1464
1534070 1467
1534080 1467
1534090 1470
1534100 1474
1534110 1474
1534120 1478
1534130 1482
1534140 1482
1534150 1487
1534160 1492
1534170 1498
1534180 1498
1534190 1502
1534200 1507
1534210 1507
1534220 1511
1534230 1516
1534240 1516
1534250 1522
1534260 1525
1534270 1525
1534280 1529
1534290 1533
1534300 1533
1534310 1538
1534320 1542
1534330 1546
1534340 1546
1534350 1549
1534360 1553
1534370 1553
1534380 1556
1534390 1559
1534400 1559
1534410 1565
1534420 1571
1534430 1571
1534440 1577
1534450 1584
1534460 1584
1534470 1589
1534480 1593
1534490 1593
1534500 1597
1534510 1601
1534520 1606
1534530 1606
1534540 1612
1534550 1618
1534560 1618
1534570 1625
1534580 1632
1534590 1632
1534600 1636
1534610 1642
1534620 1642
1534630 1647
1534640 1653
1534650 1653
1534660 1659
1534670 1664
1534680 1670
1534690 1670
1534700 1676
1534710 1682
1534720 1682
1534730 1687
1534740 1692
1534750 1692
1534760 1699
1534770 1705
1534780 1705
1534790 1712
1534800 1718
1534810 1718
1534820 1726
1534830 1735
1534840 1742
1534850 1742
1534860 1747
1534870 1751
1534880 1751
1534890 1756
1534900 1760
1534910 1760
1534920 1765
1534930 1771
1534940 1771
1534950 1777
1534960 1783
1534970 1783
1534980 1791
1534990 1798
1535000 1798
1535010 1804
1535020 1811
1535030 1817
1535040 1817
1535050 1821
1535060 1827
1535070 1827
1535080 1833
1535090 1838
1535100 1838
1535110 1842
1535120 1846
1535130 1846
1535140 1850
1535150 1853
1535160 1853
1535170 1855
1535180 1855
1535190 1857
1535200 1857
1535210 1858
1535220 1860
1535230 1860
1535240 1863
1535250 1865
1535260 1865
1535270 1866
1535280 1868
1535290 1868
1535300 1869
1535310 1871
1535320 1871
1535330 1874
1535340 1874
1535350 1874
1535360 1875
1535370 1875
1535380 1877
1535390 1877
1535400 1879
1535410 1881
1535420 1881
1535430 1882
1535440 1882
1535450 1882
1535460 1883
1535470 1883
1535480 1883
1535490 1884
1535500 1885
1535510 1885
1535520 1885
1535530 1886
1535540 1886
1535550 1886
1535560 1887
1535570 1888
1535580 1888
1535590 1889
1535600 1888
1535610 1888
1535620 1888
1535630 1888
1535640 1888
1535650 1889
1535660 1888
1535670 1888
1535680 1887
1535690 1887
1535700 1886
1535710 1886
1535720 1886
1535730 1886
1535740 1886
1535750 1886
1535760 1887
1535770 1887
1535780 1886
1535790 1886
1535800 1886
1535810 1886
1535820 1886
1535830 1886
1535840 1886
1535850 1886
1535860 1886
1535870 1886
1535880 1885
1535890 1884
1535900 1884
1535910 1880
1535920 1874
1535930 1874
1535940 1869
1535950 1863
1535960 1863
1535970 1858
1535980 1854
1535990 1854
1536000 1849
1536010 1845
1536020 1845
1536030 1841
1536040 1837
1536050 1833
1536060 1833
1536070 1829
1536080 1826
1536090 1826
1536100 1824
1536110 1821
1536120 1821
1536130 1818
1536140 1816
1536150 1816
1536160 1814
1536170 1811
1536180 1811
1536190 1807
1536200 1803
1536210 1803
1536220 1797
1536230 1792
1536240 1786
1536250 1786
1536260 1780
1536270 1775
1536280 1775
1536290 1770
1536300 1765
1536310 1765
1536320 1761
1536330 1758
1536340 1758
1536350 1755
1536360 1753
1536370 1753
1536380 1752
1536390 1753
1536400 1754
1536410 1754
1536420 1754
1536430 1756
1536440 1756
1536450 1757
1536460 1758
1536470 1758
1536480 1759
1536490 1760
1536500 1760
1536510 1761
1536520 1763
1536530 1763
1536540 1765
1536550 1766
1536560 1766
1536570 1767
1536580 1769
1536590 1771
1536600 1771
1536610 1773
1536620 1779
1536630 1779
1536640 1780
1536650 1784
1536660 1784
1536670 1787
1536680 1792
1536690 1792
1536700 1802
1536710 1799
1536720 1799
1536730 1792
1536740 1784
1536750 1778
1536760 1778
1536770 1773
1536780 1767
1536790 1767
1536800 1762
1536810 1756
1536820 1756
1536830 1750
1536840 1744
1536850 1744
1536860 1739
1536870 1733
1536880 1733
1536890 1728
1536900 1722
1536910 1716
1536920 1716
1536930 1710
1536940 1704
1536950 1704
1536960 1698
1536970 1692
1536980 1692
1536990 1686
1537000 1679
1537010 1679
1537020 1673
1537030 1667
1537040 1667
1537050 1661
1537060 1655
1537070 1655
1537080 1649
1537090 1644
1537100 1638
1537110 1638
1537120 1632
1537130 1627
1537140 1627
1537150 1621
1537160 1616
1537170 1616
1537180 1610
1537190 1605
1537200 1605
1537210 1599
1537220 1594
1537230 1594
1537240 1589
1537250 1584
1537260 1578
1537270 1578
1537280 1574
1537290 1570
1537300 1570
1537310 1565
1537320 1560
1537330 1560
1537340 1555
1537350 1551
1537360 1551
1537370 1546
1537380 1541
1537390 1541
1537400 1537
1537410 1533
1537420 1533
1537430 1530
1537440 1526
1537450 1522
1537460 1522
1537470 1519
1537480 1515
1537490 1515
1537500 1512
1537510 1505
1537520 1505
1537530 1499
1537540 1496
1537550 1496
1537560 1495
1537570 1490
1537580 1490
1537590 1482
1537600 1481
1537610 1484
1537620 1484
1537630 1490
1537640 1492
1537650 1492
1537660 1495
1537670 1496
1537680 1496
1537690 1492
1537700 1487
1537710 1487
1537720 1481
1537730 1476
1537740 1476
1537750 1471
1537760 1466
1537770 1459
1537780 1459
1537790 1452
1537800 1449
1537810 1449
1537820 1449
1537830 1449
1537840 1449
1537850 1452
1537860 1455
1537870 1455
1537880 1456
1537890 1459
1537900 1459
1537910 1462
1537920 1466
1537930 1466
1537940 1470
1537950 1475
1537960 1480
1537970 1480
1537980 1485
1537990 1490
1538000 1490
1538010 1496
1538020 1502
1538030 1502
1538040 1509
1538050 1514
1538060 1514
1538070 1521
1538080 1529
1538090 1529
1538100 1536
1538110 1544
1538120 1551
1538130 1551
1538140 1554
1538150 1559
1538160 1559
1538170 1562
1538180 1566
1538190 1566
1538200 1570
1538210 1573
1538220 1573
1538230 1577
1538240 1581
1538250 1581
1538260 1586
1538270 1590
1538280 1590
1538290 1594
1538300 1598
1538310 1603
1538320 1603
1538330 1607
1538340 1612
1538350 1612
1538360 1615
1538370 1617
1538380 1617
1538390 1610
1538400 1603
1538410 1603
1538420 1600
1538430 1598
1538440 1598
1538450 1599
1538460 1598
1538470 1594
1538480 1594
1538490 1589
1538500 1585
1538510 1585
1538520 1581
1538530 1578
1538540 1578
1538550 1578
1538560 1577
1538570 1577
1538580 1576
1538590 1576
1538600 1576
1538610 1576
1538620 1574
1538630 1572
1538640 1572
1538650 1577
1538660 1583
1538670 1583
1538680 1590
1538690 1598
1538700 1598
1538710 1603
1538720 1603
1538730 1603
1538740 1601
1538750 1601
1538760 1601
1538770 1600
1538780 1604
1538790 1604
1538800 1606
1538810 1608
1538820 1610
1538830 1610
1538840 1607
1538850 1606
1538860 1606
1538870 1605
1538880 1604
1538890 1604
1538900 1604
1538910 1605
1538920 1605
1538930 1609
1538940 1616
1538950 1616
1538960 1623
1538970 1629
1538980 1636
1538990 1636
1539000 1643
1539010 1651
1539020 1651
1539030 1658
1539040 1665
1539050 1665
1539060 1674
1539070 1682
1539080 1682
1539090 1690
1539100 1700
1539110 1700
1539120 1710
1539130 1722
1539140 1722
1539150 1733
1539160 1739
1539170 1745
1539180 1745
1539190 1751
1539200 1757
1539210 1757
1539220 1761
1539230 1766
1539240 1766
1539250 1771
1539260 1776
1539270 1776
1539280 1781
1539290 1785
1539300 1785
1539310 1790
1539320 1795
1539330 1799
1539340 1799
1539350 1804
1539360 1809
1539370 1809
1539380 1813
1539390 1817
1539400 1817
1539410 1822
1539420 1825
1539430 1825
1539440 1827
1539450 1830
1539460 1830
1539470 1833
1539480 1835
1539490 1835
1539500 1838
1539510 1842
1539520 1849
1539530 1849
1539540 1857
1539550 1865
1539560 1865
1539570 1873
1539580 1877
1539590 1877
1539600 1883
1539610 1889
1539620 1889
1539630 1895
1539640 1899
1539650 1899
1539660 1902
1539670 1905
1539680 1908
1539690 1908
1539700 1911
1539710 1913
1539720 1913
1539730 1917
1539740 1921
1539750 1921
1539760 1927
1539770 1932
1539780 1932
1539790 1937
1539800 1942
1539810 1942
1539820 1948
1539830 1953
1539840 1958
1539850 1958
1539860 1963
1539870 1968
1539880 1968
1539890 1972
1539900 1976
1539910 1976
1539920 1980
1539930 1984
1539940 1984
1539950 1986
1539960 1986
1539970 1986
1539980 1986
1539990 1984
