1520000 599
1520010 599
1520020 599
1520030 599
1520040 600
1520050 600
1520060 600
1520070 599
1520080 599
1520090 599
1520100 599
1520110 599
1520120 599
1520130 600
1520140 600
1520150 600
1520160 600
1520170 600
1520180 600
1520190 600
1520200 600
1520210 600
1520220 601
1520230 601
1520240 601
1520250 601
1520260 601
1520270 602
1520280 602
1520290 602
1520300 602
1520310 602
1520320 602
1520330 600
1520340 600
1520350 600
1520360 602
1520370 602
1520380 603
1520390 604
1520400 604
1520410 605
1520420 611
1520430 611
1520440 622
1520450 629
1520460 634
1520470 634
1520480 639
1520490 645
1520500 645
1520510 652
1520520 660
1520530 660
1520540 670
1520550 679
1520560 679
1520570 686
1520580 693
1520590 693
1520600 701
1520610 709
1520620 717
1520630 717
1520640 725
1520650 733
1520660 733
1520670 741
1520680 749
1520690 749
1520700 756
1520710 764
1520720 764
1520730 769
1520740 775
1520750 775
1520760 780
1520770 783
1520780 783
1520790 786
1520800 790
1520810 795
1520820 795
1520830 802
1520840 810
1520850 810
1520860 818
1520870 824
1520880 824
1520890 830
1520900 836
1520910 836
1520920 842
1520930 848
1520940 848
1520950 854
1520960 858
1520970 862
1520980 862
1520990 868
1521000 875
1521010 875
1521020 882
1521030 886
1521040 886
1521050 889
1521060 891
1521070 891
1521080 892
1521090 894
1521100 894
1521110 896
1521120 898
1521130 901
1521140 901
1521150 904
1521160 908
1521170 908
1521180 912
1521190 916
1521200 916
1521210 919
1521220 922
1521230 922
1521240 926
1521250 931
1521260 931
1521270 936
1521280 939
1521290 939
1521300 940
1521310 942
1521320 944
1521330 944
1521340 945
1521350 946
1521360 946
1521370 948
1521380 951
1521390 951
1521400 954
1521410 957
1521420 957
1521430 961
1521440 965
1521450 965
1521460 969
1521470 974
1521480 978
1521490 978
1521500 984
1521510 991
1521520 991
1521530 997
1521540 1001
1521550 1001
1521560 1003
1521570 1006
1521580 1006
1521590 1009
1521600 1012
1521610 1012
1521620 1015
1521630 1017
1521640 1017
1521650 1019
1521660 1020
1521670 1021
1521680 1021
1521690 1022
1521700 1024
1521710 1024
1521720 1022
1521730 1018
1521740 1018
1521750 1017
1521760 1019
1521770 1019
1521780 1022
1521790 1027
1521800 1027
1521810 1033
1521820 1039
1521830 1044
1521840 1044
1521850 1049
1521860 1054
1521870 1054
1521880 1061
1521890 1068
1521900 1068
1521910 1074
1521920 1079
1521930 1079
1521940 1085
1521950 1089
1521960 1089
1521970 1093
1521980 1097
1521990 1097
1522000 1100
1522010 1105
1522020 1109
1522030 1109
1522040 1113
1522050 1117
1522060 1117
1522070 1121
1522080 1123
1522090 1123
1522100 1127
1522110 1128
1522120 1128
1522130 1132
1522140 1136
1522150 1136
1522160 1141
1522170 1145
1522180 1150
1522190 1150
1522200 1154
1522210 1157
1522220 1157
1522230 1158
1522240 1161
1522250 1161
1522260 1164
1522270 1167
1522280 1167
1522290 1172
1522300 1177
1522310 1177
1522320 1183
1522330 1188
1522340 1195
1522350 1195
1522360 1201
1522370 1206
1522380 1206
1522390 1212
1522400 1217
1522410 1217
1522420 1220
1522430 1223
1522440 1223
1522450 1229
1522460 1233
1522470 1233
1522480 1236
1522490 1239
1522500 1239
1522510 1243
1522520 1248
1522530 1255
1522540 1255
1522550 1266
1522560 1275
1522570 1275
1522580 1278
1522590 1280
1522600 1280
1522610 1279
1522620 1278
1522630 1278
1522640 1276
1522650 1277
1522660 1277
1522670 1279
1522680 1283
1522690 1288
1522700 1288
1522710 1294
1522720 1299
1522730 1299
1522740 1301
1522750 1304
1522760 1304
1522770 1306
1522780 1306
1522790 1306
1522800 1307
1522810 1308
1522820 1308
1522830 1309
1522840 1310
1522850 1310
1522860 1310
1522870 1310
1522880 1311
1522890 1311
1522900 1311
1522910 1314
1522920 1314
1522930 1317
1522940 1322
1522950 1322
1522960 1324
1522970 1327
1522980 1327
1522990 1330
1523000 1333
1523010 1333
1523020 1336
1523030 1338
1523040 1340
1523050 1340
1523060 1342
1523070 1345
1523080 1345
1523090 1347
1523100 1349
1523110 1349
1523120 1353
1523130 1357
1523140 1357
1523150 1361
1523160 1364
1523170 1364
1523180 1365
1523190 1369
1523200 1369
1523210 1373
1523220 1376
1523230 1381
1523240 1381
1523250 1385
1523260 1390
1523270 1390
1523280 1394
1523290 1399
1523300 1399
1523310 1403
1523320 1406
1523330 1406
1523340 1410
1523350 1413
1523360 1413
1523370 1416
1523380 1418
1523390 1419
1523400 1419
1523410 1421
1523420 1423
1523430 1423
1523440 1427
1523450 1431
1523460 1431
1523470 1435
1523480 1438
1523490 1438
1523500 1441
1523510 1444
1523520 1444
1523530 1446
1523540 1448
1523550 1448
1523560 1450
1523570 1452
1523580 1453
1523590 1453
1523600 1454
1523610 1453
1523620 1450
1523630 1449
1523640 1449
1523650 1449
1523660 1450
1523670 1451
1523680 1451
1523690 1452
1523700 1453
1523710 1453
1523720 1454
1523730 1457
1523740 1464
1523750 1464
1523760 1471
1523770 1479
1523780 1479
1523790 1487
1523800 1493
1523810 1493
1523820 1497
1523830 1500
1523840 1500
1523850 1502
1523860 1506
1523870 1506
1523880 1509
1523890 1512
1523900 1510
1523910 1510
1523920 1508
1523930 1510
1523940 1510
1523950 1510
1523960 1510
1523970 1510
1523980 1511
1523990 1512
1524000 1512
1524010 1513
1524020 1514
1524030 1514
1524040 1518
1524050 1521
1524060 1521
1524070 1523
1524080 1526
1524090 1531
1524100 1531
1524110 1538
1524120 1540
1524130 1540
1524140 1543
1524150 1549
1524160 1549
1524170 1555
1524180 1559
1524190 1559
1524200 1561
1524210 1562
1524220 1562
1524230 1566
1524240 1571
1524250 1575
1524260 1575
1524270 1576
1524280 1580
1524290 1580
1524300 1583
1524310 1585
1524320 1585
1524330 1590
1524340 1599
1524350 1599
1524360 1613
1524370 1617
1524380 1617
1524390 1618
1524400 1620
1524410 1620
1524420 1624
1524430 1628
1524440 1630
1524450 1630
1524460 1635
1524470 1640
1524480 1640
1524490 1641
1524500 1641
1524510 1641
1524520 1643
1524530 1645
1524540 1645
1524550 1646
1524560 1648
1524570 1648
1524580 1649
1524590 1648
1524600 1649
1524610 1649
1524620 1650
1524630 1651
1524640 1651
1524650 1652
1524660 1653
1524670 1653
1524680 1655
1524690 1657
1524700 1657
1524710 1660
1524720 1661
1524730 1661
1524740 1662
1524750 1664
1524760 1664
1524770 1665
1524780 1664
1524790 1660
1524800 1660
1524810 1658
1524820 1656
1524830 1656
1524840 1654
1524850 1651
1524860 1651
1524870 1650
1524880 1652
1524890 1652
1524900 1652
1524910 1650
1524920 1650
1524930 1647
1524940 1646
1524950 1643
1524960 1643
1524970 1640
1524980 1638
1524990 1638
1525000 1638
1525010 1640
1525020 1640
1525030 1643
1525040 1645
1525050 1645
1525060 1645
1525070 1643
1525080 1643
1525090 1641
1525100 1639
1525110 1639
1525120 1637
1525130 1634
1525140 1632
1525150 1632
1525160 1628
1525170 1626
1525180 1626
1525190 1625
1525200 1622
1525210 1622
1525220 1621
1525230 1620
1525240 1620
1525250 1617
1525260 1613
1525270 1613
1525280 1610
1525290 1606
1525300 1605
1525310 1605
1525320 1604
1525330 1603
1525340 1603
1525350 1602
1525360 1601
1525370 1601
1525380 1603
1525390 1604
1525400 1604
1525410 1604
1525420 1604
1525430 1604
1525440 1604
1525450 1603
1525460 1601
1525470 1601
1525480 1599
1525490 1598
1525500 1598
1525510 1596
1525520 1593
1525530 1593
1525540 1589
1525550 1586
1525560 1586
1525570 1584
1525580 1581
1525590 1581
1525600 1577
1525610 1572
1525620 1572
1525630 1567
1525640 1564
1525650 1561
1525660 1561
1525670 1557
1525680 1554
1525690 1554
1525700 1551
1525710 1549
1525720 1549
1525730 1546
1525740 1542
1525750 1542
1525760 1538
1525770 1536
1525780 1536
1525790 1533
1525800 1528
1525810 1524
1525820 1524
1525830 1521
1525840 1518
1525850 1518
1525860 1513
1525870 1510
1525880 1510
1525890 1507
1525900 1503
1525910 1503
1525920 1500
1525930 1498
1525940 1498
1525950 1496
1525960 1495
1525970 1495
1525980 1494
1525990 1491
1526000 1489
1526010 1489
1526020 1488
1526030 1487
1526040 1487
1526050 1485
1526060 1482
1526070 1482
1526080 1480
1526090 1478
1526100 1478
1526110 1476
1526120 1474
1526130 1474
1526140 1472
1526150 1470
1526160 1468
1526170 1468
1526180 1467
1526190 1468
1526200 1468
1526210 1468
1526220 1469
1526230 1469
1526240 1469
1526250 1469
1526260 1469
1526270 1469
1526280 1467
1526290 1467
1526300 1462
1526310 1456
1526320 1456
1526330 1449
1526340 1444
1526350 1443
1526360 1443
1526370 1443
1526380 1438
1526390 1438
1526400 1435
1526410 1434
1526420 1434
1526430 1432
1526440 1429
1526450 1429
1526460 1427
1526470 1423
1526480 1423
1526490 1418
1526500 1412
1526510 1407
1526520 1407
1526530 1404
1526540 1403
1526550 1403
1526560 1402
1526570 1401
1526580 1401
1526590 1400
1526600 1398
1526610 1398
1526620 1396
1526630 1394
1526640 1394
1526650 1393
1526660 1390
1526670 1390
1526680 1387
1526690 1384
1526700 1381
1526710 1381
1526720 1373
1526730 1368
1526740 1368
1526750 1362
1526760 1359
1526770 1359
1526780 1356
1526790 1355
1526800 1355
1526810 1354
1526820 1353
1526830 1353
1526840 1351
1526850 1349
1526860 1348
1526870 1348
1526880 1346
1526890 1344
1526900 1344
1526910 1341
1526920 1339
1526930 1339
1526940 1337
1526950 1337
1526960 1337
1526970 1336
1526980 1333
1526990 1333
1527000 1332
1527010 1329
1527020 1329
1527030 1327
1527040 1325
1527050 1321
1527060 1321
1527070 1319
1527080 1318
1527090 1318
1527100 1318
1527110 1318
1527120 1318
1527130 1320
1527140 1320
1527150 1320
1527160 1318
1527170 1311
1527180 1311
1527190 1306
1527200 1305
1527210 1305
1527220 1305
1527230 1306
1527240 1305
1527250 1305
1527260 1303
1527270 1303
1527280 1303
1527290 1300
1527300 1297
1527310 1297
1527320 1296
1527330 1294
1527340 1294
1527350 1292
1527360 1291
1527370 1291
1527380 1291
1527390 1292
1527400 1294
1527410 1294
1527420 1293
1527430 1287
1527440 1287
1527450 1282
1527460 1277
1527470 1277
1527480 1272
1527490 1268
1527500 1268
1527510 1266
1527520 1266
1527530 1266
1527540 1265
1527550 1263
1527560 1261
1527570 1261
1527580 1258
1527590 1256
1527600 1256
1527610 1254
1527620 1253
1527630 1253
1527640 1252
1527650 1248
1527660 1248
1527670 1243
1527680 1238
1527690 1238
1527700 1231
1527710 1225
1527720 1220
1527730 1220
1527740 1213
1527750 1206
1527760 1206
1527770 1201
1527780 1198
1527790 1198
1527800 1194
1527810 1190
1527820 1190
1527830 1185
1527840 1181
1527850 1181
1527860 1180
1527870 1181
1527880 1181
1527890 1182
1527900 1186
1527910 1189
1527920 1189
1527930 1188
1527940 1185
1527950 1185
1527960 1181
1527970 1177
1527980 1177
1527990 1172
1528000 1169
1528010 1169
1528020 1166
1528030 1164
1528040 1164
1528050 1161
1528060 1158
1528070 1156
1528080 1156
1528090 1153
1528100 1149
1528110 1149
1528120 1146
1528130 1144
1528140 1144
1528150 1142
1528160 1139
1528170 1139
1528180 1137
1528190 1136
1528200 1136
1528210 1135
1528220 1135
1528230 1135
1528240 1134
1528250 1132
1528260 1129
1528270 1129
1528280 1125
1528290 1121
1528300 1121
1528310 1117
1528320 1113
1528330 1113
1528340 1110
1528350 1107
1528360 1107
1528370 1104
1528380 1102
1528390 1102
1528400 1099
1528410 1096
1528420 1093
1528430 1093
1528440 1090
1528450 1087
1528460 1087
1528470 1083
1528480 1080
1528490 1080
1528500 1077
1528510 1072
1528520 1072
1528530 1068
1528540 1064
1528550 1064
1528560 1059
1528570 1053
1528580 1053
1528590 1048
1528600 1045
1528610 1040
1528620 1040
1528630 1034
1528640 1030
1528650 1030
1528660 1024
1528670 1020
1528680 1020
1528690 1015
1528700 1011
1528710 1011
1528720 1008
1528730 1004
1528740 1004
1528750 1003
1528760 1002
1528770 999
1528780 999
1528790 995
1528800 991
1528810 991
1528820 988
1528830 986
1528840 986
1528850 983
1528860 980
1528870 980
1528880 978
1528890 974
1528900 974
1528910 972
1528920 971
1528930 969
1528940 969
1528950 967
1528960 964
1528970 964
1528980 962
1528990 959
1529000 959
1529010 954
1529020 949
1529030 949
1529040 945
1529050 942
1529060 942
1529070 940
1529080 936
1529090 936
1529100 935
1529110 934
1529120 932
1529130 932
1529140 929
1529150 926
1529160 926
1529170 922
1529180 918
1529190 918
1529200 913
1529210 906
1529220 906
1529230 900
1529240 895
1529250 895
1529260 892
1529270 890
1529280 890
1529290 890
1529300 889
1529310 888
1529320 888
1529330 886
1529340 883
1529350 883
1529360 877
1529370 871
1529380 871
1529390 866
1529400 860
1529410 860
1529420 854
1529430 849
1529440 849
1529450 845
1529460 842
1529470 843
1529480 843
1529490 843
1529500 841
1529510 841
1529520 836
1529530 832
1529540 832
1529550 829
1529560 823
1529570 823
1529580 818
1529590 813
1529600 813
1529610 809
1529620 797
1529630 790
1529640 790
1529650 784
1529660 777
1529670 777
1529680 770
1529690 765
1529700 765
1529710 760
1529720 756
1529730 756
1529740 753
1529750 752
1529760 752
1529770 750
1529780 749
1529790 749
1529800 747
1529810 746
1529820 746
1529830 746
1529840 746
1529850 746
1529860 746
1529870 747
1529880 747
1529890 747
1529900 747
1529910 747
1529920 747
1529930 747
1529940 747
1529950 747
1529960 747
1529970 747
1529980 747
1529990 747
1530000 746
1530010 746
1530020 746
1530030 746
1530040 746
1530050 746
1530060 746
1530070 747
1530080 747
1530090 747
1530100 748
1530110 748
1530120 748
1530130 749
1530140 749
1530150 749
1530160 749
1530170 749
1530180 749
1530190 750
1530200 750
1530210 750
1530220 751
1530230 752
1530240 752
1530250 752
1530260 753
1530270 753
1530280 754
1530290 755
1530300 755
1530310 756
1530320 756
1530330 757
1530340 757
1530350 757
1530360 758
1530370 758
1530380 758
1530390 759
1530400 759
1530410 759
1530420 760
1530430 760
1530440 761
1530450 760
1530460 760
1530470 760
1530480 760
1530490 760
1530500 760
1530510 760
1530520 760
1530530 760
1530540 760
1530550 760
1530560 760
1530570 760
1530580 759
1530590 759
1530600 759
1530610 759
1530620 759
1530630 761
1530640 764
1530650 764
1530660 769
1530670 773
1530680 778
1530690 778
1530700 781
1530710 784
1530720 784
1530730 787
1530740 790
1530750 790
1530760 794
1530770 797
1530780 797
1530790 799
1530800 801
1530810 801
1530820 806
1530830 809
1530840 810
1530850 810
1530860 811
1530870 813
1530880 813
1530890 815
1530900 817
1530910 817
1530920 820
1530930 823
1530940 823
1530950 826
1530960 830
1530970 830
1530980 833
1530990 836
1531000 836
1531010 843
1531020 849
1531030 854
1531040 854
1531050 860
1531060 865
1531070 865
1531080 868
1531090 871
1531100 871
1531110 873
1531120 876
1531130 876
1531140 879
1531150 880
1531160 880
1531170 881
1531180 883
1531190 885
1531200 885
1531210 888
1531220 891
1531230 891
1531240 893
1531250 895
1531260 895
1531270 898
1531280 898
1531290 898
1531300 901
1531310 906
1531320 906
1531330 910
1531340 912
1531350 912
1531360 914
1531370 917
1531380 920
1531390 920
1531400 923
1531410 926
1531420 926
1531430 929
1531440 932
1531450 932
1531460 935
1531470 938
1531480 938
1531490 942
1531500 947
1531510 947
1531520 950
1531530 951
1531540 953
1531550 953
1531560 954
1531570 957
1531580 957
1531590 959
1531600 962
1531610 962
1531620 964
1531630 966
1531640 966
1531650 969
1531660 972
1531670 972
1531680 974
1531690 978
1531700 978
1531710 982
1531720 984
1531730 987
1531740 987
1531750 989
1531760 992
1531770 992
1531780 995
1531790 997
1531800 997
1531810 999
1531820 1002
1531830 1002
1531840 1006
1531850 1011
1531860 1011
1531870 1013
1531880 1015
1531890 1018
1531900 1018
1531910 1020
1531920 1023
1531930 1023
1531940 1026
1531950 1029
1531960 1029
1531970 1033
1531980 1037
1531990 1037
1532000 1040
1532010 1045
1532020 1045
1532030 1049
1532040 1053
1532050 1053
1532060 1057
1532070 1061
1532080 1067
1532090 1067
1532100 1072
1532110 1075
1532120 1075
1532130 1078
1532140 1082
1532150 1082
1532160 1087
1532170 1093
1532180 1093
1532190 1098
1532200 1104
1532210 1104
1532220 1109
1532230 1114
1532240 1118
1532250 1118
1532260 1123
1532270 1130
1532280 1130
1532290 1136
1532300 1142
1532310 1142
1532320 1149
1532330 1161
1532340 1161
1532350 1165
1532360 1169
1532370 1169
1532380 1174
1532390 1180
1532400 1187
1532410 1187
1532420 1194
1532430 1202
1532440 1202
1532450 1209
1532460 1216
1532470 1216
1532480 1222
1532490 1228
1532500 1228
1532510 1232
1532520 1235
1532530 1235
1532540 1237
1532550 1238
1532560 1238
1532570 1242
1532580 1247
1532590 1253
1532600 1253
1532610 1260
1532620 1267
1532630 1267
1532640 1274
1532650 1281
1532660 1281
1532670 1287
1532680 1291
1532690 1291
1532700 1296
1532710 1301
1532720 1301
1532730 1307
1532740 1312
1532750 1317
1532760 1317
1532770 1322
1532780 1326
1532790 1326
1532800 1329
1532810 1333
1532820 1333
1532830 1340
1532840 1346
1532850 1346
1532860 1353
1532870 1359
1532880 1359
1532890 1364
1532900 1370
1532910 1370
1532920 1375
1532930 1379
1532940 1382
1532950 1382
1532960 1387
1532970 1389
1532980 1389
1532990 1393
1533000 1396
1533010 1396
1533020 1400
1533030 1403
1533040 1403
1533050 1407
1533060 1411
1533070 1411
1533080 1415
1533090 1422
1533100 1428
1533110 1428
1533120 1435
1533130 1441
1533140 1441
1533150 1447
1533160 1452
1533170 1452
1533180 1456
1533190 1459
1533200 1459
1533210 1461
1533220 1465
1533230 1465
1533240 1469
1533250 1473
1533260 1473
1533270 1477
1533280 1481
1533290 1484
1533300 1484
1533310 1486
1533320 1489
1533330 1489
1533340 1491
1533350 1492
1533360 1492
1533370 1494
1533380 1497
1533390 1497
1533400 1503
1533410 1508
1533420 1508
1533430 1511
1533440 1516
1533450 1518
1533460 1518
1533470 1520
1533480 1521
1533490 1521
1533500 1522
1533510 1526
1533520 1526
1533530 1529
1533540 1532
1533550 1532
1533560 1536
1533570 1541
1533580 1541
1533590 1547
1533600 1553
1533610 1553
1533620 1559
1533630 1563
1533640 1567
1533650 1567
1533660 1571
1533670 1574
1533680 1574
1533690 1578
1533700 1581
1533710 1581
1533720 1584
1533730 1587
1533740 1587
1533750 1590
1533760 1592
1533770 1592
1533780 1595
1533790 1598
1533800 1600
1533810 1600
1533820 1603
1533830 1606
1533840 1606
1533850 1609
1533860 1612
1533870 1612
1533880 1614
1533890 1617
1533900 1617
1533910 1620
1533920 1622
1533930 1622
1533940 1625
1533950 1628
1533960 1631
1533970 1631
1533980 1635
1533990 1637
1534000 1637
1534010 1640
1534020 1643
1534030 1643
1534040 1647
1534050 1650
1534060 1650
1534070 1653
1534080 1656
1534090 1656
1534100 1659
1534110 1662
1534120 1662
1534130 1665
1534140 1668
1534150 1671
1534160 1671
1534170 1673
1534180 1675
1534190 1675
1534200 1677
1534210 1679
1534220 1679
1534230 1681
1534240 1682
1534250 1682
1534260 1683
1534270 1684
1534280 1684
1534290 1685
1534300 1685
1534310 1685
1534320 1685
1534330 1684
1534340 1684
1534350 1684
1534360 1684
1534370 1683
1534380 1683
1534390 1682
1534400 1682
1534410 1682
1534420 1681
1534430 1680
1534440 1680
1534450 1679
1534460 1678
1534470 1678
1534480 1677
1534490 1676
1534500 1676
1534510 1676
1534520 1676
1534530 1676
1534540 1676
1534550 1676
1534560 1676
1534570 1676
1534580 1676
1534590 1677
1534600 1677
1534610 1677
1534620 1678
1534630 1678
1534640 1678
1534650 1678
1534660 1678
1534670 1678
1534680 1678
1534690 1678
1534700 1678
1534710 1677
1534720 1677
1534730 1677
1534740 1676
1534750 1675
1534760 1675
1534770 1674
1534780 1672
1534790 1672
1534800 1671
1534810 1670
1534820 1670
1534830 1668
1534840 1667
1534850 1665
1534860 1665
1534870 1664
1534880 1662
1534890 1659
1534900 1657
1534910 1655
1534920 1655
1534930 1653
1534940 1651
1534950 1651
1534960 1649
1534970 1647
1534980 1647
1534990 1645
1535000 1642
1535010 1640
1535020 1640
1535030 1638
1535040 1636
1535050 1636
1535060 1633
1535070 1631
1535080 1631
1535090 1628
1535100 1625
1535110 1625
1535120 1622
1535130 1619
1535140 1619
1535150 1616
1535160 1614
1535170 1614
1535180 1611
1535190 1608
1535200 1606
1535210 1606
1535220 1603
1535230 1601
1535240 1601
1535250 1599
1535260 1597
1535270 1597
1535280 1595
1535290 1592
1535300 1592
1535310 1589
1535320 1585
1535330 1585
1535340 1579
1535350 1572
1535360 1566
1535370 1566
1535380 1560
1535390 1554
1535400 1554
1535410 1549
1535420 1545
1535430 1545
1535440 1542
1535450 1540
1535460 1540
1535470 1536
1535480 1535
1535490 1535
1535500 1538
1535510 1541
1535520 1543
1535530 1543
1535540 1545
1535550 1547
1535560 1547
1535570 1549
1535580 1552
1535590 1552
1535600 1554
1535610 1556
1535620 1556
1535630 1557
1535640 1558
1535650 1558
1535660 1558
1535670 1558
1535680 1558
1535690 1557
1535700 1556
1535710 1554
1535720 1554
1535730 1552
1535740 1550
1535750 1550
1535760 1548
1535770 1545
1535780 1545
1535790 1544
1535800 1543
1535810 1543
1535820 1542
1535830 1540
1535840 1540
1535850 1540
1535860 1540
1535870 1542
1535880 1542
1535890 1545
1535900 1548
1535910 1548
1535920 1551
1535930 1555
1535940 1555
1535950 1558
1535960 1562
1535970 1562
1535980 1567
1535990 1571
1536000 1571
1536010 1575
1536020 1579
1536030 1579
1536040 1584
1536050 1588
1536060 1592
1536070 1592
1536080 1597
1536090 1603
1536100 1603
1536110 1607
1536120 1609
1536130 1609
1536140 1610
1536150 1612
1536160 1612
1536170 1614
1536180 1615
1536190 1615
1536200 1617
1536210 1617
1536220 1618
1536230 1618
1536240 1618
1536250 1617
1536260 1617
1536270 1616
1536280 1615
1536290 1615
1536300 1614
1536310 1613
1536320 1613
1536330 1611
1536340 1609
1536350 1609
1536360 1607
1536370 1605
1536380 1605
1536390 1603
1536400 1601
1536410 1599
1536420 1599
1536430 1597
1536440 1595
1536450 1595
1536460 1592
1536470 1592
1536480 1592
1536490 1596
1536500 1601
1536510 1601
1536520 1606
1536530 1610
1536540 1610
1536550 1615
1536560 1620
1536570 1625
1536580 1625
1536590 1629
1536600 1635
1536610 1635
1536620 1640
1536630 1645
1536640 1645
1536650 1649
1536660 1652
1536670 1652
1536680 1654
1536690 1656
1536700 1656
1536710 1657
1536720 1659
1536730 1659
1536740 1660
1536750 1663
1536760 1665
1536770 1665
1536780 1667
1536790 1669
1536800 1669
1536810 1671
1536820 1673
1536830 1673
1536840 1675
1536850 1677
1536860 1677
1536870 1678
1536880 1680
1536890 1680
1536900 1681
1536910 1683
1536920 1685
1536930 1685
1536940 1688
1536950 1692
1536960 1692
1536970 1697
1536980 1703
1536990 1703
1537000 1709
1537010 1715
1537020 1715
1537030 1721
1537040 1727
1537050 1727
1537060 1732
1537070 1737
1537080 1737
1537090 1741
1537100 1746
1537110 1750
1537120 1750
1537130 1755
1537140 1760
1537150 1760
1537160 1764
1537170 1770
1537180 1770
1537190 1775
1537200 1779
1537210 1779
1537220 1783
1537230 1788
1537240 1788
1537250 1793
1537260 1799
1537270 1805
1537280 1805
1537290 1811
1537300 1816
1537310 1816
1537320 1822
1537330 1825
1537340 1825
1537350 1831
1537360 1836
1537370 1836
1537380 1841
1537390 1846
1537400 1846
1537410 1851
1537420 1857
1537430 1863
1537440 1863
1537450 1871
1537460 1878
1537470 1878
1537480 1884
1537490 1890
1537500 1890
1537510 1896
1537520 1901
1537530 1901
1537540 1906
1537550 1911
1537560 1911
1537570 1916
1537580 1920
1537590 1920
1537600 1924
1537610 1928
1537620 1931
1537630 1931
1537640 1935
1537650 1939
1537660 1939
1537670 1942
1537680 1945
1537690 1945
1537700 1948
1537710 1952
1537720 1952
1537730 1955
1537740 1958
1537750 1958
1537760 1961
1537770 1964
1537780 1967
1537790 1967
1537800 1969
1537810 1972
1537820 1972
1537830 1973
1537840 1975
1537850 1975
1537860 1977
1537870 1979
1537880 1979
1537890 1980
1537900 1981
1537910 1981
1537920 1981
1537930 1980
1537940 1980
1537950 1980
1537960 1978
1537970 1976
1537980 1976
1537990 1973
1538000 1970
1538010 1970
1538020 1967
1538030 1964
1538040 1964
1538050 1962
1538060 1959
1538070 1959
1538080 1957
1538090 1955
1538100 1955
1538110 1953
1538120 1952
1538130 1951
1538140 1951
1538150 1950
1538160 1949
1538170 1949
1538180 1949
1538190 1949
1538200 1949
1538210 1948
1538220 1948
1538230 1948
1538240 1949
1538250 1951
1538260 1951
1538270 1952
1538280 1953
1538290 1953
1538300 1954
1538310 1955
1538320 1956
1538330 1956
1538340 1958
1538350 1960
1538360 1960
1538370 1961
1538380 1963
1538390 1963
1538400 1964
1538410 1964
1538420 1964
1538430 1965
1538440 1966
1538450 1966
1538460 1967
1538470 1968
1538480 1969
1538490 1969
1538500 1970
1538510 1971
1538520 1971
1538530 1972
1538540 1974
1538550 1974
1538560 1977
1538570 1980
1538580 1980
1538590 1983
1538600 1986
1538610 1986
1538620 1989
1538630 1992
1538640 1992
1538650 1994
1538660 1996
1538670 1998
1538680 1998
1538690 2001
1538700 2004
1538710 2004
1538720 2006
1538730 2008
1538740 2008
1538750 2010
1538760 2012
1538770 2012
1538780 2014
1538790 2017
1538800 2017
1538810 2021
1538820 2024
1538830 2027
1538840 2027
1538850 2029
1538860 2033
1538870 2033
1538880 2037
1538890 2041
1538900 2041
1538910 2045
1538920 2049
1538930 2049
1538940 2052
1538950 2056
1538960 2056
1538970 2059
1538980 2063
1538990 2063
1539000 2066
1539010 2070
1539020 2073
1539030 2073
1539040 2076
1539050 2080
1539060 2080
1539070 2083
1539080 2086
1539090 2086
1539100 2090
1539110 2093
1539120 2093
1539130 2098
1539140 2101
1539150 2101
1539160 2104
1539170 2107
1539180 2111
1539190 2111
1539200 2115
1539210 2118
1539220 2118
1539230 2122
1539240 2125
1539250 2125
1539260 2128
1539270 2131
1539280 2131
1539290 2133
1539300 2135
1539310 2135
1539320 2136
1539330 2138
1539340 2140
1539350 2140
1539360 2143
1539370 2144
1539380 2144
1539390 2144
1539400 2142
1539410 2142
1539420 2139
1539430 2135
1539440 2135
1539450 2130
1539460 2124
1539470 2124
1539480 2119
1539490 2113
1539500 2113
1539510 2106
1539520 2099
1539530 2093
1539540 2093
1539550 2087
1539560 2082
1539570 2082
1539580 2075
1539590 2066
1539600 2066
1539610 2057
1539620 2048
1539630 2048
1539640 2040
1539650 2033
1539660 2033
1539670 2028
1539680 2022
1539690 2016
1539700 2016
1539710 2011
1539720 2006
1539730 2006
1539740 2002
1539750 1998
1539760 1998
1539770 1994
1539780 1991
1539790 1991
1539800 1988
1539810 1984
1539820 1984
1539830 1980
1539840 1976
1539850 1976
1539860 1974
1539870 1973
1539880 1972
1539890 1972
1539900 1972
1539910 1972
1539920 1972
1539930 1972
1539940 1973
1539950 1973
1539960 1973
1539970 1973
1539980 1973
1539990 1973
