1520000 602
1520010 601
1520020 601
1520030 601
1520040 601
1520050 601
1520060 601
1520070 601
1520080 601
1520090 601
1520100 601
1520110 601
1520120 602
1520130 602
1520140 602
1520150 602
1520160 602
1520170 602
1520180 602
1520190 602
1520200 602
1520210 602
1520220 602
1520230 603
1520240 603
1520250 603
1520260 603
1520270 603
1520280 603
1520290 603
1520300 603
1520310 603
1520320 603
1520330 603
1520340 603
1520350 603
1520360 603
1520370 603
1520380 603
1520390 604
1520400 604
1520410 604
1520420 604
1520430 604
1520440 604
1520450 604
1520460 604
1520470 607
1520480 608
1520490 613
1520500 613
1520510 620
1520520 628
1520530 628
1520540 636
1520550 644
1520560 644
1520570 652
1520580 660
1520590 660
1520600 669
1520610 679
1520620 679
1520630 694
1520640 707
1520650 707
1520660 718
1520670 726
1520680 733
1520690 733
1520700 745
1520710 748
1520720 748
1520730 748
1520740 747
1520750 747
1520760 747
1520770 749
1520780 749
1520790 751
1520800 754
1520810 754
1520820 756
1520830 758
1520840 761
1520850 761
1520860 766
1520870 770
1520880 770
1520890 775
1520900 782
1520910 782
1520920 787
1520930 793
1520940 793
1520950 799
1520960 803
1520970 803
1520980 807
1520990 809
1521000 809
1521010 812
1521020 816
1521030 820
1521040 820
1521050 824
1521060 824
1521070 824
1521080 823
1521090 823
1521100 823
1521110 829
1521120 836
1521130 836
1521140 842
1521150 846
1521160 846
1521170 849
1521180 852
1521190 856
1521200 856
1521210 859
1521220 862
1521230 862
1521240 866
1521250 871
1521260 871
1521270 877
1521280 881
1521290 881
1521300 885
1521310 888
1521320 888
1521330 890
1521340 893
1521350 896
1521360 896
1521370 898
1521380 901
1521390 901
1521400 905
1521410 910
1521420 910
1521430 917
1521440 924
1521450 924
1521460 928
1521470 931
1521480 931
1521490 932
1521500 935
1521510 935
1521520 937
1521530 940
1521540 944
1521550 944
1521560 949
1521570 953
1521580 953
1521590 958
1521600 963
1521610 963
1521620 966
1521630 969
1521640 969
1521650 974
1521660 978
1521670 978
1521680 983
1521690 989
1521700 994
1521710 994
1521720 999
1521730 1003
1521740 1003
1521750 1008
1521760 1010
1521770 1010
1521780 1014
1521790 1018
1521800 1018
1521810 1022
1521820 1025
1521830 1025
1521840 1028
1521850 1032
1521860 1032
1521870 1037
1521880 1043
1521890 1049
1521900 1049
1521910 1052
1521920 1058
1521930 1058
1521940 1063
1521950 1066
1521960 1066
1521970 1071
1521980 1076
1521990 1076
1522000 1080
1522010 1084
1522020 1084
1522030 1086
1522040 1087
1522050 1088
1522060 1088
1522070 1088
1522080 1089
1522090 1089
1522100 1091
1522110 1093
1522120 1093
1522130 1096
1522140 1100
1522150 1100
1522160 1102
1522170 1105
1522180 1105
1522190 1107
1522200 1108
1522210 1108
1522220 1110
1522230 1112
1522240 1113
1522250 1113
1522260 1116
1522270 1120
1522280 1120
1522290 1123
1522300 1127
1522310 1127
1522320 1130
1522330 1132
1522340 1132
1522350 1134
1522360 1136
1522370 1136
1522380 1141
1522390 1147
1522400 1151
1522410 1151
1522420 1155
1522430 1161
1522440 1161
1522450 1167
1522460 1171
1522470 1171
1522480 1175
1522490 1181
1522500 1181
1522510 1187
1522520 1193
1522530 1193
1522540 1199
1522550 1206
1522560 1206
1522570 1215
1522580 1222
1522590 1227
1522600 1227
1522610 1230
1522620 1232
1522630 1232
1522640 1235
1522650 1237
1522660 1237
1522670 1239
1522680 1242
1522690 1242
1522700 1246
1522710 1251
1522720 1251
1522730 1256
1522740 1261
1522750 1266
1522760 1266
1522770 1271
1522780 1276
1522790 1276
1522800 1280
1522810 1283
1522820 1283
1522830 1285
1522840 1288
1522850 1288
1522860 1292
1522870 1296
1522880 1296
1522890 1301
1522900 1306
1522910 1306
1522920 1310
1522930 1315
1522940 1318
1522950 1318
1522960 1322
1522970 1326
1522980 1326
1522990 1329
1523000 1333
1523010 1333
1523020 1338
1523030 1342
1523040 1342
1523050 1346
1523060 1348
1523070 1348
1523080 1350
1523090 1352
1523100 1355
1523110 1355
1523120 1357
1523130 1359
1523140 1359
1523150 1361
1523160 1363
1523170 1363
1523180 1365
1523190 1366
1523200 1366
1523210 1367
1523220 1370
1523230 1370
1523240 1373
1523250 1375
1523260 1376
1523270 1376
1523280 1375
1523290 1373
1523300 1373
1523310 1373
1523320 1374
1523330 1374
1523340 1376
1523350 1378
1523360 1378
1523370 1380
1523380 1383
1523390 1383
1523400 1386
1523410 1389
1523420 1389
1523430 1392
1523440 1394
1523450 1396
1523460 1396
1523470 1398
1523480 1399
1523490 1399
1523500 1401
1523510 1400
1523520 1400
1523530 1399
1523540 1401
1523550 1401
1523560 1403
1523570 1405
1523580 1405
1523590 1407
1523600 1408
1523610 1409
1523620 1409
1523630 1411
1523640 1414
1523650 1414
1523660 1419
1523670 1424
1523680 1424
1523690 1426
1523700 1425
1523710 1425
1523720 1425
1523730 1425
1523740 1425
1523750 1424
1523760 1424
1523770 1424
1523780 1424
1523790 1424
1523800 1423
1523810 1423
1523820 1424
1523830 1427
1523840 1427
1523850 1431
1523860 1436
1523870 1436
1523880 1438
1523890 1439
1523900 1439
1523910 1441
1523920 1444
1523930 1444
1523940 1446
1523950 1449
1523960 1452
1523970 1452
1523980 1454
1523990 1458
1524000 1458
1524010 1461
1524020 1463
1524030 1463
1524040 1465
1524050 1468
1524060 1468
1524070 1474
1524080 1476
1524090 1476
1524100 1478
1524110 1480
1524120 1480
1524130 1482
1524140 1485
1524150 1488
1524160 1488
1524170 1493
1524180 1498
1524190 1498
1524200 1504
1524210 1509
1524220 1509
1524230 1515
1524240 1520
1524250 1520
1524260 1523
1524270 1526
1524280 1526
1524290 1529
1524300 1532
1524310 1536
1524320 1536
1524330 1540
1524340 1542
1524350 1542
1524360 1545
1524370 1547
1524380 1547
1524390 1550
1524400 1554
1524410 1554
1524420 1558
1524430 1561
1524440 1561
1524450 1563
1524460 1565
1524470 1565
1524480 1565
1524490 1565
1524500 1565
1524510 1565
1524520 1565
1524530 1566
1524540 1566
1524550 1571
1524560 1575
1524570 1575
1524580 1576
1524590 1576
1524600 1576
1524610 1578
1524620 1579
1524630 1579
1524640 1580
1524650 1581
1524660 1580
1524670 1580
1524680 1578
1524690 1575
1524700 1575
1524710 1573
1524720 1570
1524730 1570
1524740 1568
1524750 1565
1524760 1565
1524770 1561
1524780 1558
1524790 1558
1524800 1556
1524810 1554
1524820 1554
1524830 1552
1524840 1554
1524850 1557
1524860 1557
1524870 1560
1524880 1561
1524890 1561
1524900 1563
1524910 1565
1524920 1565
1524930 1564
1524940 1563
1524950 1563
1524960 1562
1524970 1562
1524980 1562
1524990 1562
1525000 1562
1525010 1558
1525020 1558
1525030 1559
1525040 1559
1525050 1559
1525060 1559
1525070 1559
1525080 1559
1525090 1560
1525100 1560
1525110 1560
1525120 1561
1525130 1562
1525140 1562
1525150 1563
1525160 1562
1525170 1559
1525180 1559
1525190 1555
1525200 1552
1525210 1552
1525220 1551
1525230 1550
1525240 1550
1525250 1550
1525260 1549
1525270 1549
1525280 1546
1525290 1543
1525300 1543
1525310 1541
1525320 1538
1525330 1538
1525340 1534
1525350 1529
1525360 1523
1525370 1523
1525380 1518
1525390 1513
1525400 1513
1525410 1508
1525420 1504
1525430 1504
1525440 1500
1525450 1496
1525460 1496
1525470 1495
1525480 1494
1525490 1494
1525500 1493
1525510 1493
1525520 1492
1525530 1492
1525540 1490
1525550 1490
1525560 1490
1525570 1489
1525580 1488
1525590 1488
1525600 1487
1525610 1485
1525620 1485
1525630 1483
1525640 1479
1525650 1479
1525660 1475
1525670 1471
1525680 1471
1525690 1468
1525700 1467
1525710 1466
1525720 1466
1525730 1466
1525740 1465
1525750 1465
1525760 1465
1525770 1462
1525780 1462
1525790 1458
1525800 1456
1525810 1456
1525820 1455
1525830 1455
1525840 1455
1525850 1454
1525860 1452
1525870 1448
1525880 1448
1525890 1445
1525900 1442
1525910 1442
1525920 1439
1525930 1437
1525940 1437
1525950 1436
1525960 1435
1525970 1435
1525980 1434
1525990 1431
1526000 1431
1526010 1428
1526020 1424
1526030 1424
1526040 1419
1526050 1414
1526060 1409
1526070 1409
1526080 1405
1526090 1403
1526100 1403
1526110 1401
1526120 1398
1526130 1398
1526140 1396
1526150 1394
1526160 1394
1526170 1393
1526180 1393
1526190 1393
1526200 1391
1526210 1388
1526220 1386
1526230 1386
1526240 1384
1526250 1382
1526260 1382
1526270 1378
1526280 1377
1526290 1377
1526300 1377
1526310 1375
1526320 1375
1526330 1372
1526340 1370
1526350 1370
1526360 1367
1526370 1366
1526380 1366
1526390 1364
1526400 1363
1526410 1361
1526420 1361
1526430 1359
1526440 1357
1526450 1357
1526460 1354
1526470 1351
1526480 1351
1526490 1348
1526500 1347
1526510 1347
1526520 1347
1526530 1346
1526540 1346
1526550 1344
1526560 1342
1526570 1340
1526580 1340
1526590 1338
1526600 1337
1526610 1337
1526620 1333
1526630 1329
1526640 1329
1526650 1326
1526660 1325
1526670 1325
1526680 1325
1526690 1322
1526700 1322
1526710 1319
1526720 1316
1526730 1316
1526740 1313
1526750 1309
1526760 1307
1526770 1307
1526780 1304
1526790 1301
1526800 1301
1526810 1296
1526820 1291
1526830 1291
1526840 1289
1526850 1287
1526860 1287
1526870 1283
1526880 1279
1526890 1279
1526900 1274
1526910 1267
1526920 1262
1526930 1262
1526940 1258
1526950 1257
1526960 1257
1526970 1257
1526980 1258
1526990 1258
1527000 1257
1527010 1255
1527020 1255
1527030 1252
1527040 1248
1527050 1248
1527060 1246
1527070 1244
1527080 1242
1527090 1242
1527100 1239
1527110 1236
1527120 1236
1527130 1233
1527140 1231
1527150 1231
1527160 1229
1527170 1227
1527180 1227
1527190 1225
1527200 1222
1527210 1222
1527220 1220
1527230 1217
1527240 1217
1527250 1214
1527260 1210
1527270 1207
1527280 1207
1527290 1203
1527300 1197
1527310 1197
1527320 1192
1527330 1186
1527340 1186
1527350 1182
1527360 1176
1527370 1176
1527380 1173
1527390 1172
1527400 1172
1527410 1170
1527420 1170
1527430 1169
1527440 1169
1527450 1167
1527460 1164
1527470 1164
1527480 1163
1527490 1162
1527500 1162
1527510 1161
1527520 1161
1527530 1161
1527540 1160
1527550 1158
1527560 1158
1527570 1157
1527580 1155
1527590 1155
1527600 1154
1527610 1152
1527620 1149
1527630 1149
1527640 1149
1527650 1147
1527660 1147
1527670 1143
1527680 1141
1527690 1141
1527700 1138
1527710 1136
1527720 1136
1527730 1135
1527740 1134
1527750 1134
1527760 1133
1527770 1131
1527780 1128
1527790 1128
1527800 1124
1527810 1120
1527820 1120
1527830 1115
1527840 1112
1527850 1112
1527860 1108
1527870 1106
1527880 1106
1527890 1103
1527900 1097
1527910 1097
1527920 1090
1527930 1083
1527940 1083
1527950 1075
1527960 1068
1527970 1059
1527980 1059
1527990 1049
1528000 1042
1528010 1042
1528020 1038
1528030 1027
1528040 1027
1528050 1023
1528060 1020
1528070 1020
1528080 1015
1528090 1010
1528100 1010
1528110 1006
1528120 1001
1528130 995
1528140 995
1528150 990
1528160 994
1528170 994
1528180 997
1528190 997
1528200 997
1528210 996
1528220 995
1528230 995
1528240 995
1528250 995
1528260 995
1528270 996
1528280 995
1528290 995
1528300 992
1528310 987
1528320 980
1528330 980
1528340 976
1528350 977
1528360 977
1528370 977
1528380 979
1528390 979
1528400 979
1528410 976
1528420 976
1528430 972
1528440 969
1528450 969
1528460 967
1528470 964
1528480 961
1528490 961
1528500 957
1528510 953
1528520 953
1528530 947
1528540 942
1528550 942
1528560 937
1528570 933
1528580 933
1528590 931
1528600 928
1528610 928
1528620 924
1528630 920
1528640 920
1528650 918
1528660 916
1528670 911
1528680 911
1528690 909
1528700 907
1528710 907
1528720 903
1528730 901
1528740 901
1528750 898
1528760 896
1528770 896
1528780 893
1528790 891
1528800 891
1528810 889
1528820 887
1528830 885
1528840 885
1528850 883
1528860 879
1528870 879
1528880 875
1528890 872
1528900 872
1528910 871
1528920 872
1528930 872
1528940 873
1528950 872
1528960 872
1528970 870
1528980 868
1528990 866
1529000 866
1529010 863
1529020 860
1529030 860
1529040 859
1529050 857
1529060 857
1529070 855
1529080 853
1529090 853
1529100 849
1529110 847
1529120 847
1529130 842
1529140 838
1529150 838
1529160 836
1529170 834
1529180 832
1529190 832
1529200 830
1529210 827
1529220 827
1529230 820
1529240 816
1529250 816
1529260 814
1529270 810
1529280 810
1529290 806
1529300 802
1529310 802
1529320 799
1529330 796
1529340 792
1529350 792
1529360 788
1529370 783
1529380 783
1529390 780
1529400 774
1529410 774
1529420 769
1529430 762
1529440 762
1529450 758
1529460 756
1529470 756
1529480 754
1529490 753
1529500 753
1529510 752
1529520 751
1529530 750
1529540 750
1529550 748
1529560 747
1529570 747
1529580 746
1529590 745
1529600 745
1529610 744
1529620 743
1529630 743
1529640 743
1529650 742
1529660 742
1529670 741
1529680 741
1529690 740
1529700 740
1529710 739
1529720 739
1529730 739
1529740 738
1529750 738
1529760 738
1529770 738
1529780 738
1529790 738
1529800 738
1529810 738
1529820 738
1529830 738
1529840 738
1529850 738
1529860 739
1529870 740
1529880 740
1529890 740
1529900 740
1529910 740
1529920 740
1529930 741
1529940 741
1529950 741
1529960 741
1529970 742
1529980 742
1529990 742
1530000 743
1530010 743
1530020 744
1530030 744
1530040 745
1530050 745
1530060 746
1530070 746
1530080 746
1530090 747
1530100 748
1530110 748
1530120 749
1530130 750
1530140 750
1530150 751
1530160 752
1530170 752
1530180 753
1530190 754
1530200 754
1530210 755
1530220 756
1530230 757
1530240 757
1530250 758
1530260 760
1530270 760
1530280 761
1530290 762
1530300 762
1530310 763
1530320 765
1530330 765
1530340 765
1530350 765
1530360 765
1530370 767
1530380 768
1530390 769
1530400 769
1530410 771
1530420 772
1530430 772
1530440 774
1530450 777
1530460 777
1530470 778
1530480 781
1530490 781
1530500 783
1530510 783
1530520 783
1530530 782
1530540 782
1530550 782
1530560 784
1530570 785
1530580 786
1530590 786
1530600 786
1530610 792
1530620 792
1530630 800
1530640 810
1530650 810
1530660 820
1530670 829
1530680 829
1530690 834
1530700 839
1530710 839
1530720 844
1530730 848
1530740 854
1530750 854
1530760 861
1530770 869
1530780 869
1530790 874
1530800 878
1530810 878
1530820 883
1530830 886
1530840 886
1530850 889
1530860 893
1530870 893
1530880 896
1530890 899
1530900 902
1530910 902
1530920 904
1530930 907
1530940 907
1530950 910
1530960 913
1530970 913
1530980 916
1530990 920
1531000 920
1531010 923
1531020 928
1531030 928
1531040 932
1531050 935
1531060 935
1531070 939
1531080 943
1531090 947
1531100 947
1531110 951
1531120 956
1531130 956
1531140 961
1531150 965
1531160 965
1531170 970
1531180 972
1531190 972
1531200 973
1531210 972
1531220 972
1531230 973
1531240 973
1531250 975
1531260 975
1531270 977
1531280 980
1531290 980
1531300 982
1531310 983
1531320 983
1531330 983
1531340 983
1531350 983
1531360 982
1531370 982
1531380 982
1531390 982
1531400 985
1531410 985
1531420 986
1531430 988
1531440 990
1531450 990
1531460 993
1531470 996
1531480 996
1531490 1000
1531500 1007
1531510 1007
1531520 1011
1531530 1016
1531540 1016
1531550 1020
1531560 1023
1531570 1023
1531580 1026
1531590 1029
1531600 1032
1531610 1032
1531620 1036
1531630 1040
1531640 1040
1531650 1043
1531660 1047
1531670 1047
1531680 1051
1531690 1054
1531700 1054
1531710 1057
1531720 1060
1531730 1060
1531740 1062
1531750 1063
1531760 1063
1531770 1065
1531780 1066
1531790 1068
1531800 1068
1531810 1071
1531820 1074
1531830 1074
1531840 1076
1531850 1078
1531860 1078
1531870 1080
1531880 1082
1531890 1082
1531900 1084
1531910 1088
1531920 1088
1531930 1091
1531940 1094
1531950 1098
1531960 1098
1531970 1101
1531980 1105
1531990 1105
1532000 1108
1532010 1112
1532020 1112
1532030 1115
1532040 1119
1532050 1119
1532060 1122
1532070 1125
1532080 1125
1532090 1129
1532100 1134
1532110 1134
1532120 1139
1532130 1145
1532140 1150
1532150 1150
1532160 1155
1532170 1159
1532180 1159
1532190 1163
1532200 1168
1532210 1168
1532220 1173
1532230 1178
1532240 1178
1532250 1182
1532260 1188
1532270 1188
1532280 1193
1532290 1198
1532300 1204
1532310 1204
1532320 1209
1532330 1214
1532340 1214
1532350 1221
1532360 1228
1532370 1228
1532380 1233
1532390 1238
1532400 1238
1532410 1242
1532420 1246
1532430 1246
1532440 1249
1532450 1253
1532460 1253
1532470 1256
1532480 1258
1532490 1261
1532500 1261
1532510 1262
1532520 1264
1532530 1264
1532540 1266
1532550 1268
1532560 1268
1532570 1270
1532580 1272
1532590 1272
1532600 1275
1532610 1276
1532620 1276
1532630 1278
1532640 1280
1532650 1283
1532660 1283
1532670 1285
1532680 1287
1532690 1287
1532700 1290
1532710 1292
1532720 1292
1532730 1295
1532740 1299
1532750 1299
1532760 1302
1532770 1306
1532780 1306
1532790 1308
1532800 1310
1532810 1312
1532820 1312
1532830 1316
1532840 1320
1532850 1320
1532860 1323
1532870 1327
1532880 1327
1532890 1331
1532900 1334
1532910 1334
1532920 1338
1532930 1345
1532940 1345
1532950 1352
1532960 1358
1532970 1358
1532980 1363
1532990 1368
1533000 1373
1533010 1373
1533020 1377
1533030 1380
1533040 1380
1533050 1382
1533060 1385
1533070 1385
1533080 1387
1533090 1389
1533100 1389
1533110 1392
1533120 1396
1533130 1396
1533140 1399
1533150 1402
1533160 1406
1533170 1406
1533180 1409
1533190 1413
1533200 1413
1533210 1417
1533220 1420
1533230 1420
1533240 1424
1533250 1427
1533260 1427
1533270 1430
1533280 1432
1533290 1432
1533300 1434
1533310 1435
1533320 1435
1533330 1436
1533340 1438
1533350 1439
1533360 1439
1533370 1441
1533380 1443
1533390 1443
1533400 1445
1533410 1446
1533420 1446
1533430 1449
1533440 1452
1533450 1452
1533460 1458
1533470 1462
1533480 1462
1533490 1466
1533500 1472
1533510 1475
1533520 1475
1533530 1478
1533540 1482
1533550 1482
1533560 1487
1533570 1491
1533580 1491
1533590 1494
1533600 1499
1533610 1499
1533620 1504
1533630 1509
1533640 1509
1533650 1512
1533660 1517
1533670 1517
1533680 1521
1533690 1524
1533700 1528
1533710 1528
1533720 1531
1533730 1534
1533740 1534
1533750 1538
1533760 1542
1533770 1542
1533780 1545
1533790 1548
1533800 1548
1533810 1552
1533820 1556
1533830 1556
1533840 1559
1533850 1562
1533860 1564
1533870 1564
1533880 1565
1533890 1567
1533900 1567
1533910 1568
1533920 1571
1533930 1571
1533940 1574
1533950 1576
1533960 1576
1533970 1579
1533980 1581
1533990 1581
1534000 1584
1534010 1587
1534020 1587
1534030 1590
1534040 1595
1534050 1600
1534060 1600
1534070 1604
1534080 1609
1534090 1609
1534100 1613
1534110 1615
1534120 1615
1534130 1616
1534140 1617
1534150 1617
1534160 1618
1534170 1619
1534180 1619
1534190 1620
1534200 1620
1534210 1620
1534220 1620
1534230 1622
1534240 1624
1534250 1624
1534260 1626
1534270 1626
1534280 1626
1534290 1625
1534300 1624
1534310 1624
1534320 1624
1534330 1625
1534340 1625
1534350 1624
1534360 1624
1534370 1624
1534380 1624
1534390 1624
1534400 1624
1534410 1624
1534420 1623
1534430 1622
1534440 1622
1534450 1621
1534460 1621
1534470 1621
1534480 1620
1534490 1619
1534500 1619
1534510 1618
1534520 1618
1534530 1618
1534540 1617
1534550 1615
1534560 1613
1534570 1613
1534580 1613
1534590 1614
1534600 1614
1534610 1615
1534620 1615
1534630 1615
1534640 1615
1534650 1615
1534660 1615
1534670 1614
1534680 1614
1534690 1614
1534700 1614
1534710 1614
1534720 1614
1534730 1614
1534740 1612
1534750 1611
1534760 1611
1534770 1610
1534780 1608
1534790 1608
1534800 1606
1534810 1603
1534820 1603
1534830 1600
1534840 1597
1534850 1597
1534860 1594
1534870 1592
1534880 1592
1534890 1588
1534900 1585
1534910 1582
1534920 1582
1534930 1579
1534940 1577
1534950 1577
1534960 1575
1534970 1573
1534980 1573
1534990 1571
1535000 1571
1535010 1571
1535020 1570
1535030 1569
1535040 1569
1535050 1568
1535060 1567
1535070 1566
1535080 1566
1535090 1565
1535100 1563
1535110 1563
1535120 1562
1535130 1560
1535140 1560
1535150 1559
1535160 1558
1535170 1558
1535180 1557
1535190 1556
1535200 1556
1535210 1554
1535220 1553
1535230 1553
1535240 1551
1535250 1550
1535260 1548
1535270 1548
1535280 1547
1535290 1546
1535300 1546
1535310 1544
1535320 1543
1535330 1543
1535340 1542
1535350 1541
1535360 1541
1535370 1540
1535380 1539
1535390 1539
1535400 1536
1535410 1535
1535420 1534
1535430 1534
1535440 1533
1535450 1533
1535460 1533
1535470 1532
1535480 1531
1535490 1531
1535500 1530
1535510 1529
1535520 1529
1535530 1528
1535540 1526
1535550 1526
1535560 1523
1535570 1520
1535580 1520
1535590 1517
1535600 1514
1535610 1511
1535620 1511
1535630 1509
1535640 1512
1535650 1512
1535660 1515
1535670 1516
1535680 1516
1535690 1516
1535700 1517
1535710 1517
1535720 1517
1535730 1518
1535740 1518
1535750 1519
1535760 1524
1535770 1529
1535780 1529
1535790 1534
1535800 1541
1535810 1541
1535820 1546
1535830 1551
1535840 1551
1535850 1553
1535860 1557
1535870 1557
1535880 1560
1535890 1563
1535900 1563
1535910 1565
1535920 1567
1535930 1567
1535940 1570
1535950 1573
1535960 1575
1535970 1575
1535980 1576
1535990 1578
1536000 1578
1536010 1580
1536020 1581
1536030 1581
1536040 1582
1536050 1582
1536060 1582
1536070 1582
1536080 1581
1536090 1581
1536100 1580
1536110 1579
1536120 1576
1536130 1576
1536140 1573
1536150 1571
1536160 1571
1536170 1567
1536180 1564
1536190 1564
1536200 1562
1536210 1559
1536220 1559
1536230 1557
1536240 1554
1536250 1554
1536260 1550
1536270 1547
1536280 1547
1536290 1545
1536300 1544
1536310 1543
1536320 1543
1536330 1542
1536340 1543
1536350 1543
1536360 1545
1536370 1548
1536380 1548
1536390 1550
1536400 1552
1536410 1552
1536420 1553
1536430 1556
1536440 1556
1536450 1558
1536460 1560
1536470 1562
1536480 1562
1536490 1564
1536500 1566
1536510 1566
1536520 1567
1536530 1569
1536540 1569
1536550 1571
1536560 1573
1536570 1573
1536580 1575
1536590 1577
1536600 1577
1536610 1580
1536620 1582
1536630 1582
1536640 1585
1536650 1588
1536660 1591
1536670 1591
1536680 1594
1536690 1598
1536700 1598
1536710 1600
1536720 1603
1536730 1603
1536740 1606
1536750 1609
1536760 1609
1536770 1612
1536780 1615
1536790 1615
1536800 1618
1536810 1621
1536820 1624
1536830 1624
1536840 1627
1536850 1631
1536860 1631
1536870 1634
1536880 1638
1536890 1638
1536900 1640
1536910 1644
1536920 1644
1536930 1649
1536940 1654
1536950 1654
1536960 1660
1536970 1666
1536980 1671
1536990 1671
1537000 1677
1537010 1683
1537020 1683
1537030 1689
1537040 1696
1537050 1696
1537060 1702
1537070 1708
1537080 1708
1537090 1714
1537100 1720
1537110 1720
1537120 1726
1537130 1731
1537140 1731
1537150 1737
1537160 1743
1537170 1749
1537180 1749
1537190 1755
1537200 1760
1537210 1760
1537220 1767
1537230 1774
1537240 1774
1537250 1779
1537260 1785
1537270 1785
1537280 1791
1537290 1797
1537300 1797
1537310 1803
1537320 1809
1537330 1814
1537340 1814
1537350 1819
1537360 1824
1537370 1824
1537380 1830
1537390 1835
1537400 1835
1537410 1840
1537420 1845
1537430 1845
1537440 1849
1537450 1854
1537460 1854
1537470 1860
1537480 1865
1537490 1865
1537500 1869
1537510 1873
1537520 1878
1537530 1878
1537540 1882
1537550 1885
1537560 1885
1537570 1889
1537580 1892
1537590 1892
1537600 1896
1537610 1900
1537620 1900
1537630 1903
1537640 1906
1537650 1906
1537660 1910
1537670 1914
1537680 1917
1537690 1917
1537700 1920
1537710 1923
1537720 1923
1537730 1925
1537740 1927
1537750 1927
1537760 1929
1537770 1931
1537780 1931
1537790 1932
1537800 1933
1537810 1933
1537820 1932
1537830 1928
1537840 1928
1537850 1922
1537860 1918
1537870 1913
1537880 1913
1537890 1909
1537900 1904
1537910 1904
1537920 1900
1537930 1895
1537940 1895
1537950 1891
1537960 1888
1537970 1888
1537980 1885
1537990 1883
1538000 1883
1538010 1882
1538020 1880
1538030 1877
1538040 1877
1538050 1874
1538060 1871
1538070 1871
1538080 1867
1538090 1864
1538100 1864
1538110 1860
1538120 1857
1538130 1857
1538140 1857
1538150 1856
1538160 1856
1538170 1856
1538180 1856
1538190 1856
1538200 1856
1538210 1854
1538220 1853
1538230 1853
1538240 1852
1538250 1852
1538260 1852
1538270 1852
1538280 1853
1538290 1853
1538300 1853
1538310 1854
1538320 1854
1538330 1857
1538340 1858
1538350 1858
1538360 1858
1538370 1855
1538380 1856
1538390 1856
1538400 1859
1538410 1864
1538420 1864
1538430 1870
1538440 1876
1538450 1876
1538460 1880
1538470 1884
1538480 1884
1538490 1889
1538500 1892
1538510 1892
1538520 1894
1538530 1896
1538540 1896
1538550 1900
1538560 1902
1538570 1904
1538580 1904
1538590 1908
1538600 1911
1538610 1911
1538620 1913
1538630 1916
1538640 1916
1538650 1919
1538660 1923
1538670 1923
1538680 1927
1538690 1931
1538700 1931
1538710 1935
1538720 1939
1538730 1943
1538740 1943
1538750 1946
1538760 1949
1538770 1949
1538780 1952
1538790 1955
1538800 1955
1538810 1959
1538820 1962
1538830 1962
1538840 1966
1538850 1970
1538860 1970
1538870 1974
1538880 1978
1538890 1978
1538900 1982
1538910 1986
1538920 1991
1538930 1991
1538940 1996
1538950 2001
1538960 2001
1538970 2007
1538980 2012
1538990 2012
1539000 2017
1539010 2023
1539020 2023
1539030 2028
1539040 2033
1539050 2033
1539060 2038
1539070 2043
1539080 2047
1539090 2047
1539100 2052
1539110 2057
1539120 2057
1539130 2061
1539140 2065
1539150 2065
1539160 2069
1539170 2073
1539180 2073
1539190 2077
1539200 2081
1539210 2081
1539220 2084
1539230 2087
1539240 2089
1539250 2089
1539260 2091
1539270 2092
1539280 2092
1539290 2094
1539300 2097
1539310 2097
1539320 2101
1539330 2101
1539340 2101
1539350 2099
1539360 2099
1539370 2099
1539380 2100
1539390 2100
1539400 2100
1539410 2098
1539420 2097
1539430 2094
1539440 2094
1539450 2091
1539460 2089
1539470 2089
1539480 2087
1539490 2086
1539500 2086
1539510 2085
1539520 2081
1539530 2081
1539540 2073
1539550 2068
1539560 2068
1539570 2063
1539580 2060
1539590 2057
1539600 2057
1539610 2054
1539620 2051
1539630 2051
1539640 2049
1539650 2048
1539660 2048
1539670 2047
1539680 2047
1539690 2047
1539700 2045
1539710 2043
1539720 2043
1539730 2042
1539740 2040
1539750 2040
1539760 2038
1539770 2037
1539780 2036
1539790 2036
1539800 2035
1539810 2034
1539820 2034
1539830 2034
1539840 2033
1539850 2033
1539860 2033
1539870 2033
1539880 2033
1539890 2033
1539900 2032
1539910 2032
1539920 2032
1539930 2031
1539940 2030
1539950 2030
1539960 2029
1539970 2027
1539980 2027
1539990 2027
