1520000 659
1520010 659
1520020 660
1520030 661
1520040 661
1520050 661
1520060 660
1520070 660
1520080 660
1520090 660
1520100 660
1520110 660
1520120 660
1520130 660
1520140 660
1520150 660
1520160 661
1520170 661
1520180 660
1520190 660
1520200 660
1520210 659
1520220 659
1520230 659
1520240 658
1520250 656
1520260 656
1520270 656
1520280 655
1520290 655
1520300 655
1520310 653
1520320 651
1520330 651
1520340 650
1520350 647
1520360 647
1520370 646
1520380 644
1520390 644
1520400 642
1520410 639
1520420 639
1520430 637
1520440 636
1520450 636
1520460 634
1520470 632
1520480 631
1520490 631
1520500 630
1520510 629
1520520 629
1520530 628
1520540 628
1520550 628
1520560 628
1520570 627
1520580 627
1520590 626
1520600 626
1520610 626
1520620 625
1520630 625
1520640 625
1520650 625
1520660 624
1520670 624
1520680 624
1520690 622
1520700 620
1520710 620
1520720 620
1520730 620
1520740 620
1520750 619
1520760 618
1520770 618
1520780 618
1520790 618
1520800 618
1520810 617
1520820 617
1520830 616
1520840 616
1520850 616
1520860 615
1520870 615
1520880 614
1520890 614
1520900 614
1520910 615
1520920 615
1520930 615
1520940 614
1520950 613
1520960 613
1520970 615
1520980 615
1520990 615
1521000 615
1521010 615
1521020 615
1521030 615
1521040 615
1521050 615
1521060 615
1521070 614
1521080 615
1521090 615
1521100 615
1521110 615
1521120 615
1521130 615
1521140 615
1521150 615
1521160 615
1521170 615
1521180 615
1521190 615
1521200 615
1521210 615
1521220 615
1521230 615
1521240 616
1521250 616
1521260 616
1521270 616
1521280 616
1521290 616
1521300 616
1521310 616
1521320 616
1521330 616
1521340 616
1521350 616
1521360 617
1521370 617
1521380 617
1521390 618
1521400 618
1521410 618
1521420 618
1521430 618
1521440 618
1521450 618
1521460 618
1521470 618
1521480 618
1521490 618
1521500 618
1521510 620
1521520 621
1521530 624
1521540 624
1521550 629
1521560 631
1521570 631
1521580 632
1521590 635
1521600 635
1521610 641
1521620 649
1521630 649
1521640 654
1521650 661
1521660 661
1521670 666
1521680 672
1521690 677
1521700 677
1521710 680
1521720 684
1521730 684
1521740 687
1521750 691
1521760 691
1521770 692
1521780 693
1521790 693
1521800 692
1521810 691
1521820 691
1521830 690
1521840 693
1521850 693
1521860 700
1521870 707
1521880 710
1521890 710
1521900 714
1521910 719
1521920 719
1521930 725
1521940 730
1521950 730
1521960 739
1521970 749
1521980 749
1521990 758
1522000 765
1522010 765
1522020 772
1522030 779
1522040 785
1522050 785
1522060 791
1522070 797
1522080 797
1522090 802
1522100 806
1522110 806
1522120 811
1522130 814
1522140 814
1522150 818
1522160 822
1522170 822
1522180 827
1522190 830
1522200 830
1522210 833
1522220 836
1522230 840
1522240 840
1522250 844
1522260 847
1522270 847
1522280 849
1522290 850
1522300 850
1522310 852
1522320 855
1522330 855
1522340 858
1522350 861
1522360 861
1522370 863
1522380 865
1522390 868
1522400 868
1522410 871
1522420 874
1522430 874
1522440 878
1522450 884
1522460 884
1522470 889
1522480 894
1522490 894
1522500 903
1522510 911
1522520 911
1522530 916
1522540 920
1522550 920
1522560 925
1522570 928
1522580 935
1522590 935
1522600 942
1522610 947
1522620 947
1522630 950
1522640 953
1522650 953
1522660 956
1522670 961
1522680 961
1522690 968
1522700 973
1522710 973
1522720 980
1522730 985
1522740 991
1522750 991
1522760 996
1522770 1001
1522780 1001
1522790 1007
1522800 1013
1522810 1013
1522820 1022
1522830 1028
1522840 1028
1522850 1031
1522860 1037
1522870 1037
1522880 1042
1522890 1048
1522900 1048
1522910 1054
1522920 1059
1522930 1064
1522940 1064
1522950 1068
1522960 1071
1522970 1071
1522980 1075
1522990 1078
1523000 1078
1523010 1081
1523020 1086
1523030 1086
1523040 1092
1523050 1099
1523060 1099
1523070 1106
1523080 1113
1523090 1122
1523100 1122
1523110 1132
1523120 1138
1523130 1138
1523140 1142
1523150 1146
1523160 1146
1523170 1149
1523180 1152
1523190 1152
1523200 1156
1523210 1161
1523220 1161
1523230 1166
1523240 1171
1523250 1171
1523260 1173
1523270 1177
1523280 1180
1523290 1180
1523300 1182
1523310 1184
1523320 1184
1523330 1185
1523340 1185
1523350 1185
1523360 1185
1523370 1183
1523380 1183
1523390 1186
1523400 1191
1523410 1191
1523420 1197
1523430 1201
1523440 1205
1523450 1205
1523460 1209
1523470 1213
1523480 1213
1523490 1217
1523500 1222
1523510 1222
1523520 1228
1523530 1233
1523540 1233
1523550 1237
1523560 1241
1523570 1241
1523580 1246
1523590 1251
1523600 1251
1523610 1255
1523620 1259
1523630 1263
1523640 1263
1523650 1267
1523660 1270
1523670 1270
1523680 1272
1523690 1274
1523700 1274
1523710 1275
1523720 1277
1523730 1277
1523740 1279
1523750 1284
1523760 1284
1523770 1289
1523780 1294
1523790 1299
1523800 1299
1523810 1303
1523820 1305
1523830 1305
1523840 1308
1523850 1310
1523860 1310
1523870 1311
1523880 1311
1523890 1311
1523900 1312
1523910 1314
1523920 1314
1523930 1315
1523940 1317
1523950 1317
1523960 1318
1523970 1320
1523980 1323
1523990 1323
1524000 1326
1524010 1328
1524020 1328
1524030 1330
1524040 1331
1524050 1331
1524060 1333
1524070 1337
1524080 1337
1524090 1341
1524100 1343
1524110 1343
1524120 1343
1524130 1343
1524140 1343
1524150 1343
1524160 1344
1524170 1344
1524180 1344
1524190 1345
1524200 1345
1524210 1345
1524220 1346
1524230 1346
1524240 1346
1524250 1346
1524260 1345
1524270 1345
1524280 1343
1524290 1342
1524300 1342
1524310 1343
1524320 1346
1524330 1348
1524340 1348
1524350 1348
1524360 1347
1524370 1347
1524380 1346
1524390 1344
1524400 1344
1524410 1342
1524420 1340
1524430 1340
1524440 1337
1524450 1337
1524460 1337
1524470 1339
1524480 1342
1524490 1346
1524500 1346
1524510 1346
1524520 1347
1524530 1344
1524540 1345
1524550 1345
1524560 1345
1524570 1345
1524580 1345
1524590 1345
1524600 1344
1524610 1344
1524620 1344
1524630 1344
1524640 1343
1524650 1343
1524660 1341
1524670 1339
1524680 1341
1524690 1341
1524700 1342
1524710 1341
1524720 1341
1524730 1341
1524740 1340
1524750 1340
1524760 1340
1524770 1340
1524780 1340
1524790 1340
1524800 1340
1524810 1340
1524820 1340
1524830 1339
1524840 1339
1524850 1339
1524860 1339
1524870 1340
1524880 1340
1524890 1342
1524900 1343
1524910 1343
1524920 1345
1524930 1345
1524940 1345
1524950 1344
1524960 1343
1524970 1343
1524980 1342
1524990 1340
1525000 1338
1525010 1338
1525020 1336
1525030 1336
1525040 1336
1525050 1337
1525060 1338
1525070 1338
1525080 1338
1525090 1336
1525100 1336
1525110 1332
1525120 1327
1525130 1327
1525140 1319
1525150 1316
1525160 1316
1525170 1314
1525180 1311
1525190 1308
1525200 1308
1525210 1306
1525220 1305
1525230 1305
1525240 1303
1525250 1302
1525260 1302
1525270 1301
1525280 1299
1525290 1299
1525300 1297
1525310 1295
1525320 1295
1525330 1293
1525340 1292
1525350 1291
1525360 1291
1525370 1289
1525380 1287
1525390 1287
1525400 1285
1525410 1282
1525420 1282
1525430 1278
1525440 1275
1525450 1275
1525460 1272
1525470 1269
1525480 1269
1525490 1266
1525500 1263
1525510 1263
1525520 1260
1525530 1258
1525540 1255
1525550 1255
1525560 1250
1525570 1246
1525580 1246
1525590 1244
1525600 1241
1525610 1241
1525620 1238
1525630 1235
1525640 1235
1525650 1228
1525660 1221
1525670 1221
1525680 1214
1525690 1209
1525700 1206
1525710 1206
1525720 1202
1525730 1199
1525740 1199
1525750 1198
1525760 1196
1525770 1196
1525780 1193
1525790 1193
1525800 1193
1525810 1193
1525820 1191
1525830 1191
1525840 1188
1525850 1186
1525860 1186
1525870 1184
1525880 1181
1525890 1176
1525900 1176
1525910 1172
1525920 1168
1525930 1168
1525940 1164
1525950 1161
1525960 1161
1525970 1158
1525980 1155
1525990 1155
1526000 1152
1526010 1149
1526020 1149
1526030 1145
1526040 1143
1526050 1141
1526060 1141
1526070 1139
1526080 1135
1526090 1135
1526100 1130
1526110 1128
1526120 1128
1526130 1126
1526140 1124
1526150 1124
1526160 1123
1526170 1123
1526180 1123
1526190 1121
1526200 1120
1526210 1120
1526220 1119
1526230 1117
1526240 1113
1526250 1113
1526260 1106
1526270 1099
1526280 1099
1526290 1097
1526300 1096
1526310 1096
1526320 1096
1526330 1096
1526340 1096
1526350 1096
1526360 1096
1526370 1096
1526380 1095
1526390 1095
1526400 1095
1526410 1095
1526420 1095
1526430 1094
1526440 1094
1526450 1094
1526460 1094
1526470 1094
1526480 1094
1526490 1094
1526500 1094
1526510 1093
1526520 1093
1526530 1093
1526540 1093
1526550 1094
1526560 1094
1526570 1093
1526580 1093
1526590 1092
1526600 1092
1526610 1092
1526620 1093
1526630 1093
1526640 1093
1526650 1091
1526660 1091
1526670 1091
1526680 1091
1526690 1091
1526700 1091
1526710 1091
1526720 1091
1526730 1090
1526740 1089
1526750 1087
1526760 1087
1526770 1084
1526780 1081
1526790 1081
1526800 1078
1526810 1073
1526820 1073
1526830 1067
1526840 1064
1526850 1064
1526860 1061
1526870 1059
1526880 1059
1526890 1058
1526900 1057
1526910 1057
1526920 1057
1526930 1056
1526940 1056
1526950 1056
1526960 1056
1526970 1056
1526980 1056
1526990 1053
1527000 1049
1527010 1049
1527020 1045
1527030 1041
1527040 1041
1527050 1036
1527060 1033
1527070 1033
1527080 1033
1527090 1032
1527100 1031
1527110 1031
1527120 1030
1527130 1029
1527140 1029
1527150 1027
1527160 1024
1527170 1024
1527180 1021
1527190 1018
1527200 1018
1527210 1016
1527220 1013
1527230 1013
1527240 1010
1527250 1007
1527260 1007
1527270 1004
1527280 1002
1527290 998
1527300 998
1527310 994
1527320 988
1527330 988
1527340 981
1527350 975
1527360 975
1527370 974
1527380 974
1527390 974
1527400 974
1527410 972
1527420 972
1527430 971
1527440 969
1527450 965
1527460 965
1527470 961
1527480 959
1527490 959
1527500 960
1527510 960
1527520 960
1527530 961
1527540 961
1527550 961
1527560 961
1527570 961
1527580 958
1527590 956
1527600 955
1527610 955
1527620 954
1527630 951
1527640 946
1527650 946
1527660 941
1527670 936
1527680 936
1527690 932
1527700 928
1527710 928
1527720 924
1527730 922
1527740 922
1527750 920
1527760 916
1527770 916
1527780 913
1527790 909
1527800 904
1527810 904
1527820 898
1527830 892
1527840 892
1527850 885
1527860 879
1527870 879
1527880 875
1527890 871
1527900 871
1527910 868
1527920 865
1527930 865
1527940 861
1527950 858
1527960 858
1527970 856
1527980 853
1527990 850
1528000 850
1528010 847
1528020 843
1528030 843
1528040 839
1528050 835
1528060 835
1528070 830
1528080 825
1528090 825
1528100 819
1528110 812
1528120 812
1528130 803
1528140 797
1528150 791
1528160 791
1528170 786
1528180 782
1528190 782
1528200 778
1528210 776
1528220 776
1528230 775
1528240 774
1528250 774
1528260 774
1528270 774
1528280 774
1528290 772
1528300 773
1528310 773
1528320 773
1528330 771
1528340 770
1528350 770
1528360 768
1528370 766
1528380 766
1528390 765
1528400 763
1528410 763
1528420 761
1528430 759
1528440 759
1528450 758
1528460 758
1528470 758
1528480 758
1528490 758
1528500 758
1528510 758
1528520 757
1528530 756
1528540 756
1528550 755
1528560 755
1528570 755
1528580 754
1528590 753
1528600 753
1528610 753
1528620 752
1528630 752
1528640 751
1528650 750
1528660 750
1528670 749
1528680 749
1528690 748
1528700 748
1528710 748
1528720 747
1528730 747
1528740 747
1528750 746
1528760 746
1528770 745
1528780 744
1528790 744
1528800 743
1528810 743
1528820 743
1528830 742
1528840 741
1528850 740
1528860 740
1528870 739
1528880 738
1528890 738
1528900 738
1528910 737
1528920 737
1528930 737
1528940 736
1528950 736
1528960 736
1528970 736
1528980 736
1528990 735
1529000 735
1529010 735
1529020 734
1529030 734
1529040 733
1529050 733
1529060 733
1529070 733
1529080 733
1529090 733
1529100 733
1529110 733
1529120 733
1529130 732
1529140 732
1529150 731
1529160 731
1529170 731
1529180 731
1529190 730
1529200 730
1529210 730
1529220 730
1529230 730
1529240 730
1529250 731
1529260 730
1529270 730
1529280 729
1529290 729
1529300 729
1529310 728
1529320 728
1529330 728
1529340 728
1529350 728
1529360 728
1529370 728
1529380 728
1529390 728
1529400 728
1529410 728
1529420 728
1529430 728
1529440 729
1529450 729
1529460 729
1529470 729
1529480 729
1529490 729
1529500 730
1529510 730
1529520 730
1529530 730
1529540 730
1529550 731
1529560 731
1529570 731
1529580 732
1529590 732
1529600 732
1529610 732
1529620 732
1529630 732
1529640 733
1529650 733
1529660 733
1529670 736
1529680 736
1529690 738
1529700 741
1529710 745
1529720 745
1529730 751
1529740 755
1529750 755
1529760 759
1529770 762
1529780 762
1529790 765
1529800 769
1529810 769
1529820 773
1529830 776
1529840 776
1529850 779
1529860 783
1529870 783
1529880 786
1529890 788
1529900 791
1529910 791
1529920 794
1529930 796
1529940 796
1529950 799
1529960 801
1529970 801
1529980 804
1529990 807
1530000 807
1530010 811
1530020 815
1530030 815
1530040 820
1530050 825
1530060 829
1530070 829
1530080 834
1530090 839
1530100 839
1530110 844
1530120 848
1530130 848
1530140 852
1530150 856
1530160 856
1530170 860
1530180 863
1530190 863
1530200 864
1530210 865
1530220 865
1530230 866
1530240 868
1530250 869
1530260 869
1530270 872
1530280 876
1530290 876
1530300 878
1530310 880
1530320 880
1530330 883
1530340 885
1530350 885
1530360 888
1530370 890
1530380 890
1530390 893
1530400 897
1530410 903
1530420 903
1530430 908
1530440 914
1530450 914
1530460 920
1530470 925
1530480 925
1530490 930
1530500 935
1530510 935
1530520 940
1530530 946
1530540 946
1530550 951
1530560 956
1530570 956
1530580 961
1530590 966
1530600 970
1530610 970
1530620 975
1530630 981
1530640 981
1530650 989
1530660 998
1530670 998
1530680 1006
1530690 1015
1530700 1015
1530710 1023
1530720 1028
1530730 1028
1530740 1033
1530750 1038
1530760 1044
1530770 1044
1530780 1050
1530790 1056
1530800 1056
1530810 1064
1530820 1070
1530830 1070
1530840 1075
1530850 1082
1530860 1082
1530870 1090
1530880 1096
1530890 1096
1530900 1102
1530910 1109
1530920 1109
1530930 1115
1530940 1122
1530950 1127
1530960 1127
1530970 1133
1530980 1139
1530990 1139
1531000 1150
1531010 1158
1531020 1158
1531030 1165
1531040 1173
1531050 1173
1531060 1180
1531070 1185
1531080 1185
1531090 1190
1531100 1197
1531110 1199
1531120 1199
1531130 1202
1531140 1205
1531150 1205
1531160 1208
1531170 1211
1531180 1211
1531190 1213
1531200 1216
1531210 1216
1531220 1219
1531230 1222
1531240 1222
1531250 1226
1531260 1230
1531270 1230
1531280 1235
1531290 1239
1531300 1243
1531310 1243
1531320 1247
1531330 1251
1531340 1251
1531350 1255
1531360 1260
1531370 1260
1531380 1265
1531390 1272
1531400 1272
1531410 1280
1531420 1288
1531430 1288
1531440 1296
1531450 1301
1531460 1305
1531470 1305
1531480 1309
1531490 1312
1531500 1312
1531510 1316
1531520 1320
1531530 1320
1531540 1324
1531550 1326
1531560 1326
1531570 1329
1531580 1332
1531590 1332
1531600 1334
1531610 1337
1531620 1337
1531630 1339
1531640 1341
1531650 1342
1531660 1342
1531670 1343
1531680 1343
1531690 1343
1531700 1343
1531710 1343
1531720 1343
1531730 1343
1531740 1342
1531750 1342
1531760 1341
1531770 1340
1531780 1340
1531790 1340
1531800 1339
1531810 1337
1531820 1337
1531830 1337
1531840 1337
1531850 1337
1531860 1337
1531870 1338
1531880 1338
1531890 1338
1531900 1339
1531910 1339
1531920 1340
1531930 1340
1531940 1340
1531950 1340
1531960 1342
1531970 1342
1531980 1343
1531990 1345
1532000 1348
1532010 1348
1532020 1353
1532030 1358
1532040 1358
1532050 1362
1532060 1367
1532070 1367
1532080 1369
1532090 1371
1532100 1371
1532110 1373
1532120 1373
1532130 1373
1532140 1373
1532150 1373
1532160 1372
1532170 1372
1532180 1370
1532190 1369
1532200 1369
1532210 1368
1532220 1366
1532230 1366
1532240 1364
1532250 1363
1532260 1363
1532270 1361
1532280 1360
1532290 1360
1532300 1359
1532310 1358
1532320 1358
1532330 1357
1532340 1357
1532350 1360
1532360 1360
1532370 1360
1532380 1358
1532390 1358
1532400 1356
1532410 1354
1532420 1354
1532430 1351
1532440 1348
1532450 1348
1532460 1344
1532470 1340
1532480 1340
1532490 1336
1532500 1332
1532510 1325
1532520 1325
1532530 1317
1532540 1318
1532550 1318
1532560 1323
1532570 1326
1532580 1326
1532590 1331
1532600 1334
1532610 1334
1532620 1337
1532630 1340
1532640 1340
1532650 1343
1532660 1344
1532670 1344
1532680 1344
1532690 1343
1532700 1342
1532710 1342
1532720 1341
1532730 1340
1532740 1340
1532750 1337
1532760 1333
1532770 1333
1532780 1330
1532790 1330
1532800 1330
1532810 1330
1532820 1328
1532830 1328
1532840 1325
1532850 1321
1532860 1319
1532870 1319
1532880 1318
1532890 1316
1532900 1316
1532910 1313
1532920 1310
1532930 1310
1532940 1311
1532950 1310
1532960 1310
1532970 1310
1532980 1309
1532990 1309
1533000 1307
1533010 1306
1533020 1306
1533030 1303
1533040 1301
1533050 1298
1533060 1298
1533070 1300
1533080 1301
1533090 1301
1533100 1300
1533110 1300
1533120 1300
1533130 1298
1533140 1297
1533150 1297
1533160 1294
1533170 1290
1533180 1290
1533190 1282
1533200 1278
1533210 1279
1533220 1279
1533230 1277
1533240 1277
1533250 1277
1533260 1276
1533270 1274
1533280 1274
1533290 1273
1533300 1274
1533310 1274
1533320 1274
1533330 1274
1533340 1274
1533350 1272
1533360 1272
1533370 1272
1533380 1271
1533390 1269
1533400 1265
1533410 1265
1533420 1262
1533430 1262
1533440 1262
1533450 1263
1533460 1267
1533470 1267
1533480 1274
1533490 1282
1533500 1282
1533510 1289
1533520 1295
1533530 1295
1533540 1300
1533550 1306
1533560 1311
1533570 1311
1533580 1316
1533590 1320
1533600 1320
1533610 1323
1533620 1325
1533630 1325
1533640 1328
1533650 1332
1533660 1332
1533670 1336
1533680 1340
1533690 1340
1533700 1344
1533710 1346
1533720 1346
1533730 1349
1533740 1350
1533750 1350
1533760 1350
1533770 1350
1533780 1352
1533790 1352
1533800 1354
1533810 1355
1533820 1355
1533830 1356
1533840 1357
1533850 1357
1533860 1357
1533870 1357
1533880 1357
1533890 1356
1533900 1356
1533910 1356
1533920 1356
1533930 1356
1533940 1355
1533950 1355
1533960 1356
1533970 1358
1533980 1358
1533990 1359
1534000 1359
1534010 1359
1534020 1359
1534030 1357
1534040 1357
1534050 1356
1534060 1355
1534070 1354
1534080 1354
1534090 1355
1534100 1356
1534110 1356
1534120 1357
1534130 1358
1534140 1358
1534150 1359
1534160 1361
1534170 1361
1534180 1363
1534190 1365
1534200 1365
1534210 1370
1534220 1376
1534230 1376
1534240 1381
1534250 1385
1534260 1390
1534270 1390
1534280 1394
1534290 1397
1534300 1397
1534310 1401
1534320 1403
1534330 1403
1534340 1406
1534350 1409
1534360 1409
1534370 1414
1534380 1418
1534390 1418
1534400 1421
1534410 1422
1534420 1422
1534430 1422
1534440 1427
1534450 1433
1534460 1433
1534470 1438
1534480 1441
1534490 1441
1534500 1444
1534510 1446
1534520 1446
1534530 1448
1534540 1451
1534550 1451
1534560 1453
1534570 1456
1534580 1456
1534590 1460
1534600 1465
1534610 1470
1534620 1470
1534630 1473
1534640 1477
1534650 1477
1534660 1480
1534670 1484
1534680 1484
1534690 1487
1534700 1492
1534710 1492
1534720 1497
1534730 1500
1534740 1500
1534750 1501
1534760 1503
1534770 1506
1534780 1506
1534790 1508
1534800 1511
1534810 1511
1534820 1514
1534830 1517
1534840 1517
1534850 1521
1534860 1525
1534870 1525
1534880 1528
1534890 1530
1534900 1530
1534910 1534
1534920 1537
1534930 1537
1534940 1541
1534950 1544
1534960 1548
1534970 1548
1534980 1552
1534990 1556
1535000 1556
1535010 1559
1535020 1561
1535030 1561
1535040 1564
1535050 1566
1535060 1566
1535070 1568
1535080 1568
1535090 1568
1535100 1569
1535110 1569
1535120 1568
1535130 1568
1535140 1567
1535150 1566
1535160 1566
1535170 1565
1535180 1563
1535190 1563
1535200 1562
1535210 1561
1535220 1561
1535230 1560
1535240 1559
1535250 1559
1535260 1559
1535270 1561
1535280 1561
1535290 1562
1535300 1561
1535310 1562
1535320 1562
1535330 1562
1535340 1562
1535350 1562
1535360 1562
1535370 1565
1535380 1565
1535390 1571
1535400 1576
1535410 1576
1535420 1582
1535430 1586
1535440 1586
1535450 1591
1535460 1595
1535470 1599
1535480 1599
1535490 1603
1535500 1607
1535510 1607
1535520 1611
1535530 1615
1535540 1615
1535550 1620
1535560 1624
1535570 1624
1535580 1629
1535590 1634
1535600 1633
1535610 1638
1535620 1643
1535630 1643
1535640 1648
1535650 1652
1535660 1657
1535670 1657
1535680 1661
1535690 1666
1535700 1666
1535710 1670
1535720 1674
1535730 1674
1535740 1679
1535750 1683
1535760 1683
1535770 1688
1535780 1693
1535790 1693
1535800 1697
1535810 1701
1535820 1705
1535830 1705
1535840 1709
1535850 1711
1535860 1711
1535870 1711
1535880 1710
1535890 1710
1535900 1709
1535910 1707
1535920 1707
1535930 1705
1535940 1703
1535950 1703
1535960 1701
1535970 1700
1535980 1700
1535990 1698
1536000 1697
1536010 1696
1536020 1696
1536030 1696
1536040 1696
1536050 1696
1536060 1695
1536070 1694
1536080 1694
1536090 1695
1536100 1697
1536110 1697
1536120 1699
1536130 1697
1536140 1697
1536150 1694
1536160 1691
1536170 1689
1536180 1689
1536190 1688
1536200 1686
1536210 1686
1536220 1684
1536230 1680
1536240 1680
1536250 1675
1536260 1669
1536270 1669
1536280 1664
1536290 1659
1536300 1659
1536310 1654
1536320 1650
1536330 1650
1536340 1648
1536350 1647
1536360 1651
1536370 1651
1536380 1653
1536390 1653
1536400 1653
1536410 1654
1536420 1655
1536430 1655
1536440 1652
1536450 1648
1536460 1648
1536470 1645
1536480 1644
1536490 1644
1536500 1643
1536510 1643
1536520 1643
1536530 1643
1536540 1645
1536550 1649
1536560 1649
1536570 1656
1536580 1656
1536590 1656
1536600 1652
1536610 1649
1536620 1649
1536630 1646
1536640 1645
1536650 1645
1536660 1645
1536670 1644
1536680 1644
1536690 1646
1536700 1649
1536710 1651
1536720 1651
1536730 1652
1536740 1652
1536750 1652
1536760 1650
1536770 1646
1536780 1646
1536790 1643
1536800 1638
1536810 1638
1536820 1637
1536830 1643
1536840 1643
1536850 1646
1536860 1647
1536870 1648
1536880 1648
1536890 1646
1536900 1644
1536910 1644
1536920 1641
1536930 1640
1536940 1640
1536950 1639
1536960 1640
1536970 1640
1536980 1641
1536990 1642
1537000 1642
1537010 1643
1537020 1644
1537030 1644
1537040 1644
1537050 1646
1537060 1646
1537070 1646
1537080 1646
1537090 1647
1537100 1647
1537110 1648
1537120 1648
1537130 1648
1537140 1649
1537150 1650
1537160 1650
1537170 1651
1537180 1652
1537190 1652
1537200 1651
1537210 1652
1537220 1654
1537230 1654
1537240 1655
1537250 1657
1537260 1657
1537270 1659
1537280 1660
1537290 1660
1537300 1662
1537310 1665
1537320 1665
1537330 1668
1537340 1671
1537350 1671
1537360 1674
1537370 1678
1537380 1678
1537390 1680
1537400 1681
1537410 1684
1537420 1684
1537430 1686
1537440 1690
1537450 1690
1537460 1693
1537470 1697
1537480 1697
1537490 1700
1537500 1702
1537510 1702
1537520 1705
1537530 1708
1537540 1708
1537550 1711
1537560 1714
1537570 1715
1537580 1715
1537590 1717
1537600 1720
1537610 1720
1537620 1723
1537630 1726
1537640 1726
1537650 1729
1537660 1732
1537670 1732
1537680 1735
1537690 1738
1537700 1738
1537710 1742
1537720 1745
1537730 1745
1537740 1749
1537750 1753
1537760 1756
1537770 1756
1537780 1762
1537790 1768
1537800 1768
1537810 1774
1537820 1780
1537830 1780
1537840 1786
1537850 1792
1537860 1792
1537870 1798
1537880 1804
1537890 1804
1537900 1808
1537910 1812
1537920 1816
1537930 1816
1537940 1820
1537950 1824
1537960 1824
1537970 1827
1537980 1831
1537990 1831
1538000 1835
1538010 1838
1538020 1842
1538030 1846
1538040 1851
1538050 1851
1538060 1856
1538070 1861
1538080 1861
1538090 1863
1538100 1864
1538110 1865
1538120 1865
1538130 1867
1538140 1870
1538150 1870
1538160 1873
1538170 1876
1538180 1876
1538190 1879
1538200 1883
1538210 1883
1538220 1885
1538230 1888
1538240 1888
1538250 1891
1538260 1894
1538270 1898
1538280 1898
1538290 1902
1538300 1905
1538310 1905
1538320 1908
1538330 1912
1538340 1912
1538350 1916
1538360 1919
1538370 1919
1538380 1922
1538390 1925
1538400 1925
1538410 1925
1538420 1924
1538430 1924
1538440 1922
1538450 1920
1538460 1918
1538470 1918
1538480 1917
1538490 1916
1538500 1916
1538510 1917
1538520 1918
1538530 1918
1538540 1919
1538550 1921
1538560 1921
1538570 1923
1538580 1924
1538590 1924
1538600 1926
1538610 1927
1538620 1927
1538630 1927
1538640 1926
1538650 1926
1538660 1926
1538670 1926
1538680 1925
1538690 1925
1538700 1925
1538710 1925
1538720 1925
1538730 1925
1538740 1925
1538750 1925
1538760 1926
1538770 1927
1538780 1927
1538790 1928
1538800 1930
1538810 1931
1538820 1931
1538830 1934
1538840 1935
1538850 1935
1538860 1937
1538870 1938
1538880 1938
1538890 1939
1538900 1941
1538910 1941
1538920 1942
1538930 1944
1538940 1944
1538950 1946
1538960 1948
1538970 1950
1538980 1950
1538990 1952
1539000 1954
1539010 1954
1539020 1956
1539030 1958
1539040 1958
1539050 1959
1539060 1961
1539070 1961
1539080 1963
1539090 1965
1539100 1965
1539110 1967
1539120 1970
1539130 1970
1539140 1971
1539150 1972
1539160 1973
1539170 1973
1539180 1975
1539190 1978
1539200 1978
1539210 1983
1539220 1987
1539230 1987
1539240 1991
1539250 1994
1539260 1994
1539270 1998
1539280 2002
1539290 2002
1539300 2005
1539310 2009
1539320 2011
1539330 2011
1539340 2013
1539350 2014
1539360 2014
1539370 2014
1539380 2016
1539390 2016
1539400 2019
1539410 2019
1539420 2019
1539430 2020
1539440 2019
1539450 2019
1539460 2018
1539470 2019
1539480 2019
1539490 2021
1539500 2024
1539510 2023
1539520 2023
1539530 2016
1539540 2010
1539550 2010
1539560 2001
1539570 1992
1539580 1992
1539590 1983
1539600 1972
1539610 1972
1539620 1964
1539630 1956
1539640 1956
1539650 1943
1539660 1930
1539670 1917
1539680 1917
1539690 1909
1539700 1900
1539710 1900
1539720 1891
1539730 1885
1539740 1885
1539750 1879
1539760 1872
1539770 1872
1539780 1867
1539790 1862
1539800 1862
1539810 1859
1539820 1856
1539830 1854
1539840 1854
1539850 1851
1539860 1848
1539870 1848
1539880 1845
1539890 1843
1539900 1843
1539910 1841
1539920 1839
1539930 1839
1539940 1837
1539950 1835
1539960 1835
1539970 1832
1539980 1829
1539990 1829
