1520000 1387
1520010 1389
1520020 1389
1520030 1390
1520040 1391
1520050 1391
1520060 1393
1520070 1394
1520080 1394
1520090 1394
1520100 1394
1520110 1394
1520120 1394
1520130 1394
1520140 1394
1520150 1394
1520160 1394
1520170 1394
1520180 1394
1520190 1394
1520200 1394
1520210 1394
1520220 1394
1520230 1394
1520240 1394
1520250 1395
1520260 1395
1520270 1395
1520280 1395
1520290 1395
1520300 1395
1520310 1396
1520320 1397
1520330 1396
1520340 1396
1520350 1396
1520360 1397
1520370 1397
1520380 1399
1520390 1401
1520400 1401
1520410 1401
1520420 1403
1520430 1403
1520440 1404
1520450 1405
1520460 1405
1520470 1406
1520480 1406
1520490 1407
1520500 1407
1520510 1407
1520520 1408
1520530 1408
1520540 1409
1520550 1409
1520560 1409
1520570 1410
1520580 1410
1520590 1410
1520600 1410
1520610 1410
1520620 1410
1520630 1411
1520640 1411
1520650 1411
1520660 1412
1520670 1414
1520680 1415
1520690 1415
1520700 1415
1520710 1412
1520720 1412
1520730 1412
1520740 1408
1520750 1408
1520760 1409
1520770 1417
1520780 1417
1520790 1423
1520800 1429
1520810 1429
1520820 1435
1520830 1437
1520840 1437
1520850 1438
1520860 1441
1520870 1445
1520880 1445
1520890 1449
1520900 1453
1520910 1453
1520920 1457
1520930 1459
1520940 1459
1520950 1461
1520960 1463
1520970 1463
1520980 1463
1520990 1463
1521000 1463
1521010 1462
1521020 1462
1521030 1464
1521040 1464
1521050 1466
1521060 1468
1521070 1468
1521080 1470
1521090 1471
1521100 1471
1521110 1473
1521120 1474
1521130 1474
1521140 1475
1521150 1475
1521160 1475
1521170 1476
1521180 1476
1521190 1476
1521200 1477
1521210 1478
1521220 1479
1521230 1479
1521240 1478
1521250 1478
1521260 1478
1521270 1479
1521280 1480
1521290 1480
1521300 1480
1521310 1480
1521320 1480
1521330 1480
1521340 1479
1521350 1479
1521360 1478
1521370 1477
1521380 1477
1521390 1476
1521400 1473
1521410 1469
1521420 1469
1521430 1466
1521440 1461
1521450 1461
1521460 1455
1521470 1447
1521480 1447
1521490 1437
1521500 1434
1521510 1434
1521520 1441
1521530 1449
1521540 1449
1521550 1455
1521560 1462
1521570 1462
1521580 1469
1521590 1475
1521600 1479
1521610 1479
1521620 1484
1521630 1490
1521640 1490
1521650 1495
1521660 1501
1521670 1501
1521680 1506
1521690 1511
1521700 1511
1521710 1516
1521720 1521
1521730 1521
1521740 1525
1521750 1531
1521760 1535
1521770 1535
1521780 1539
1521790 1542
1521800 1542
1521810 1544
1521820 1547
1521830 1547
1521840 1549
1521850 1551
1521860 1551
1521870 1553
1521880 1555
1521890 1555
1521900 1558
1521910 1560
1521920 1560
1521930 1562
1521940 1563
1521950 1564
1521960 1564
1521970 1565
1521980 1566
1521990 1566
1522000 1567
1522010 1568
1522020 1568
1522030 1569
1522040 1570
1522050 1570
1522060 1570
1522070 1570
1522080 1570
1522090 1571
1522100 1571
1522110 1571
1522120 1572
1522130 1572
1522140 1572
1522150 1572
1522160 1572
1522170 1572
1522180 1572
1522190 1571
1522200 1571
1522210 1571
1522220 1570
1522230 1570
1522240 1570
1522250 1569
1522260 1569
1522270 1569
1522280 1568
1522290 1568
1522300 1568
1522310 1567
1522320 1566
1522330 1565
1522340 1565
1522350 1564
1522360 1562
1522370 1562
1522380 1561
1522390 1559
1522400 1559
1522410 1557
1522420 1554
1522430 1554
1522440 1551
1522450 1547
1522460 1547
1522470 1542
1522480 1538
1522490 1534
1522500 1534
1522510 1530
1522520 1527
1522530 1527
1522540 1522
1522550 1517
1522560 1517
1522570 1511
1522580 1505
1522590 1505
1522600 1498
1522610 1492
1522620 1492
1522630 1485
1522640 1480
1522650 1480
1522660 1474
1522670 1468
1522680 1462
1522690 1462
1522700 1455
1522710 1449
1522720 1449
1522730 1443
1522740 1437
1522750 1437
1522760 1431
1522770 1426
1522780 1426
1522790 1422
1522800 1419
1522810 1419
1522820 1416
1522830 1414
1522840 1414
1522850 1412
1522860 1411
1522870 1410
1522880 1410
1522890 1408
1522900 1407
1522910 1407
1522920 1405
1522930 1403
1522940 1403
1522950 1401
1522960 1398
1522970 1398
1522980 1395
1522990 1393
1523000 1393
1523010 1391
1523020 1389
1523030 1388
1523040 1388
1523050 1386
1523060 1385
1523070 1385
1523080 1383
1523090 1380
1523100 1380
1523110 1377
1523120 1373
1523130 1373
1523140 1369
1523150 1366
1523160 1366
1523170 1363
1523180 1360
1523190 1360
1523200 1355
1523210 1351
1523220 1347
1523230 1347
1523240 1344
1523250 1342
1523260 1342
1523270 1340
1523280 1337
1523290 1337
1523300 1334
1523310 1332
1523320 1332
1523330 1329
1523340 1327
1523350 1327
1523360 1324
1523370 1322
1523380 1322
1523390 1320
1523400 1317
1523410 1313
1523420 1313
1523430 1309
1523440 1304
1523450 1304
1523460 1300
1523470 1295
1523480 1295
1523490 1290
1523500 1284
1523510 1284
1523520 1280
1523530 1275
1523540 1275
1523550 1271
1523560 1267
1523570 1267
1523580 1263
1523590 1259
1523600 1256
1523610 1256
1523620 1253
1523630 1251
1523640 1251
1523650 1249
1523660 1247
1523670 1247
1523680 1245
1523690 1244
1523700 1244
1523710 1242
1523720 1241
1523730 1241
1523740 1239
1523750 1237
1523760 1235
1523770 1235
1523780 1231
1523790 1223
1523800 1223
1523810 1216
1523820 1211
1523830 1211
1523840 1205
1523850 1200
1523860 1200
1523870 1195
1523880 1191
1523890 1191
1523900 1187
1523910 1182
1523920 1182
1523930 1175
1523940 1169
1523950 1162
1523960 1162
1523970 1156
1523980 1150
1523990 1150
1524000 1144
1524010 1138
1524020 1138
1524030 1131
1524040 1124
1524050 1124
1524060 1117
1524070 1111
1524080 1111
1524090 1106
1524100 1101
1524110 1101
1524120 1096
1524130 1094
1524140 1094
1524150 1094
1524160 1098
1524170 1106
1524180 1106
1524190 1114
1524200 1122
1524210 1122
1524220 1130
1524230 1138
1524240 1138
1524250 1145
1524260 1152
1524270 1152
1524280 1160
1524290 1169
1524300 1177
1524310 1177
1524320 1184
1524330 1188
1524340 1188
1524350 1195
1524360 1202
1524370 1202
1524380 1209
1524390 1215
1524400 1215
1524410 1222
1524420 1229
1524430 1229
1524440 1235
1524450 1241
1524460 1241
1524470 1247
1524480 1253
1524490 1258
1524500 1258
1524510 1264
1524520 1269
1524530 1269
1524540 1275
1524550 1281
1524560 1281
1524570 1287
1524580 1291
1524590 1291
1524600 1298
1524610 1303
1524620 1303
1524630 1308
1524640 1313
1524650 1313
1524660 1318
1524670 1323
1524680 1327
1524690 1327
1524700 1331
1524710 1335
1524720 1335
1524730 1340
1524740 1344
1524750 1344
1524760 1350
1524770 1354
1524780 1354
1524790 1359
1524800 1364
1524810 1364
1524820 1369
1524830 1375
1524840 1375
1524850 1380
1524860 1385
1524870 1390
1524880 1390
1524890 1395
1524900 1400
1524910 1400
1524920 1406
1524930 1411
1524940 1411
1524950 1416
1524960 1421
1524970 1421
1524980 1425
1524990 1429
1525000 1429
1525010 1433
1525020 1438
1525030 1443
1525040 1443
1525050 1449
1525060 1454
1525070 1454
1525080 1459
1525090 1465
1525100 1465
1525110 1470
1525120 1476
1525130 1476
1525140 1481
1525150 1487
1525160 1487
1525170 1492
1525180 1498
1525190 1498
1525200 1504
1525210 1510
1525220 1516
1525230 1516
1525240 1522
1525250 1528
1525260 1528
1525270 1534
1525280 1541
1525290 1541
1525300 1547
1525310 1554
1525320 1554
1525330 1560
1525340 1566
1525350 1566
1525360 1573
1525370 1579
1525380 1579
1525390 1586
1525400 1593
1525410 1599
1525420 1599
1525430 1605
1525440 1610
1525450 1610
1525460 1615
1525470 1620
1525480 1620
1525490 1625
1525500 1630
1525510 1630
1525520 1635
1525530 1639
1525540 1639
1525550 1644
1525560 1650
1525570 1656
1525580 1656
1525590 1662
1525600 1668
1525610 1668
1525620 1675
1525630 1681
1525640 1681
1525650 1688
1525660 1694
1525670 1694
1525680 1700
1525690 1706
1525700 1706
1525710 1712
1525720 1717
1525730 1717
1525740 1723
1525750 1728
1525760 1733
1525770 1733
1525780 1738
1525790 1743
1525800 1743
1525810 1745
1525820 1747
1525830 1747
1525840 1747
1525850 1747
1525860 1747
1525870 1747
1525880 1747
1525890 1747
1525900 1745
1525910 1742
1525920 1742
1525930 1738
1525940 1733
1525950 1726
1525960 1726
1525970 1720
1525980 1715
1525990 1715
1526000 1708
1526010 1698
1526020 1698
1526030 1688
1526040 1683
1526050 1683
1526060 1679
1526070 1675
1526080 1675
1526090 1673
1526100 1670
1526110 1670
1526120 1667
1526130 1667
1526140 1669
1526150 1669
1526160 1671
1526170 1672
1526180 1672
1526190 1673
1526200 1675
1526210 1675
1526220 1678
1526230 1681
1526240 1681
1526250 1685
1526260 1688
1526270 1688
1526280 1690
1526290 1690
1526300 1690
1526310 1690
1526320 1690
1526330 1689
1526340 1689
1526350 1686
1526360 1683
1526370 1683
1526380 1680
1526390 1676
1526400 1676
1526410 1673
1526420 1670
1526430 1670
1526440 1667
1526450 1664
1526460 1664
1526470 1662
1526480 1660
1526490 1658
1526500 1658
1526510 1656
1526520 1654
1526530 1654
1526540 1652
1526550 1651
1526560 1651
1526570 1650
1526580 1646
1526590 1646
1526600 1642
1526610 1637
1526620 1637
1526630 1632
1526640 1627
1526650 1627
1526660 1622
1526670 1617
1526680 1611
1526690 1611
1526700 1605
1526710 1598
1526720 1598
1526730 1592
1526740 1585
1526750 1585
1526760 1579
1526770 1574
1526780 1574
1526790 1571
1526800 1567
1526810 1567
1526820 1562
1526830 1556
1526840 1551
1526850 1551
1526860 1545
1526870 1540
1526880 1540
1526890 1534
1526900 1528
1526910 1528
1526920 1523
1526930 1518
1526940 1518
1526950 1513
1526960 1508
1526970 1508
1526980 1501
1526990 1496
1527000 1496
1527010 1494
1527020 1492
1527030 1487
1527040 1487
1527050 1483
1527060 1478
1527070 1478
1527080 1474
1527090 1470
1527100 1470
1527110 1465
1527120 1463
1527130 1463
1527140 1461
1527150 1463
1527160 1463
1527170 1457
1527180 1449
1527190 1449
1527200 1443
1527210 1436
1527220 1430
1527230 1430
1527240 1423
1527250 1419
1527260 1419
1527270 1417
1527280 1415
1527290 1415
1527300 1412
1527310 1410
1527320 1410
1527330 1410
1527340 1409
1527350 1409
1527360 1407
1527370 1405
1527380 1405
1527390 1403
1527400 1399
1527410 1394
1527420 1394
1527430 1388
1527440 1382
1527450 1382
1527460 1378
1527470 1374
1527480 1374
1527490 1371
1527500 1368
1527510 1368
1527520 1364
1527530 1359
1527540 1359
1527550 1354
1527560 1348
1527570 1344
1527580 1344
1527590 1343
1527600 1342
1527610 1342
1527620 1340
1527630 1337
1527640 1337
1527650 1334
1527660 1333
1527670 1333
1527680 1332
1527690 1335
1527700 1335
1527710 1337
1527720 1339
1527730 1339
1527740 1341
1527750 1344
1527760 1346
1527770 1346
1527780 1347
1527790 1348
1527800 1348
1527810 1350
1527820 1352
1527830 1352
1527840 1354
1527850 1357
1527860 1357
1527870 1360
1527880 1363
1527890 1363
1527900 1366
1527910 1368
1527920 1368
1527930 1370
1527940 1372
1527950 1373
1527960 1373
1527970 1375
1527980 1378
1527990 1378
1528000 1383
1528010 1387
1528020 1387
1528030 1391
1528040 1395
1528050 1395
1528060 1399
1528070 1402
1528080 1402
1528090 1404
1528100 1406
1528110 1406
1528120 1409
1528130 1411
1528140 1413
1528150 1413
1528160 1415
1528170 1419
1528180 1419
1528190 1421
1528200 1424
1528210 1424
1528220 1428
1528230 1434
1528240 1434
1528250 1440
1528260 1445
1528270 1445
1528280 1450
1528290 1454
1528300 1458
1528310 1458
1528320 1461
1528330 1465
1528340 1465
1528350 1468
1528360 1472
1528370 1472
1528380 1477
1528390 1484
1528400 1484
1528410 1491
1528420 1497
1528430 1497
1528440 1500
1528450 1505
1528460 1505
1528470 1509
1528480 1514
1528490 1520
1528500 1520
1528510 1524
1528520 1529
1528530 1529
1528540 1534
1528550 1540
1528560 1540
1528570 1546
1528580 1550
1528590 1550
1528600 1553
1528610 1557
1528620 1557
1528630 1562
1528640 1566
1528650 1566
1528660 1570
1528670 1573
1528680 1577
1528690 1577
1528700 1581
1528710 1585
1528720 1585
1528730 1589
1528740 1592
1528750 1592
1528760 1597
1528770 1601
1528780 1601
1528790 1606
1528800 1607
1528810 1607
1528820 1607
1528830 1607
1528840 1608
1528850 1608
1528860 1609
1528870 1611
1528880 1611
1528890 1613
1528900 1615
1528910 1615
1528920 1618
1528930 1622
1528940 1622
1528950 1628
1528960 1633
1528970 1633
1528980 1636
1528990 1638
1529000 1638
1529010 1640
1529020 1642
1529030 1645
1529040 1645
1529050 1648
1529060 1651
1529070 1651
1529080 1653
1529090 1653
1529100 1653
1529110 1651
1529120 1650
1529130 1650
1529140 1649
1529150 1649
1529160 1649
1529170 1649
1529180 1652
1529190 1652
1529200 1654
1529210 1656
1529220 1658
1529230 1658
1529240 1659
1529250 1661
1529260 1661
1529270 1664
1529280 1666
1529290 1666
1529300 1670
1529310 1675
1529320 1675
1529330 1679
1529340 1683
1529350 1683
1529360 1687
1529370 1690
1529380 1690
1529390 1694
1529400 1698
1529410 1702
1529420 1702
1529430 1706
1529440 1709
1529450 1709
1529460 1713
1529470 1717
1529480 1717
1529490 1720
1529500 1724
1529510 1724
1529520 1727
1529530 1730
1529540 1730
1529550 1734
1529560 1737
1529570 1739
1529580 1739
1529590 1741
1529600 1743
1529610 1743
1529620 1745
1529630 1747
1529640 1747
1529650 1748
1529660 1749
1529670 1749
1529680 1750
1529690 1751
1529700 1751
1529710 1752
1529720 1753
1529730 1753
1529740 1754
1529750 1755
1529760 1756
1529770 1756
1529780 1757
1529790 1758
1529800 1758
1529810 1757
1529820 1757
1529830 1757
1529840 1754
1529850 1748
1529860 1748
1529870 1741
1529880 1734
1529890 1734
1529900 1727
1529910 1720
1529920 1720
1529930 1713
1529940 1706
1529950 1700
1529960 1700
1529970 1692
1529980 1684
1529990 1684
1530000 1677
1530010 1670
1530020 1670
1530030 1668
1530040 1662
1530050 1662
1530060 1656
1530070 1650
1530080 1650
1530090 1643
1530100 1637
1530110 1633
1530120 1633
1530130 1628
1530140 1624
1530150 1624
1530160 1620
1530170 1618
1530180 1618
1530190 1615
1530200 1613
1530210 1613
1530220 1611
1530230 1608
1530240 1608
1530250 1607
1530260 1605
1530270 1605
1530280 1604
1530290 1601
1530300 1599
1530310 1599
1530320 1597
1530330 1595
1530340 1595
1530350 1593
1530360 1591
1530370 1591
1530380 1589
1530390 1587
1530400 1587
1530410 1585
1530420 1583
1530430 1583
1530440 1581
1530450 1579
1530460 1579
1530470 1577
1530480 1575
1530490 1574
1530500 1574
1530510 1573
1530520 1571
1530530 1571
1530540 1570
1530550 1572
1530560 1572
1530570 1573
1530580 1574
1530590 1574
1530600 1573
1530610 1571
1530620 1571
1530630 1567
1530640 1564
1530650 1564
1530660 1562
1530670 1560
1530680 1557
1530690 1557
1530700 1555
1530710 1554
1530720 1554
1530730 1554
1530740 1553
1530750 1553
1530760 1553
1530770 1554
1530780 1554
1530790 1557
1530800 1559
1530810 1559
1530820 1560
1530830 1561
1530840 1564
1530850 1564
1530860 1567
1530870 1570
1530880 1570
1530890 1574
1530900 1578
1530910 1578
1530920 1580
1530930 1583
1530940 1583
1530950 1585
1530960 1589
1530970 1589
1530980 1591
1530990 1593
1531000 1593
1531010 1594
1531020 1596
1531030 1599
1531040 1599
1531050 1604
1531060 1604
1531070 1604
1531080 1603
1531090 1601
1531100 1601
1531110 1600
1531120 1600
1531130 1600
1531140 1602
1531150 1604
1531160 1604
1531170 1607
1531180 1610
1531190 1610
1531200 1612
1531210 1614
1531220 1616
1531230 1616
1531240 1614
1531250 1609
1531260 1609
1531270 1605
1531280 1601
1531290 1601
1531300 1596
1531310 1591
1531320 1591
1531330 1586
1531340 1581
1531350 1581
1531360 1575
1531370 1569
1531380 1569
1531390 1563
1531400 1556
1531410 1550
1531420 1550
1531430 1543
1531440 1537
1531450 1537
1531460 1530
1531470 1524
1531480 1524
1531490 1517
1531500 1510
1531510 1510
1531520 1503
1531530 1498
1531540 1498
1531550 1491
1531560 1484
1531570 1478
1531580 1478
1531590 1472
1531600 1466
1531610 1466
1531620 1461
1531630 1454
1531640 1454
1531650 1448
1531660 1442
1531670 1442
1531680 1435
1531690 1428
1531700 1428
1531710 1422
1531720 1416
1531730 1416
1531740 1413
1531750 1409
1531760 1406
1531770 1406
1531780 1402
1531790 1398
1531800 1398
1531810 1393
1531820 1389
1531830 1389
1531840 1386
1531850 1382
1531860 1382
1531870 1379
1531880 1375
1531890 1375
1531900 1371
1531910 1368
1531920 1368
1531930 1365
1531940 1362
1531950 1360
1531960 1360
1531970 1357
1531980 1354
1531990 1354
1532000 1352
1532010 1349
1532020 1349
1532030 1347
1532040 1345
1532050 1345
1532060 1344
1532070 1342
1532080 1342
1532090 1342
1532100 1341
1532110 1340
1532120 1340
1532130 1339
1532140 1337
1532150 1337
1532160 1337
1532170 1335
1532180 1335
1532190 1335
1532200 1335
1532210 1335
1532220 1334
1532230 1334
1532240 1334
1532250 1333
1532260 1332
1532270 1332
1532280 1330
1532290 1330
1532300 1329
1532310 1329
1532320 1329
1532330 1328
1532340 1328
1532350 1328
1532360 1328
1532370 1328
1532380 1327
1532390 1327
1532400 1327
1532410 1326
1532420 1325
1532430 1325
1532440 1324
1532450 1324
1532460 1324
1532470 1323
1532480 1323
1532490 1323
1532500 1323
1532510 1322
1532520 1322
1532530 1322
1532540 1321
1532550 1322
1532560 1322
1532570 1324
1532580 1329
1532590 1329
1532600 1330
1532610 1329
1532620 1329
1532630 1330
1532640 1330
1532650 1330
1532660 1329
1532670 1330
1532680 1330
1532690 1330
1532700 1330
1532710 1330
1532720 1330
1532730 1329
1532740 1325
1532750 1325
1532760 1320
1532770 1316
1532780 1316
1532790 1312
1532800 1309
1532810 1309
1532820 1305
1532830 1302
1532840 1299
1532850 1299
1532860 1296
1532870 1293
1532880 1293
1532890 1291
1532900 1290
1532910 1290
1532920 1289
1532930 1287
1532940 1287
1532950 1286
1532960 1286
1532970 1286
1532980 1288
1532990 1292
1533000 1292
1533010 1298
1533020 1303
1533030 1308
1533040 1308
1533050 1312
1533060 1316
1533070 1316
1533080 1319
1533090 1322
1533100 1322
1533110 1326
1533120 1330
1533130 1330
1533140 1332
1533150 1335
1533160 1335
1533170 1338
1533180 1342
1533190 1342
1533200 1344
1533210 1347
1533220 1350
1533230 1350
1533240 1352
1533250 1354
1533260 1354
1533270 1357
1533280 1359
1533290 1359
1533300 1362
1533310 1365
1533320 1365
1533330 1368
1533340 1371
1533350 1371
1533360 1374
1533370 1376
1533380 1380
1533390 1380
1533400 1383
1533410 1386
1533420 1386
1533430 1389
1533440 1392
1533450 1392
1533460 1395
1533470 1398
1533480 1398
1533490 1400
1533500 1401
1533510 1401
1533520 1402
1533530 1403
1533540 1403
1533550 1405
1533560 1407
1533570 1409
1533580 1409
1533590 1410
1533600 1411
1533610 1411
1533620 1412
1533630 1413
1533640 1413
1533650 1414
1533660 1416
1533670 1416
1533680 1418
1533690 1419
1533700 1419
1533710 1420
1533720 1422
1533730 1422
1533740 1423
1533750 1424
1533760 1425
1533770 1425
1533780 1426
1533790 1426
1533800 1426
1533810 1427
1533820 1428
1533830 1428
1533840 1429
1533850 1430
1533860 1430
1533870 1431
1533880 1432
1533890 1432
1533900 1433
1533910 1435
1533920 1435
1533930 1437
1533940 1438
1533950 1439
1533960 1439
1533970 1443
1533980 1448
1533990 1448
1534000 1454
1534010 1458
1534020 1458
1534030 1461
1534040 1463
1534050 1463
1534060 1466
1534070 1470
1534080 1470
1534090 1475
1534100 1481
1534110 1485
1534120 1485
1534130 1488
1534140 1491
1534150 1491
1534160 1492
1534170 1495
1534180 1495
1534190 1499
1534200 1503
1534210 1503
1534220 1507
1534230 1512
1534240 1512
1534250 1516
1534260 1520
1534270 1520
1534280 1525
1534290 1529
1534300 1534
1534310 1534
1534320 1539
1534330 1544
1534340 1544
1534350 1549
1534360 1554
1534370 1554
1534380 1560
1534390 1567
1534400 1567
1534410 1572
1534420 1578
1534430 1578
1534440 1584
1534450 1590
1534460 1590
1534470 1596
1534480 1602
1534490 1608
1534500 1608
1534510 1614
1534520 1620
1534530 1620
1534540 1627
1534550 1633
1534560 1633
1534570 1639
1534580 1646
1534590 1646
1534600 1651
1534610 1657
1534620 1657
1534630 1663
1534640 1668
1534650 1673
1534660 1673
1534670 1677
1534680 1680
1534690 1680
1534700 1681
1534710 1682
1534720 1682
1534730 1684
1534740 1686
1534750 1686
1534760 1690
1534770 1695
1534780 1695
1534790 1700
1534800 1705
1534810 1705
1534820 1710
1534830 1714
1534840 1718
1534850 1718
1534860 1722
1534870 1727
1534880 1727
1534890 1731
1534900 1737
1534910 1737
1534920 1741
1534930 1746
1534940 1746
1534950 1750
1534960 1754
1534970 1754
1534980 1759
1534990 1763
1535000 1763
1535010 1768
1535020 1772
1535030 1777
1535040 1777
1535050 1781
1535060 1785
1535070 1785
1535080 1790
1535090 1795
1535100 1795
1535110 1800
1535120 1805
1535130 1805
1535140 1810
1535150 1816
1535160 1816
1535170 1821
1535180 1826
1535190 1826
1535200 1831
1535210 1837
1535220 1842
1535230 1842
1535240 1848
1535250 1854
1535260 1854
1535270 1861
1535280 1868
1535290 1868
1535300 1873
1535310 1878
1535320 1878
1535330 1882
1535340 1886
1535350 1886
1535360 1890
1535370 1893
1535380 1896
1535390 1896
1535400 1899
1535410 1901
1535420 1901
1535430 1903
1535440 1905
1535450 1905
1535460 1907
1535470 1909
1535480 1909
1535490 1910
1535500 1911
1535510 1911
1535520 1912
1535530 1913
1535540 1913
1535550 1913
1535560 1913
1535570 1914
1535580 1914
1535590 1914
1535600 1915
1535610 1915
1535620 1917
1535630 1918
1535640 1918
1535650 1919
1535660 1920
1535670 1920
1535680 1921
1535690 1923
1535700 1923
1535710 1925
1535720 1927
1535730 1927
1535740 1929
1535750 1931
1535760 1932
1535770 1932
1535780 1935
1535790 1937
1535800 1937
1535810 1940
1535820 1943
1535830 1943
1535840 1946
1535850 1949
1535860 1949
1535870 1952
1535880 1954
1535890 1954
1535900 1957
1535910 1960
1535920 1960
1535930 1962
1535940 1965
1535950 1967
1535960 1967
1535970 1969
1535980 1971
1535990 1971
1536000 1974
1536010 1976
1536020 1976
1536030 1978
1536040 1980
1536050 1980
1536060 1982
1536070 1985
1536080 1985
1536090 1989
1536100 1993
1536110 1997
1536120 1997
1536130 2001
1536140 2005
1536150 2005
1536160 2008
1536170 2012
1536180 2012
1536190 2014
1536200 2017
1536210 2017
1536220 2019
1536230 2021
1536240 2021
1536250 2024
1536260 2027
1536270 2027
1536280 2029
1536290 2030
1536300 2031
1536310 2031
1536320 2033
1536330 2034
1536340 2034
1536350 2036
1536360 2037
1536370 2037
1536380 2038
1536390 2040
1536400 2040
1536410 2042
1536420 2044
1536430 2044
1536440 2045
1536450 2047
1536460 2047
1536470 2049
1536480 2051
1536490 2053
1536500 2053
1536510 2055
1536520 2057
1536530 2057
1536540 2059
1536550 2061
1536560 2061
1536570 2062
1536580 2064
1536590 2064
1536600 2066
1536610 2067
1536620 2067
1536630 2067
1536640 2066
1536650 2065
1536660 2065
1536670 2065
1536680 2064
1536690 2064
1536700 2064
1536710 2063
1536720 2063
1536730 2063
1536740 2062
1536750 2062
1536760 2061
1536770 2061
1536780 2061
1536790 2061
1536800 2061
1536810 2061
1536820 2061
1536830 2061
1536840 2061
1536850 2061
1536860 2061
1536870 2060
1536880 2060
1536890 2058
1536900 2057
1536910 2057
1536920 2055
1536930 2054
1536940 2054
1536950 2052
1536960 2051
1536970 2051
1536980 2050
1536990 2049
1537000 2049
1537010 2048
1537020 2047
1537030 2045
1537040 2045
1537050 2043
1537060 2041
1537070 2041
1537080 2039
1537090 2036
1537100 2036
1537110 2034
1537120 2031
1537130 2031
1537140 2027
1537150 2024
1537160 2024
1537170 2020
1537180 2017
1537190 2017
1537200 2013
1537210 2009
1537220 2004
1537230 2004
1537240 2000
1537250 1996
1537260 1996
1537270 1992
1537280 1989
1537290 1989
1537300 1985
1537310 1981
1537320 1981
1537330 1977
1537340 1974
1537350 1974
1537360 1970
1537370 1966
1537380 1963
1537390 1963
1537400 1960
1537410 1955
1537420 1955
1537430 1952
1537440 1950
1537450 1950
1537460 1948
1537470 1946
1537480 1946
1537490 1944
1537500 1941
1537510 1941
1537520 1939
1537530 1936
1537540 1936
1537550 1933
1537560 1931
1537570 1928
1537580 1928
1537590 1925
1537600 1922
1537610 1922
1537620 1919
1537630 1916
1537640 1916
1537650 1912
1537660 1908
1537670 1908
1537680 1904
1537690 1900
1537700 1900
1537710 1896
1537720 1893
1537730 1893
1537740 1889
1537750 1884
1537760 1880
1537770 1880
1537780 1876
1537790 1871
1537800 1871
1537810 1867
1537820 1862
1537830 1862
1537840 1857
1537850 1852
1537860 1852
1537870 1848
1537880 1843
1537890 1843
1537900 1839
1537910 1835
1537920 1829
1537930 1829
1537940 1823
1537950 1816
1537960 1816
1537970 1811
1537980 1817
1537990 1817
1538000 1821
1538010 1823
1538020 1823
1538030 1825
1538040 1827
1538050 1827
1538060 1830
1538070 1831
1538080 1831
1538090 1833
1538100 1834
1538110 1836
1538120 1836
1538130 1837
1538140 1838
1538150 1838
1538160 1840
1538170 1841
1538180 1841
1538190 1843
1538200 1845
1538210 1845
1538220 1848
1538230 1850
1538240 1850
1538250 1854
1538260 1858
1538270 1858
1538280 1858
1538290 1855
1538300 1850
1538310 1850
1538320 1851
1538330 1855
1538340 1855
1538350 1858
1538360 1861
1538370 1861
1538380 1864
1538390 1867
1538400 1867
1538410 1871
1538420 1875
1538430 1875
1538440 1879
1538450 1883
1538460 1883
1538470 1888
1538480 1892
1538490 1896
1538500 1896
1538510 1901
1538520 1905
1538530 1905
1538540 1910
1538550 1914
1538560 1914
1538570 1919
1538580 1923
1538590 1923
1538600 1927
1538610 1931
1538620 1931
1538630 1935
1538640 1940
1538650 1945
1538660 1945
1538670 1949
1538680 1953
1538690 1953
1538700 1958
1538710 1962
1538720 1962
1538730 1966
1538740 1970
1538750 1970
1538760 1974
1538770 1978
1538780 1978
1538790 1983
1538800 1986
1538810 1986
1538820 1990
1538830 1994
1538840 1997
1538850 1997
1538860 2001
1538870 2004
1538880 2004
1538890 2007
1538900 2010
1538910 2010
1538920 2013
1538930 2016
1538940 2016
1538950 2019
1538960 2021
1538970 2021
1538980 2024
1538990 2026
1539000 2026
1539010 2029
1539020 2032
1539030 2035
1539040 2035
1539050 2037
1539060 2040
1539070 2040
1539080 2043
1539090 2046
1539100 2046
1539110 2048
1539120 2050
1539130 2050
1539140 2052
1539150 2055
1539160 2055
1539170 2057
1539180 2059
1539190 2062
1539200 2062
1539210 2064
1539220 2067
1539230 2067
1539240 2070
1539250 2073
1539260 2073
1539270 2075
1539280 2078
1539290 2078
1539300 2081
1539310 2083
1539320 2083
1539330 2086
1539340 2088
1539350 2088
1539360 2091
1539370 2094
1539380 2096
1539390 2096
1539400 2099
1539410 2101
1539420 2101
1539430 2103
1539440 2105
1539450 2105
1539460 2108
1539470 2111
1539480 2111
1539490 2113
1539500 2115
1539510 2115
1539520 2117
1539530 2120
1539540 2120
1539550 2124
1539560 2128
1539570 2131
1539580 2131
1539590 2134
1539600 2139
1539610 2139
1539620 2143
1539630 2146
1539640 2146
1539650 2148
1539660 2149
1539670 2149
1539680 2151
1539690 2152
1539700 2152
1539710 2153
1539720 2153
1539730 2153
1539740 2153
1539750 2153
1539760 2152
1539770 2152
1539780 2152
1539790 2151
1539800 2151
1539810 2151
1539820 2151
1539830 2151
1539840 2150
1539850 2150
1539860 2150
1539870 2149
1539880 2148
1539890 2148
1539900 2147
1539910 2146
1539920 2144
1539930 2144
1539940 2142
1539950 2140
1539960 2140
1539970 2138
1539980 2134
1539990 2134
