1520000 1687
1520010 1685
1520020 1685
1520030 1684
1520040 1685
1520050 1685
1520060 1685
1520070 1686
1520080 1686
1520090 1686
1520100 1687
1520110 1687
1520120 1687
1520130 1687
1520140 1687
1520150 1687
1520160 1688
1520170 1689
1520180 1689
1520190 1691
1520200 1693
1520210 1693
1520220 1695
1520230 1697
1520240 1697
1520250 1700
1520260 1703
1520270 1703
1520280 1707
1520290 1710
1520300 1710
1520310 1714
1520320 1717
1520330 1721
1520340 1721
1520350 1724
1520360 1727
1520370 1727
1520380 1730
1520390 1732
1520400 1732
1520410 1734
1520420 1737
1520430 1737
1520440 1739
1520450 1741
1520460 1741
1520470 1744
1520480 1747
1520490 1747
1520500 1749
1520510 1752
1520520 1755
1520530 1755
1520540 1757
1520550 1759
1520560 1759
1520570 1763
1520580 1766
1520590 1766
1520600 1769
1520610 1772
1520620 1772
1520630 1775
1520640 1779
1520650 1779
1520660 1782
1520670 1785
1520680 1785
1520690 1789
1520700 1792
1520710 1794
1520720 1794
1520730 1797
1520740 1801
1520750 1801
1520760 1803
1520770 1806
1520780 1806
1520790 1809
1520800 1811
1520810 1811
1520820 1813
1520830 1816
1520840 1816
1520850 1819
1520860 1821
1520870 1824
1520880 1824
1520890 1826
1520900 1829
1520910 1829
1520920 1831
1520930 1835
1520940 1835
1520950 1839
1520960 1842
1520970 1842
1520980 1845
1520990 1847
1521000 1847
1521010 1850
1521020 1853
1521030 1853
1521040 1856
1521050 1858
1521060 1857
1521070 1857
1521080 1854
1521090 1851
1521100 1851
1521110 1847
1521120 1841
1521130 1841
1521140 1833
1521150 1825
1521160 1825
1521170 1818
1521180 1811
1521190 1811
1521200 1803
1521210 1796
1521220 1796
1521230 1789
1521240 1783
1521250 1777
1521260 1777
1521270 1770
1521280 1762
1521290 1762
1521300 1753
1521310 1744
1521320 1744
1521330 1733
1521340 1716
1521350 1716
1521360 1703
1521370 1695
1521380 1695
1521390 1689
1521400 1681
1521410 1681
1521420 1673
1521430 1665
1521440 1659
1521450 1659
1521460 1652
1521470 1647
1521480 1647
1521490 1643
1521500 1639
1521510 1639
1521520 1635
1521530 1632
1521540 1632
1521550 1631
1521560 1627
1521570 1627
1521580 1622
1521590 1617
1521600 1617
1521610 1609
1521620 1602
1521630 1595
1521640 1595
1521650 1590
1521660 1586
1521670 1586
1521680 1583
1521690 1579
1521700 1579
1521710 1575
1521720 1572
1521730 1572
1521740 1569
1521750 1566
1521760 1566
1521770 1563
1521780 1560
1521790 1560
1521800 1556
1521810 1552
1521820 1549
1521830 1549
1521840 1545
1521850 1542
1521860 1542
1521870 1539
1521880 1536
1521890 1536
1521900 1534
1521910 1531
1521920 1531
1521930 1528
1521940 1525
1521950 1525
1521960 1524
1521970 1522
1521980 1519
1521990 1519
1522000 1518
1522010 1516
1522020 1516
1522030 1514
1522040 1512
1522050 1512
1522060 1510
1522070 1509
1522080 1509
1522090 1509
1522100 1507
1522110 1507
1522120 1505
1522130 1501
1522140 1501
1522150 1498
1522160 1494
1522170 1490
1522180 1490
1522190 1487
1522200 1484
1522210 1484
1522220 1482
1522230 1480
1522240 1480
1522250 1477
1522260 1475
1522270 1475
1522280 1473
1522290 1469
1522300 1469
1522310 1464
1522320 1460
1522330 1460
1522340 1455
1522350 1449
1522360 1443
1522370 1443
1522380 1436
1522390 1430
1522400 1430
1522410 1424
1522420 1419
1522430 1419
1522440 1412
1522450 1407
1522460 1407
1522470 1402
1522480 1399
1522490 1399
1522500 1400
1522510 1402
1522520 1402
1522530 1406
1522540 1409
1522550 1413
1522560 1413
1522570 1416
1522580 1419
1522590 1419
1522600 1422
1522610 1424
1522620 1424
1522630 1427
1522640 1429
1522650 1429
1522660 1431
1522670 1434
1522680 1434
1522690 1436
1522700 1438
1522710 1438
1522720 1441
1522730 1443
1522740 1446
1522750 1446
1522760 1450
1522770 1453
1522780 1453
1522790 1456
1522800 1459
1522810 1459
1522820 1461
1522830 1464
1522840 1464
1522850 1467
1522860 1470
1522870 1470
1522880 1474
1522890 1480
1522900 1484
1522910 1484
1522920 1489
1522930 1495
1522940 1495
1522950 1502
1522960 1508
1522970 1508
1522980 1512
1522990 1515
1523000 1515
1523010 1518
1523020 1522
1523030 1522
1523040 1527
1523050 1533
1523060 1533
1523070 1539
1523080 1545
1523090 1551
1523100 1551
1523110 1554
1523120 1558
1523130 1558
1523140 1565
1523150 1571
1523160 1571
1523170 1575
1523180 1580
1523190 1580
1523200 1583
1523210 1585
1523220 1585
1523230 1589
1523240 1593
1523250 1593
1523260 1598
1523270 1603
1523280 1608
1523290 1608
1523300 1613
1523310 1617
1523320 1617
1523330 1620
1523340 1624
1523350 1624
1523360 1628
1523370 1632
1523380 1632
1523390 1637
1523400 1642
1523410 1642
1523420 1647
1523430 1652
1523440 1652
1523450 1656
1523460 1661
1523470 1665
1523480 1665
1523490 1668
1523500 1672
1523510 1672
1523520 1675
1523530 1678
1523540 1678
1523550 1680
1523560 1683
1523570 1683
1523580 1686
1523590 1690
1523600 1690
1523610 1694
1523620 1699
1523630 1699
1523640 1705
1523650 1709
1523660 1714
1523670 1714
1523680 1718
1523690 1722
1523700 1722
1523710 1726
1523720 1730
1523730 1730
1523740 1735
1523750 1740
1523760 1740
1523770 1744
1523780 1749
1523790 1749
1523800 1754
1523810 1760
1523820 1760
1523830 1766
1523840 1770
1523850 1775
1523860 1775
1523870 1780
1523880 1784
1523890 1784
1523900 1790
1523910 1795
1523920 1795
1523930 1800
1523940 1806
1523950 1806
1523960 1813
1523970 1819
1523980 1819
1523990 1826
1524000 1833
1524010 1840
1524020 1840
1524030 1846
1524040 1851
1524050 1851
1524060 1856
1524070 1861
1524080 1861
1524090 1865
1524100 1869
1524110 1869
1524120 1873
1524130 1877
1524140 1877
1524150 1883
1524160 1889
1524170 1889
1524180 1894
1524190 1899
1524200 1904
1524210 1904
1524220 1909
1524230 1913
1524240 1913
1524250 1918
1524260 1924
1524270 1924
1524280 1930
1524290 1935
1524300 1935
1524310 1941
1524320 1946
1524330 1946
1524340 1952
1524350 1958
1524360 1958
1524370 1964
1524380 1970
1524390 1975
1524400 1975
1524410 1980
1524420 1985
1524430 1985
1524440 1990
1524450 1994
1524460 1994
1524470 1997
1524480 2001
1524490 2001
1524500 2005
1524510 2009
1524520 2009
1524530 2011
1524540 2014
1524550 2014
1524560 2016
1524570 2019
1524580 2020
1524590 2020
1524600 2020
1524610 2018
1524620 2018
1524630 2014
1524640 2009
1524650 2009
1524660 2004
1524670 1998
1524680 1998
1524690 1992
1524700 1985
1524710 1985
1524720 1977
1524730 1970
1524740 1970
1524750 1963
1524760 1956
1524770 1949
1524780 1949
1524790 1942
1524800 1935
1524810 1935
1524820 1929
1524830 1922
1524840 1922
1524850 1916
1524860 1910
1524870 1910
1524880 1906
1524890 1903
1524900 1903
1524910 1902
1524920 1900
1524930 1899
1524940 1899
1524950 1897
1524960 1895
1524970 1895
1524980 1893
1524990 1893
1525000 1893
1525010 1893
1525020 1895
1525030 1895
1525040 1897
1525050 1898
1525060 1898
1525070 1899
1525080 1899
1525090 1899
1525100 1899
1525110 1898
1525120 1897
1525130 1897
1525140 1895
1525150 1894
1525160 1894
1525170 1892
1525180 1891
1525190 1891
1525200 1890
1525210 1889
1525220 1889
1525230 1888
1525240 1887
1525250 1887
1525260 1886
1525270 1884
1525280 1884
1525290 1883
1525300 1882
1525310 1880
1525320 1880
1525330 1878
1525340 1876
1525350 1876
1525360 1876
1525370 1878
1525380 1878
1525390 1880
1525400 1881
1525410 1881
1525420 1883
1525430 1885
1525440 1885
1525450 1887
1525460 1889
1525470 1889
1525480 1890
1525490 1892
1525500 1893
1525510 1893
1525520 1895
1525530 1898
1525540 1898
1525550 1900
1525560 1902
1525570 1902
1525580 1905
1525590 1908
1525600 1908
1525610 1910
1525620 1912
1525630 1912
1525640 1915
1525650 1918
1525660 1918
1525670 1921
1525680 1924
1525690 1926
1525700 1926
1525710 1928
1525720 1929
1525730 1929
1525740 1928
1525750 1928
1525760 1928
1525770 1926
1525780 1924
1525790 1924
1525800 1922
1525810 1920
1525820 1920
1525830 1918
1525840 1915
1525850 1915
1525860 1913
1525870 1909
1525880 1906
1525890 1906
1525900 1903
1525910 1900
1525920 1900
1525930 1897
1525940 1894
1525950 1894
1525960 1891
1525970 1887
1525980 1887
1525990 1883
1526000 1880
1526010 1880
1526020 1877
1526030 1872
1526040 1867
1526050 1867
1526060 1862
1526070 1858
1526080 1858
1526090 1854
1526100 1850
1526110 1850
1526120 1844
1526130 1838
1526140 1838
1526150 1832
1526160 1833
1526170 1833
1526180 1835
1526190 1835
1526200 1835
1526210 1838
1526220 1841
1526230 1843
1526240 1843
1526250 1844
1526260 1845
1526270 1845
1526280 1847
1526290 1847
1526300 1847
1526310 1848
1526320 1850
1526330 1850
1526340 1850
1526350 1850
1526360 1850
1526370 1850
1526380 1850
1526390 1850
1526400 1850
1526410 1850
1526420 1850
1526430 1850
1526440 1850
1526450 1849
1526460 1849
1526470 1849
1526480 1849
1526490 1849
1526500 1848
1526510 1847
1526520 1847
1526530 1845
1526540 1843
1526550 1843
1526560 1848
1526570 1846
1526580 1846
1526590 1845
1526600 1843
1526610 1841
1526620 1841
1526630 1838
1526640 1837
1526650 1837
1526660 1840
1526670 1847
1526680 1847
1526690 1853
1526700 1860
1526710 1860
1526720 1866
1526730 1872
1526740 1872
1526750 1877
1526760 1882
1526770 1882
1526780 1887
1526790 1892
1526800 1897
1526810 1897
1526820 1902
1526830 1906
1526840 1906
1526850 1911
1526860 1916
1526870 1916
1526880 1921
1526890 1926
1526900 1926
1526910 1931
1526920 1936
1526930 1936
1526940 1941
1526950 1946
1526960 1951
1526970 1951
1526980 1956
1526990 1962
1527000 1962
1527010 1968
1527020 1974
1527030 1974
1527040 1979
1527050 1984
1527060 1984
1527070 1988
1527080 1993
1527090 1993
1527100 1997
1527110 2002
1527120 2002
1527130 2006
1527140 2011
1527150 2015
1527160 2015
1527170 2018
1527180 2021
1527190 2021
1527200 2024
1527210 2028
1527220 2028
1527230 2031
1527240 2034
1527250 2034
1527260 2037
1527270 2040
1527280 2040
1527290 2044
1527300 2048
1527310 2048
1527320 2051
1527330 2055
1527340 2058
1527350 2058
1527360 2062
1527370 2065
1527380 2065
1527390 2068
1527400 2070
1527410 2070
1527420 2072
1527430 2074
1527440 2074
1527450 2076
1527460 2077
1527470 2077
1527480 2079
1527490 2080
1527500 2080
1527510 2081
1527520 2082
1527530 2084
1527540 2084
1527550 2084
1527560 2085
1527570 2085
1527580 2085
1527590 2085
1527600 2085
1527610 2085
1527620 2084
1527630 2084
1527640 2083
1527650 2082
1527660 2082
1527670 2080
1527680 2078
1527690 2078
1527700 2076
1527710 2074
1527720 2073
1527730 2073
1527740 2071
1527750 2069
1527760 2069
1527770 2067
1527780 2065
1527790 2065
1527800 2063
1527810 2060
1527820 2060
1527830 2058
1527840 2055
1527850 2055
1527860 2052
1527870 2049
1527880 2049
1527890 2046
1527900 2043
1527910 2040
1527920 2040
1527930 2036
1527940 2033
1527950 2033
1527960 2029
1527970 2025
1527980 2025
1527990 2021
1528000 2016
1528010 2016
1528020 2012
1528030 2008
1528040 2008
1528050 2004
1528060 2000
1528070 1996
1528080 1996
1528090 1991
1528100 1987
1528110 1987
1528120 1982
1528130 1978
1528140 1978
1528150 1973
1528160 1968
1528170 1968
1528180 1963
1528190 1958
1528200 1958
1528210 1953
1528220 1948
1528230 1948
1528240 1943
1528250 1938
1528260 1933
1528270 1933
1528280 1928
1528290 1923
1528300 1923
1528310 1918
1528320 1913
1528330 1913
1528340 1909
1528350 1905
1528360 1905
1528370 1900
1528380 1895
1528390 1895
1528400 1890
1528410 1885
1528420 1885
1528430 1881
1528440 1876
1528450 1872
1528460 1872
1528470 1867
1528480 1863
1528490 1863
1528500 1859
1528510 1855
1528520 1855
1528530 1851
1528540 1846
1528550 1846
1528560 1842
1528570 1838
1528580 1838
1528590 1835
1528600 1831
1528610 1831
1528620 1828
1528630 1825
1528640 1822
1528650 1822
1528660 1820
1528670 1817
1528680 1817
1528690 1814
1528700 1811
1528710 1811
1528720 1808
1528730 1805
1528740 1805
1528750 1802
1528760 1798
1528770 1798
1528780 1794
1528790 1789
1528800 1789
1528810 1785
1528820 1782
1528830 1779
1528840 1779
1528850 1776
1528860 1774
1528870 1774
1528880 1771
1528890 1769
1528900 1769
1528910 1767
1528920 1765
1528930 1765
1528940 1763
1528950 1759
1528960 1759
1528970 1755
1528980 1751
1528990 1748
1529000 1748
1529010 1744
1529020 1741
1529030 1741
1529040 1738
1529050 1735
1529060 1735
1529070 1733
1529080 1732
1529090 1732
1529100 1730
1529110 1728
1529120 1728
1529130 1726
1529140 1724
1529150 1724
1529160 1721
1529170 1717
1529180 1714
1529190 1714
1529200 1710
1529210 1707
1529220 1707
1529230 1704
1529240 1702
1529250 1702
1529260 1699
1529270 1697
1529280 1697
1529290 1694
1529300 1692
1529310 1692
1529320 1689
1529330 1686
1529340 1686
1529350 1683
1529360 1680
1529370 1676
1529380 1676
1529390 1672
1529400 1667
1529410 1667
1529420 1661
1529430 1657
1529440 1657
1529450 1652
1529460 1651
1529470 1653
1529480 1658
1529490 1666
1529500 1666
1529510 1672
1529520 1678
1529530 1678
1529540 1683
1529550 1685
1529560 1688
1529570 1688
1529580 1694
1529590 1697
1529600 1697
1529610 1700
1529620 1702
1529630 1702
1529640 1706
1529650 1710
1529660 1710
1529670 1716
1529680 1721
1529690 1721
1529700 1729
1529710 1735
1529720 1735
1529730 1735
1529740 1731
1529750 1725
1529760 1725
1529770 1721
1529780 1716
1529790 1716
1529800 1712
1529810 1708
1529820 1708
1529830 1702
1529840 1694
1529850 1694
1529860 1688
1529870 1680
1529880 1680
1529890 1670
1529900 1666
1529910 1666
1529920 1663
1529930 1658
1529940 1653
1529950 1653
1529960 1648
1529970 1644
1529980 1644
1529990 1640
1530000 1638
1530010 1638
1530020 1636
1530030 1633
1530040 1633
1530050 1629
1530060 1625
1530070 1625
1530080 1622
1530090 1618
1530100 1613
1530110 1613
1530120 1608
1530130 1604
1530140 1604
1530150 1600
1530160 1597
1530170 1597
1530180 1595
1530190 1593
1530200 1593
1530210 1591
1530220 1589
1530230 1589
1530240 1586
1530250 1585
1530260 1585
1530270 1585
1530280 1587
1530290 1593
1530300 1593
1530310 1598
1530320 1601
1530330 1601
1530340 1603
1530350 1606
1530360 1606
1530370 1609
1530380 1612
1530390 1612
1530400 1614
1530410 1617
1530420 1617
1530430 1620
1530440 1624
1530450 1624
1530460 1628
1530470 1632
1530480 1636
1530490 1636
1530500 1642
1530510 1648
1530520 1648
1530530 1652
1530540 1656
1530550 1656
1530560 1660
1530570 1665
1530580 1665
1530590 1670
1530600 1675
1530610 1675
1530620 1680
1530630 1686
1530640 1686
1530650 1692
1530660 1697
1530670 1702
1530680 1702
1530690 1708
1530700 1714
1530710 1714
1530720 1720
1530730 1725
1530740 1725
1530750 1730
1530760 1734
1530770 1734
1530780 1738
1530790 1742
1530800 1742
1530810 1745
1530820 1749
1530830 1749
1530840 1753
1530850 1756
1530860 1757
1530870 1757
1530880 1759
1530890 1762
1530900 1762
1530910 1764
1530920 1768
1530930 1768
1530940 1772
1530950 1775
1530960 1775
1530970 1780
1530980 1786
1530990 1786
1531000 1792
1531010 1798
1531020 1804
1531030 1804
1531040 1810
1531050 1817
1531060 1817
1531070 1822
1531080 1826
1531090 1826
1531100 1826
1531110 1826
1531120 1826
1531130 1825
1531140 1825
1531150 1825
1531160 1827
1531170 1831
1531180 1831
1531190 1837
1531200 1843
1531210 1845
1531220 1845
1531230 1846
1531240 1850
1531250 1850
1531260 1854
1531270 1860
1531280 1860
1531290 1865
1531300 1872
1531310 1872
1531320 1882
1531330 1888
1531340 1888
1531350 1896
1531360 1904
1531370 1904
1531380 1912
1531390 1920
1531400 1928
1531410 1928
1531420 1936
1531430 1941
1531440 1941
1531450 1946
1531460 1951
1531470 1951
1531480 1954
1531490 1957
1531500 1957
1531510 1960
1531520 1963
1531530 1963
1531540 1964
1531550 1964
1531560 1964
1531570 1964
1531580 1964
1531590 1963
1531600 1963
1531610 1963
1531620 1962
1531630 1962
1531640 1959
1531650 1956
1531660 1956
1531670 1953
1531680 1950
1531690 1950
1531700 1947
1531710 1943
1531720 1943
1531730 1940
1531740 1937
1531750 1937
1531760 1934
1531770 1930
1531780 1927
1531790 1927
1531800 1924
1531810 1921
1531820 1921
1531830 1918
1531840 1914
1531850 1914
1531860 1910
1531870 1906
1531880 1906
1531890 1902
1531900 1899
1531910 1899
1531920 1897
1531930 1894
1531940 1894
1531950 1891
1531960 1888
1531970 1884
1531980 1884
1531990 1880
1532000 1876
1532010 1876
1532020 1872
1532030 1868
1532040 1868
1532050 1863
1532060 1858
1532070 1858
1532080 1853
1532090 1849
1532100 1849
1532110 1846
1532120 1842
1532130 1836
1532140 1836
1532150 1831
1532160 1828
1532170 1828
1532180 1824
1532190 1821
1532200 1821
1532210 1825
1532220 1824
1532230 1824
1532240 1821
1532250 1819
1532260 1819
1532270 1818
1532280 1816
1532290 1816
1532300 1814
1532310 1815
1532320 1815
1532330 1815
1532340 1817
1532350 1821
1532360 1821
1532370 1824
1532380 1824
1532390 1824
1532400 1822
1532410 1820
1532420 1820
1532430 1817
1532440 1812
1532450 1812
1532460 1810
1532470 1812
1532480 1812
1532490 1817
1532500 1822
1532510 1827
1532520 1827
1532530 1832
1532540 1836
1532550 1836
1532560 1841
1532570 1845
1532580 1845
1532590 1849
1532600 1854
1532610 1854
1532620 1858
1532630 1863
1532640 1863
1532650 1868
1532660 1872
1532670 1872
1532680 1877
1532690 1881
1532700 1885
1532710 1885
1532720 1889
1532730 1893
1532740 1893
1532750 1897
1532760 1901
1532770 1901
1532780 1905
1532790 1908
1532800 1908
1532810 1912
1532820 1916
1532830 1916
1532840 1920
1532850 1924
1532860 1924
1532870 1928
1532880 1932
1532890 1936
1532900 1936
1532910 1940
1532920 1944
1532930 1944
1532940 1948
1532950 1952
1532960 1952
1532970 1956
1532980 1960
1532990 1960
1533000 1963
1533010 1967
1533020 1967
1533030 1971
1533040 1974
1533050 1978
1533060 1978
1533070 1982
1533080 1985
1533090 1985
1533100 1988
1533110 1991
1533120 1991
1533130 1993
1533140 1994
1533150 1994
1533160 1996
1533170 1998
1533180 1998
1533190 1999
1533200 1999
1533210 1999
1533220 1997
1533230 1995
1533240 1991
1533250 1991
1533260 1986
1533270 1983
1533280 1983
1533290 1979
1533300 1978
1533310 1978
1533320 1977
1533330 1975
1533340 1975
1533350 1972
1533360 1970
1533370 1970
1533380 1968
1533390 1965
1533400 1965
1533410 1964
1533420 1963
1533430 1961
1533440 1961
1533450 1959
1533460 1957
1533470 1957
1533480 1955
1533490 1953
1533500 1953
1533510 1951
1533520 1949
1533530 1949
1533540 1945
1533550 1941
1533560 1941
1533570 1936
1533580 1932
1533590 1932
1533600 1927
1533610 1922
1533620 1918
1533630 1918
1533640 1913
1533650 1908
1533660 1908
1533670 1904
1533680 1900
1533690 1900
1533700 1897
1533710 1894
1533720 1894
1533730 1889
1533740 1882
1533750 1882
1533760 1878
1533770 1873
1533780 1873
1533790 1869
1533800 1866
1533810 1863
1533820 1863
1533830 1859
1533840 1855
1533850 1855
1533860 1851
1533870 1847
1533880 1847
1533890 1842
1533900 1837
1533910 1837
1533920 1833
1533930 1828
1533940 1828
1533950 1823
1533960 1818
1533970 1818
1533980 1813
1533990 1808
1534000 1803
1534010 1803
1534020 1798
1534030 1792
1534040 1792
1534050 1786
1534060 1781
1534070 1781
1534080 1776
1534090 1771
1534100 1771
1534110 1766
1534120 1761
1534130 1761
1534140 1756
1534150 1750
1534160 1746
1534170 1746
1534180 1744
1534190 1740
1534200 1740
1534210 1735
1534220 1727
1534230 1727
1534240 1719
1534250 1711
1534260 1711
1534270 1703
1534280 1697
1534290 1697
1534300 1690
1534310 1685
1534320 1685
1534330 1680
1534340 1675
1534350 1671
1534360 1671
1534370 1666
1534380 1663
1534390 1663
1534400 1659
1534410 1655
1534420 1655
1534430 1652
1534440 1648
1534450 1648
1534460 1644
1534470 1640
1534480 1640
1534490 1635
1534500 1631
1534510 1631
1534520 1626
1534530 1621
1534540 1615
1534550 1615
1534560 1611
1534570 1606
1534580 1606
1534590 1602
1534600 1598
1534610 1598
1534620 1592
1534630 1589
1534640 1589
1534650 1586
1534660 1584
1534670 1584
1534680 1585
1534690 1586
1534700 1586
1534710 1587
1534720 1590
1534730 1595
1534740 1595
1534750 1599
1534760 1602
1534770 1602
1534780 1603
1534790 1609
1534800 1609
1534810 1610
1534820 1613
1534830 1613
1534840 1616
1534850 1619
1534860 1619
1534870 1620
1534880 1621
1534890 1621
1534900 1623
1534910 1626
1534920 1629
1534930 1629
1534940 1634
1534950 1639
1534960 1639
1534970 1643
1534980 1646
1534990 1646
1535000 1647
1535010 1650
1535020 1650
1535030 1652
1535040 1654
1535050 1654
1535060 1656
1535070 1659
1535080 1662
1535090 1662
1535100 1665
1535110 1665
1535120 1665
1535130 1666
1535140 1666
1535150 1666
1535160 1667
1535170 1667
1535180 1667
1535190 1667
1535200 1667
1535210 1667
1535220 1668
1535230 1669
1535240 1669
1535250 1670
1535260 1672
1535270 1674
1535280 1674
1535290 1675
1535300 1677
1535310 1677
1535320 1678
1535330 1679
1535340 1679
1535350 1680
1535360 1681
1535370 1681
1535380 1682
1535390 1682
1535400 1682
1535410 1682
1535420 1682
1535430 1682
1535440 1682
1535450 1682
1535460 1681
1535470 1681
1535480 1680
1535490 1679
1535500 1679
1535510 1678
1535520 1678
1535530 1678
1535540 1680
1535550 1685
1535560 1685
1535570 1690
1535580 1695
1535590 1695
1535600 1699
1535610 1702
1535620 1702
1535630 1705
1535640 1707
1535650 1710
1535660 1710
1535670 1713
1535680 1716
1535690 1716
1535700 1718
1535710 1721
1535720 1721
1535730 1723
1535740 1725
1535750 1725
1535760 1729
1535770 1732
1535780 1732
1535790 1735
1535800 1737
1535810 1737
1535820 1738
1535830 1740
1535840 1742
1535850 1742
1535860 1745
1535870 1749
1535880 1749
1535890 1753
1535900 1755
1535910 1755
1535920 1758
1535930 1761
1535940 1761
1535950 1765
1535960 1769
1535970 1769
1535980 1773
1535990 1777
1536000 1777
1536010 1779
1536020 1780
1536030 1782
1536040 1782
1536050 1784
1536060 1786
1536070 1786
1536080 1788
1536090 1789
1536100 1789
1536110 1791
1536120 1791
1536130 1791
1536140 1791
1536150 1791
1536160 1791
1536170 1790
1536180 1790
1536190 1790
1536200 1790
1536210 1791
1536220 1793
1536230 1793
1536240 1794
1536250 1797
1536260 1797
1536270 1801
1536280 1803
1536290 1803
1536300 1805
1536310 1807
1536320 1807
1536330 1809
1536340 1812
1536350 1812
1536360 1814
1536370 1817
1536380 1820
1536390 1820
1536400 1822
1536410 1825
1536420 1825
1536430 1828
1536440 1830
1536450 1830
1536460 1832
1536470 1833
1536480 1833
1536490 1835
1536500 1836
1536510 1836
1536520 1837
1536530 1837
1536540 1837
1536550 1837
1536560 1838
1536570 1838
1536580 1838
1536590 1838
1536600 1838
1536610 1838
1536620 1838
1536630 1837
1536640 1837
1536650 1836
1536660 1836
1536670 1836
1536680 1836
1536690 1835
1536700 1835
1536710 1841
1536720 1847
1536730 1847
1536740 1850
1536750 1855
1536760 1858
1536770 1858
1536780 1862
1536790 1866
1536800 1866
1536810 1870
1536820 1874
1536830 1874
1536840 1877
1536850 1880
1536860 1880
1536870 1882
1536880 1884
1536890 1884
1536900 1885
1536910 1885
1536920 1885
1536930 1888
1536940 1890
1536950 1892
1536960 1892
1536970 1893
1536980 1894
1536990 1894
1537000 1895
1537010 1897
1537020 1897
1537030 1898
1537040 1899
1537050 1899
1537060 1901
1537070 1902
1537080 1902
1537090 1903
1537100 1902
1537110 1900
1537120 1900
1537130 1900
1537140 1901
1537150 1901
1537160 1902
1537170 1903
1537180 1903
1537190 1905
1537200 1906
1537210 1906
1537220 1910
1537230 1917
1537240 1917
1537250 1924
1537260 1929
1537270 1929
1537280 1934
1537290 1939
1537300 1943
1537310 1943
1537320 1947
1537330 1952
1537340 1952
1537350 1956
1537360 1961
1537370 1961
1537380 1966
1537390 1970
1537400 1970
1537410 1975
1537420 1980
1537430 1980
1537440 1985
1537450 1990
1537460 1990
1537470 1995
1537480 2000
1537490 2006
1537500 2006
1537510 2011
1537520 2016
1537530 2016
1537540 2021
1537550 2026
1537560 2026
1537570 2030
1537580 2035
1537590 2035
1537600 2039
1537610 2045
1537620 2045
1537630 2050
1537640 2054
1537650 2054
1537660 2059
1537670 2063
1537680 2068
1537690 2068
1537700 2073
1537710 2078
1537720 2078
1537730 2083
1537740 2088
1537750 2088
1537760 2091
1537770 2095
1537780 2095
1537790 2101
1537800 2107
1537810 2107
1537820 2112
1537830 2116
1537840 2116
1537850 2121
1537860 2126
1537870 2131
1537880 2131
1537890 2135
1537900 2140
1537910 2140
1537920 2144
1537930 2148
1537940 2148
1537950 2152
1537960 2156
1537970 2156
1537980 2159
1537990 2163
1538000 2163
1538010 2166
1538020 2170
1538030 2170
1538040 2172
1538050 2173
1538060 2174
1538070 2174
1538080 2173
1538090 2173
1538100 2173
1538110 2168
1538120 2162
1538130 2162
1538140 2155
1538150 2150
1538160 2150
1538170 2146
1538180 2143
1538190 2143
1538200 2140
1538210 2136
1538220 2131
1538230 2131
1538240 2125
1538250 2120
1538260 2120
1538270 2114
1538280 2108
1538290 2108
1538300 2103
1538310 2097
1538320 2097
1538330 2092
1538340 2088
1538350 2088
1538360 2085
1538370 2081
1538380 2081
1538390 2077
1538400 2074
1538410 2070
1538420 2070
1538430 2067
1538440 2064
1538450 2064
1538460 2061
1538470 2056
1538480 2056
1538490 2053
1538500 2050
1538510 2050
1538520 2047
1538530 2044
1538540 2044
1538550 2041
1538560 2038
1538570 2038
1538580 2035
1538590 2032
1538600 2030
1538610 2030
1538620 2027
1538630 2024
1538640 2024
1538650 2021
1538660 2019
1538670 2019
1538680 2016
1538690 2014
1538700 2014
1538710 2011
1538720 2008
1538730 2008
1538740 2005
1538750 2003
1538760 2003
1538770 2000
1538780 1998
1538790 1995
1538800 1995
1538810 1992
1538820 1990
1538830 1990
1538840 1987
1538850 1984
1538860 1984
1538870 1981
1538880 1978
1538890 1978
1538900 1975
1538910 1971
1538920 1971
1538930 1969
1538940 1966
1538950 1966
1538960 1963
1538970 1960
1538980 1957
1538990 1957
1539000 1954
1539010 1951
1539020 1951
1539030 1948
1539040 1944
1539050 1944
1539060 1941
1539070 1939
1539080 1939
1539090 1937
1539100 1936
1539110 1936
1539120 1935
1539130 1934
1539140 1932
1539150 1932
1539160 1931
1539170 1930
1539180 1930
1539190 1928
1539200 1927
1539210 1927
1539220 1925
1539230 1922
1539240 1922
1539250 1920
1539260 1918
1539270 1918
1539280 1916
1539290 1913
1539300 1913
1539310 1910
1539320 1908
1539330 1906
1539340 1906
1539350 1905
1539360 1904
1539370 1904
1539380 1904
1539390 1904
1539400 1904
1539410 1904
1539420 1904
1539430 1904
1539440 1903
1539450 1902
1539460 1902
1539470 1902
1539480 1902
1539490 1902
1539500 1901
1539510 1901
1539520 1901
1539530 1901
1539540 1901
1539550 1901
1539560 1901
1539570 1901
1539580 1901
1539590 1901
1539600 1901
1539610 1903
1539620 1903
1539630 1903
1539640 1903
1539650 1903
1539660 1903
1539670 1904
1539680 1904
1539690 1904
1539700 1905
1539710 1905
1539720 1905
1539730 1906
1539740 1907
1539750 1907
1539760 1908
1539770 1909
1539780 1909
1539790 1911
1539800 1912
1539810 1912
1539820 1914
1539830 1915
1539840 1915
1539850 1916
1539860 1917
1539870 1917
1539880 1918
1539890 1919
1539900 1919
1539910 1919
1539920 1919
1539930 1920
1539940 1920
1539950 1920
1539960 1920
1539970 1920
1539980 1920
1539990 1920
