1520000 1914
1520010 1919
1520020 1924
1520030 1924
1520040 1929
1520050 1933
1520060 1933
1520070 1938
1520080 1942
1520090 1946
1520100 1946
1520110 1950
1520120 1953
1520130 1953
1520140 1955
1520150 1957
1520160 1957
1520170 1959
1520180 1960
1520190 1960
1520200 1961
1520210 1962
1520220 1962
1520230 1962
1520240 1962
1520250 1962
1520260 1962
1520270 1962
1520280 1962
1520290 1962
1520300 1961
1520310 1960
1520320 1960
1520330 1959
1520340 1958
1520350 1958
1520360 1956
1520370 1955
1520380 1955
1520390 1953
1520400 1952
1520410 1952
1520420 1951
1520430 1950
1520440 1950
1520450 1950
1520460 1949
1520470 1947
1520480 1947
1520490 1947
1520500 1950
1520510 1950
1520520 1953
1520530 1954
1520540 1954
1520550 1956
1520560 1958
1520570 1958
1520580 1960
1520590 1962
1520600 1962
1520610 1965
1520620 1967
1520630 1969
1520640 1969
1520650 1972
1520660 1974
1520670 1974
1520680 1975
1520690 1977
1520700 1977
1520710 1980
1520720 1983
1520730 1983
1520740 1986
1520750 1988
1520760 1988
1520770 1991
1520780 1994
1520790 1994
1520800 1997
1520810 2000
1520820 2004
1520830 2004
1520840 2007
1520850 2010
1520860 2010
1520870 2013
1520880 2016
1520890 2016
1520900 2019
1520910 2022
1520920 2022
1520930 2024
1520940 2027
1520950 2027
1520960 2030
1520970 2032
1520980 2032
1520990 2034
1521000 2037
1521010 2039
1521020 2039
1521030 2041
1521040 2044
1521050 2044
1521060 2046
1521070 2048
1521080 2048
1521090 2049
1521100 2051
1521110 2051
1521120 2053
1521130 2055
1521140 2055
1521150 2057
1521160 2058
1521170 2058
1521180 2059
1521190 2060
1521200 2061
1521210 2061
1521220 2063
1521230 2063
1521240 2063
1521250 2064
1521260 2064
1521270 2064
1521280 2064
1521290 2064
1521300 2064
1521310 2061
1521320 2058
1521330 2058
1521340 2055
1521350 2050
1521360 2050
1521370 2046
1521380 2046
1521390 2044
1521400 2044
1521410 2041
1521420 2038
1521430 2038
1521440 2033
1521450 2028
1521460 2028
1521470 2027
1521480 2026
1521490 2026
1521500 2023
1521510 2016
1521520 2016
1521530 2010
1521540 2003
1521550 2003
1521560 1989
1521570 1977
1521580 1951
1521590 1951
1521600 1920
1521610 1907
1521620 1907
1521630 1895
1521640 1885
1521650 1885
1521660 1877
1521670 1869
1521680 1869
1521690 1862
1521700 1855
1521710 1855
1521720 1849
1521730 1843
1521740 1843
1521750 1838
1521760 1834
1521770 1829
1521780 1829
1521790 1825
1521800 1820
1521810 1820
1521820 1816
1521830 1812
1521840 1812
1521850 1807
1521860 1803
1521870 1803
1521880 1799
1521890 1795
1521900 1795
1521910 1791
1521920 1788
1521930 1784
1521940 1784
1521950 1780
1521960 1776
1521970 1776
1521980 1773
1521990 1769
1522000 1769
1522010 1765
1522020 1761
1522030 1761
1522040 1756
1522050 1754
1522060 1754
1522070 1750
1522080 1745
1522090 1745
1522100 1739
1522110 1731
1522120 1720
1522130 1720
1522140 1713
1522150 1706
1522160 1706
1522170 1700
1522180 1688
1522190 1688
1522200 1675
1522210 1668
1522220 1668
1522230 1662
1522240 1654
1522250 1654
1522260 1643
1522270 1638
1522280 1638
1522290 1634
1522300 1630
1522310 1625
1522320 1625
1522330 1619
1522340 1614
1522350 1614
1522360 1609
1522370 1604
1522380 1604
1522390 1599
1522400 1596
1522410 1596
1522420 1593
1522430 1591
1522440 1591
1522450 1589
1522460 1586
1522470 1586
1522480 1583
1522490 1579
1522500 1575
1522510 1575
1522520 1572
1522530 1569
1522540 1569
1522550 1564
1522560 1560
1522570 1560
1522580 1556
1522590 1552
1522600 1552
1522610 1547
1522620 1544
1522630 1544
1522640 1542
1522650 1540
1522660 1540
1522670 1538
1522680 1538
1522690 1538
1522700 1538
1522710 1538
1522720 1537
1522730 1537
1522740 1537
1522750 1541
1522760 1541
1522770 1545
1522780 1550
1522790 1550
1522800 1554
1522810 1557
1522820 1557
1522830 1560
1522840 1564
1522850 1564
1522860 1568
1522870 1572
1522880 1577
1522890 1577
1522900 1580
1522910 1585
1522920 1585
1522930 1591
1522940 1595
1522950 1595
1522960 1600
1522970 1604
1522980 1604
1522990 1608
1523000 1611
1523010 1611
1523020 1615
1523030 1620
1523040 1620
1523050 1625
1523060 1630
1523070 1634
1523080 1634
1523090 1638
1523100 1642
1523110 1642
1523120 1645
1523130 1649
1523140 1649
1523150 1652
1523160 1656
1523170 1656
1523180 1658
1523190 1661
1523200 1661
1523210 1664
1523220 1666
1523230 1666
1523240 1669
1523250 1674
1523260 1678
1523270 1678
1523280 1681
1523290 1684
1523300 1684
1523310 1686
1523320 1689
1523330 1689
1523340 1692
1523350 1694
1523360 1694
1523370 1696
1523380 1698
1523390 1698
1523400 1701
1523410 1705
1523420 1708
1523430 1708
1523440 1712
1523450 1715
1523460 1715
1523470 1718
1523480 1721
1523490 1721
1523500 1724
1523510 1727
1523520 1727
1523530 1730
1523540 1732
1523550 1732
1523560 1735
1523570 1739
1523580 1739
1523590 1742
1523600 1745
1523610 1749
1523620 1749
1523630 1753
1523640 1757
1523650 1757
1523660 1761
1523670 1766
1523680 1766
1523690 1770
1523700 1775
1523710 1775
1523720 1778
1523730 1783
1523740 1783
1523750 1787
1523760 1792
1523770 1792
1523780 1796
1523790 1800
1523800 1804
1523810 1804
1523820 1808
1523830 1812
1523840 1812
1523850 1816
1523860 1820
1523870 1820
1523880 1825
1523890 1829
1523900 1829
1523910 1835
1523920 1840
1523930 1840
1523940 1846
1523950 1852
1523960 1852
1523970 1858
1523980 1863
1523990 1867
1524000 1867
1524010 1870
1524020 1874
1524030 1874
1524040 1877
1524050 1880
1524060 1880
1524070 1882
1524080 1885
1524090 1885
1524100 1888
1524110 1890
1524120 1890
1524130 1894
1524140 1896
1524150 1896
1524160 1899
1524170 1903
1524180 1905
1524190 1905
1524200 1908
1524210 1909
1524220 1909
1524230 1912
1524240 1914
1524250 1914
1524260 1917
1524270 1920
1524280 1920
1524290 1923
1524300 1927
1524310 1927
1524320 1932
1524330 1937
1524340 1937
1524350 1942
1524360 1948
1524370 1952
1524380 1952
1524390 1956
1524400 1960
1524410 1960
1524420 1963
1524430 1965
1524440 1965
1524450 1968
1524460 1970
1524470 1970
1524480 1973
1524490 1975
1524500 1975
1524510 1978
1524520 1981
1524530 1981
1524540 1984
1524550 1987
1524560 1990
1524570 1990
1524580 1994
1524590 1997
1524600 1997
1524610 2000
1524620 2004
1524630 2004
1524640 2007
1524650 2011
1524660 2011
1524670 2015
1524680 2018
1524690 2018
1524700 2022
1524710 2026
1524720 2030
1524730 2030
1524740 2034
1524750 2037
1524760 2037
1524770 2041
1524780 2044
1524790 2044
1524800 2048
1524810 2051
1524820 2051
1524830 2054
1524840 2058
1524850 2058
1524860 2061
1524870 2064
1524880 2064
1524890 2067
1524900 2069
1524910 2072
1524920 2072
1524930 2074
1524940 2077
1524950 2077
1524960 2080
1524970 2083
1524980 2083
1524990 2086
1525000 2089
1525010 2089
1525020 2092
1525030 2094
1525040 2094
1525050 2097
1525060 2100
1525070 2100
1525080 2102
1525090 2105
1525100 2108
1525110 2108
1525120 2111
1525130 2114
1525140 2114
1525150 2117
1525160 2121
1525170 2121
1525180 2124
1525190 2127
1525200 2127
1525210 2129
1525220 2132
1525230 2132
1525240 2134
1525250 2136
1525260 2136
1525270 2138
1525280 2140
1525290 2142
1525300 2142
1525310 2143
1525320 2145
1525330 2145
1525340 2147
1525350 2148
1525360 2148
1525370 2149
1525380 2150
1525390 2150
1525400 2150
1525410 2150
1525420 2150
1525430 2152
1525440 2154
1525450 2154
1525460 2155
1525470 2156
1525480 2157
1525490 2157
1525500 2159
1525510 2161
1525520 2161
1525530 2163
1525540 2165
1525550 2165
1525560 2167
1525570 2169
1525580 2169
1525590 2172
1525600 2174
1525610 2174
1525620 2176
1525630 2179
1525640 2179
1525650 2182
1525660 2185
1525670 2187
1525680 2187
1525690 2190
1525700 2192
1525710 2192
1525720 2195
1525730 2197
1525740 2197
1525750 2200
1525760 2204
1525770 2204
1525780 2208
1525790 2211
1525800 2211
1525810 2215
1525820 2220
1525830 2220
1525840 2224
1525850 2227
1525860 2231
1525870 2231
1525880 2235
1525890 2239
1525900 2239
1525910 2242
1525920 2246
1525930 2246
1525940 2249
1525950 2252
1525960 2252
1525970 2255
1525980 2257
1525990 2257
1526000 2261
1526010 2264
1526020 2264
1526030 2266
1526040 2272
1526050 2282
1526060 2282
1526070 2290
1526080 2295
1526090 2295
1526100 2300
1526110 2304
1526120 2304
1526130 2307
1526140 2312
1526150 2307
1526160 2312
1526170 2317
1526180 2317
1526190 2321
1526200 2326
1526210 2331
1526220 2331
1526230 2334
1526240 2337
1526250 2337
1526260 2341
1526270 2346
1526280 2346
1526290 2354
1526300 2361
1526310 2361
1526320 2368
1526330 2374
1526340 2374
1526350 2381
1526360 2387
1526370 2387
1526380 2394
1526390 2400
1526400 2406
1526410 2406
1526420 2412
1526430 2417
1526440 2417
1526450 2420
1526460 2413
1526470 2413
1526480 2402
1526490 2392
1526500 2392
1526510 2381
1526520 2369
1526530 2369
1526540 2357
1526550 2347
1526560 2347
1526570 2334
1526580 2321
1526590 2311
1526600 2311
1526610 2302
1526620 2294
1526630 2294
1526640 2286
1526650 2282
1526660 2282
1526670 2276
1526680 2266
1526690 2266
1526700 2260
1526710 2255
1526720 2255
1526730 2250
1526740 2244
1526750 2244
1526760 2239
1526770 2234
1526780 2228
1526790 2228
1526800 2223
1526810 2218
1526820 2218
1526830 2213
1526840 2209
1526850 2209
1526860 2205
1526870 2201
1526880 2201
1526890 2197
1526900 2193
1526910 2193
1526920 2189
1526930 2185
1526940 2185
1526950 2181
1526960 2177
1526970 2173
1526980 2173
1526990 2169
1527000 2166
1527010 2166
1527020 2164
1527030 2162
1527040 2162
1527050 2160
1527060 2158
1527070 2158
1527080 2158
1527090 2158
1527100 2158
1527110 2157
1527120 2156
1527130 2156
1527140 2156
1527150 2154
1527160 2151
1527170 2151
1527180 2146
1527190 2143
1527200 2143
1527210 2142
1527220 2141
1527230 2141
1527240 2139
1527250 2136
1527260 2136
1527270 2132
1527280 2131
1527290 2131
1527300 2131
1527310 2131
1527320 2131
1527330 2129
1527340 2127
1527350 2127
1527360 2127
1527370 2126
1527380 2125
1527390 2125
1527400 2123
1527410 2124
1527420 2124
1527430 2125
1527440 2123
1527450 2123
1527460 2122
1527470 2121
1527480 2121
1527490 2118
1527500 2116
1527510 2116
1527520 2116
1527530 2116
1527540 2115
1527550 2115
1527560 2114
1527570 2115
1527580 2115
1527590 2117
1527600 2117
1527610 2117
1527620 2116
1527630 2114
1527640 2114
1527650 2113
1527660 2110
1527670 2110
1527680 2105
1527690 2099
1527700 2094
1527710 2094
1527720 2093
1527730 2090
1527740 2090
1527750 2084
1527760 2077
1527770 2077
1527780 2071
1527790 2067
1527800 2067
1527810 2063
1527820 2060
1527830 2060
1527840 2058
1527850 2056
1527860 2056
1527870 2054
1527880 2051
1527890 2049
1527900 2049
1527910 2047
1527920 2044
1527930 2044
1527940 2042
1527950 2040
1527960 2040
1527970 2038
1527980 2036
1527990 2036
1528000 2034
1528010 2032
1528020 2032
1528030 2030
1528040 2029
1528050 2029
1528060 2026
1528070 2025
1528080 2024
1528090 2024
1528100 2023
1528110 2022
1528120 2022
1528130 2021
1528140 2020
1528150 2020
1528160 2018
1528170 2017
1528180 2017
1528190 2015
1528200 2011
1528210 2011
1528220 2007
1528230 2003
1528240 2003
1528250 1998
1528260 1993
1528270 1988
1528280 1988
1528290 1984
1528300 1980
1528310 1980
1528320 1976
1528330 1971
1528340 1971
1528350 1966
1528360 1962
1528370 1962
1528380 1957
1528390 1952
1528400 1952
1528410 1948
1528420 1946
1528430 1946
1528440 1944
1528450 1942
1528460 1940
1528470 1940
1528480 1938
1528490 1936
1528500 1936
1528510 1934
1528520 1933
1528530 1933
1528540 1932
1528550 1931
1528560 1931
1528570 1930
1528580 1930
1528590 1930
1528600 1931
1528610 1932
1528620 1932
1528630 1932
1528640 1931
1528650 1931
1528660 1931
1528670 1930
1528680 1930
1528690 1930
1528700 1930
1528710 1931
1528720 1931
1528730 1932
1528740 1934
1528750 1934
1528760 1936
1528770 1940
1528780 1940
1528790 1943
1528800 1943
1528810 1943
1528820 1946
1528830 1949
1528840 1952
1528850 1952
1528860 1958
1528870 1964
1528880 1964
1528890 1970
1528900 1976
1528910 1976
1528920 1983
1528930 1990
1528940 1990
1528950 1997
1528960 2008
1528970 2008
1528980 2024
1528990 2040
1529000 2040
1529010 2064
1529020 2083
1529030 2099
1529040 2099
1529050 2110
1529060 2115
1529070 2115
1529080 2103
1529090 2123
1529100 2123
1529110 2121
1529120 2123
1529130 2123
1529140 2122
1529150 2120
1529160 2120
1529170 2119
1529180 2118
1529190 2117
1529200 2117
1529210 2119
1529220 2122
1529230 2122
1529240 2124
1529250 2126
1529260 2126
1529270 2128
1529280 2129
1529290 2129
1529300 2131
1529310 2134
1529320 2134
1529330 2138
1529340 2142
1529350 2142
1529360 2145
1529370 2148
1529380 2150
1529390 2150
1529400 2151
1529410 2153
1529420 2153
1529430 2156
1529440 2157
1529450 2157
1529460 2158
1529470 2159
1529480 2159
1529490 2161
1529500 2162
1529510 2162
1529520 2163
1529530 2165
1529540 2165
1529550 2166
1529560 2167
1529570 2168
1529580 2168
1529590 2170
1529600 2172
1529610 2172
1529620 2173
1529630 2175
1529640 2175
1529650 2175
1529660 2176
1529670 2176
1529680 2176
1529690 2174
1529700 2174
1529710 2168
1529720 2161
1529730 2161
1529740 2152
1529750 2144
1529760 2137
1529770 2137
1529780 2130
1529790 2123
1529800 2123
1529810 2116
1529820 2108
1529830 2108
1529840 2102
1529850 2095
1529860 2095
1529870 2089
1529880 2086
1529890 2086
1529900 2083
1529910 2085
1529920 2085
1529930 2083
1529940 2074
1529950 2066
1529960 2066
1529970 2059
1529980 2053
1529990 2053
1530000 2049
1530010 2044
1530020 2044
1530030 2039
1530040 2033
1530050 2033
1530060 2027
1530070 2021
1530080 2021
1530090 2015
1530100 2010
1530110 2010
1530120 2005
1530130 2001
1530140 1997
1530150 1997
1530160 1996
1530170 1992
1530180 1992
1530190 1988
1530200 1984
1530210 1984
1530220 1981
1530230 1977
1530240 1977
1530250 1970
1530260 1964
1530270 1964
1530280 1959
1530290 1951
1530300 1951
1530310 1943
1530320 1940
1530330 1942
1530340 1942
1530350 1942
1530360 1942
1530370 1942
1530380 1941
1530390 1938
1530400 1938
1530410 1930
1530420 1920
1530430 1920
1530440 1924
1530450 1928
1530460 1928
1530470 1933
1530480 1938
1530490 1938
1530500 1942
1530510 1943
1530520 1943
1530530 1943
1530540 1943
1530550 1941
1530560 1941
1530570 1939
1530580 1936
1530590 1936
1530600 1932
1530610 1931
1530620 1931
1530630 1932
1530640 1936
1530650 1936
1530660 1939
1530670 1944
1530680 1951
1530690 1951
1530700 1954
1530710 1953
1530720 1953
1530730 1953
1530740 1953
1530750 1953
1530760 1953
1530770 1955
1530780 1955
1530790 1958
1530800 1958
1530810 1958
1530820 1962
1530830 1970
1530840 1970
1530850 1976
1530860 1984
1530870 1993
1530880 1993
1530890 2002
1530900 2007
1530910 2007
1530920 2004
1530930 1999
1530940 1999
1530950 1996
1530960 1992
1530970 1992
1530980 1989
1530990 1987
1531000 1987
1531010 1980
1531020 1974
1531030 1974
1531040 1968
1531050 1961
1531060 1956
1531070 1956
1531080 1952
1531090 1950
1531100 1950
1531110 1949
1531120 1948
1531130 1948
1531140 1949
1531150 1949
1531160 1949
1531170 1950
1531180 1952
1531190 1952
1531200 1955
1531210 1955
1531220 1955
1531230 1951
1531240 1946
1531250 1942
1531260 1942
1531270 1939
1531280 1937
1531290 1937
1531300 1933
1531310 1927
1531320 1927
1531330 1921
1531340 1916
1531350 1916
1531360 1912
1531370 1909
1531380 1909
1531390 1908
1531400 1907
1531410 1907
1531420 1905
1531430 1904
1531440 1903
1531450 1903
1531460 1902
1531470 1902
1531480 1902
1531490 1901
1531500 1901
1531510 1901
1531520 1901
1531530 1902
1531540 1902
1531550 1903
1531560 1903
1531570 1903
1531580 1903
1531590 1902
1531600 1902
1531610 1900
1531620 1899
1531630 1897
1531640 1897
1531650 1897
1531660 1896
1531670 1896
1531680 1896
1531690 1900
1531700 1900
1531710 1903
1531720 1902
1531730 1902
1531740 1902
1531750 1904
1531760 1904
1531770 1907
1531780 1909
1531790 1909
1531800 1912
1531810 1912
1531820 1913
1531830 1913
1531840 1914
1531850 1915
1531860 1915
1531870 1916
1531880 1917
1531890 1917
1531900 1918
1531910 1922
1531920 1922
1531930 1927
1531940 1933
1531950 1933
1531960 1938
1531970 1943
1531980 1943
1531990 1948
1532000 1953
1532010 1958
1532020 1958
1532030 1964
1532040 1970
1532050 1970
1532060 1976
1532070 1982
1532080 1982
1532090 1987
1532100 1991
1532110 1991
1532120 1995
1532130 1998
1532140 1998
1532150 2000
1532160 2002
1532170 2004
1532180 2004
1532190 2008
1532200 2012
1532210 2012
1532220 2016
1532230 2017
1532240 2017
1532250 2018
1532260 2019
1532270 2019
1532280 2021
1532290 2024
1532300 2024
1532310 2028
1532320 2033
1532330 2033
1532340 2038
1532350 2043
1532360 2048
1532370 2048
1532380 2054
1532390 2060
1532400 2060
1532410 2064
1532420 2066
1532430 2066
1532440 2068
1532450 2070
1532460 2070
1532470 2071
1532480 2073
1532490 2073
1532500 2075
1532510 2077
1532520 2077
1532530 2079
1532540 2082
1532550 2085
1532560 2085
1532570 2089
1532580 2093
1532590 2093
1532600 2100
1532610 2104
1532620 2104
1532630 2110
1532640 2112
1532650 2112
1532660 2116
1532670 2121
1532680 2121
1532690 2126
1532700 2129
1532710 2129
1532720 2132
1532730 2135
1532740 2137
1532750 2137
1532760 2140
1532770 2141
1532780 2141
1532790 2144
1532800 2148
1532810 2148
1532820 2152
1532830 2156
1532840 2156
1532850 2159
1532860 2163
1532870 2163
1532880 2166
1532890 2169
1532900 2169
1532910 2171
1532920 2174
1532930 2176
1532940 2176
1532950 2177
1532960 2178
1532970 2178
1532980 2180
1532990 2181
1533000 2181
1533010 2182
1533020 2182
1533030 2182
1533040 2184
1533050 2185
1533060 2185
1533070 2187
1533080 2188
1533090 2188
1533100 2189
1533110 2190
1533120 2191
1533130 2191
1533140 2193
1533150 2195
1533160 2195
1533170 2197
1533180 2197
1533190 2197
1533200 2196
1533210 2196
1533220 2196
1533230 2194
1533240 2188
1533250 2188
1533260 2182
1533270 2178
1533280 2178
1533290 2174
1533300 2172
1533310 2171
1533320 2171
1533330 2170
1533340 2169
1533350 2169
1533360 2168
1533370 2167
1533380 2167
1533390 2166
1533400 2164
1533410 2164
1533420 2162
1533430 2161
1533440 2161
1533450 2159
1533460 2158
1533470 2158
1533480 2156
1533490 2156
1533500 2156
1533510 2156
1533520 2157
1533530 2157
1533540 2157
1533550 2158
1533560 2158
1533570 2158
1533580 2158
1533590 2158
1533600 2158
1533610 2157
1533620 2157
1533630 2157
1533640 2157
1533650 2157
1533660 2158
1533670 2158
1533680 2158
1533690 2159
1533700 2159
1533710 2159
1533720 2160
1533730 2160
1533740 2160
1533750 2160
1533760 2160
1533770 2158
1533780 2157
1533790 2157
1533800 2157
1533810 2157
1533820 2157
1533830 2157
1533840 2157
1533850 2157
1533860 2157
1533870 2157
1533880 2156
1533890 2156
1533900 2157
1533910 2157
1533920 2157
1533930 2157
1533940 2157
1533950 2157
1533960 2157
1533970 2157
1533980 2157
1533990 2157
1534000 2158
1534010 2158
1534020 2157
1534030 2158
1534040 2158
1534050 2158
1534060 2158
1534070 2158
1534080 2158
1534090 2158
1534100 2157
1534110 2157
1534120 2156
1534130 2155
1534140 2155
1534150 2157
1534160 2158
1534170 2158
1534180 2160
1534190 2162
1534200 2162
1534210 2166
1534220 2170
1534230 2175
1534240 2175
1534250 2181
1534260 2186
1534270 2186
1534280 2191
1534290 2193
1534300 2193
1534310 2194
1534320 2193
1534330 2193
1534340 2190
1534350 2186
1534360 2186
1534370 2182
1534380 2178
1534390 2178
1534400 2174
1534410 2170
1534420 2168
1534430 2168
1534440 2165
1534450 2167
1534460 2167
1534470 2164
1534480 2163
1534490 2163
1534500 2163
1534510 2163
1534520 2163
1534530 2163
1534540 2163
1534550 2163
1534560 2163
1534570 2163
1534580 2163
1534590 2164
1534600 2164
1534610 2165
1534620 2165
1534630 2166
1534640 2167
1534650 2167
1534660 2167
1534670 2168
1534680 2168
1534690 2170
1534700 2171
1534710 2171
1534720 2172
1534730 2174
1534740 2174
1534750 2176
1534760 2177
1534770 2177
1534780 2180
1534790 2182
1534800 2185
1534810 2185
1534820 2188
1534830 2191
1534840 2191
1534850 2194
1534860 2198
1534870 2198
1534880 2202
1534890 2205
1534900 2205
1534910 2209
1534920 2212
1534930 2212
1534940 2215
1534950 2218
1534960 2220
1534970 2220
1534980 2223
1534990 2225
1535000 2225
1535010 2228
1535020 2231
1535030 2231
1535040 2233
1535050 2235
1535060 2235
1535070 2237
1535080 2240
1535090 2240
1535100 2243
1535110 2248
1535120 2248
1535130 2251
1535140 2255
1535150 2258
1535160 2258
1535170 2259
1535180 2259
1535190 2259
1535200 2257
1535210 2256
1535220 2256
1535230 2255
1535240 2255
1535250 2255
1535260 2255
1535270 2251
1535280 2251
1535290 2246
1535300 2238
1535310 2238
1535320 2233
1535330 2228
1535340 2223
1535350 2223
1535360 2219
1535370 2214
1535380 2214
1535390 2208
1535400 2203
1535410 2203
1535420 2197
1535430 2192
1535440 2192
1535450 2187
1535460 2182
1535470 2182
1535480 2178
1535490 2173
1535500 2173
1535510 2168
1535520 2164
1535530 2160
1535540 2160
1535550 2156
1535560 2152
1535570 2152
1535580 2149
1535590 2145
1535600 2145
1535610 2141
1535620 2137
1535630 2137
1535640 2132
1535650 2127
1535660 2127
1535670 2123
1535680 2119
1535690 2119
1535700 2117
1535710 2114
1535720 2111
1535730 2111
1535740 2109
1535750 2107
1535760 2107
1535770 2107
1535780 2106
1535790 2106
1535800 2105
1535810 2103
1535820 2103
1535830 2100
1535840 2101
1535850 2101
1535860 2100
1535870 2099
1535880 2099
1535890 2098
1535900 2099
1535910 2099
1535920 2099
1535930 2097
1535940 2097
1535950 2097
1535960 2097
1535970 2096
1535980 2096
1535990 2096
1536000 2095
1536010 2095
1536020 2095
1536030 2091
1536040 2091
1536050 2086
1536060 2082
1536070 2082
1536080 2079
1536090 2075
1536100 2070
1536110 2070
1536120 2067
1536130 2064
1536140 2064
1536150 2062
1536160 2060
1536170 2060
1536180 2059
1536190 2057
1536200 2057
1536210 2056
1536220 2053
1536230 2053
1536240 2050
1536250 2044
1536260 2044
1536270 2039
1536280 2034
1536290 2031
1536300 2031
1536310 2029
1536320 2025
1536330 2025
1536340 2023
1536350 2022
1536360 2022
1536370 2021
1536380 2021
1536390 2021
1536400 2024
1536410 2026
1536420 2026
1536430 2024
1536440 2018
1536450 2012
1536460 2012
1536470 2005
1536480 1999
1536490 1999
1536500 1993
1536510 1987
1536520 1987
1536530 1980
1536540 1973
1536550 1973
1536560 1965
1536570 1958
1536580 1958
1536590 1952
1536600 1945
1536610 1945
1536620 1939
1536630 1934
1536640 1929
1536650 1929
1536660 1925
1536670 1919
1536680 1919
1536690 1913
1536700 1907
1536710 1907
1536720 1900
1536730 1892
1536740 1892
1536750 1885
1536760 1883
1536770 1883
1536780 1884
1536790 1880
1536800 1880
1536810 1871
1536820 1862
1536830 1851
1536840 1851
1536850 1847
1536860 1843
1536870 1843
1536880 1838
1536890 1832
1536900 1832
1536910 1828
1536920 1823
1536930 1818
1536940 1812
1536950 1807
1536960 1807
1536970 1804
1536980 1800
1536990 1800
1537000 1796
1537010 1790
1537020 1785
1537030 1785
1537040 1784
1537050 1782
1537060 1782
1537070 1780
1537080 1776
1537090 1776
1537100 1772
1537110 1769
1537120 1769
1537130 1765
1537140 1763
1537150 1763
1537160 1763
1537170 1767
1537180 1767
1537190 1768
1537200 1766
1537210 1765
1537220 1765
1537230 1764
1537240 1763
1537250 1763
1537260 1761
1537270 1759
1537280 1759
1537290 1758
1537300 1756
1537310 1756
1537320 1756
1537330 1755
1537340 1755
1537350 1753
1537360 1752
1537370 1752
1537380 1753
1537390 1754
1537400 1755
1537410 1755
1537420 1755
1537430 1755
1537440 1755
1537450 1754
1537460 1754
1537470 1754
1537480 1754
1537490 1754
1537500 1754
1537510 1752
1537520 1751
1537530 1751
1537540 1751
1537550 1750
1537560 1750
1537570 1749
1537580 1750
1537590 1751
1537600 1751
1537610 1750
1537620 1753
1537630 1753
1537640 1758
1537650 1762
1537660 1762
1537670 1766
1537680 1770
1537690 1770
1537700 1774
1537710 1782
1537720 1782
1537730 1789
1537740 1793
1537750 1793
1537760 1796
1537770 1798
1537780 1803
1537790 1803
1537800 1809
1537810 1811
1537820 1811
1537830 1814
1537840 1818
1537850 1818
1537860 1818
1537870 1816
1537880 1816
1537890 1816
1537900 1820
1537910 1820
1537920 1826
1537930 1829
1537940 1831
1537950 1831
1537960 1836
1537970 1837
1537980 1837
1537990 1834
1538000 1830
1538010 1830
1538020 1833
1538030 1835
1538040 1835
1538050 1838
1538060 1843
1538070 1843
1538080 1845
1538090 1844
1538100 1844
1538110 1845
1538120 1846
1538130 1850
1538140 1850
1538150 1857
1538160 1860
1538170 1860
1538180 1862
1538190 1865
1538200 1865
1538210 1867
1538220 1874
1538230 1874
1538240 1876
1538250 1874
1538260 1874
1538270 1874
1538280 1875
1538290 1875
1538300 1878
1538310 1884
1538320 1889
1538330 1889
1538340 1892
1538350 1894
1538360 1894
1538370 1897
1538380 1909
1538390 1909
1538400 1919
1538410 1928
1538420 1928
1538430 1931
1538440 1936
1538450 1936
1538460 1936
1538470 1933
1538480 1933
1538490 1929
1538500 1924
1538510 1920
1538520 1920
1538530 1916
1538540 1914
1538550 1914
1538560 1913
1538570 1911
1538580 1911
1538590 1909
1538600 1907
1538610 1907
1538620 1905
1538630 1902
1538640 1902
1538650 1900
1538660 1898
1538670 1898
1538680 1894
1538690 1887
1538700 1881
1538710 1881
1538720 1874
1538730 1867
1538740 1867
1538750 1861
1538760 1856
1538770 1856
1538780 1852
1538790 1848
1538800 1848
1538810 1845
1538820 1841
1538830 1841
1538840 1839
1538850 1837
1538860 1837
1538870 1835
1538880 1833
1538890 1830
1538900 1830
1538910 1826
1538920 1822
1538930 1822
1538940 1817
1538950 1813
1538960 1813
1538970 1808
1538980 1803
1538990 1803
1539000 1799
1539010 1796
1539020 1796
1539030 1791
1539040 1786
1539050 1786
1539060 1785
1539070 1785
1539080 1784
1539090 1784
1539100 1783
1539110 1780
1539120 1780
1539130 1777
1539140 1782
1539150 1782
1539160 1786
1539170 1787
1539180 1787
1539190 1789
1539200 1792
1539210 1792
1539220 1797
1539230 1802
1539240 1802
1539250 1807
1539260 1812
1539270 1817
1539280 1817
1539290 1824
1539300 1830
1539310 1830
1539320 1836
1539330 1843
1539340 1843
1539350 1850
1539360 1858
1539370 1858
1539380 1866
1539390 1874
1539400 1874
1539410 1880
1539420 1885
1539430 1890
1539440 1890
1539450 1895
1539460 1900
1539470 1900
1539480 1905
1539490 1910
1539500 1910
1539510 1915
1539520 1919
1539530 1919
1539540 1923
1539550 1927
1539560 1927
1539570 1930
1539580 1933
1539590 1933
1539600 1936
1539610 1939
1539620 1941
1539630 1941
1539640 1944
1539650 1946
1539660 1946
1539670 1947
1539680 1948
1539690 1948
1539700 1949
1539710 1949
1539720 1949
1539730 1949
1539740 1948
1539750 1948
1539760 1947
1539770 1945
1539780 1945
1539790 1944
1539800 1943
1539810 1942
1539820 1942
1539830 1940
1539840 1938
1539850 1938
1539860 1936
1539870 1933
1539880 1933
1539890 1928
1539900 1922
1539910 1922
1539920 1915
1539930 1908
1539940 1908
1539950 1899
1539960 1890
1539970 1890
1539980 1879
1539990 1868
