1520000 2000
1520010 2000
1520020 1993
1520030 1985
1520040 1985
1520050 1974
1520060 1965
1520070 1965
1520080 1955
1520090 1945
1520100 1936
1520110 1936
1520120 1928
1520130 1921
1520140 1921
1520150 1916
1520160 1911
1520170 1911
1520180 1907
1520190 1906
1520200 1906
1520210 1902
1520220 1897
1520230 1897
1520240 1892
1520250 1890
1520260 1890
1520270 1889
1520280 1887
1520290 1886
1520300 1886
1520310 1886
1520320 1885
1520330 1885
1520340 1884
1520350 1883
1520360 1883
1520370 1881
1520380 1878
1520390 1878
1520400 1875
1520410 1872
1520420 1872
1520430 1869
1520440 1867
1520450 1867
1520460 1867
1520470 1867
1520480 1866
1520490 1866
1520500 1865
1520510 1863
1520520 1863
1520530 1861
1520540 1860
1520550 1860
1520560 1857
1520570 1856
1520580 1856
1520590 1855
1520600 1857
1520610 1857
1520620 1857
1520630 1857
1520640 1857
1520650 1856
1520660 1854
1520670 1852
1520680 1852
1520690 1851
1520700 1850
1520710 1850
1520720 1849
1520730 1847
1520740 1847
1520750 1845
1520760 1841
1520770 1841
1520780 1837
1520790 1833
1520800 1833
1520810 1828
1520820 1822
1520830 1822
1520840 1818
1520850 1813
1520860 1808
1520870 1808
1520880 1803
1520890 1798
1520900 1798
1520910 1794
1520920 1789
1520930 1789
1520940 1784
1520950 1778
1520960 1778
1520970 1773
1520980 1770
1520990 1770
1521000 1766
1521010 1761
1521020 1761
1521030 1756
1521040 1751
1521050 1746
1521060 1746
1521070 1742
1521080 1737
1521090 1737
1521100 1733
1521110 1729
1521120 1729
1521130 1725
1521140 1722
1521150 1722
1521160 1718
1521170 1713
1521180 1713
1521190 1711
1521200 1714
1521210 1714
1521220 1716
1521230 1718
1521240 1719
1521250 1719
1521260 1720
1521270 1720
1521280 1720
1521290 1720
1521300 1720
1521310 1720
1521320 1720
1521330 1720
1521340 1720
1521350 1720
1521360 1721
1521370 1721
1521380 1724
1521390 1728
1521400 1728
1521410 1732
1521420 1738
1521430 1743
1521440 1743
1521450 1748
1521460 1751
1521470 1751
1521480 1752
1521490 1750
1521500 1750
1521510 1747
1521520 1743
1521530 1743
1521540 1738
1521550 1732
1521560 1732
1521570 1728
1521580 1725
1521590 1725
1521600 1723
1521610 1724
1521620 1725
1521630 1725
1521640 1724
1521650 1721
1521660 1721
1521670 1718
1521680 1716
1521690 1716
1521700 1713
1521710 1709
1521720 1709
1521730 1703
1521740 1700
1521750 1700
1521760 1702
1521770 1703
1521780 1703
1521790 1702
1521800 1701
1521810 1701
1521820 1701
1521830 1703
1521840 1705
1521850 1705
1521860 1704
1521870 1705
1521880 1705
1521890 1711
1521900 1712
1521910 1712
1521920 1712
1521930 1715
1521940 1715
1521950 1717
1521960 1718
1521970 1718
1521980 1717
1521990 1720
1522000 1726
1522010 1726
1522020 1732
1522030 1740
1522040 1740
1522050 1747
1522060 1752
1522070 1752
1522080 1758
1522090 1764
1522100 1764
1522110 1771
1522120 1777
1522130 1777
1522140 1783
1522150 1791
1522160 1799
1522170 1799
1522180 1806
1522190 1815
1522200 1815
1522210 1824
1522220 1830
1522230 1830
1522240 1836
1522250 1839
1522260 1839
1522270 1841
1522280 1843
1522290 1843
1522300 1846
1522310 1849
1522320 1849
1522330 1850
1522340 1853
1522350 1855
1522360 1855
1522370 1858
1522380 1861
1522390 1861
1522400 1863
1522410 1867
1522420 1867
1522430 1870
1522440 1874
1522450 1874
1522460 1877
1522470 1878
1522480 1878
1522490 1880
1522500 1883
1522510 1883
1522520 1885
1522530 1886
1522540 1887
1522550 1887
1522560 1892
1522570 1901
1522580 1901
1522590 1908
1522600 1914
1522610 1914
1522620 1920
1522630 1927
1522640 1927
1522650 1934
1522660 1940
1522670 1940
1522680 1947
1522690 1953
1522700 1953
1522710 1959
1522720 1965
1522730 1973
1522740 1973
1522750 1980
1522760 1986
1522770 1986
1522780 1992
1522790 1998
1522800 1998
1522810 2005
1522820 2012
1522830 2012
1522840 2018
1522850 2023
1522860 2023
1522870 2028
1522880 2032
1522890 2032
1522900 2036
1522910 2039
1522920 2043
1522930 2043
1522940 2047
1522950 2050
1522960 2050
1522970 2053
1522980 2057
1522990 2057
1523000 2060
1523010 2062
1523020 2062
1523030 2065
1523040 2068
1523050 2068
1523060 2070
1523070 2073
1523080 2073
1523090 2076
1523100 2078
1523110 2081
1523120 2081
1523130 2084
1523140 2087
1523150 2087
1523160 2090
1523170 2092
1523180 2092
1523190 2095
1523200 2098
1523210 2098
1523220 2100
1523230 2102
1523240 2102
1523250 2104
1523260 2106
1523270 2106
1523280 2107
1523290 2109
1523300 2110
1523310 2110
1523320 2111
1523330 2112
1523340 2112
1523350 2113
1523360 2114
1523370 2114
1523380 2115
1523390 2116
1523400 2116
1523410 2117
1523420 2118
1523430 2118
1523440 2119
1523450 2121
1523460 2121
1523470 2122
1523480 2124
1523490 2127
1523500 2127
1523510 2129
1523520 2131
1523530 2131
1523540 2133
1523550 2135
1523560 2135
1523570 2136
1523580 2138
1523590 2138
1523600 2140
1523610 2141
1523620 2141
1523630 2142
1523640 2143
1523650 2143
1523660 2144
1523670 2144
1523680 2144
1523690 2144
1523700 2145
1523710 2145
1523720 2145
1523730 2146
1523740 2147
1523750 2147
1523760 2147
1523770 2146
1523780 2146
1523790 2145
1523800 2144
1523810 2144
1523820 2144
1523830 2144
1523840 2144
1523850 2144
1523860 2143
1523870 2141
1523880 2141
1523890 2140
1523900 2140
1523910 2140
1523920 2141
1523930 2142
1523940 2142
1523950 2145
1523960 2148
1523970 2148
1523980 2150
1523990 2151
1524000 2151
1524010 2150
1524020 2146
1524030 2146
1524040 2146
1524050 2143
1524060 2137
1524070 2137
1524080 2128
1524090 2119
1524100 2119
1524110 2112
1524120 2106
1524130 2106
1524140 2099
1524150 2093
1524160 2093
1524170 2089
1524180 2092
1524190 2100
1524200 2101
1524210 2102
1524220 2102
1524230 2101
1524240 2099
1524250 2096
1524260 2096
1524270 2093
1524280 2091
1524290 2091
1524300 2092
1524310 2095
1524320 2095
1524330 2099
1524340 2101
1524350 2101
1524360 2097
1524370 2089
1524380 2089
1524390 2081
1524400 2074
1524410 2074
1524420 2068
1524430 2062
1524440 2062
1524450 2062
1524460 2063
1524470 2064
1524480 2064
1524490 2064
1524500 2065
1524510 2065
1524520 2063
1524530 2057
1524540 2057
1524550 2051
1524560 2043
1524570 2043
1524580 2034
1524590 2027
1524600 2027
1524610 2021
1524620 2015
1524630 2010
1524640 2010
1524650 2006
1524660 2002
1524670 2002
1524680 1996
1524690 1991
1524700 1991
1524710 1988
1524720 1993
1524730 1993
1524740 1996
1524750 1995
1524760 1995
1524770 1994
1524780 1995
1524790 1995
1524800 1996
1524810 1994
1524820 1988
1524830 1988
1524840 1986
1524850 1989
1524860 1989
1524870 1991
1524880 1990
1524890 1990
1524900 1987
1524910 1983
1524920 1983
1524930 1979
1524940 1974
1524950 1974
1524960 1978
1524970 1985
1524980 1985
1524990 1991
1525000 1994
1525010 1995
1525020 1995
1525030 1995
1525040 1994
1525050 1994
1525060 1993
1525070 1993
1525080 1993
1525090 1994
1525100 1993
1525110 1993
1525120 1990
1525130 1985
1525140 1985
1525150 1982
1525160 1980
1525170 1980
1525180 1975
1525190 1968
1525200 1962
1525210 1962
1525220 1954
1525230 1945
1525240 1945
1525250 1943
1525260 1947
1525270 1947
1525280 1954
1525290 1961
1525300 1961
1525310 1960
1525320 1971
1525330 1971
1525340 1978
1525350 1980
1525360 1980
1525370 1980
1525380 1978
1525390 1979
1525400 1979
1525410 1984
1525420 1992
1525430 1992
1525440 1996
1525450 1998
1525460 1998
1525470 2002
1525480 2004
1525490 2004
1525500 2011
1525510 2018
1525520 2018
1525530 2020
1525540 2012
1525550 2010
1525560 2010
1525570 2005
1525580 2005
1525590 2005
1525600 2014
1525610 2017
1525620 2017
1525630 2018
1525640 2018
1525650 2018
1525660 2019
1525670 2018
1525680 2018
1525690 2019
1525700 2021
1525710 2021
1525720 2019
1525730 2014
1525740 2016
1525750 2016
1525760 2020
1525770 2022
1525780 2022
1525790 2023
1525800 2025
1525810 2025
1525820 2027
1525830 2028
1525840 2028
1525850 2028
1525860 2028
1525870 2028
1525880 2030
1525890 2031
1525900 2031
1525910 2030
1525920 2035
1525930 2039
1525940 2039
1525950 2043
1525960 2045
1525970 2045
1525980 2046
1525990 2051
1526000 2051
1526010 2053
1526020 2059
1526030 2059
1526040 2060
1526050 2066
1526060 2066
1526070 2070
1526080 2073
1526090 2073
1526100 2077
1526110 2082
1526120 2082
1526130 2082
1526140 2082
1526150 2087
1526160 2087
1526170 2092
1526180 2096
1526190 2096
1526200 2093
1526210 2086
1526220 2086
1526230 2094
1526240 2096
1526250 2096
1526260 2091
1526270 2080
1526280 2080
1526290 2079
1526300 2091
1526310 2105
1526320 2105
1526330 2114
1526340 2115
1526350 2115
1526360 2118
1526370 2118
1526380 2118
1526390 2125
1526400 2131
1526410 2131
1526420 2136
1526430 2141
1526440 2141
1526450 2146
1526460 2149
1526470 2149
1526480 2152
1526490 2156
1526500 2158
1526510 2158
1526520 2159
1526530 2159
1526540 2159
1526550 2160
1526560 2159
1526570 2159
1526580 2154
1526590 2151
1526600 2151
1526610 2149
1526620 2150
1526630 2150
1526640 2148
1526650 2145
1526660 2145
1526670 2143
1526680 2148
1526690 2154
1526700 2154
1526710 2153
1526720 2155
1526730 2155
1526740 2160
1526750 2166
1526760 2166
1526770 2171
1526780 2174
1526790 2174
1526800 2176
1526810 2177
1526820 2177
1526830 2178
1526840 2180
1526850 2180
1526860 2181
1526870 2182
1526880 2183
1526890 2183
1526900 2181
1526910 2181
1526920 2181
1526930 2182
1526940 2180
1526950 2180
1526960 2177
1526970 2174
1526980 2174
1526990 2169
1527000 2170
1527010 2170
1527020 2169
1527030 2165
1527040 2165
1527050 2158
1527060 2151
1527070 2145
1527080 2145
1527090 2142
1527100 2140
1527110 2140
1527120 2138
1527130 2136
1527140 2136
1527150 2132
1527160 2131
1527170 2131
1527180 2130
1527190 2130
1527200 2130
1527210 2130
1527220 2131
1527230 2131
1527240 2131
1527250 2132
1527260 2141
1527270 2141
1527280 2141
1527290 2142
1527300 2142
1527310 2146
1527320 2148
1527330 2148
1527340 2153
1527350 2155
1527360 2155
1527370 2158
1527380 2163
1527390 2163
1527400 2171
1527410 2176
1527420 2176
1527430 2182
1527440 2183
1527450 2178
1527460 2178
1527470 2171
1527480 2164
1527490 2164
1527500 2159
1527510 2155
1527520 2155
1527530 2153
1527540 2157
1527550 2157
1527560 2158
1527570 2156
1527580 2156
1527590 2151
1527600 2148
1527610 2148
1527620 2146
1527630 2141
1527640 2138
1527650 2138
1527660 2137
1527670 2136
1527680 2136
1527690 2135
1527700 2135
1527710 2135
1527720 2135
1527730 2135
1527740 2135
1527750 2136
1527760 2137
1527770 2137
1527780 2137
1527790 2137
1527800 2137
1527810 2137
1527820 2137
1527830 2139
1527840 2139
1527850 2141
1527860 2141
1527870 2141
1527880 2143
1527890 2148
1527900 2148
1527910 2150
1527920 2152
1527930 2152
1527940 2152
1527950 2154
1527960 2154
1527970 2155
1527980 2152
1527990 2152
1528000 2151
1528010 2155
1528020 2159
1528030 2159
1528040 2161
1528050 2161
1528060 2161
1528070 2159
1528080 2156
1528090 2156
1528100 2153
1528110 2150
1528120 2150
1528130 2148
1528140 2144
1528150 2144
1528160 2141
1528170 2139
1528180 2139
1528190 2137
1528200 2134
1528210 2132
1528220 2132
1528230 2129
1528240 2123
1528250 2123
1528260 2119
1528270 2118
1528280 2118
1528290 2119
1528300 2118
1528310 2118
1528320 2117
1528330 2116
1528340 2116
1528350 2114
1528360 2112
1528370 2112
1528380 2112
1528390 2112
1528400 2111
1528410 2111
1528420 2109
1528430 2107
1528440 2107
1528450 2105
1528460 2102
1528470 2102
1528480 2098
1528490 2093
1528500 2093
1528510 2089
1528520 2083
1528530 2083
1528540 2078
1528550 2072
1528560 2072
1528570 2067
1528580 2063
1528590 2058
1528600 2058
1528610 2052
1528620 2046
1528630 2046
1528640 2035
1528650 2026
1528660 2026
1528670 2020
1528680 2016
1528690 2016
1528700 2011
1528710 2006
1528720 2006
1528730 2000
1528740 1995
1528750 1990
1528760 1990
1528770 1986
1528780 1982
1528790 1982
1528800 1978
1528810 1975
1528820 1975
1528830 1971
1528840 1968
1528850 1968
1528860 1965
1528870 1962
1528880 1962
1528890 1958
1528900 1955
1528910 1955
1528920 1953
1528930 1949
1528940 1943
1528950 1943
1528960 1936
1528970 1930
1528980 1930
1528990 1930
1529000 1928
1529010 1928
1529020 1929
1529030 1931
1529040 1931
1529050 1931
1529060 1931
1529070 1931
1529080 1934
1529090 1940
1529100 1940
1529110 1943
1529120 1947
1529130 1950
1529140 1950
1529150 1954
1529160 1955
1529170 1955
1529180 1954
1529190 1972
1529200 1972
1529210 1987
1529220 1994
1529230 1994
1529240 1999
1529250 2003
1529260 2003
1529270 2004
1529280 2001
1529290 2001
1529300 2004
1529310 2004
1529320 1999
1529330 1999
1529340 2011
1529350 2021
1529360 2021
1529370 2024
1529380 2025
1529390 2025
1529400 2034
1529410 2040
1529420 2040
1529430 2035
1529440 2027
1529450 2027
1529460 2019
1529470 2009
1529480 2009
1529490 2001
1529500 1994
1529510 1984
1529520 1984
1529530 1976
1529540 1970
1529550 1970
1529560 1965
1529570 1957
1529580 1957
1529590 1948
1529600 1940
1529610 1940
1529620 1937
1529630 1933
1529640 1933
1529650 1925
1529660 1914
1529670 1914
1529680 1903
1529690 1891
1529700 1883
1529710 1883
1529720 1873
1529730 1862
1529740 1862
1529750 1853
1529760 1844
1529770 1844
1529780 1834
1529790 1824
1529800 1824
1529810 1815
1529820 1808
1529830 1808
1529840 1800
1529850 1789
1529860 1789
1529870 1777
1529880 1768
1529890 1762
1529900 1762
1529910 1758
1529920 1754
1529930 1754
1529940 1750
1529950 1746
1529960 1746
1529970 1741
1529980 1736
1529990 1736
1530000 1732
1530010 1728
1530020 1728
1530030 1723
1530040 1710
1530050 1710
1530060 1718
1530070 1728
1530080 1734
1530090 1734
1530100 1741
1530110 1750
1530120 1750
1530130 1756
1530140 1762
1530150 1762
1530160 1766
1530170 1770
1530180 1770
1530190 1772
1530200 1772
1530210 1772
1530220 1773
1530230 1771
1530240 1771
1530250 1770
1530260 1771
1530270 1775
1530280 1775
1530290 1779
1530300 1782
1530310 1782
1530320 1783
1530330 1784
1530340 1784
1530350 1783
1530360 1780
1530370 1780
1530380 1784
1530390 1792
1530400 1792
1530410 1800
1530420 1803
1530430 1803
1530440 1804
1530450 1805
1530460 1808
1530470 1808
1530480 1811
1530490 1814
1530500 1814
1530510 1816
1530520 1819
1530530 1819
1530540 1822
1530550 1826
1530560 1826
1530570 1831
1530580 1835
1530590 1835
1530600 1838
1530610 1840
1530620 1840
1530630 1842
1530640 1844
1530650 1845
1530660 1845
1530670 1845
1530680 1845
1530690 1845
1530700 1845
1530710 1846
1530720 1846
1530730 1846
1530740 1845
1530750 1845
1530760 1845
1530770 1844
1530780 1844
1530790 1843
1530800 1842
1530810 1842
1530820 1840
1530830 1840
1530840 1840
1530850 1840
1530860 1841
1530870 1843
1530880 1843
1530890 1845
1530900 1847
1530910 1847
1530920 1851
1530930 1854
1530940 1854
1530950 1857
1530960 1860
1530970 1860
1530980 1862
1530990 1864
1531000 1864
1531010 1866
1531020 1869
1531030 1874
1531040 1874
1531050 1879
1531060 1883
1531070 1883
1531080 1888
1531090 1896
1531100 1896
1531110 1905
1531120 1911
1531130 1911
1531140 1919
1531150 1927
1531160 1927
1531170 1936
1531180 1947
1531190 1947
1531200 1960
1531210 1969
1531220 1974
1531230 1974
1531240 1980
1531250 1987
1531260 1987
1531270 1994
1531280 2001
1531290 2001
1531300 2009
1531310 2015
1531320 2015
1531330 2021
1531340 2026
1531350 2026
1531360 2029
1531370 2030
1531380 2030
1531390 2028
1531400 2029
1531410 2036
1531420 2036
1531430 2043
1531440 2049
1531450 2049
1531460 2056
1531470 2062
1531480 2062
1531490 2068
1531500 2073
1531510 2073
1531520 2078
1531530 2082
1531540 2082
1531550 2086
1531560 2089
1531570 2089
1531580 2092
1531590 2095
1531600 2098
1531610 2098
1531620 2100
1531630 2102
1531640 2102
1531650 2104
1531660 2106
1531670 2106
1531680 2107
1531690 2107
1531700 2107
1531710 2107
1531720 2103
1531730 2103
1531740 2100
1531750 2095
1531760 2095
1531770 2089
1531780 2082
1531790 2073
1531800 2073
1531810 2064
1531820 2057
1531830 2057
1531840 2051
1531850 2044
1531860 2044
1531870 2038
1531880 2032
1531890 2032
1531900 2026
1531910 2018
1531920 2018
1531930 2010
1531940 2003
1531950 1994
1531960 1994
1531970 1985
1531980 1978
1531990 1978
1532000 1972
1532010 1966
1532020 1966
1532030 1960
1532040 1952
1532050 1952
1532060 1947
1532070 1942
1532080 1942
1532090 1937
1532100 1931
1532110 1931
1532120 1926
1532130 1921
1532140 1918
1532150 1918
1532160 1913
1532170 1909
1532180 1909
1532190 1906
1532200 1902
1532210 1902
1532220 1898
1532230 1894
1532240 1894
1532250 1890
1532260 1886
1532270 1886
1532280 1882
1532290 1878
1532300 1878
1532310 1874
1532320 1869
1532330 1866
1532340 1866
1532350 1864
1532360 1863
1532370 1863
1532380 1861
1532390 1858
1532400 1858
1532410 1856
1532420 1853
1532430 1853
1532440 1849
1532450 1845
1532460 1845
1532470 1842
1532480 1840
1532490 1840
1532500 1836
1532510 1832
1532520 1829
1532530 1829
1532540 1828
1532550 1825
1532560 1825
1532570 1823
1532580 1821
1532590 1821
1532600 1820
1532610 1819
1532620 1819
1532630 1817
1532640 1815
1532650 1815
1532660 1814
1532670 1811
1532680 1811
1532690 1809
1532700 1806
1532710 1802
1532720 1802
1532730 1799
1532740 1796
1532750 1796
1532760 1793
1532770 1790
1532780 1790
1532790 1784
1532800 1779
1532810 1779
1532820 1774
1532830 1765
1532840 1765
1532850 1761
1532860 1755
1532870 1755
1532880 1750
1532890 1745
1532900 1741
1532910 1741
1532920 1737
1532930 1736
1532940 1736
1532950 1733
1532960 1727
1532970 1727
1532980 1722
1532990 1719
1533000 1719
1533010 1717
1533020 1714
1533030 1714
1533040 1712
1533050 1709
1533060 1709
1533070 1707
1533080 1705
1533090 1703
1533100 1703
1533110 1701
1533120 1698
1533130 1698
1533140 1697
1533150 1697
1533160 1697
1533170 1697
1533180 1697
1533190 1697
1533200 1696
1533210 1696
1533220 1696
1533230 1696
1533240 1698
1533250 1698
1533260 1699
1533270 1701
1533280 1703
1533290 1703
1533300 1704
1533310 1705
1533320 1705
1533330 1706
1533340 1706
1533350 1706
1533360 1706
1533370 1707
1533380 1707
1533390 1708
1533400 1709
1533410 1709
1533420 1711
1533430 1713
1533440 1713
1533450 1716
1533460 1718
1533470 1721
1533480 1721
1533490 1725
1533500 1729
1533510 1729
1533520 1732
1533530 1736
1533540 1736
1533550 1740
1533560 1743
1533570 1743
1533580 1747
1533590 1751
1533600 1751
1533610 1755
1533620 1759
1533630 1759
1533640 1763
1533650 1767
1533660 1771
1533670 1771
1533680 1774
1533690 1778
1533700 1778
1533710 1781
1533720 1785
1533730 1785
1533740 1789
1533750 1794
1533760 1794
1533770 1799
1533780 1805
1533790 1805
1533800 1810
1533810 1816
1533820 1816
1533830 1820
1533840 1824
1533850 1828
1533860 1828
1533870 1833
1533880 1841
1533890 1841
1533900 1849
1533910 1855
1533920 1855
1533930 1860
1533940 1864
1533950 1864
1533960 1868
1533970 1871
1533980 1871
1533990 1874
1534000 1878
1534010 1878
1534020 1881
1534030 1886
1534040 1892
1534050 1892
1534060 1896
1534070 1899
1534080 1899
1534090 1902
1534100 1905
1534110 1905
1534120 1908
1534130 1911
1534140 1911
1534150 1914
1534160 1917
1534170 1917
1534180 1918
1534190 1921
1534200 1921
1534210 1925
1534220 1931
1534230 1939
1534240 1939
1534250 1946
1534260 1952
1534270 1952
1534280 1959
1534290 1965
1534300 1965
1534310 1972
1534320 1979
1534330 1979
1534340 1984
1534350 1989
1534360 1989
1534370 1995
1534380 1997
1534390 1997
1534400 1998
1534410 1999
1534420 1999
1534430 1999
1534440 1996
1534450 1993
1534460 1993
1534470 1990
1534480 1982
1534490 1982
1534500 1973
1534510 1965
1534520 1965
1534530 1959
1534540 1953
1534550 1953
1534560 1948
1534570 1943
1534580 1943
1534590 1938
1534600 1934
1534610 1930
1534620 1930
1534630 1926
1534640 1923
1534650 1923
1534660 1920
1534670 1918
1534680 1918
1534690 1915
1534700 1912
1534710 1912
1534720 1908
1534730 1907
1534740 1907
1534750 1907
1534760 1906
1534770 1906
1534780 1906
1534790 1907
1534800 1907
1534810 1907
1534820 1907
1534830 1908
1534840 1908
1534850 1909
1534860 1910
1534870 1910
1534880 1912
1534890 1914
1534900 1914
1534910 1914
1534920 1915
1534930 1915
1534940 1917
1534950 1919
1534960 1919
1534970 1921
1534980 1923
1534990 1925
1535000 1925
1535010 1926
1535020 1928
1535030 1928
1535040 1929
1535050 1930
1535060 1930
1535070 1931
1535080 1931
1535090 1931
1535100 1933
1535110 1937
1535120 1937
1535130 1942
1535140 1946
1535150 1949
1535160 1949
1535170 1956
1535180 1960
1535190 1960
1535200 1963
1535210 1964
1535220 1964
1535230 1966
1535240 1969
1535250 1969
1535260 1971
1535270 1976
1535280 1976
1535290 1984
1535300 1990
1535310 1990
1535320 1993
1535330 1994
1535340 1994
1535350 1994
1535360 1993
1535370 1993
1535380 1992
1535390 1993
1535400 1993
1535410 1993
1535420 1995
1535430 1998
1535440 1998
1535450 2002
1535460 2007
1535470 2007
1535480 2011
1535490 2016
1535500 2016
1535510 2022
1535520 2029
1535530 2038
1535540 2038
1535550 2050
1535560 2061
1535570 2061
1535580 2069
1535590 2077
1535600 2077
1535610 2085
1535620 2096
1535630 2096
1535640 2106
1535650 2115
1535660 2115
1535670 2125
1535680 2133
1535690 2133
1535700 2141
1535710 2149
1535720 2155
1535730 2155
1535740 2161
1535750 2166
1535760 2166
1535770 2172
1535780 2179
1535790 2179
1535800 2185
1535810 2190
1535820 2190
1535830 2194
1535840 2198
1535850 2198
1535860 2201
1535870 2201
1535880 2201
1535890 2199
1535900 2200
1535910 2200
1535920 2200
1535930 2198
1535940 2195
1535950 2195
1535960 2192
1535970 2189
1535980 2189
1535990 2185
1536000 2180
1536010 2180
1536020 2175
1536030 2171
1536040 2171
1536050 2167
1536060 2162
1536070 2162
1536080 2158
1536090 2154
1536100 2150
1536110 2150
1536120 2146
1536130 2141
1536140 2141
1536150 2137
1536160 2133
1536170 2133
1536180 2129
1536190 2125
1536200 2125
1536210 2120
1536220 2116
1536230 2116
1536240 2113
1536250 2110
1536260 2110
1536270 2107
1536280 2103
1536290 2100
1536300 2100
1536310 2097
1536320 2094
1536330 2094
1536340 2090
1536350 2087
1536360 2087
1536370 2083
1536380 2080
1536390 2080
1536400 2077
1536410 2073
1536420 2073
1536430 2070
1536440 2068
1536450 2068
1536460 2064
1536470 2060
1536480 2056
1536490 2056
1536500 2049
1536510 2043
1536520 2043
1536530 2038
1536540 2032
1536550 2032
1536560 2025
1536570 2019
1536580 2019
1536590 2013
1536600 2008
1536610 2008
1536620 2003
1536630 1998
1536640 1998
1536650 1993
1536660 1987
1536670 1983
1536680 1983
1536690 1978
1536700 1972
1536710 1972
1536720 1966
1536730 1960
1536740 1960
1536750 1956
1536760 1952
1536770 1952
1536780 1947
1536790 1943
1536800 1943
1536810 1942
1536820 1941
1536830 1941
1536840 1939
1536850 1935
1536860 1933
1536870 1933
1536880 1931
1536890 1929
1536900 1929
1536910 1926
1536920 1924
1536930 1924
1536940 1921
1536950 1919
1536960 1919
1536970 1916
1536980 1914
1536990 1914
1537000 1913
1537010 1910
1537020 1910
1537030 1907
1537040 1906
1537050 1904
1537060 1904
1537070 1904
1537080 1903
1537090 1903
1537100 1902
1537110 1899
1537120 1899
1537130 1898
1537140 1896
1537150 1896
1537160 1894
1537170 1892
1537180 1892
1537190 1889
1537200 1883
1537210 1883
1537220 1878
1537230 1874
1537240 1870
1537250 1870
1537260 1866
1537270 1863
1537280 1863
1537290 1858
1537300 1853
1537310 1853
1537320 1848
1537330 1848
1537340 1848
1537350 1847
1537360 1843
1537370 1843
1537380 1838
1537390 1833
1537400 1833
1537410 1829
1537420 1824
1537430 1820
1537440 1820
1537450 1818
1537460 1815
1537470 1815
1537480 1810
1537490 1807
1537500 1807
1537510 1806
1537520 1804
1537530 1804
1537540 1800
1537550 1797
1537560 1797
1537570 1795
1537580 1790
1537590 1790
1537600 1789
1537610 1787
1537620 1786
1537630 1786
1537640 1785
1537650 1783
1537660 1783
1537670 1779
1537680 1775
1537690 1775
1537700 1772
1537710 1771
1537720 1771
1537730 1770
1537740 1769
1537750 1769
1537760 1766
1537770 1764
1537780 1764
1537790 1764
1537800 1763
1537810 1759
1537820 1755
1537830 1750
1537840 1747
1537850 1747
1537860 1745
1537870 1743
1537880 1743
1537890 1741
1537900 1739
1537910 1739
1537920 1736
1537930 1735
1537940 1735
1537950 1731
1537960 1727
1537970 1727
1537980 1723
1537990 1718
1538000 1713
1538010 1713
1538020 1708
1538030 1703
1538040 1703
1538050 1699
1538060 1696
1538070 1696
1538080 1693
1538090 1688
1538100 1688
1538110 1683
1538120 1679
1538130 1679
1538140 1675
1538150 1672
1538160 1672
1538170 1668
1538180 1664
1538190 1659
1538200 1659
1538210 1654
1538220 1649
1538230 1649
1538240 1640
1538250 1632
1538260 1632
1538270 1625
1538280 1620
1538290 1620
1538300 1617
1538310 1615
1538320 1615
1538330 1614
1538340 1612
1538350 1612
1538360 1608
1538370 1602
1538380 1596
1538390 1596
1538400 1590
1538410 1584
1538420 1584
1538430 1577
1538440 1568
1538450 1568
1538460 1562
1538470 1557
1538480 1557
1538490 1548
1538500 1542
1538510 1542
1538520 1539
1538530 1537
1538540 1535
1538550 1535
1538560 1532
1538570 1529
1538580 1529
1538590 1528
1538600 1528
1538610 1528
1538620 1529
1538630 1529
1538640 1529
1538650 1528
1538660 1527
1538670 1527
1538680 1526
1538690 1524
1538700 1524
1538710 1520
1538720 1516
1538730 1518
1538740 1518
1538750 1523
1538760 1526
1538770 1526
1538780 1528
1538790 1529
1538800 1529
1538810 1530
1538820 1530
1538830 1530
1538840 1532
1538850 1534
1538860 1534
1538870 1535
1538880 1537
1538890 1537
1538900 1541
1538910 1546
1538920 1553
1538930 1553
1538940 1559
1538950 1566
1538960 1566
1538970 1572
1538980 1573
1538990 1573
1539000 1577
1539010 1582
1539020 1582
1539030 1584
1539040 1585
1539050 1585
1539060 1583
1539070 1583
1539080 1583
1539090 1588
1539100 1593
1539110 1598
1539120 1598
1539130 1603
1539140 1607
1539150 1607
1539160 1608
1539170 1607
1539180 1607
1539190 1606
1539200 1607
1539210 1607
1539220 1608
1539230 1607
1539240 1607
1539250 1607
1539260 1609
1539270 1609
1539280 1611
1539290 1613
1539300 1615
1539310 1615
1539320 1615
1539330 1616
1539340 1616
1539350 1618
1539360 1619
1539370 1619
1539380 1620
1539390 1621
1539400 1621
1539410 1622
1539420 1623
1539430 1623
1539440 1622
1539450 1622
1539460 1622
1539470 1624
1539480 1625
1539490 1627
1539500 1627
1539510 1629
1539520 1630
1539530 1630
1539540 1631
1539550 1632
1539560 1632
1539570 1634
1539580 1637
1539590 1637
1539600 1639
1539610 1640
1539620 1640
1539630 1641
1539640 1641
1539650 1641
1539660 1641
1539670 1641
1539680 1639
1539690 1639
1539700 1637
1539710 1631
1539720 1631
1539730 1626
1539740 1621
1539750 1621
1539760 1616
1539770 1612
1539780 1612
1539790 1612
1539800 1609
1539810 1609
1539820 1605
1539830 1601
1539840 1601
1539850 1597
1539860 1593
1539870 1588
1539880 1588
1539890 1583
1539900 1578
1539910 1578
1539920 1573
1539930 1570
1539940 1570
1539950 1565
1539960 1561
1539970 1561
1539980 1556
1539990 1551
