1520000 1975
1520010 1976
1520020 1976
1520030 1977
1520040 1978
1520050 1978
1520060 1979
1520070 1981
1520080 1981
1520090 1983
1520100 1984
1520110 1984
1520120 1986
1520130 1988
1520140 1989
1520150 1991
1520160 1993
1520170 1993
1520180 1994
1520190 1996
1520200 1998
1520210 1998
1520220 2000
1520230 2001
1520240 2001
1520250 2003
1520260 2005
1520270 2005
1520280 2008
1520290 2010
1520300 2010
1520310 2012
1520320 2014
1520330 2014
1520340 2016
1520350 2017
1520360 2017
1520370 2018
1520380 2018
1520390 2018
1520400 2018
1520410 2017
1520420 2014
1520430 2014
1520440 2005
1520450 2000
1520460 2000
1520470 1997
1520480 1994
1520490 1994
1520500 1990
1520510 1985
1520520 1985
1520530 1977
1520540 1970
1520550 1970
1520560 1965
1520570 1959
1520580 1951
1520590 1951
1520600 1943
1520610 1935
1520620 1935
1520630 1929
1520640 1922
1520650 1922
1520660 1913
1520670 1902
1520680 1902
1520690 1893
1520700 1884
1520710 1884
1520720 1878
1520730 1873
1520740 1873
1520750 1870
1520760 1868
1520770 1866
1520780 1866
1520790 1862
1520800 1860
1520810 1860
1520820 1856
1520830 1854
1520840 1854
1520850 1854
1520860 1854
1520870 1854
1520880 1855
1520890 1856
1520900 1856
1520910 1858
1520920 1857
1520930 1857
1520940 1854
1520950 1849
1520960 1844
1520970 1844
1520980 1839
1520990 1835
1521000 1835
1521010 1831
1521020 1828
1521030 1828
1521040 1825
1521050 1822
1521060 1822
1521070 1821
1521080 1819
1521090 1819
1521100 1818
1521110 1818
1521120 1818
1521130 1820
1521140 1823
1521150 1826
1521160 1826
1521170 1829
1521180 1832
1521190 1832
1521200 1834
1521210 1835
1521220 1835
1521230 1835
1521240 1840
1521250 1840
1521260 1843
1521270 1847
1521280 1847
1521290 1849
1521300 1853
1521310 1853
1521320 1859
1521330 1864
1521340 1872
1521350 1872
1521360 1882
1521370 1891
1521380 1891
1521390 1899
1521400 1906
1521410 1906
1521420 1912
1521430 1917
1521440 1917
1521450 1923
1521460 1928
1521470 1928
1521480 1934
1521490 1941
1521500 1941
1521510 1945
1521520 1950
1521530 1954
1521540 1954
1521550 1957
1521560 1953
1521570 1953
1521580 1945
1521590 1940
1521600 1940
1521610 1938
1521620 1934
1521630 1934
1521640 1930
1521650 1926
1521660 1926
1521670 1923
1521680 1918
1521690 1918
1521700 1912
1521710 1908
1521720 1907
1521730 1907
1521740 1906
1521750 1904
1521760 1904
1521770 1903
1521780 1902
1521790 1902
1521800 1902
1521810 1901
1521820 1901
1521830 1901
1521840 1903
1521850 1903
1521860 1903
1521870 1903
1521880 1903
1521890 1900
1521900 1900
1521910 1900
1521920 1900
1521930 1900
1521940 1905
1521950 1905
1521960 1907
1521970 1911
1521980 1911
1521990 1918
1522000 1923
1522010 1923
1522020 1927
1522030 1931
1522040 1931
1522050 1934
1522060 1934
1522070 1934
1522080 1930
1522090 1929
1522100 1938
1522110 1938
1522120 1945
1522130 1951
1522140 1951
1522150 1957
1522160 1964
1522170 1964
1522180 1970
1522190 1972
1522200 1972
1522210 1973
1522220 1971
1522230 1971
1522240 1968
1522250 1964
1522260 1964
1522270 1961
1522280 1957
1522290 1957
1522300 1957
1522310 1964
1522320 1969
1522330 1969
1522340 1972
1522350 1974
1522360 1974
1522370 1976
1522380 1982
1522390 1982
1522400 1984
1522410 1981
1522420 1981
1522430 1980
1522440 1982
1522450 1988
1522460 1988
1522470 1991
1522480 1993
1522490 1993
1522500 1995
1522510 1997
1522520 1997
1522530 2001
1522540 2006
1522550 2006
1522560 2010
1522570 2014
1522580 2014
1522590 2017
1522600 2020
1522610 2020
1522620 2024
1522630 2030
1522640 2037
1522650 2037
1522660 2043
1522670 2050
1522680 2050
1522690 2055
1522700 2061
1522710 2061
1522720 2067
1522730 2073
1522740 2073
1522750 2078
1522760 2083
1522770 2083
1522780 2090
1522790 2096
1522800 2096
1522810 2102
1522820 2109
1522830 2115
1522840 2115
1522850 2121
1522860 2126
1522870 2126
1522880 2131
1522890 2135
1522900 2135
1522910 2139
1522920 2142
1522930 2142
1522940 2145
1522950 2148
1522960 2148
1522970 2151
1522980 2154
1522990 2154
1523000 2157
1523010 2157
1523020 2157
1523030 2157
1523040 2153
1523050 2143
1523060 2143
1523070 2130
1523080 2119
1523090 2119
1523100 2109
1523110 2099
1523120 2099
1523130 2091
1523140 2082
1523150 2082
1523160 2072
1523170 2064
1523180 2064
1523190 2057
1523200 2050
1523210 2044
1523220 2044
1523230 2038
1523240 2032
1523250 2032
1523260 2026
1523270 2020
1523280 2020
1523290 2015
1523300 2010
1523310 2010
1523320 2005
1523330 2001
1523340 2001
1523350 1998
1523360 1994
1523370 1994
1523380 1990
1523390 1985
1523400 1981
1523410 1981
1523420 1978
1523430 1975
1523440 1975
1523450 1970
1523460 1964
1523470 1964
1523480 1957
1523490 1952
1523500 1952
1523510 1948
1523520 1946
1523530 1951
1523540 1950
1523550 1948
1523560 1948
1523570 1947
1523580 1947
1523590 1945
1523600 1945
1523610 1942
1523620 1940
1523630 1940
1523640 1938
1523650 1938
1523660 1938
1523670 1936
1523680 1935
1523690 1935
1523700 1935
1523710 1934
1523720 1934
1523730 1935
1523740 1938
1523750 1938
1523760 1939
1523770 1940
1523780 1940
1523790 1940
1523800 1936
1523810 1932
1523820 1932
1523830 1930
1523840 1927
1523850 1927
1523860 1923
1523870 1916
1523880 1916
1523890 1910
1523900 1902
1523910 1902
1523920 1889
1523930 1889
1523940 1889
1523950 1894
1523960 1898
1523970 1900
1523980 1900
1523990 1903
1524000 1900
1524010 1900
1524020 1893
1524030 1886
1524040 1886
1524050 1880
1524060 1873
1524070 1873
1524080 1869
1524090 1866
1524100 1866
1524110 1863
1524120 1861
1524130 1861
1524140 1858
1524150 1855
1524160 1854
1524170 1854
1524180 1850
1524190 1847
1524200 1847
1524210 1843
1524220 1846
1524230 1846
1524240 1848
1524250 1845
1524260 1845
1524270 1841
1524280 1841
1524290 1841
1524300 1839
1524310 1832
1524320 1832
1524330 1836
1524340 1838
1524350 1837
1524360 1837
1524370 1835
1524380 1833
1524390 1833
1524400 1829
1524410 1825
1524420 1825
1524430 1821
1524440 1814
1524450 1814
1524460 1808
1524470 1804
1524480 1804
1524490 1803
1524500 1798
1524510 1798
1524520 1795
1524530 1792
1524540 1790
1524550 1790
1524560 1787
1524570 1785
1524580 1785
1524590 1785
1524600 1785
1524610 1785
1524620 1786
1524630 1788
1524640 1788
1524650 1788
1524660 1788
1524670 1788
1524680 1787
1524690 1786
1524700 1786
1524710 1785
1524720 1785
1524730 1786
1524740 1786
1524750 1787
1524760 1788
1524770 1788
1524780 1788
1524790 1789
1524800 1789
1524810 1789
1524820 1790
1524830 1790
1524840 1791
1524850 1792
1524860 1792
1524870 1793
1524880 1794
1524890 1794
1524900 1795
1524910 1797
1524920 1798
1524930 1798
1524940 1800
1524950 1802
1524960 1802
1524970 1804
1524980 1805
1524990 1805
1525000 1807
1525010 1809
1525020 1809
1525030 1812
1525040 1814
1525050 1814
1525060 1816
1525070 1819
1525080 1822
1525090 1822
1525100 1824
1525110 1827
1525120 1827
1525130 1829
1525140 1831
1525150 1831
1525160 1834
1525170 1836
1525180 1836
1525190 1838
1525200 1840
1525210 1840
1525220 1841
1525230 1842
1525240 1842
1525250 1844
1525260 1845
1525270 1846
1525280 1846
1525290 1848
1525300 1850
1525310 1850
1525320 1851
1525330 1853
1525340 1853
1525350 1854
1525360 1856
1525370 1856
1525380 1858
1525390 1859
1525400 1859
1525410 1861
1525420 1865
1525430 1865
1525440 1870
1525450 1875
1525460 1879
1525470 1879
1525480 1882
1525490 1886
1525500 1886
1525510 1888
1525520 1890
1525530 1890
1525540 1893
1525550 1895
1525560 1895
1525570 1898
1525580 1902
1525590 1902
1525600 1907
1525610 1915
1525620 1915
1525630 1920
1525640 1923
1525650 1929
1525660 1929
1525670 1931
1525680 1933
1525690 1933
1525700 1934
1525710 1936
1525720 1936
1525730 1937
1525740 1938
1525750 1938
1525760 1937
1525770 1936
1525780 1936
1525790 1936
1525800 1937
1525810 1937
1525820 1937
1525830 1936
1525840 1935
1525850 1935
1525860 1934
1525870 1934
1525880 1934
1525890 1934
1525900 1934
1525910 1934
1525920 1934
1525930 1935
1525940 1935
1525950 1935
1525960 1934
1525970 1934
1525980 1934
1525990 1934
1526000 1934
1526010 1933
1526020 1932
1526030 1932
1526040 1932
1526050 1932
1526060 1932
1526070 1932
1526080 1933
1526090 1933
1526100 1933
1526110 1933
1526120 1933
1526130 1933
1526140 1934
1526150 1934
1526160 1934
1526170 1935
1526180 1935
1526190 1935
1526200 1936
1526210 1937
1526220 1938
1526230 1938
1526240 1939
1526250 1941
1526260 1941
1526270 1941
1526280 1942
1526290 1942
1526300 1942
1526310 1942
1526320 1942
1526330 1940
1526340 1939
1526350 1939
1526360 1939
1526370 1940
1526380 1940
1526390 1941
1526400 1941
1526410 1940
1526420 1940
1526430 1939
1526440 1939
1526450 1939
1526460 1940
1526470 1940
1526480 1940
1526490 1941
1526500 1942
1526510 1942
1526520 1943
1526530 1943
1526540 1943
1526550 1943
1526560 1943
1526570 1943
1526580 1943
1526590 1943
1526600 1944
1526610 1944
1526620 1944
1526630 1944
1526640 1944
1526650 1945
1526660 1948
1526670 1948
1526680 1950
1526690 1951
1526700 1951
1526710 1953
1526720 1955
1526730 1955
1526740 1956
1526750 1958
1526760 1958
1526770 1960
1526780 1961
1526790 1962
1526800 1962
1526810 1964
1526820 1966
1526830 1966
1526840 1968
1526850 1971
1526860 1971
1526870 1973
1526880 1974
1526890 1974
1526900 1975
1526910 1977
1526920 1977
1526930 1979
1526940 1980
1526950 1980
1526960 1982
1526970 1982
1526980 1983
1526990 1983
1527000 1983
1527010 1985
1527020 1985
1527030 1988
1527040 1990
1527050 1990
1527060 1992
1527070 1996
1527080 1996
1527090 1999
1527100 2002
1527110 2002
1527120 2003
1527130 2006
1527140 2006
1527150 2008
1527160 2009
1527170 2010
1527180 2010
1527190 2010
1527200 2011
1527210 2011
1527220 2012
1527230 2014
1527240 2014
1527250 2016
1527260 2018
1527270 2018
1527280 2020
1527290 2021
1527300 2021
1527310 2023
1527320 2024
1527330 2024
1527340 2026
1527350 2027
1527360 2028
1527370 2028
1527380 2029
1527390 2030
1527400 2030
1527410 2031
1527420 2032
1527430 2032
1527440 2033
1527450 2034
1527460 2034
1527470 2035
1527480 2038
1527490 2038
1527500 2040
1527510 2042
1527520 2042
1527530 2044
1527540 2045
1527550 2047
1527560 2047
1527570 2048
1527580 2050
1527590 2050
1527600 2052
1527610 2053
1527620 2053
1527630 2055
1527640 2056
1527650 2056
1527660 2057
1527670 2058
1527680 2058
1527690 2059
1527700 2063
1527710 2064
1527720 2064
1527730 2066
1527740 2066
1527750 2066
1527760 2068
1527770 2070
1527780 2070
1527790 2073
1527800 2074
1527810 2074
1527820 2076
1527830 2078
1527840 2078
1527850 2080
1527860 2081
1527870 2081
1527880 2081
1527890 2082
1527900 2083
1527910 2083
1527920 2083
1527930 2084
1527940 2084
1527950 2085
1527960 2086
1527970 2086
1527980 2086
1527990 2086
1528000 2086
1528010 2085
1528020 2085
1528030 2085
1528040 2084
1528050 2082
1528060 2082
1528070 2080
1528080 2080
1528090 2080
1528100 2080
1528110 2080
1528120 2079
1528130 2079
1528140 2077
1528150 2076
1528160 2076
1528170 2075
1528180 2075
1528190 2075
1528200 2073
1528210 2071
1528220 2071
1528230 2070
1528240 2069
1528250 2069
1528260 2070
1528270 2069
1528280 2068
1528290 2068
1528300 2066
1528310 2065
1528320 2065
1528330 2065
1528340 2064
1528350 2064
1528360 2064
1528370 2064
1528380 2064
1528390 2062
1528400 2060
1528410 2060
1528420 2055
1528430 2050
1528440 2050
1528450 2047
1528460 2047
1528470 2047
1528480 2047
1528490 2046
1528500 2045
1528510 2045
1528520 2042
1528530 2040
1528540 2040
1528550 2038
1528560 2037
1528570 2037
1528580 2037
1528590 2038
1528600 2038
1528610 2034
1528620 2031
1528630 2031
1528640 2038
1528650 2043
1528660 2043
1528670 2043
1528680 2045
1528690 2047
1528700 2047
1528710 2047
1528720 2046
1528730 2046
1528740 2046
1528750 2048
1528760 2048
1528770 2048
1528780 2048
1528790 2048
1528800 2052
1528810 2052
1528820 2052
1528830 2054
1528840 2056
1528850 2056
1528860 2056
1528870 2055
1528880 2055
1528890 2055
1528900 2056
1528910 2056
1528920 2056
1528930 2057
1528940 2057
1528950 2057
1528960 2057
1528970 2059
1528980 2059
1528990 2058
1529000 2058
1529010 2058
1529020 2059
1529030 2061
1529040 2061
1529050 2061
1529060 2061
1529070 2061
1529080 2061
1529090 2061
1529100 2061
1529110 2061
1529120 2061
1529130 2062
1529140 2062
1529150 2062
1529160 2060
1529170 2060
1529180 2058
1529190 2055
1529200 2055
1529210 2055
1529220 2055
1529230 2055
1529240 2055
1529250 2055
1529260 2055
1529270 2055
1529280 2053
1529290 2051
1529300 2051
1529310 2048
1529320 2047
1529330 2047
1529340 2044
1529350 2040
1529360 2040
1529370 2034
1529380 2026
1529390 2026
1529400 2017
1529410 2013
1529420 2019
1529430 2019
1529440 2020
1529450 2017
1529460 2017
1529470 2012
1529480 2008
1529490 2008
1529500 2003
1529510 1997
1529520 1997
1529530 1991
1529540 1985
1529550 1985
1529560 1983
1529570 1976
1529580 1976
1529590 1968
1529600 1964
1529610 1959
1529620 1959
1529630 1951
1529640 1947
1529650 1947
1529660 1937
1529670 1927
1529680 1927
1529690 1919
1529700 1911
1529710 1911
1529720 1902
1529730 1894
1529740 1894
1529750 1888
1529760 1883
1529770 1883
1529780 1878
1529790 1872
1529800 1865
1529810 1865
1529820 1859
1529830 1853
1529840 1853
1529850 1846
1529860 1840
1529870 1840
1529880 1835
1529890 1829
1529900 1829
1529910 1822
1529920 1816
1529930 1816
1529940 1812
1529950 1806
1529960 1806
1529970 1801
1529980 1794
1529990 1786
1530000 1786
1530010 1780
1530020 1774
1530030 1774
1530040 1767
1530050 1772
1530060 1772
1530070 1773
1530080 1775
1530090 1775
1530100 1781
1530110 1784
1530120 1784
1530130 1785
1530140 1790
1530150 1790
1530160 1799
1530170 1806
1530180 1810
1530190 1810
1530200 1815
1530210 1821
1530220 1821
1530230 1827
1530240 1833
1530250 1833
1530260 1838
1530270 1844
1530280 1844
1530290 1848
1530300 1853
1530310 1853
1530320 1858
1530330 1863
1530340 1870
1530350 1870
1530360 1876
1530370 1883
1530380 1883
1530390 1891
1530400 1898
1530410 1898
1530420 1907
1530430 1916
1530440 1916
1530450 1924
1530460 1932
1530470 1932
1530480 1940
1530490 1949
1530500 1949
1530510 1957
1530520 1965
1530530 1973
1530540 1973
1530550 1980
1530560 1988
1530570 1988
1530580 1995
1530590 2003
1530600 2003
1530610 2011
1530620 2019
1530630 2019
1530640 2027
1530650 2037
1530660 2037
1530670 2045
1530680 2032
1530690 2032
1530700 2042
1530710 2053
1530720 2056
1530730 2056
1530740 2052
1530750 2056
1530760 2056
1530770 2058
1530780 2060
1530790 2060
1530800 2059
1530810 2058
1530820 2058
1530830 2053
1530840 2040
1530850 2040
1530860 2029
1530870 2030
1530880 2030
1530890 2029
1530900 2033
1530910 2034
1530920 2034
1530930 2033
1530940 2032
1530950 2032
1530960 2030
1530970 2028
1530980 2028
1530990 2028
1531000 2028
1531010 2028
1531020 2027
1531030 2029
1531040 2029
1531050 2032
1531060 2031
1531070 2031
1531080 2030
1531090 2031
1531100 2032
1531110 2032
1531120 2032
1531130 2033
1531140 2033
1531150 2036
1531160 2041
1531170 2041
1531180 2046
1531190 2051
1531200 2051
1531210 2056
1531220 2062
1531230 2062
1531240 2070
1531250 2078
1531260 2078
1531270 2085
1531280 2093
1531290 2100
1531300 2100
1531310 2107
1531320 2114
1531330 2114
1531340 2119
1531350 2125
1531360 2125
1531370 2131
1531380 2137
1531390 2137
1531400 2142
1531410 2147
1531420 2147
1531430 2149
1531440 2147
1531450 2147
1531460 2145
1531470 2144
1531480 2143
1531490 2143
1531500 2141
1531510 2140
1531520 2140
1531530 2140
1531540 2138
1531550 2138
1531560 2136
1531570 2132
1531580 2132
1531590 2128
1531600 2126
1531610 2126
1531620 2125
1531630 2123
1531640 2123
1531650 2120
1531660 2117
1531670 2113
1531680 2113
1531690 2106
1531700 2098
1531710 2098
1531720 2094
1531730 2092
1531740 2092
1531750 2093
1531760 2091
1531770 2091
1531780 2088
1531790 2086
1531800 2086
1531810 2083
1531820 2081
1531830 2081
1531840 2077
1531850 2072
1531860 2068
1531870 2068
1531880 2065
1531890 2063
1531900 2063
1531910 2061
1531920 2058
1531930 2058
1531940 2055
1531950 2054
1531960 2054
1531970 2052
1531980 2049
1531990 2049
1532000 2046
1532010 2043
1532020 2043
1532030 2040
1532040 2038
1532050 2038
1532060 2038
1532070 2040
1532080 2040
1532090 2040
1532100 2042
1532110 2045
1532120 2045
1532130 2046
1532140 2046
1532150 2046
1532160 2044
1532170 2044
1532180 2044
1532190 2043
1532200 2042
1532210 2042
1532220 2040
1532230 2036
1532240 2031
1532250 2031
1532260 2025
1532270 2020
1532280 2020
1532290 2015
1532300 2009
1532310 2009
1532320 2002
1532330 1994
1532340 1994
1532350 1987
1532360 1983
1532370 1983
1532380 1977
1532390 1972
1532400 1972
1532410 1967
1532420 1963
1532430 1958
1532440 1958
1532450 1952
1532460 1947
1532470 1947
1532480 1942
1532490 1935
1532500 1935
1532510 1928
1532520 1921
1532530 1921
1532540 1915
1532550 1908
1532560 1908
1532570 1901
1532580 1894
1532590 1894
1532600 1889
1532610 1882
1532620 1875
1532630 1875
1532640 1872
1532650 1869
1532660 1869
1532670 1868
1532680 1863
1532690 1863
1532700 1858
1532710 1852
1532720 1852
1532730 1847
1532740 1843
1532750 1843
1532760 1837
1532770 1833
1532780 1833
1532790 1828
1532800 1819
1532810 1811
1532820 1811
1532830 1806
1532840 1803
1532850 1803
1532860 1801
1532870 1799
1532880 1799
1532890 1795
1532900 1790
1532910 1790
1532920 1786
1532930 1782
1532940 1782
1532950 1779
1532960 1775
1532970 1772
1532980 1772
1532990 1772
1533000 1770
1533010 1770
1533020 1767
1533030 1766
1533040 1766
1533050 1764
1533060 1761
1533070 1761
1533080 1757
1533090 1754
1533100 1754
1533110 1749
1533120 1746
1533130 1746
1533140 1743
1533150 1744
1533160 1746
1533170 1746
1533180 1748
1533190 1750
1533200 1750
1533210 1751
1533220 1753
1533230 1753
1533240 1754
1533250 1754
1533260 1754
1533270 1751
1533280 1749
1533290 1749
1533300 1749
1533310 1748
1533320 1748
1533330 1747
1533340 1747
1533350 1748
1533360 1748
1533370 1748
1533380 1749
1533390 1749
1533400 1749
1533410 1749
1533420 1749
1533430 1751
1533440 1753
1533450 1753
1533460 1757
1533470 1760
1533480 1760
1533490 1762
1533500 1764
1533510 1764
1533520 1765
1533530 1767
1533540 1770
1533550 1770
1533560 1773
1533570 1777
1533580 1777
1533590 1780
1533600 1786
1533610 1786
1533620 1792
1533630 1796
1533640 1796
1533650 1800
1533660 1803
1533670 1803
1533680 1805
1533690 1807
1533700 1807
1533710 1810
1533720 1813
1533730 1816
1533740 1816
1533750 1819
1533760 1821
1533770 1821
1533780 1825
1533790 1829
1533800 1829
1533810 1833
1533820 1838
1533830 1838
1533840 1845
1533850 1852
1533860 1852
1533870 1861
1533880 1867
1533890 1867
1533900 1872
1533910 1877
1533920 1883
1533930 1883
1533940 1888
1533950 1892
1533960 1892
1533970 1895
1533980 1896
1533990 1896
1534000 1898
1534010 1901
1534020 1901
1534030 1907
1534040 1914
1534050 1914
1534060 1922
1534070 1930
1534080 1930
1534090 1935
1534100 1940
1534110 1943
1534120 1943
1534130 1947
1534140 1951
1534150 1951
1534160 1955
1534170 1959
1534180 1959
1534190 1963
1534200 1968
1534210 1968
1534220 1973
1534230 1977
1534240 1977
1534250 1982
1534260 1987
1534270 1987
1534280 1993
1534290 1998
1534300 2005
1534310 2005
1534320 2011
1534330 2017
1534340 2017
1534350 2021
1534360 2025
1534370 2025
1534380 2030
1534390 2036
1534400 2036
1534410 2040
1534420 2044
1534430 2044
1534440 2051
1534450 2059
1534460 2059
1534470 2065
1534480 2070
1534490 2076
1534500 2076
1534510 2080
1534520 2084
1534530 2084
1534540 2087
1534550 2090
1534560 2090
1534570 2095
1534580 2101
1534590 2101
1534600 2105
1534610 2108
1534620 2108
1534630 2112
1534640 2115
1534650 2115
1534660 2120
1534670 2123
1534680 2125
1534690 2125
1534700 2127
1534710 2130
1534720 2130
1534730 2131
1534740 2130
1534750 2130
1534760 2128
1534770 2129
1534780 2129
1534790 2126
1534800 2118
1534810 2118
1534820 2110
1534830 2102
1534840 2102
1534850 2092
1534860 2084
1534870 2078
1534880 2078
1534890 2071
1534900 2063
1534910 2063
1534920 2056
1534930 2050
1534940 2050
1534950 2045
1534960 2038
1534970 2038
1534980 2031
1534990 2026
1535000 2026
1535010 2022
1535020 2018
1535030 2018
1535040 2015
1535050 2010
1535060 2006
1535070 2006
1535080 2002
1535090 1998
1535100 1998
1535110 1994
1535120 1990
1535130 1990
1535140 1987
1535150 1987
1535160 1987
1535170 1989
1535180 1990
1535190 1990
1535200 1991
1535210 1992
1535220 1992
1535230 1993
1535240 1992
1535250 1991
1535260 1991
1535270 1991
1535280 1991
1535290 1991
1535300 1989
1535310 1989
1535320 1989
1535330 1989
1535340 1991
1535350 1991
1535360 1995
1535370 2000
1535380 2000
1535390 2004
1535400 2007
1535410 2007
1535420 2012
1535430 2016
1535440 2019
1535450 2019
1535460 2027
1535470 2034
1535480 2034
1535490 2040
1535500 2049
1535510 2049
1535520 2058
1535530 2072
1535540 2072
1535550 2082
1535560 2089
1535570 2089
1535580 2084
1535590 2082
1535600 2082
1535610 2082
1535620 2081
1535630 2081
1535640 2081
1535650 2083
1535660 2085
1535670 2085
1535680 2086
1535690 2089
1535700 2089
1535710 2093
1535720 2094
1535730 2094
1535740 2094
1535750 2094
1535760 2094
1535770 2095
1535780 2096
1535790 2097
1535800 2097
1535810 2098
1535820 2099
1535830 2099
1535840 2100
1535850 2100
1535860 2100
1535870 2096
1535880 2092
1535890 2092
1535900 2092
1535910 2092
1535920 2092
1535930 2092
1535940 2095
1535950 2095
1535960 2097
1535970 2097
1535980 2094
1535990 2094
1536000 2090
1536010 2087
1536020 2087
1536030 2085
1536040 2083
1536050 2083
1536060 2081
1536070 2079
1536080 2079
1536090 2077
1536100 2075
1536110 2075
1536120 2072
1536130 2069
1536140 2069
1536150 2065
1536160 2061
1536170 2057
1536180 2057
1536190 2051
1536200 2046
1536210 2046
1536220 2040
1536230 2035
1536240 2035
1536250 2031
1536260 2026
1536270 2026
1536280 2021
1536290 2016
1536300 2016
1536310 2011
1536320 2006
1536330 2006
1536340 2000
1536350 1995
1536360 1991
1536370 1991
1536380 1989
1536390 1986
1536400 1986
1536410 1983
1536420 1981
1536430 1981
1536440 1980
1536450 1980
1536460 1980
1536470 1979
1536480 1978
1536490 1978
1536500 1976
1536510 1974
1536520 1974
1536530 1970
1536540 1965
1536550 1960
1536560 1960
1536570 1957
1536580 1955
1536590 1955
1536600 1953
1536610 1951
1536620 1951
1536630 1949
1536640 1947
1536650 1947
1536660 1944
1536670 1940
1536680 1940
1536690 1937
1536700 1934
1536710 1934
1536720 1933
1536730 1932
1536740 1932
1536750 1932
1536760 1930
1536770 1928
1536780 1928
1536790 1925
1536800 1921
1536810 1921
1536820 1918
1536830 1915
1536840 1915
1536850 1912
1536860 1909
1536870 1909
1536880 1907
1536890 1906
1536900 1906
1536910 1904
1536920 1902
1536930 1899
1536940 1899
1536950 1897
1536960 1894
1536970 1894
1536980 1893
1536990 1892
1537000 1892
1537010 1891
1537020 1890
1537030 1890
1537040 1889
1537050 1888
1537060 1888
1537070 1887
1537080 1885
1537090 1885
1537100 1883
1537110 1882
1537120 1881
1537130 1881
1537140 1879
1537150 1877
1537160 1877
1537170 1876
1537180 1874
1537190 1874
1537200 1872
1537210 1870
1537220 1870
1537230 1868
1537240 1866
1537250 1866
1537260 1863
1537270 1861
1537280 1861
1537290 1858
1537300 1856
1537310 1854
1537320 1854
1537330 1851
1537340 1848
1537350 1848
1537360 1846
1537370 1845
1537380 1845
1537390 1843
1537400 1841
1537410 1841
1537420 1838
1537430 1836
1537440 1836
1537450 1833
1537460 1831
1537470 1831
1537480 1828
1537490 1826
1537500 1824
1537510 1824
1537520 1822
1537530 1820
1537540 1820
1537550 1819
1537560 1818
1537570 1818
1537580 1816
1537590 1814
1537600 1814
1537610 1812
1537620 1809
1537630 1809
1537640 1806
1537650 1804
1537660 1804
1537670 1801
1537680 1797
1537690 1792
1537700 1792
1537710 1786
1537720 1780
1537730 1780
1537740 1774
1537750 1769
1537760 1769
1537770 1765
1537780 1762
1537790 1762
1537800 1760
1537810 1757
1537820 1757
1537830 1754
1537840 1750
1537850 1750
1537860 1746
1537870 1744
1537880 1740
1537890 1740
1537900 1734
1537910 1729
1537920 1729
1537930 1724
1537940 1720
1537950 1720
1537960 1718
1537970 1716
1537980 1716
1537990 1715
1538000 1713
1538010 1713
1538020 1712
1538030 1712
1538040 1712
1538050 1711
1538060 1708
1538070 1704
1538080 1704
1538090 1701
1538100 1699
1538110 1699
1538120 1698
1538130 1698
1538140 1698
1538150 1696
1538160 1690
1538170 1690
1538180 1685
1538190 1679
1538200 1679
1538210 1675
1538220 1670
1538230 1664
1538240 1664
1538250 1660
1538260 1654
1538270 1654
1538280 1648
1538290 1642
1538300 1642
1538310 1636
1538320 1630
1538330 1630
1538340 1625
1538350 1621
1538360 1621
1538370 1618
1538380 1614
1538390 1614
1538400 1608
1538410 1602
1538420 1596
1538430 1596
1538440 1590
1538450 1585
1538460 1585
1538470 1580
1538480 1574
1538490 1574
1538500 1566
1538510 1557
1538520 1557
1538530 1547
1538540 1538
1538550 1538
1538560 1530
1538570 1521
1538580 1521
1538590 1514
1538600 1507
1538610 1500
1538620 1500
1538630 1495
1538640 1490
1538650 1490
1538660 1484
1538670 1482
1538680 1482
1538690 1475
1538700 1469
1538710 1469
1538720 1463
1538730 1457
1538740 1457
1538750 1454
1538760 1453
1538770 1453
1538780 1452
1538790 1448
1538800 1446
1538810 1446
1538820 1444
1538830 1443
1538840 1443
1538850 1442
1538860 1440
1538870 1440
1538880 1440
1538890 1440
1538900 1440
1538910 1440
1538920 1439
1538930 1439
1538940 1437
1538950 1434
1538960 1434
1538970 1429
1538980 1424
1538990 1425
1539000 1425
1539010 1432
1539020 1437
1539030 1437
1539040 1438
1539050 1438
1539060 1438
1539070 1436
1539080 1434
1539090 1434
1539100 1434
1539110 1435
1539120 1435
1539130 1435
1539140 1436
1539150 1436
1539160 1436
1539170 1436
1539180 1437
1539190 1437
1539200 1436
1539210 1437
1539220 1437
1539230 1438
1539240 1436
1539250 1436
1539260 1434
1539270 1431
1539280 1431
1539290 1427
1539300 1424
1539310 1424
1539320 1421
1539330 1418
1539340 1418
1539350 1416
1539360 1414
1539370 1413
1539380 1413
1539390 1412
1539400 1411
1539410 1411
1539420 1410
1539430 1409
1539440 1409
1539450 1407
1539460 1404
1539470 1404
1539480 1401
1539490 1401
1539500 1401
1539510 1402
1539520 1402
1539530 1402
1539540 1401
1539550 1398
1539560 1394
1539570 1394
1539580 1388
1539590 1382
1539600 1382
1539610 1378
1539620 1376
1539630 1376
1539640 1373
1539650 1371
1539660 1371
1539670 1369
1539680 1374
1539690 1374
1539700 1373
1539710 1372
1539720 1372
1539730 1370
1539740 1366
1539750 1362
1539760 1362
1539770 1359
1539780 1357
1539790 1357
1539800 1356
1539810 1354
1539820 1354
1539830 1354
1539840 1354
1539850 1354
1539860 1354
1539870 1354
1539880 1354
1539890 1354
1539900 1354
1539910 1354
1539920 1356
1539930 1357
1539940 1356
1539950 1356
1539960 1356
1539970 1354
1539980 1354
1539990 1354
