1520000 1511
1520010 1514
1520020 1514
1520030 1518
1520040 1522
1520050 1525
1520060 1525
1520070 1529
1520080 1534
1520090 1534
1520100 1538
1520110 1541
1520120 1541
1520130 1543
1520140 1544
1520150 1544
1520160 1547
1520170 1549
1520180 1549
1520190 1551
1520200 1553
1520210 1553
1520220 1556
1520230 1558
1520240 1561
1520250 1561
1520260 1562
1520270 1563
1520280 1563
1520290 1563
1520300 1558
1520310 1558
1520320 1557
1520330 1556
1520340 1556
1520350 1553
1520360 1551
1520370 1551
1520380 1550
1520390 1547
1520400 1547
1520410 1544
1520420 1540
1520430 1537
1520440 1537
1520450 1533
1520460 1530
1520470 1530
1520480 1527
1520490 1526
1520500 1526
1520510 1525
1520520 1525
1520530 1525
1520540 1525
1520550 1526
1520560 1526
1520570 1529
1520580 1532
1520590 1532
1520600 1534
1520610 1536
1520620 1538
1520630 1538
1520640 1540
1520650 1541
1520660 1541
1520670 1541
1520680 1541
1520690 1541
1520700 1539
1520710 1537
1520720 1537
1520730 1536
1520740 1534
1520750 1534
1520760 1533
1520770 1532
1520780 1532
1520790 1532
1520800 1531
1520810 1530
1520820 1530
1520830 1529
1520840 1526
1520850 1526
1520860 1522
1520870 1521
1520880 1521
1520890 1522
1520900 1519
1520910 1519
1520920 1516
1520930 1513
1520940 1513
1520950 1511
1520960 1508
1520970 1508
1520980 1504
1520990 1501
1521000 1497
1521010 1497
1521020 1493
1521030 1488
1521040 1488
1521050 1484
1521060 1480
1521070 1480
1521080 1475
1521090 1472
1521100 1472
1521110 1468
1521120 1464
1521130 1464
1521140 1460
1521150 1456
1521160 1456
1521170 1452
1521180 1448
1521190 1443
1521200 1443
1521210 1441
1521220 1439
1521230 1439
1521240 1433
1521250 1429
1521260 1429
1521270 1424
1521280 1420
1521290 1420
1521300 1415
1521310 1411
1521320 1411
1521330 1408
1521340 1404
1521350 1404
1521360 1400
1521370 1396
1521380 1392
1521390 1392
1521400 1389
1521410 1387
1521420 1387
1521430 1385
1521440 1380
1521450 1380
1521460 1375
1521470 1369
1521480 1369
1521490 1363
1521500 1357
1521510 1357
1521520 1351
1521530 1345
1521540 1345
1521550 1339
1521560 1333
1521570 1328
1521580 1328
1521590 1324
1521600 1316
1521610 1316
1521620 1310
1521630 1305
1521640 1305
1521650 1305
1521660 1308
1521670 1308
1521680 1316
1521690 1325
1521700 1325
1521710 1330
1521720 1327
1521730 1327
1521740 1326
1521750 1326
1521760 1326
1521770 1326
1521780 1333
1521790 1342
1521800 1342
1521810 1352
1521820 1359
1521830 1359
1521840 1365
1521850 1370
1521860 1370
1521870 1374
1521880 1378
1521890 1378
1521900 1380
1521910 1382
1521920 1382
1521930 1382
1521940 1383
1521950 1385
1521960 1385
1521970 1388
1521980 1390
1521990 1390
1522000 1391
1522010 1393
1522020 1393
1522030 1395
1522040 1396
1522050 1396
1522060 1398
1522070 1399
1522080 1399
1522090 1400
1522100 1400
1522110 1400
1522120 1401
1522130 1401
1522140 1400
1522150 1400
1522160 1399
1522170 1399
1522180 1399
1522190 1398
1522200 1397
1522210 1397
1522220 1397
1522230 1396
1522240 1396
1522250 1394
1522260 1393
1522270 1393
1522280 1391
1522290 1390
1522300 1390
1522310 1387
1522320 1384
1522330 1378
1522340 1378
1522350 1370
1522360 1362
1522370 1362
1522380 1361
1522390 1365
1522400 1365
1522410 1368
1522420 1370
1522430 1370
1522440 1371
1522450 1373
1522460 1373
1522470 1376
1522480 1378
1522490 1378
1522500 1380
1522510 1383
1522520 1387
1522530 1387
1522540 1390
1522550 1390
1522560 1390
1522570 1383
1522580 1381
1522590 1381
1522600 1386
1522610 1392
1522620 1392
1522630 1400
1522640 1408
1522650 1408
1522660 1415
1522670 1420
1522680 1420
1522690 1424
1522700 1426
1522710 1428
1522720 1428
1522730 1429
1522740 1431
1522750 1431
1522760 1432
1522770 1434
1522780 1434
1522790 1435
1522800 1436
1522810 1436
1522820 1437
1522830 1438
1522840 1438
1522850 1439
1522860 1440
1522870 1440
1522880 1440
1522890 1441
1522900 1442
1522910 1442
1522920 1442
1522930 1442
1522940 1442
1522950 1442
1522960 1442
1522970 1442
1522980 1441
1522990 1441
1523000 1441
1523010 1440
1523020 1439
1523030 1439
1523040 1438
1523050 1437
1523060 1437
1523070 1435
1523080 1434
1523090 1433
1523100 1433
1523110 1433
1523120 1432
1523130 1432
1523140 1432
1523150 1432
1523160 1432
1523170 1431
1523180 1430
1523190 1430
1523200 1429
1523210 1426
1523220 1426
1523230 1419
1523240 1410
1523250 1410
1523260 1401
1523270 1397
1523280 1402
1523290 1402
1523300 1407
1523310 1410
1523320 1410
1523330 1412
1523340 1414
1523350 1414
1523360 1416
1523370 1418
1523380 1418
1523390 1419
1523400 1418
1523410 1418
1523420 1420
1523430 1424
1523440 1424
1523450 1427
1523460 1429
1523470 1432
1523480 1432
1523490 1434
1523500 1435
1523510 1435
1523520 1438
1523530 1440
1523540 1440
1523550 1443
1523560 1445
1523570 1445
1523580 1447
1523590 1449
1523600 1449
1523610 1450
1523620 1452
1523630 1452
1523640 1453
1523650 1454
1523660 1455
1523670 1455
1523680 1452
1523690 1452
1523700 1452
1523710 1453
1523720 1453
1523730 1453
1523740 1453
1523750 1454
1523760 1454
1523770 1455
1523780 1455
1523790 1455
1523800 1455
1523810 1456
1523820 1456
1523830 1458
1523840 1461
1523850 1463
1523860 1463
1523870 1464
1523880 1465
1523890 1465
1523900 1467
1523910 1469
1523920 1469
1523930 1467
1523940 1466
1523950 1466
1523960 1463
1523970 1460
1523980 1460
1523990 1457
1524000 1452
1524010 1452
1524020 1446
1524030 1439
1524040 1433
1524050 1433
1524060 1427
1524070 1423
1524080 1423
1524090 1426
1524100 1433
1524110 1433
1524120 1441
1524130 1449
1524140 1449
1524150 1459
1524160 1467
1524170 1467
1524180 1475
1524190 1483
1524200 1483
1524210 1489
1524220 1492
1524230 1495
1524240 1495
1524250 1498
1524260 1501
1524270 1501
1524280 1506
1524290 1513
1524300 1513
1524310 1518
1524320 1520
1524330 1520
1524340 1522
1524350 1523
1524360 1523
1524370 1524
1524380 1525
1524390 1525
1524400 1526
1524410 1526
1524420 1526
1524430 1526
1524440 1527
1524450 1526
1524460 1526
1524470 1526
1524480 1526
1524490 1526
1524500 1527
1524510 1529
1524520 1529
1524530 1531
1524540 1531
1524550 1531
1524560 1532
1524570 1533
1524580 1533
1524590 1534
1524600 1536
1524610 1536
1524620 1536
1524630 1538
1524640 1539
1524650 1539
1524660 1541
1524670 1542
1524680 1542
1524690 1542
1524700 1544
1524710 1544
1524720 1546
1524730 1545
1524740 1545
1524750 1543
1524760 1542
1524770 1542
1524780 1540
1524790 1538
1524800 1537
1524810 1537
1524820 1535
1524830 1531
1524840 1531
1524850 1533
1524860 1536
1524870 1536
1524880 1538
1524890 1539
1524900 1539
1524910 1541
1524920 1542
1524930 1542
1524940 1543
1524950 1543
1524960 1543
1524970 1544
1524980 1546
1524990 1547
1525000 1547
1525010 1545
1525020 1545
1525030 1545
1525040 1552
1525050 1557
1525060 1557
1525070 1561
1525080 1563
1525090 1563
1525100 1564
1525110 1566
1525120 1566
1525130 1566
1525140 1567
1525150 1567
1525160 1568
1525170 1569
1525180 1569
1525190 1569
1525200 1568
1525210 1568
1525220 1568
1525230 1567
1525240 1566
1525250 1566
1525260 1564
1525270 1561
1525280 1561
1525290 1559
1525300 1557
1525310 1557
1525320 1553
1525330 1551
1525340 1551
1525350 1548
1525360 1546
1525370 1544
1525380 1544
1525390 1541
1525400 1539
1525410 1539
1525420 1535
1525430 1532
1525440 1532
1525450 1528
1525460 1530
1525470 1530
1525480 1535
1525490 1537
1525500 1537
1525510 1537
1525520 1537
1525530 1537
1525540 1537
1525550 1538
1525560 1538
1525570 1538
1525580 1539
1525590 1541
1525600 1541
1525610 1543
1525620 1545
1525630 1545
1525640 1547
1525650 1550
1525660 1550
1525670 1554
1525680 1559
1525690 1559
1525700 1566
1525710 1572
1525720 1572
1525730 1577
1525740 1580
1525750 1584
1525760 1584
1525770 1587
1525780 1590
1525790 1590
1525800 1594
1525810 1597
1525820 1597
1525830 1600
1525840 1603
1525850 1603
1525860 1607
1525870 1612
1525880 1612
1525890 1617
1525900 1622
1525910 1622
1525920 1628
1525930 1633
1525940 1638
1525950 1638
1525960 1643
1525970 1647
1525980 1647
1525990 1653
1526000 1659
1526010 1659
1526020 1664
1526030 1669
1526040 1669
1526050 1674
1526060 1679
1526070 1679
1526080 1684
1526090 1689
1526100 1689
1526110 1694
1526120 1699
1526130 1703
1526140 1703
1526150 1707
1526160 1711
1526170 1711
1526180 1714
1526190 1717
1526200 1717
1526210 1720
1526220 1722
1526230 1722
1526240 1725
1526250 1727
1526260 1727
1526270 1729
1526280 1732
1526290 1732
1526300 1734
1526310 1736
1526320 1737
1526330 1737
1526340 1739
1526350 1741
1526360 1741
1526370 1742
1526380 1744
1526390 1744
1526400 1746
1526410 1747
1526420 1747
1526430 1748
1526440 1749
1526450 1749
1526460 1750
1526470 1752
1526480 1752
1526490 1754
1526500 1757
1526510 1760
1526520 1760
1526530 1762
1526540 1764
1526550 1764
1526560 1767
1526570 1769
1526580 1769
1526590 1772
1526600 1775
1526610 1775
1526620 1778
1526630 1781
1526640 1781
1526650 1785
1526660 1789
1526670 1789
1526680 1792
1526690 1796
1526700 1802
1526710 1802
1526720 1807
1526730 1812
1526740 1812
1526750 1817
1526760 1821
1526770 1821
1526780 1824
1526790 1826
1526800 1826
1526810 1830
1526820 1835
1526830 1835
1526840 1840
1526850 1845
1526860 1845
1526870 1851
1526880 1856
1526890 1861
1526900 1861
1526910 1866
1526920 1871
1526930 1871
1526940 1876
1526950 1881
1526960 1881
1526970 1887
1526980 1892
1526990 1892
1527000 1896
1527010 1901
1527020 1901
1527030 1906
1527040 1911
1527050 1911
1527060 1916
1527070 1920
1527080 1927
1527090 1927
1527100 1932
1527110 1937
1527120 1937
1527130 1941
1527140 1946
1527150 1946
1527160 1949
1527170 1953
1527180 1953
1527190 1955
1527200 1958
1527210 1958
1527220 1960
1527230 1960
1527240 1960
1527250 1960
1527260 1960
1527270 1958
1527280 1958
1527290 1955
1527300 1949
1527310 1949
1527320 1943
1527330 1936
1527340 1936
1527350 1929
1527360 1922
1527370 1922
1527380 1917
1527390 1912
1527400 1912
1527410 1910
1527420 1910
1527430 1910
1527440 1910
1527450 1909
1527460 1908
1527470 1908
1527480 1908
1527490 1909
1527500 1909
1527510 1910
1527520 1912
1527530 1912
1527540 1912
1527550 1912
1527560 1912
1527570 1913
1527580 1916
1527590 1916
1527600 1918
1527610 1920
1527620 1920
1527630 1922
1527640 1925
1527650 1929
1527660 1929
1527670 1933
1527680 1934
1527690 1934
1527700 1931
1527710 1925
1527720 1925
1527730 1922
1527740 1920
1527750 1920
1527760 1920
1527770 1920
1527780 1920
1527790 1921
1527800 1924
1527810 1924
1527820 1927
1527830 1930
1527840 1932
1527850 1932
1527860 1935
1527870 1939
1527880 1939
1527890 1943
1527900 1948
1527910 1948
1527920 1953
1527930 1958
1527940 1958
1527950 1962
1527960 1966
1527970 1966
1527980 1970
1527990 1974
1528000 1974
1528010 1978
1528020 1981
1528030 1984
1528040 1984
1528050 1988
1528060 1991
1528070 1991
1528080 1994
1528090 1996
1528100 1996
1528110 2000
1528120 2003
1528130 2003
1528140 2007
1528150 2010
1528160 2010
1528170 2013
1528180 2016
1528190 2016
1528200 2021
1528210 2025
1528220 2029
1528230 2029
1528240 2033
1528250 2039
1528260 2039
1528270 2047
1528280 2055
1528290 2055
1528300 2063
1528310 2070
1528320 2070
1528330 2071
1528340 2062
1528350 2062
1528360 2061
1528370 2061
1528380 2061
1528390 2057
1528400 2047
1528410 2043
1528420 2043
1528430 2043
1528440 2042
1528450 2042
1528460 2045
1528470 2047
1528480 2047
1528490 2049
1528500 2052
1528510 2052
1528520 2057
1528530 2061
1528540 2061
1528550 2061
1528560 2062
1528570 2062
1528580 2070
1528590 2082
1528600 2087
1528610 2087
1528620 2086
1528630 2088
1528640 2088
1528650 2090
1528660 2094
1528670 2094
1528680 2098
1528690 2101
1528700 2101
1528710 2103
1528720 2106
1528730 2106
1528740 2106
1528750 2106
1528760 2106
1528770 2104
1528780 2103
1528790 2096
1528800 2096
1528810 2089
1528820 2085
1528830 2085
1528840 2083
1528850 2081
1528860 2081
1528870 2078
1528880 2075
1528890 2075
1528900 2071
1528910 2069
1528920 2069
1528930 2067
1528940 2066
1528950 2066
1528960 2065
1528970 2063
1528980 2062
1528990 2062
1529000 2062
1529010 2062
1529020 2062
1529030 2061
1529040 2061
1529050 2061
1529060 2061
1529070 2061
1529080 2061
1529090 2061
1529100 2061
1529110 2061
1529120 2061
1529130 2062
1529140 2062
1529150 2063
1529160 2063
1529170 2064
1529180 2064
1529190 2065
1529200 2065
1529210 2065
1529220 2065
1529230 2064
1529240 2064
1529250 2064
1529260 2063
1529270 2063
1529280 2062
1529290 2060
1529300 2060
1529310 2059
1529320 2057
1529330 2057
1529340 2055
1529350 2053
1529360 2051
1529370 2051
1529380 2049
1529390 2047
1529400 2047
1529410 2045
1529420 2042
1529430 2042
1529440 2040
1529450 2037
1529460 2037
1529470 2035
1529480 2034
1529490 2034
1529500 2033
1529510 2031
1529520 2031
1529530 2030
1529540 2027
1529550 2024
1529560 2024
1529570 2021
1529580 2019
1529590 2019
1529600 2017
1529610 2015
1529620 2015
1529630 2013
1529640 2011
1529650 2011
1529660 2009
1529670 2006
1529680 2006
1529690 2003
1529700 2000
1529710 2000
1529720 1997
1529730 1994
1529740 1991
1529750 1991
1529760 1987
1529770 1984
1529780 1984
1529790 1980
1529800 1976
1529810 1976
1529820 1973
1529830 1967
1529840 1967
1529850 1962
1529860 1958
1529870 1958
1529880 1954
1529890 1951
1529900 1951
1529910 1947
1529920 1942
1529930 1937
1529940 1937
1529950 1931
1529960 1928
1529970 1928
1529980 1925
1529990 1920
1530000 1920
1530010 1917
1530020 1914
1530030 1914
1530040 1912
1530050 1909
1530060 1909
1530070 1905
1530080 1900
1530090 1900
1530100 1896
1530110 1891
1530120 1886
1530130 1886
1530140 1881
1530150 1876
1530160 1876
1530170 1871
1530180 1867
1530190 1867
1530200 1860
1530210 1854
1530220 1854
1530230 1849
1530240 1843
1530250 1843
1530260 1837
1530270 1831
1530280 1831
1530290 1826
1530300 1821
1530310 1813
1530320 1813
1530330 1805
1530340 1797
1530350 1797
1530360 1790
1530370 1786
1530380 1786
1530390 1781
1530400 1774
1530410 1774
1530420 1769
1530430 1766
1530440 1766
1530450 1759
1530460 1749
1530470 1749
1530480 1741
1530490 1734
1530500 1728
1530510 1728
1530520 1724
1530530 1720
1530540 1720
1530550 1714
1530560 1708
1530570 1708
1530580 1700
1530590 1692
1530600 1692
1530610 1684
1530620 1676
1530630 1676
1530640 1667
1530650 1659
1530660 1659
1530670 1653
1530680 1647
1530690 1641
1530700 1641
1530710 1636
1530720 1630
1530730 1630
1530740 1625
1530750 1620
1530760 1620
1530770 1616
1530780 1611
1530790 1611
1530800 1606
1530810 1602
1530820 1602
1530830 1598
1530840 1595
1530850 1595
1530860 1592
1530870 1589
1530880 1586
1530890 1586
1530900 1583
1530910 1578
1530920 1578
1530930 1573
1530940 1567
1530950 1567
1530960 1562
1530970 1557
1530980 1557
1530990 1554
1531000 1552
1531010 1552
1531020 1552
1531030 1558
1531040 1558
1531050 1565
1531060 1569
1531070 1574
1531080 1574
1531090 1579
1531100 1586
1531110 1586
1531120 1592
1531130 1597
1531140 1597
1531150 1601
1531160 1604
1531170 1604
1531180 1610
1531190 1618
1531200 1618
1531210 1625
1531220 1634
1531230 1634
1531240 1648
1531250 1667
1531260 1682
1531270 1682
1531280 1691
1531290 1700
1531300 1700
1531310 1710
1531320 1715
1531330 1715
1531340 1719
1531350 1724
1531360 1724
1531370 1727
1531380 1731
1531390 1731
1531400 1735
1531410 1737
1531420 1737
1531430 1740
1531440 1742
1531450 1746
1531460 1746
1531470 1750
1531480 1756
1531490 1756
1531500 1761
1531510 1766
1531520 1766
1531530 1771
1531540 1776
1531550 1776
1531560 1781
1531570 1786
1531580 1786
1531590 1792
1531600 1796
1531610 1796
1531620 1796
1531630 1793
1531640 1789
1531650 1789
1531660 1784
1531670 1782
1531680 1782
1531690 1782
1531700 1784
1531710 1784
1531720 1787
1531730 1789
1531740 1789
1531750 1792
1531760 1794
1531770 1794
1531780 1796
1531790 1797
1531800 1797
1531810 1797
1531820 1797
1531830 1797
1531840 1797
1531850 1799
1531860 1802
1531870 1802
1531880 1804
1531890 1805
1531900 1805
1531910 1806
1531920 1807
1531930 1807
1531940 1808
1531950 1808
1531960 1808
1531970 1807
1531980 1807
1531990 1807
1532000 1805
1532010 1803
1532020 1800
1532030 1800
1532040 1797
1532050 1793
1532060 1793
1532070 1788
1532080 1787
1532090 1787
1532100 1787
1532110 1790
1532120 1790
1532130 1792
1532140 1794
1532150 1794
1532160 1796
1532170 1800
1532180 1800
1532190 1804
1532200 1807
1532210 1810
1532220 1810
1532230 1813
1532240 1814
1532250 1814
1532260 1816
1532270 1816
1532280 1816
1532290 1817
1532300 1817
1532310 1817
1532320 1815
1532330 1814
1532340 1814
1532350 1811
1532360 1809
1532370 1809
1532380 1806
1532390 1804
1532400 1802
1532410 1803
1532420 1801
1532430 1798
1532440 1798
1532450 1794
1532460 1790
1532470 1790
1532480 1788
1532490 1786
1532500 1786
1532510 1781
1532520 1776
1532530 1776
1532540 1771
1532550 1764
1532560 1764
1532570 1757
1532580 1751
1532590 1748
1532600 1748
1532610 1746
1532620 1742
1532630 1742
1532640 1737
1532650 1731
1532660 1731
1532670 1726
1532680 1721
1532690 1721
1532700 1716
1532710 1713
1532720 1713
1532730 1711
1532740 1709
1532750 1709
1532760 1704
1532770 1698
1532780 1691
1532790 1691
1532800 1687
1532810 1682
1532820 1682
1532830 1677
1532840 1674
1532850 1674
1532860 1668
1532870 1661
1532880 1661
1532890 1655
1532900 1640
1532910 1640
1532920 1632
1532930 1625
1532940 1625
1532950 1618
1532960 1611
1532970 1604
1532980 1604
1532990 1596
1533000 1589
1533010 1589
1533020 1584
1533030 1581
1533040 1581
1533050 1580
1533060 1578
1533070 1578
1533080 1575
1533090 1572
1533100 1572
1533110 1570
1533120 1568
1533130 1568
1533140 1568
1533150 1567
1533160 1566
1533170 1566
1533180 1567
1533190 1567
1533200 1567
1533210 1569
1533220 1571
1533230 1571
1533240 1575
1533250 1577
1533260 1577
1533270 1580
1533280 1582
1533290 1582
1533300 1585
1533310 1588
1533320 1588
1533330 1589
1533340 1592
1533350 1597
1533360 1597
1533370 1603
1533380 1608
1533390 1608
1533400 1611
1533410 1614
1533420 1614
1533430 1617
1533440 1621
1533450 1621
1533460 1624
1533470 1627
1533480 1627
1533490 1629
1533500 1633
1533510 1633
1533520 1637
1533530 1642
1533540 1647
1533550 1647
1533560 1652
1533570 1657
1533580 1657
1533590 1663
1533600 1668
1533610 1668
1533620 1674
1533630 1680
1533640 1680
1533650 1686
1533660 1693
1533670 1693
1533680 1699
1533690 1706
1533700 1706
1533710 1712
1533720 1719
1533730 1726
1533740 1726
1533750 1732
1533760 1739
1533770 1739
1533780 1745
1533790 1753
1533800 1753
1533810 1763
1533820 1769
1533830 1769
1533840 1773
1533850 1775
1533860 1775
1533870 1779
1533880 1782
1533890 1782
1533900 1786
1533910 1789
1533920 1792
1533930 1792
1533940 1795
1533950 1796
1533960 1796
1533970 1799
1533980 1801
1533990 1801
1534000 1804
1534010 1807
1534020 1807
1534030 1811
1534040 1814
1534050 1814
1534060 1816
1534070 1819
1534080 1819
1534090 1825
1534100 1831
1534110 1837
1534120 1837
1534130 1842
1534140 1846
1534150 1846
1534160 1849
1534170 1852
1534180 1852
1534190 1855
1534200 1858
1534210 1858
1534220 1860
1534230 1862
1534240 1862
1534250 1865
1534260 1867
1534270 1867
1534280 1869
1534290 1870
1534300 1871
1534310 1871
1534320 1873
1534330 1875
1534340 1875
1534350 1878
1534360 1880
1534370 1880
1534380 1882
1534390 1885
1534400 1885
1534410 1889
1534420 1893
1534430 1893
1534440 1896
1534450 1899
1534460 1899
1534470 1903
1534480 1907
1534490 1910
1534500 1910
1534510 1913
1534520 1916
1534530 1916
1534540 1920
1534550 1925
1534560 1925
1534570 1930
1534580 1935
1534590 1935
1534600 1939
1534610 1945
1534620 1945
1534630 1950
1534640 1956
1534650 1956
1534660 1960
1534670 1964
1534680 1968
1534690 1968
1534700 1972
1534710 1975
1534720 1975
1534730 1977
1534740 1977
1534750 1977
1534760 1978
1534770 1978
1534780 1978
1534790 1978
1534800 1977
1534810 1977
1534820 1975
1534830 1973
1534840 1973
1534850 1972
1534860 1972
1534870 1974
1534880 1974
1534890 1977
1534900 1980
1534910 1980
1534920 1984
1534930 1988
1534940 1988
1534950 1991
1534960 1994
1534970 1994
1534980 2002
1534990 2005
1535000 2005
1535010 2008
1535020 2010
1535030 2010
1535040 2011
1535050 2012
1535060 2013
1535070 2013
1535080 2016
1535090 2019
1535100 2019
1535110 2023
1535120 2029
1535130 2029
1535140 2035
1535150 2041
1535160 2041
1535170 2047
1535180 2051
1535190 2051
1535200 2056
1535210 2060
1535220 2060
1535230 2066
1535240 2072
1535250 2079
1535260 2079
1535270 2086
1535280 2094
1535290 2094
1535300 2101
1535310 2107
1535320 2107
1535330 2113
1535340 2119
1535350 2119
1535360 2124
1535370 2129
1535380 2129
1535390 2133
1535400 2137
1535410 2137
1535420 2141
1535430 2145
1535440 2149
1535450 2149
1535460 2153
1535470 2156
1535480 2156
1535490 2160
1535500 2164
1535510 2164
1535520 2167
1535530 2171
1535540 2171
1535550 2175
1535560 2179
1535570 2179
1535580 2183
1535590 2186
1535600 2186
1535610 2189
1535620 2191
1535630 2193
1535640 2193
1535650 2194
1535660 2189
1535670 2189
1535680 2182
1535690 2173
1535700 2173
1535710 2165
1535720 2158
1535730 2158
1535740 2152
1535750 2145
1535760 2145
1535770 2137
1535780 2132
1535790 2132
1535800 2128
1535810 2125
1535820 2121
1535830 2121
1535840 2113
1535850 2105
1535860 2105
1535870 2099
1535880 2094
1535890 2094
1535900 2090
1535910 2086
1535920 2086
1535930 2081
1535940 2075
1535950 2075
1535960 2069
1535970 2063
1535980 2063
1535990 2056
1536000 2048
1536010 2042
1536020 2042
1536030 2035
1536040 2028
1536050 2028
1536060 2023
1536070 2017
1536080 2017
1536090 2012
1536100 2007
1536110 2007
1536120 2002
1536130 1997
1536140 1997
1536150 1992
1536160 1988
1536170 1988
1536180 1983
1536190 1978
1536200 1974
1536210 1974
1536220 1970
1536230 1966
1536240 1966
1536250 1963
1536260 1960
1536270 1960
1536280 1957
1536290 1955
1536300 1955
1536310 1951
1536320 1949
1536330 1949
1536340 1947
1536350 1943
1536360 1943
1536370 1940
1536380 1937
1536390 1932
1536400 1932
1536410 1925
1536420 1918
1536430 1918
1536440 1911
1536450 1906
1536460 1906
1536470 1903
1536480 1899
1536490 1899
1536500 1894
1536510 1892
1536520 1892
1536530 1890
1536540 1887
1536550 1887
1536560 1883
1536570 1881
1536580 1880
1536590 1880
1536600 1879
1536610 1879
1536620 1879
1536630 1877
1536640 1876
1536650 1876
1536660 1875
1536670 1874
1536680 1874
1536690 1873
1536700 1872
1536710 1872
1536720 1870
1536730 1868
1536740 1868
1536750 1864
1536760 1861
1536770 1853
1536780 1853
1536790 1848
1536800 1845
1536810 1845
1536820 1844
1536830 1844
1536840 1844
1536850 1843
1536860 1844
1536870 1844
1536880 1845
1536890 1846
1536900 1846
1536910 1848
1536920 1848
1536930 1848
1536940 1846
1536950 1843
1536960 1840
1536970 1840
1536980 1837
1536990 1836
1537000 1836
1537010 1837
1537020 1835
1537030 1835
1537040 1829
1537050 1823
1537060 1823
1537070 1816
1537080 1811
1537090 1811
1537100 1806
1537110 1801
1537120 1801
1537130 1797
1537140 1792
1537150 1787
1537160 1787
1537170 1783
1537180 1779
1537190 1779
1537200 1776
1537210 1772
1537220 1772
1537230 1768
1537240 1765
1537250 1765
1537260 1763
1537270 1760
1537280 1760
1537290 1758
1537300 1755
1537310 1755
1537320 1751
1537330 1747
1537340 1745
1537350 1745
1537360 1741
1537370 1737
1537380 1737
1537390 1733
1537400 1729
1537410 1729
1537420 1726
1537430 1726
1537440 1726
1537450 1723
1537460 1721
1537470 1721
1537480 1720
1537490 1719
1537500 1719
1537510 1719
1537520 1719
1537530 1719
1537540 1719
1537550 1719
1537560 1716
1537570 1716
1537580 1711
1537590 1702
1537600 1702
1537610 1695
1537620 1693
1537630 1693
1537640 1689
1537650 1682
1537660 1682
1537670 1677
1537680 1674
1537690 1674
1537700 1671
1537710 1667
1537720 1668
1537730 1668
1537740 1672
1537750 1672
1537760 1672
1537770 1669
1537780 1667
1537790 1667
1537800 1665
1537810 1664
1537820 1664
1537830 1664
1537840 1664
1537850 1664
1537860 1665
1537870 1665
1537880 1665
1537890 1665
1537900 1665
1537910 1665
1537920 1665
1537930 1666
1537940 1668
1537950 1668
1537960 1673
1537970 1679
1537980 1679
1537990 1682
1538000 1683
1538010 1683
1538020 1687
1538030 1691
1538040 1691
1538050 1698
1538060 1703
1538070 1703
1538080 1709
1538090 1717
1538100 1729
1538110 1729
1538120 1735
1538130 1736
1538140 1736
1538150 1734
1538160 1728
1538170 1728
1538180 1723
1538190 1719
1538200 1719
1538210 1714
1538220 1710
1538230 1710
1538240 1706
1538250 1702
1538260 1702
1538270 1700
1538280 1699
1538290 1698
1538300 1698
1538310 1697
1538320 1696
1538330 1696
1538340 1695
1538350 1698
1538360 1698
1538370 1704
1538380 1709
1538390 1709
1538400 1714
1538410 1719
1538420 1719
1538430 1727
1538440 1733
1538450 1733
1538460 1739
1538470 1745
1538480 1748
1538490 1748
1538500 1749
1538510 1750
1538520 1750
1538530 1755
1538540 1761
1538550 1761
1538560 1769
1538570 1777
1538580 1777
1538590 1784
1538600 1792
1538610 1792
1538620 1800
1538630 1807
1538640 1807
1538650 1814
1538660 1822
1538670 1823
1538680 1823
1538690 1823
1538700 1825
1538710 1825
1538720 1829
1538730 1834
1538740 1834
1538750 1840
1538760 1847
1538770 1847
1538780 1854
1538790 1862
1538800 1862
1538810 1870
1538820 1877
1538830 1877
1538840 1883
1538850 1890
1538860 1896
1538870 1896
1538880 1904
1538890 1910
1538900 1910
1538910 1917
1538920 1924
1538930 1924
1538940 1931
1538950 1939
1538960 1939
1538970 1948
1538980 1957
1538990 1957
1539000 1965
1539010 1973
1539020 1973
1539030 1980
1539040 1987
1539050 1996
1539060 1996
1539070 2003
1539080 2009
1539090 2009
1539100 2014
1539110 2015
1539120 2015
1539130 2009
1539140 2001
1539150 2001
1539160 1994
1539170 1988
1539180 1988
1539190 1984
1539200 1980
1539210 1980
1539220 1976
1539230 1972
1539240 1967
1539250 1967
1539260 1962
1539270 1956
1539280 1956
1539290 1950
1539300 1945
1539310 1945
1539320 1939
1539330 1934
1539340 1934
1539350 1928
1539360 1921
1539370 1921
1539380 1916
1539390 1910
1539400 1910
1539410 1905
1539420 1899
1539430 1894
1539440 1894
1539450 1889
1539460 1886
1539470 1886
1539480 1884
1539490 1882
1539500 1882
1539510 1882
1539520 1880
1539530 1880
1539540 1878
1539550 1875
1539560 1875
1539570 1874
1539580 1873
1539590 1873
1539600 1872
1539610 1871
1539620 1872
1539630 1872
1539640 1873
1539650 1874
1539660 1874
1539670 1874
1539680 1872
1539690 1872
1539700 1868
1539710 1863
1539720 1863
1539730 1859
1539740 1857
1539750 1857
1539760 1857
1539770 1856
1539780 1857
1539790 1856
1539800 1854
1539810 1850
1539820 1850
1539830 1844
1539840 1839
1539850 1839
1539860 1836
1539870 1838
1539880 1838
1539890 1839
1539900 1840
1539910 1840
1539920 1841
1539930 1843
1539940 1843
1539950 1846
1539960 1849
1539970 1849
1539980 1852
1539990 1855
