1520000 1271
1520010 1277
1520020 1277
1520030 1281
1520040 1287
1520050 1287
1520060 1293
1520070 1298
1520080 1298
1520090 1301
1520100 1302
1520110 1302
1520120 1302
1520130 1301
1520140 1301
1520150 1302
1520160 1304
1520170 1304
1520180 1309
1520190 1311
1520200 1311
1520210 1311
1520220 1310
1520230 1309
1520240 1309
1520250 1308
1520260 1307
1520270 1307
1520280 1306
1520290 1305
1520300 1305
1520310 1304
1520320 1303
1520330 1303
1520340 1302
1520350 1301
1520360 1301
1520370 1300
1520380 1299
1520390 1297
1520400 1297
1520410 1295
1520420 1294
1520430 1294
1520440 1292
1520450 1290
1520460 1290
1520470 1287
1520480 1284
1520490 1284
1520500 1282
1520510 1280
1520520 1280
1520530 1277
1520540 1275
1520550 1275
1520560 1274
1520570 1273
1520580 1271
1520590 1271
1520600 1266
1520610 1261
1520620 1261
1520630 1257
1520640 1251
1520650 1251
1520660 1246
1520670 1242
1520680 1242
1520690 1243
1520700 1243
1520710 1243
1520720 1241
1520730 1238
1520740 1238
1520750 1238
1520760 1237
1520770 1238
1520780 1238
1520790 1239
1520800 1240
1520810 1240
1520820 1242
1520830 1244
1520840 1244
1520850 1245
1520860 1243
1520870 1243
1520880 1240
1520890 1237
1520900 1237
1520910 1236
1520920 1236
1520930 1236
1520940 1238
1520950 1237
1520960 1235
1520970 1235
1520980 1235
1520990 1233
1521000 1233
1521010 1232
1521020 1228
1521030 1228
1521040 1228
1521050 1228
1521060 1228
1521070 1228
1521080 1226
1521090 1226
1521100 1223
1521110 1226
1521120 1226
1521130 1226
1521140 1224
1521150 1221
1521160 1221
1521170 1219
1521180 1219
1521190 1219
1521200 1217
1521210 1214
1521220 1214
1521230 1212
1521240 1211
1521250 1211
1521260 1208
1521270 1206
1521280 1206
1521290 1204
1521300 1203
1521310 1203
1521320 1201
1521330 1200
1521340 1198
1521350 1198
1521360 1197
1521370 1196
1521380 1196
1521390 1194
1521400 1190
1521410 1190
1521420 1188
1521430 1186
1521440 1186
1521450 1184
1521460 1183
1521470 1183
1521480 1184
1521490 1184
1521500 1184
1521510 1181
1521520 1179
1521530 1175
1521540 1175
1521550 1170
1521560 1168
1521570 1168
1521580 1165
1521590 1165
1521600 1165
1521610 1166
1521620 1167
1521630 1167
1521640 1168
1521650 1169
1521660 1169
1521670 1170
1521680 1170
1521690 1170
1521700 1171
1521710 1172
1521720 1173
1521730 1173
1521740 1173
1521750 1172
1521760 1172
1521770 1170
1521780 1169
1521790 1169
1521800 1171
1521810 1172
1521820 1172
1521830 1173
1521840 1174
1521850 1174
1521860 1175
1521870 1175
1521880 1175
1521890 1175
1521900 1176
1521910 1176
1521920 1176
1521930 1177
1521940 1178
1521950 1178
1521960 1179
1521970 1183
1521980 1183
1521990 1188
1522000 1194
1522010 1194
1522020 1195
1522030 1192
1522040 1192
1522050 1196
1522060 1203
1522070 1203
1522080 1206
1522090 1211
1522100 1214
1522110 1214
1522120 1216
1522130 1216
1522140 1216
1522150 1216
1522160 1215
1522170 1215
1522180 1212
1522190 1211
1522200 1211
1522210 1210
1522220 1207
1522230 1207
1522240 1203
1522250 1201
1522260 1201
1522270 1200
1522280 1200
1522290 1198
1522300 1198
1522310 1198
1522320 1198
1522330 1198
1522340 1198
1522350 1197
1522360 1197
1522370 1197
1522380 1196
1522390 1196
1522400 1196
1522410 1197
1522420 1197
1522430 1198
1522440 1198
1522450 1198
1522460 1199
1522470 1200
1522480 1204
1522490 1204
1522500 1212
1522510 1215
1522520 1215
1522530 1219
1522540 1218
1522550 1218
1522560 1222
1522570 1231
1522580 1231
1522590 1240
1522600 1247
1522610 1247
1522620 1253
1522630 1257
1522640 1257
1522650 1261
1522660 1264
1522670 1267
1522680 1267
1522690 1268
1522700 1268
1522710 1268
1522720 1269
1522730 1272
1522740 1272
1522750 1272
1522760 1269
1522770 1269
1522780 1264
1522790 1258
1522800 1258
1522810 1251
1522820 1245
1522830 1245
1522840 1245
1522850 1249
1522860 1247
1522870 1247
1522880 1246
1522890 1246
1522900 1246
1522910 1247
1522920 1247
1522930 1247
1522940 1247
1522950 1249
1522960 1249
1522970 1251
1522980 1251
1522990 1251
1523000 1250
1523010 1253
1523020 1253
1523030 1257
1523040 1262
1523050 1265
1523060 1265
1523070 1269
1523080 1273
1523090 1273
1523100 1276
1523110 1280
1523120 1280
1523130 1283
1523140 1286
1523150 1286
1523160 1288
1523170 1289
1523180 1289
1523190 1295
1523200 1300
1523210 1300
1523220 1303
1523230 1305
1523240 1307
1523250 1307
1523260 1308
1523270 1309
1523280 1309
1523290 1309
1523300 1309
1523310 1309
1523320 1308
1523330 1308
1523340 1308
1523350 1309
1523360 1311
1523370 1311
1523380 1313
1523390 1312
1523400 1312
1523410 1307
1523420 1301
1523430 1295
1523440 1295
1523450 1288
1523460 1283
1523470 1283
1523480 1280
1523490 1281
1523500 1281
1523510 1280
1523520 1283
1523530 1283
1523540 1288
1523550 1297
1523560 1297
1523570 1310
1523580 1316
1523590 1316
1523600 1319
1523610 1323
1523620 1323
1523630 1326
1523640 1327
1523650 1328
1523660 1328
1523670 1329
1523680 1330
1523690 1330
1523700 1331
1523710 1330
1523720 1330
1523730 1330
1523740 1330
1523750 1330
1523760 1332
1523770 1333
1523780 1333
1523790 1334
1523800 1335
1523810 1335
1523820 1336
1523830 1337
1523840 1338
1523850 1338
1523860 1338
1523870 1338
1523880 1338
1523890 1337
1523900 1336
1523910 1336
1523920 1334
1523930 1333
1523940 1333
1523950 1331
1523960 1329
1523970 1329
1523980 1326
1523990 1323
1524000 1323
1524010 1319
1524020 1315
1524030 1315
1524040 1315
1524050 1314
1524060 1313
1524070 1313
1524080 1313
1524090 1313
1524100 1313
1524110 1311
1524120 1310
1524130 1310
1524140 1309
1524150 1306
1524160 1306
1524170 1305
1524180 1305
1524190 1305
1524200 1304
1524210 1303
1524220 1301
1524230 1301
1524240 1299
1524250 1297
1524260 1297
1524270 1296
1524280 1294
1524290 1294
1524300 1292
1524310 1293
1524320 1293
1524330 1296
1524340 1306
1524350 1306
1524360 1306
1524370 1306
1524380 1306
1524390 1304
1524400 1302
1524410 1301
1524420 1301
1524430 1300
1524440 1298
1524450 1298
1524460 1296
1524470 1293
1524480 1293
1524490 1290
1524500 1288
1524510 1288
1524520 1288
1524530 1289
1524540 1289
1524550 1289
1524560 1287
1524570 1287
1524580 1288
1524590 1289
1524600 1290
1524610 1290
1524620 1291
1524630 1292
1524640 1292
1524650 1293
1524660 1294
1524670 1294
1524680 1298
1524690 1302
1524700 1302
1524710 1306
1524720 1310
1524730 1310
1524740 1313
1524750 1312
1524760 1312
1524770 1310
1524780 1310
1524790 1311
1524800 1311
1524810 1315
1524820 1319
1524830 1319
1524840 1324
1524850 1329
1524860 1329
1524870 1331
1524880 1331
1524890 1331
1524900 1331
1524910 1332
1524920 1332
1524930 1332
1524940 1331
1524950 1331
1524960 1329
1524970 1330
1524980 1333
1524990 1333
1525000 1334
1525010 1335
1525020 1335
1525030 1336
1525040 1336
1525050 1336
1525060 1339
1525070 1341
1525080 1341
1525090 1342
1525100 1343
1525110 1343
1525120 1344
1525130 1347
1525140 1347
1525150 1351
1525160 1355
1525170 1357
1525180 1357
1525190 1362
1525200 1362
1525210 1362
1525220 1363
1525230 1365
1525240 1365
1525250 1367
1525260 1369
1525270 1369
1525280 1371
1525290 1373
1525300 1373
1525310 1375
1525320 1378
1525330 1378
1525340 1380
1525350 1381
1525360 1383
1525370 1383
1525380 1385
1525390 1386
1525400 1386
1525410 1387
1525420 1389
1525430 1389
1525440 1391
1525450 1392
1525460 1392
1525470 1393
1525480 1395
1525490 1395
1525500 1396
1525510 1397
1525520 1397
1525530 1398
1525540 1398
1525550 1398
1525560 1398
1525570 1396
1525580 1395
1525590 1395
1525600 1394
1525610 1395
1525620 1395
1525630 1394
1525640 1394
1525650 1394
1525660 1393
1525670 1394
1525680 1394
1525690 1395
1525700 1399
1525710 1399
1525720 1406
1525730 1412
1525740 1417
1525750 1417
1525760 1423
1525770 1427
1525780 1427
1525790 1429
1525800 1431
1525810 1431
1525820 1432
1525830 1434
1525840 1434
1525850 1437
1525860 1442
1525870 1442
1525880 1447
1525890 1450
1525900 1450
1525910 1452
1525920 1455
1525930 1457
1525940 1457
1525950 1460
1525960 1463
1525970 1463
1525980 1467
1525990 1471
1526000 1471
1526010 1475
1526020 1479
1526030 1479
1526040 1483
1526050 1488
1526060 1488
1526070 1494
1526080 1500
1526090 1500
1526100 1506
1526110 1512
1526120 1519
1526130 1519
1526140 1525
1526150 1532
1526160 1532
1526170 1538
1526180 1544
1526190 1544
1526200 1550
1526210 1555
1526220 1555
1526230 1560
1526240 1564
1526250 1564
1526260 1568
1526270 1574
1526280 1574
1526290 1579
1526300 1584
1526310 1589
1526320 1589
1526330 1593
1526340 1598
1526350 1598
1526360 1603
1526370 1608
1526380 1608
1526390 1612
1526400 1617
1526410 1617
1526420 1621
1526430 1626
1526440 1626
1526450 1630
1526460 1633
1526470 1633
1526480 1638
1526490 1643
1526500 1647
1526510 1647
1526520 1651
1526530 1655
1526540 1655
1526550 1660
1526560 1665
1526570 1665
1526580 1668
1526590 1671
1526600 1671
1526610 1674
1526620 1677
1526630 1677
1526640 1680
1526650 1685
1526660 1685
1526670 1688
1526680 1692
1526690 1696
1526700 1696
1526710 1700
1526720 1704
1526730 1704
1526740 1708
1526750 1713
1526760 1713
1526770 1720
1526780 1724
1526790 1724
1526800 1728
1526810 1731
1526820 1731
1526830 1734
1526840 1738
1526850 1738
1526860 1743
1526870 1747
1526880 1752
1526890 1752
1526900 1756
1526910 1758
1526920 1758
1526930 1761
1526940 1765
1526950 1765
1526960 1769
1526970 1775
1526980 1775
1526990 1781
1527000 1789
1527010 1789
1527020 1792
1527030 1794
1527040 1794
1527050 1796
1527060 1798
1527070 1800
1527080 1800
1527090 1801
1527100 1801
1527110 1801
1527120 1801
1527130 1801
1527140 1801
1527150 1800
1527160 1798
1527170 1798
1527180 1794
1527190 1790
1527200 1790
1527210 1786
1527220 1781
1527230 1781
1527240 1775
1527250 1768
1527260 1758
1527270 1758
1527280 1750
1527290 1742
1527300 1742
1527310 1735
1527320 1730
1527330 1730
1527340 1729
1527350 1732
1527360 1732
1527370 1734
1527380 1737
1527390 1737
1527400 1740
1527410 1743
1527420 1743
1527430 1747
1527440 1751
1527450 1756
1527460 1756
1527470 1760
1527480 1764
1527490 1764
1527500 1770
1527510 1777
1527520 1777
1527530 1787
1527540 1795
1527550 1795
1527560 1806
1527570 1816
1527580 1816
1527590 1826
1527600 1835
1527610 1835
1527620 1843
1527630 1850
1527640 1858
1527650 1858
1527660 1866
1527670 1875
1527680 1875
1527690 1882
1527700 1889
1527710 1889
1527720 1898
1527730 1908
1527740 1908
1527750 1918
1527760 1927
1527770 1927
1527780 1935
1527790 1944
1527800 1944
1527810 1953
1527820 1959
1527830 1963
1527840 1963
1527850 1965
1527860 1966
1527870 1966
1527880 1966
1527890 1966
1527900 1966
1527910 1963
1527920 1960
1527930 1960
1527940 1957
1527950 1953
1527960 1953
1527970 1948
1527980 1942
1527990 1942
1528000 1936
1528010 1932
1528020 1928
1528030 1928
1528040 1924
1528050 1921
1528060 1921
1528070 1918
1528080 1915
1528090 1915
1528100 1912
1528110 1909
1528120 1909
1528130 1906
1528140 1902
1528150 1902
1528160 1898
1528170 1893
1528180 1893
1528190 1888
1528200 1883
1528210 1876
1528220 1876
1528230 1870
1528240 1865
1528250 1865
1528260 1859
1528270 1853
1528280 1853
1528290 1847
1528300 1842
1528310 1842
1528320 1837
1528330 1832
1528340 1832
1528350 1829
1528360 1827
1528370 1827
1528380 1824
1528390 1821
1528400 1820
1528410 1820
1528420 1819
1528430 1819
1528440 1819
1528450 1818
1528460 1817
1528470 1817
1528480 1818
1528490 1819
1528500 1819
1528510 1820
1528520 1819
1528530 1819
1528540 1819
1528550 1820
1528560 1820
1528570 1821
1528580 1822
1528590 1823
1528600 1823
1528610 1826
1528620 1831
1528630 1831
1528640 1835
1528650 1836
1528660 1836
1528670 1836
1528680 1836
1528690 1836
1528700 1837
1528710 1836
1528720 1836
1528730 1837
1528740 1838
1528750 1838
1528760 1838
1528770 1840
1528780 1843
1528790 1843
1528800 1845
1528810 1848
1528820 1848
1528830 1851
1528840 1855
1528850 1855
1528860 1861
1528870 1867
1528880 1867
1528890 1874
1528900 1878
1528910 1878
1528920 1883
1528930 1891
1528940 1891
1528950 1900
1528960 1908
1528970 1916
1528980 1916
1528990 1921
1529000 1927
1529010 1927
1529020 1932
1529030 1936
1529040 1936
1529050 1940
1529060 1945
1529070 1945
1529080 1949
1529090 1953
1529100 1953
1529110 1958
1529120 1963
1529130 1963
1529140 1968
1529150 1974
1529160 1979
1529170 1979
1529180 1984
1529190 1988
1529200 1988
1529210 1991
1529220 1993
1529230 1993
1529240 1995
1529250 1998
1529260 1998
1529270 2000
1529280 2000
1529290 2000
1529300 2000
1529310 2000
1529320 2000
1529330 1998
1529340 1996
1529350 1994
1529360 1994
1529370 1992
1529380 1991
1529390 1991
1529400 1989
1529410 1987
1529420 1987
1529430 1984
1529440 1981
1529450 1981
1529460 1978
1529470 1975
1529480 1975
1529490 1971
1529500 1967
1529510 1967
1529520 1963
1529530 1959
1529540 1955
1529550 1955
1529560 1952
1529570 1948
1529580 1948
1529590 1945
1529600 1942
1529610 1942
1529620 1940
1529630 1938
1529640 1938
1529650 1936
1529660 1933
1529670 1933
1529680 1931
1529690 1929
1529700 1929
1529710 1927
1529720 1925
1529730 1924
1529740 1924
1529750 1923
1529760 1920
1529770 1920
1529780 1918
1529790 1916
1529800 1916
1529810 1915
1529820 1914
1529830 1914
1529840 1912
1529850 1910
1529860 1910
1529870 1908
1529880 1906
1529890 1906
1529900 1906
1529910 1907
1529920 1908
1529930 1908
1529940 1909
1529950 1910
1529960 1910
1529970 1910
1529980 1910
1529990 1910
1530000 1908
1530010 1905
1530020 1905
1530030 1902
1530040 1898
1530050 1898
1530060 1894
1530070 1889
1530080 1889
1530090 1884
1530100 1879
1530110 1875
1530120 1875
1530130 1870
1530140 1865
1530150 1865
1530160 1861
1530170 1856
1530180 1856
1530190 1852
1530200 1847
1530210 1847
1530220 1842
1530230 1837
1530240 1837
1530250 1832
1530260 1826
1530270 1826
1530280 1821
1530290 1816
1530300 1811
1530310 1811
1530320 1806
1530330 1801
1530340 1801
1530350 1796
1530360 1791
1530370 1791
1530380 1786
1530390 1780
1530400 1780
1530410 1776
1530420 1771
1530430 1771
1530440 1766
1530450 1760
1530460 1760
1530470 1757
1530480 1754
1530490 1751
1530500 1751
1530510 1748
1530520 1745
1530530 1745
1530540 1741
1530550 1737
1530560 1737
1530570 1733
1530580 1728
1530590 1728
1530600 1724
1530610 1720
1530620 1720
1530630 1716
1530640 1710
1530650 1710
1530660 1704
1530670 1698
1530680 1692
1530690 1692
1530700 1686
1530710 1680
1530720 1680
1530730 1674
1530740 1666
1530750 1666
1530760 1659
1530770 1651
1530780 1651
1530790 1643
1530800 1636
1530810 1636
1530820 1630
1530830 1625
1530840 1625
1530850 1618
1530860 1609
1530870 1599
1530880 1599
1530890 1591
1530900 1585
1530910 1585
1530920 1579
1530930 1574
1530940 1574
1530950 1569
1530960 1565
1530970 1565
1530980 1560
1530990 1556
1531000 1556
1531010 1551
1531020 1547
1531030 1547
1531040 1545
1531050 1543
1531060 1543
1531070 1541
1531080 1538
1531090 1535
1531100 1535
1531110 1531
1531120 1525
1531130 1525
1531140 1519
1531150 1515
1531160 1515
1531170 1515
1531180 1518
1531190 1518
1531200 1524
1531210 1530
1531220 1530
1531230 1535
1531240 1540
1531250 1540
1531260 1541
1531270 1543
1531280 1544
1531290 1544
1531300 1545
1531310 1546
1531320 1546
1531330 1548
1531340 1552
1531350 1552
1531360 1556
1531370 1561
1531380 1561
1531390 1565
1531400 1569
1531410 1569
1531420 1574
1531430 1578
1531440 1578
1531450 1582
1531460 1585
1531470 1587
1531480 1587
1531490 1588
1531500 1590
1531510 1590
1531520 1593
1531530 1595
1531540 1595
1531550 1596
1531560 1597
1531570 1597
1531580 1598
1531590 1600
1531600 1600
1531610 1602
1531620 1604
1531630 1604
1531640 1606
1531650 1608
1531660 1609
1531670 1609
1531680 1609
1531690 1611
1531700 1611
1531710 1611
1531720 1611
1531730 1611
1531740 1609
1531750 1607
1531760 1607
1531770 1604
1531780 1601
1531790 1601
1531800 1600
1531810 1597
1531820 1597
1531830 1592
1531840 1588
1531850 1583
1531860 1583
1531870 1578
1531880 1573
1531890 1573
1531900 1569
1531910 1564
1531920 1564
1531930 1560
1531940 1555
1531950 1555
1531960 1553
1531970 1551
1531980 1551
1531990 1548
1532000 1546
1532010 1546
1532020 1543
1532030 1540
1532040 1538
1532050 1538
1532060 1536
1532070 1533
1532080 1533
1532090 1531
1532100 1530
1532110 1530
1532120 1528
1532130 1526
1532140 1526
1532150 1526
1532160 1526
1532170 1526
1532180 1526
1532190 1527
1532200 1527
1532210 1525
1532220 1523
1532230 1522
1532240 1522
1532250 1522
1532260 1522
1532270 1522
1532280 1523
1532290 1523
1532300 1523
1532310 1523
1532320 1523
1532330 1523
1532340 1522
1532350 1523
1532360 1523
1532370 1525
1532380 1525
1532390 1525
1532400 1526
1532410 1528
1532420 1529
1532430 1529
1532440 1532
1532450 1535
1532460 1535
1532470 1538
1532480 1541
1532490 1541
1532500 1543
1532510 1545
1532520 1545
1532530 1547
1532540 1550
1532550 1550
1532560 1552
1532570 1554
1532580 1554
1532590 1556
1532600 1559
1532610 1562
1532620 1562
1532630 1563
1532640 1565
1532650 1565
1532660 1567
1532670 1570
1532680 1570
1532690 1574
1532700 1576
1532710 1576
1532720 1579
1532730 1583
1532740 1583
1532750 1587
1532760 1591
1532770 1591
1532780 1595
1532790 1598
1532800 1603
1532810 1603
1532820 1607
1532830 1611
1532840 1611
1532850 1615
1532860 1619
1532870 1619
1532880 1624
1532890 1628
1532900 1628
1532910 1633
1532920 1638
1532930 1638
1532940 1642
1532950 1649
1532960 1649
1532970 1652
1532980 1656
1532990 1658
1533000 1658
1533010 1661
1533020 1664
1533030 1664
1533040 1667
1533050 1670
1533060 1670
1533070 1672
1533080 1675
1533090 1675
1533100 1677
1533110 1679
1533120 1679
1533130 1682
1533140 1685
1533150 1685
1533160 1688
1533170 1691
1533180 1694
1533190 1694
1533200 1697
1533210 1702
1533220 1702
1533230 1708
1533240 1713
1533250 1713
1533260 1716
1533270 1719
1533280 1719
1533290 1724
1533300 1728
1533310 1728
1533320 1732
1533330 1736
1533340 1736
1533350 1740
1533360 1745
1533370 1750
1533380 1750
1533390 1755
1533400 1759
1533410 1759
1533420 1762
1533430 1765
1533440 1765
1533450 1768
1533460 1773
1533470 1773
1533480 1778
1533490 1783
1533500 1783
1533510 1786
1533520 1791
1533530 1791
1533540 1794
1533550 1797
1533560 1801
1533570 1801
1533580 1806
1533590 1809
1533600 1809
1533610 1813
1533620 1816
1533630 1816
1533640 1820
1533650 1823
1533660 1823
1533670 1826
1533680 1829
1533690 1829
1533700 1832
1533710 1835
1533720 1835
1533730 1837
1533740 1838
1533750 1839
1533760 1839
1533770 1839
1533780 1839
1533790 1839
1533800 1840
1533810 1841
1533820 1841
1533830 1842
1533840 1844
1533850 1844
1533860 1846
1533870 1846
1533880 1846
1533890 1844
1533900 1844
1533910 1844
1533920 1848
1533930 1850
1533940 1851
1533950 1851
1533960 1852
1533970 1853
1533980 1853
1533990 1854
1534000 1855
1534010 1855
1534020 1857
1534030 1858
1534040 1858
1534050 1860
1534060 1862
1534070 1862
1534080 1863
1534090 1864
1534100 1864
1534110 1867
1534120 1869
1534130 1873
1534140 1873
1534150 1878
1534160 1883
1534170 1883
1534180 1885
1534190 1888
1534200 1888
1534210 1889
1534220 1893
1534230 1893
1534240 1899
1534250 1904
1534260 1904
1534270 1910
1534280 1914
1534290 1914
1534300 1919
1534310 1923
1534320 1925
1534330 1925
1534340 1926
1534350 1926
1534360 1926
1534370 1931
1534380 1937
1534390 1937
1534400 1941
1534410 1944
1534420 1944
1534430 1947
1534440 1951
1534450 1951
1534460 1954
1534470 1956
1534480 1956
1534490 1958
1534500 1961
1534510 1964
1534520 1964
1534530 1967
1534540 1969
1534550 1969
1534560 1970
1534570 1973
1534580 1973
1534590 1976
1534600 1978
1534610 1978
1534620 1980
1534630 1984
1534640 1984
1534650 1987
1534660 1990
1534670 1990
1534680 1993
1534690 1996
1534700 2001
1534710 2001
1534720 2006
1534730 2011
1534740 2011
1534750 2016
1534760 2021
1534770 2021
1534780 2025
1534790 2026
1534800 2026
1534810 2026
1534820 2028
1534830 2028
1534840 2031
1534850 2034
1534860 2034
1534870 2036
1534880 2039
1534890 2040
1534900 2040
1534910 2042
1534920 2041
1534930 2041
1534940 2040
1534950 2039
1534960 2039
1534970 2038
1534980 2036
1534990 2036
1535000 2034
1535010 2034
1535020 2034
1535030 2034
1535040 2036
1535050 2036
1535060 2038
1535070 2038
1535080 2039
1535090 2039
1535100 2041
1535110 2044
1535120 2044
1535130 2048
1535140 2052
1535150 2052
1535160 2055
1535170 2057
1535180 2057
1535190 2059
1535200 2062
1535210 2062
1535220 2065
1535230 2069
1535240 2069
1535250 2072
1535260 2075
1535270 2078
1535280 2078
1535290 2083
1535300 2086
1535310 2086
1535320 2090
1535330 2094
1535340 2094
1535350 2097
1535360 2102
1535370 2102
1535380 2106
1535390 2111
1535400 2111
1535410 2115
1535420 2120
1535430 2120
1535440 2125
1535450 2129
1535460 2134
1535470 2134
1535480 2139
1535490 2143
1535500 2140
1535510 2143
1535520 2146
1535530 2146
1535540 2151
1535550 2156
1535560 2156
1535570 2159
1535580 2163
1535590 2163
1535600 2166
1535610 2168
1535620 2168
1535630 2172
1535640 2174
1535650 2169
1535660 2169
1535670 2161
1535680 2155
1535690 2155
1535700 2149
1535710 2144
1535720 2144
1535730 2136
1535740 2126
1535750 2126
1535760 2117
1535770 2111
1535780 2111
1535790 2105
1535800 2098
1535810 2098
1535820 2093
1535830 2090
1535840 2086
1535850 2086
1535860 2083
1535870 2080
1535880 2080
1535890 2076
1535900 2072
1535910 2072
1535920 2067
1535930 2062
1535940 2062
1535950 2057
1535960 2050
1535970 2050
1535980 2043
1535990 2034
1536000 2034
1536010 2027
1536020 2020
1536030 2014
1536040 2014
1536050 2008
1536060 2002
1536070 2002
1536080 1997
1536090 1993
1536100 1993
1536110 1988
1536120 1984
1536130 1984
1536140 1981
1536150 1978
1536160 1978
1536170 1976
1536180 1973
1536190 1973
1536200 1970
1536210 1966
1536220 1962
1536230 1962
1536240 1957
1536250 1954
1536260 1954
1536270 1951
1536280 1949
1536290 1949
1536300 1948
1536310 1947
1536320 1947
1536330 1944
1536340 1943
1536350 1943
1536360 1944
1536370 1944
1536380 1944
1536390 1942
1536400 1937
1536410 1931
1536420 1931
1536430 1925
1536440 1920
1536450 1920
1536460 1917
1536470 1916
1536480 1916
1536490 1915
1536500 1913
1536510 1913
1536520 1910
1536530 1907
1536540 1907
1536550 1902
1536560 1898
1536570 1898
1536580 1893
1536590 1887
1536600 1883
1536610 1883
1536620 1879
1536630 1876
1536640 1876
1536650 1875
1536660 1874
1536670 1874
1536680 1872
1536690 1872
1536700 1872
1536710 1871
1536720 1867
1536730 1867
1536740 1861
1536750 1862
1536760 1862
1536770 1866
1536780 1868
1536790 1871
1536800 1871
1536810 1875
1536820 1880
1536830 1880
1536840 1888
1536850 1894
1536860 1894
1536870 1894
1536880 1894
1536890 1894
1536900 1895
1536910 1893
1536920 1893
1536930 1889
1536940 1886
1536950 1886
1536960 1883
1536970 1879
1536980 1874
1536990 1874
1537000 1870
1537010 1867
1537020 1867
1537030 1862
1537040 1857
1537050 1857
1537060 1852
1537070 1852
1537080 1852
1537090 1854
1537100 1854
1537110 1854
1537120 1855
1537130 1851
1537140 1851
1537150 1843
1537160 1839
1537170 1840
1537180 1840
1537190 1840
1537200 1839
1537210 1839
1537220 1839
1537230 1841
1537240 1841
1537250 1841
1537260 1840
1537270 1840
1537280 1840
1537290 1841
1537300 1841
1537310 1839
1537320 1835
1537330 1835
1537340 1833
1537350 1836
1537360 1839
1537370 1839
1537380 1841
1537390 1846
1537400 1846
1537410 1851
1537420 1852
1537430 1852
1537440 1857
1537450 1862
1537460 1862
1537470 1865
1537480 1868
1537490 1868
1537500 1870
1537510 1872
1537520 1872
1537530 1873
1537540 1874
1537550 1875
1537560 1875
1537570 1876
1537580 1878
1537590 1878
1537600 1880
1537610 1881
1537620 1881
1537630 1881
1537640 1881
1537650 1881
1537660 1880
1537670 1878
1537680 1878
1537690 1876
1537700 1876
1537710 1876
1537720 1877
1537730 1876
1537740 1876
1537750 1879
1537760 1884
1537770 1891
1537780 1891
1537790 1896
1537800 1899
1537810 1899
1537820 1904
1537830 1907
1537840 1907
1537850 1908
1537860 1912
1537870 1912
1537880 1916
1537890 1919
1537900 1919
1537910 1924
1537920 1930
1537930 1933
1537940 1938
1537950 1945
1537960 1952
1537970 1952
1537980 1962
1537990 1971
1538000 1971
1538010 1974
1538020 1975
1538030 1975
1538040 1979
1538050 1981
1538060 1981
1538070 1979
1538080 1978
1538090 1978
1538100 1981
1538110 1986
1538120 1986
1538130 1992
1538140 1997
1538150 2001
1538160 2001
1538170 2004
1538180 2008
1538190 2008
1538200 2010
1538210 2011
1538220 2011
1538230 2007
1538240 2001
1538250 2001
1538260 1994
1538270 1987
1538280 1987
1538290 1981
1538300 1974
1538310 1974
1538320 1967
1538330 1960
1538340 1954
1538350 1954
1538360 1948
1538370 1943
1538380 1943
1538390 1939
1538400 1933
1538410 1933
1538420 1927
1538430 1921
1538440 1921
1538450 1917
1538460 1914
1538470 1914
1538480 1912
1538490 1910
1538500 1910
1538510 1907
1538520 1904
1538530 1900
1538540 1900
1538550 1897
1538560 1895
1538570 1895
1538580 1891
1538590 1888
1538600 1888
1538610 1886
1538620 1885
1538630 1885
1538640 1885
1538650 1886
1538660 1886
1538670 1886
1538680 1885
1538690 1885
1538700 1885
1538710 1884
1538720 1882
1538730 1882
1538740 1881
1538750 1878
1538760 1878
1538770 1877
1538780 1874
1538790 1874
1538800 1872
1538810 1868
1538820 1868
1538830 1864
1538840 1862
1538850 1862
1538860 1865
1538870 1870
1538880 1870
1538890 1876
1538900 1883
1538910 1888
1538920 1888
1538930 1895
1538940 1902
1538950 1902
1538960 1907
1538970 1910
1538980 1910
1538990 1911
1539000 1913
1539010 1913
1539020 1916
1539030 1919
1539040 1919
1539050 1924
1539060 1930
1539070 1930
1539080 1936
1539090 1943
1539100 1951
1539110 1951
1539120 1963
1539130 1977
1539140 1977
1539150 1988
1539160 1996
1539170 1996
1539180 2005
1539190 2013
1539200 2013
1539210 2020
1539220 2025
1539230 2025
1539240 2028
1539250 2033
1539260 2033
1539270 2038
1539280 2043
1539290 2047
1539300 2047
1539310 2051
1539320 2056
1539330 2056
1539340 2059
1539350 2061
1539360 2061
1539370 2059
1539380 2057
1539390 2057
1539400 2056
1539410 2056
1539420 2056
1539430 2056
1539440 2057
1539450 2057
1539460 2058
1539470 2057
1539480 2054
1539490 2054
1539500 2052
1539510 2050
1539520 2050
1539530 2048
1539540 2047
1539550 2047
1539560 2047
1539570 2046
1539580 2046
1539590 2044
1539600 2040
1539610 2040
1539620 2034
1539630 2029
1539640 2029
1539650 2025
1539660 2020
1539670 2015
1539680 2015
1539690 2012
1539700 2010
1539710 2010
1539720 2009
1539730 2007
1539740 2007
1539750 2004
1539760 2000
1539770 2000
1539780 1996
1539790 1991
1539800 1991
1539810 1984
1539820 1978
1539830 1978
1539840 1973
1539850 1971
1539860 1970
1539870 1970
1539880 1969
1539890 1967
1539900 1967
1539910 1963
1539920 1958
1539930 1958
1539940 1951
1539950 1944
1539960 1944
1539970 1938
1539980 1932
1539990 1932
