1520000 1146
1520010 1146
1520020 1150
1520030 1153
1520040 1153
1520050 1155
1520060 1153
1520070 1153
1520080 1151
1520090 1153
1520100 1153
1520110 1160
1520120 1165
1520130 1165
1520140 1169
1520150 1173
1520160 1178
1520170 1178
1520180 1183
1520190 1188
1520200 1188
1520210 1192
1520220 1195
1520230 1195
1520240 1197
1520250 1197
1520260 1197
1520270 1196
1520280 1191
1520290 1191
1520300 1185
1520310 1189
1520320 1189
1520330 1194
1520340 1201
1520350 1208
1520360 1208
1520370 1214
1520380 1219
1520390 1219
1520400 1223
1520410 1226
1520420 1226
1520430 1229
1520440 1231
1520450 1231
1520460 1233
1520470 1236
1520480 1236
1520490 1239
1520500 1247
1520510 1247
1520520 1249
1520530 1251
1520540 1255
1520550 1255
1520560 1258
1520570 1261
1520580 1261
1520590 1264
1520600 1267
1520610 1267
1520620 1269
1520630 1272
1520640 1272
1520650 1276
1520660 1278
1520670 1278
1520680 1280
1520690 1279
1520700 1279
1520710 1280
1520720 1285
1520730 1289
1520740 1289
1520750 1291
1520760 1294
1520770 1294
1520780 1298
1520790 1301
1520800 1301
1520810 1302
1520820 1303
1520830 1303
1520840 1305
1520850 1308
1520860 1308
1520870 1311
1520880 1313
1520890 1313
1520900 1316
1520910 1318
1520920 1320
1520930 1320
1520940 1323
1520950 1325
1520960 1325
1520970 1327
1520980 1328
1520990 1328
1521000 1329
1521010 1331
1521020 1331
1521030 1335
1521040 1338
1521050 1338
1521060 1341
1521070 1342
1521080 1342
1521090 1343
1521100 1344
1521110 1342
1521120 1342
1521130 1342
1521140 1343
1521150 1343
1521160 1345
1521170 1347
1521180 1347
1521190 1347
1521200 1347
1521210 1347
1521220 1345
1521230 1342
1521240 1342
1521250 1338
1521260 1334
1521270 1334
1521280 1336
1521290 1341
1521300 1341
1521310 1344
1521320 1349
1521330 1357
1521340 1357
1521350 1363
1521360 1370
1521370 1370
1521380 1375
1521390 1378
1521400 1378
1521410 1380
1521420 1383
1521430 1383
1521440 1387
1521450 1392
1521460 1392
1521470 1397
1521480 1403
1521490 1403
1521500 1408
1521510 1412
1521520 1415
1521530 1415
1521540 1418
1521550 1420
1521560 1420
1521570 1423
1521580 1425
1521590 1425
1521600 1426
1521610 1427
1521620 1427
1521630 1428
1521640 1429
1521650 1429
1521660 1430
1521670 1431
1521680 1431
1521690 1433
1521700 1436
1521710 1438
1521720 1438
1521730 1440
1521740 1440
1521750 1440
1521760 1442
1521770 1443
1521780 1443
1521790 1444
1521800 1445
1521810 1445
1521820 1446
1521830 1446
1521840 1446
1521850 1447
1521860 1448
1521870 1448
1521880 1450
1521890 1450
1521900 1450
1521910 1450
1521920 1451
1521930 1451
1521940 1451
1521950 1451
1521960 1450
1521970 1450
1521980 1450
1521990 1449
1522000 1449
1522010 1448
1522020 1447
1522030 1447
1522040 1446
1522050 1444
1522060 1444
1522070 1442
1522080 1439
1522090 1437
1522100 1437
1522110 1434
1522120 1432
1522130 1432
1522140 1430
1522150 1429
1522160 1429
1522170 1429
1522180 1429
1522190 1429
1522200 1427
1522210 1425
1522220 1425
1522230 1423
1522240 1421
1522250 1421
1522260 1420
1522270 1419
1522280 1418
1522290 1418
1522300 1418
1522310 1419
1522320 1419
1522330 1419
1522340 1418
1522350 1418
1522360 1417
1522370 1417
1522380 1417
1522390 1416
1522400 1417
1522410 1417
1522420 1415
1522430 1411
1522440 1411
1522450 1410
1522460 1414
1522470 1420
1522480 1420
1522490 1426
1522500 1431
1522510 1431
1522520 1439
1522530 1446
1522540 1446
1522550 1451
1522560 1457
1522570 1457
1522580 1461
1522590 1465
1522600 1465
1522610 1469
1522620 1472
1522630 1472
1522640 1475
1522650 1477
1522660 1479
1522670 1479
1522680 1483
1522690 1485
1522700 1485
1522710 1487
1522720 1488
1522730 1488
1522740 1488
1522750 1488
1522760 1488
1522770 1489
1522780 1489
1522790 1489
1522800 1490
1522810 1490
1522820 1490
1522830 1491
1522840 1494
1522850 1500
1522860 1500
1522870 1505
1522880 1510
1522890 1510
1522900 1511
1522910 1513
1522920 1513
1522930 1515
1522940 1516
1522950 1516
1522960 1517
1522970 1518
1522980 1518
1522990 1518
1523000 1517
1523010 1517
1523020 1517
1523030 1518
1523040 1518
1523050 1518
1523060 1518
1523070 1517
1523080 1517
1523090 1517
1523100 1519
1523110 1519
1523120 1521
1523130 1521
1523140 1521
1523150 1521
1523160 1520
1523170 1520
1523180 1520
1523190 1519
1523200 1519
1523210 1518
1523220 1517
1523230 1516
1523240 1516
1523250 1516
1523260 1515
1523270 1515
1523280 1514
1523290 1513
1523300 1513
1523310 1510
1523320 1508
1523330 1508
1523340 1504
1523350 1501
1523360 1501
1523370 1499
1523380 1498
1523390 1498
1523400 1495
1523410 1489
1523420 1483
1523430 1483
1523440 1478
1523450 1473
1523460 1473
1523470 1468
1523480 1463
1523490 1463
1523500 1457
1523510 1453
1523520 1453
1523530 1450
1523540 1451
1523550 1451
1523560 1448
1523570 1444
1523580 1444
1523590 1440
1523600 1437
1523610 1436
1523620 1436
1523630 1438
1523640 1438
1523650 1438
1523660 1436
1523670 1436
1523680 1436
1523690 1440
1523700 1447
1523710 1447
1523720 1453
1523730 1459
1523740 1459
1523750 1465
1523760 1472
1523770 1472
1523780 1478
1523790 1482
1523800 1487
1523810 1487
1523820 1492
1523830 1498
1523840 1498
1523850 1504
1523860 1505
1523870 1505
1523880 1511
1523890 1517
1523900 1517
1523910 1523
1523920 1530
1523930 1530
1523940 1537
1523950 1543
1523960 1543
1523970 1548
1523980 1553
1523990 1560
1524000 1560
1524010 1566
1524020 1574
1524030 1574
1524040 1579
1524050 1584
1524060 1584
1524070 1590
1524080 1594
1524090 1594
1524100 1598
1524110 1601
1524120 1601
1524130 1604
1524140 1607
1524150 1607
1524160 1610
1524170 1612
1524180 1615
1524190 1615
1524200 1618
1524210 1620
1524220 1620
1524230 1623
1524240 1625
1524250 1625
1524260 1628
1524270 1630
1524280 1630
1524290 1632
1524300 1634
1524310 1634
1524320 1635
1524330 1637
1524340 1637
1524350 1639
1524360 1641
1524370 1642
1524380 1642
1524390 1642
1524400 1643
1524410 1643
1524420 1645
1524430 1646
1524440 1646
1524450 1646
1524460 1647
1524470 1647
1524480 1648
1524490 1648
1524500 1648
1524510 1648
1524520 1648
1524530 1648
1524540 1648
1524550 1648
1524560 1648
1524570 1648
1524580 1648
1524590 1648
1524600 1648
1524610 1648
1524620 1647
1524630 1647
1524640 1645
1524650 1643
1524660 1643
1524670 1642
1524680 1641
1524690 1641
1524700 1640
1524710 1639
1524720 1639
1524730 1637
1524740 1636
1524750 1636
1524760 1635
1524770 1634
1524780 1632
1524790 1632
1524800 1630
1524810 1627
1524820 1627
1524830 1624
1524840 1622
1524850 1622
1524860 1619
1524870 1616
1524880 1616
1524890 1613
1524900 1610
1524910 1610
1524920 1609
1524930 1607
1524940 1607
1524950 1606
1524960 1604
1524970 1603
1524980 1603
1524990 1602
1525000 1600
1525010 1600
1525020 1597
1525030 1594
1525040 1594
1525050 1590
1525060 1585
1525070 1585
1525080 1580
1525090 1574
1525100 1574
1525110 1565
1525120 1560
1525130 1560
1525140 1555
1525150 1554
1525160 1553
1525170 1553
1525180 1553
1525190 1555
1525200 1555
1525210 1557
1525220 1557
1525230 1557
1525240 1556
1525250 1553
1525260 1553
1525270 1549
1525280 1546
1525290 1546
1525300 1545
1525310 1543
1525320 1543
1525330 1538
1525340 1535
1525350 1531
1525360 1531
1525370 1524
1525380 1521
1525390 1521
1525400 1524
1525410 1527
1525420 1527
1525430 1533
1525440 1534
1525450 1534
1525460 1534
1525470 1534
1525480 1534
1525490 1534
1525500 1535
1525510 1535
1525520 1536
1525530 1534
1525540 1531
1525550 1531
1525560 1525
1525570 1521
1525580 1521
1525590 1524
1525600 1526
1525610 1526
1525620 1526
1525630 1525
1525640 1525
1525650 1523
1525660 1521
1525670 1521
1525680 1519
1525690 1517
1525700 1517
1525710 1515
1525720 1513
1525730 1510
1525740 1510
1525750 1507
1525760 1505
1525770 1505
1525780 1502
1525790 1499
1525800 1499
1525810 1496
1525820 1493
1525830 1493
1525840 1490
1525850 1486
1525860 1486
1525870 1481
1525880 1477
1525890 1477
1525900 1474
1525910 1470
1525920 1467
1525930 1467
1525940 1463
1525950 1460
1525960 1460
1525970 1456
1525980 1451
1525990 1451
1526000 1444
1526010 1441
1526020 1441
1526030 1440
1526040 1438
1526050 1438
1526060 1435
1526070 1431
1526080 1431
1526090 1425
1526100 1421
1526110 1419
1526120 1419
1526130 1418
1526140 1415
1526150 1415
1526160 1412
1526170 1408
1526180 1408
1526190 1405
1526200 1402
1526210 1402
1526220 1400
1526230 1399
1526240 1399
1526250 1396
1526260 1393
1526270 1393
1526280 1389
1526290 1384
1526300 1384
1526310 1384
1526320 1382
1526330 1376
1526340 1376
1526350 1373
1526360 1371
1526370 1371
1526380 1369
1526390 1366
1526400 1366
1526410 1364
1526420 1361
1526430 1361
1526440 1359
1526450 1357
1526460 1357
1526470 1356
1526480 1356
1526490 1355
1526500 1355
1526510 1354
1526520 1354
1526530 1354
1526540 1354
1526550 1355
1526560 1355
1526570 1357
1526580 1359
1526590 1359
1526600 1362
1526610 1366
1526620 1366
1526630 1370
1526640 1373
1526650 1373
1526660 1376
1526670 1379
1526680 1383
1526690 1383
1526700 1389
1526710 1394
1526720 1394
1526730 1399
1526740 1402
1526750 1402
1526760 1404
1526770 1407
1526780 1407
1526790 1410
1526800 1411
1526810 1411
1526820 1412
1526830 1412
1526840 1412
1526850 1411
1526860 1409
1526870 1409
1526880 1409
1526890 1416
1526900 1419
1526910 1419
1526920 1420
1526930 1423
1526940 1423
1526950 1427
1526960 1425
1526970 1425
1526980 1429
1526990 1432
1527000 1432
1527010 1435
1527020 1438
1527030 1438
1527040 1441
1527050 1444
1527060 1448
1527070 1448
1527080 1452
1527090 1456
1527100 1456
1527110 1460
1527120 1463
1527130 1463
1527140 1465
1527150 1468
1527160 1468
1527170 1470
1527180 1472
1527190 1472
1527200 1475
1527210 1477
1527220 1477
1527230 1481
1527240 1485
1527250 1490
1527260 1490
1527270 1495
1527280 1500
1527290 1500
1527300 1504
1527310 1508
1527320 1508
1527330 1512
1527340 1517
1527350 1517
1527360 1521
1527370 1526
1527380 1526
1527390 1530
1527400 1533
1527410 1533
1527420 1536
1527430 1539
1527440 1543
1527450 1543
1527460 1548
1527470 1552
1527480 1552
1527490 1555
1527500 1559
1527510 1559
1527520 1563
1527530 1566
1527540 1566
1527550 1569
1527560 1572
1527570 1572
1527580 1575
1527590 1578
1527600 1578
1527610 1581
1527620 1584
1527630 1587
1527640 1587
1527650 1589
1527660 1592
1527670 1592
1527680 1594
1527690 1597
1527700 1597
1527710 1600
1527720 1603
1527730 1603
1527740 1605
1527750 1606
1527760 1606
1527770 1607
1527780 1608
1527790 1608
1527800 1610
1527810 1611
1527820 1612
1527830 1612
1527840 1611
1527850 1609
1527860 1609
1527870 1609
1527880 1609
1527890 1609
1527900 1608
1527910 1607
1527920 1607
1527930 1605
1527940 1602
1527950 1602
1527960 1600
1527970 1598
1527980 1598
1527990 1596
1528000 1594
1528010 1592
1528020 1592
1528030 1589
1528040 1587
1528050 1587
1528060 1585
1528070 1584
1528080 1584
1528090 1584
1528100 1584
1528110 1584
1528120 1584
1528130 1583
1528140 1583
1528150 1582
1528160 1582
1528170 1582
1528180 1582
1528190 1582
1528200 1583
1528210 1583
1528220 1582
1528230 1580
1528240 1580
1528250 1580
1528260 1580
1528270 1580
1528280 1578
1528290 1578
1528300 1578
1528310 1582
1528320 1587
1528330 1587
1528340 1590
1528350 1591
1528360 1591
1528370 1593
1528380 1595
1528390 1595
1528400 1595
1528410 1596
1528420 1596
1528430 1596
1528440 1596
1528450 1595
1528460 1595
1528470 1595
1528480 1593
1528490 1593
1528500 1591
1528510 1588
1528520 1588
1528530 1588
1528540 1590
1528550 1590
1528560 1594
1528570 1597
1528580 1597
1528590 1598
1528600 1600
1528610 1602
1528620 1602
1528630 1605
1528640 1609
1528650 1609
1528660 1612
1528670 1615
1528680 1615
1528690 1617
1528700 1619
1528710 1619
1528720 1620
1528730 1621
1528740 1621
1528750 1623
1528760 1624
1528770 1624
1528780 1624
1528790 1624
1528800 1624
1528810 1624
1528820 1624
1528830 1623
1528840 1623
1528850 1623
1528860 1622
1528870 1622
1528880 1621
1528890 1620
1528900 1620
1528910 1617
1528920 1612
1528930 1612
1528940 1605
1528950 1599
1528960 1599
1528970 1599
1528980 1604
1528990 1609
1529000 1609
1529010 1613
1529020 1617
1529030 1617
1529040 1621
1529050 1625
1529060 1625
1529070 1629
1529080 1632
1529090 1632
1529100 1635
1529110 1637
1529120 1637
1529130 1638
1529140 1640
1529150 1640
1529160 1641
1529170 1643
1529180 1644
1529190 1644
1529200 1646
1529210 1647
1529220 1647
1529230 1648
1529240 1648
1529250 1648
1529260 1649
1529270 1650
1529280 1650
1529290 1651
1529300 1651
1529310 1651
1529320 1652
1529330 1653
1529340 1653
1529350 1653
1529360 1652
1529370 1652
1529380 1652
1529390 1651
1529400 1649
1529410 1649
1529420 1649
1529430 1650
1529440 1650
1529450 1651
1529460 1651
1529470 1651
1529480 1651
1529490 1651
1529500 1651
1529510 1651
1529520 1649
1529530 1649
1529540 1648
1529550 1645
1529560 1642
1529570 1642
1529580 1640
1529590 1639
1529600 1639
1529610 1638
1529620 1636
1529630 1636
1529640 1634
1529650 1632
1529660 1632
1529670 1630
1529680 1628
1529690 1628
1529700 1625
1529710 1622
1529720 1622
1529730 1620
1529740 1618
1529750 1615
1529760 1615
1529770 1611
1529780 1609
1529790 1609
1529800 1608
1529810 1609
1529820 1609
1529830 1607
1529840 1604
1529850 1603
1529860 1600
1529870 1596
1529880 1596
1529890 1592
1529900 1586
1529910 1586
1529920 1580
1529930 1573
1529940 1566
1529950 1566
1529960 1558
1529970 1553
1529980 1553
1529990 1556
1530000 1562
1530010 1562
1530020 1568
1530030 1573
1530040 1573
1530050 1575
1530060 1577
1530070 1577
1530080 1578
1530090 1579
1530100 1579
1530110 1581
1530120 1581
1530130 1581
1530140 1581
1530150 1581
1530160 1581
1530170 1581
1530180 1580
1530190 1581
1530200 1581
1530210 1581
1530220 1582
1530230 1582
1530240 1583
1530250 1584
1530260 1584
1530270 1586
1530280 1587
1530290 1587
1530300 1586
1530310 1585
1530320 1582
1530330 1582
1530340 1579
1530350 1574
1530360 1574
1530370 1570
1530380 1565
1530390 1565
1530400 1562
1530410 1560
1530420 1560
1530430 1556
1530440 1553
1530450 1553
1530460 1549
1530470 1544
1530480 1544
1530490 1541
1530500 1540
1530510 1537
1530520 1537
1530530 1533
1530540 1528
1530550 1528
1530560 1522
1530570 1517
1530580 1517
1530590 1514
1530600 1512
1530610 1512
1530620 1510
1530630 1508
1530640 1508
1530650 1507
1530660 1505
1530670 1505
1530680 1503
1530690 1501
1530700 1500
1530710 1500
1530720 1497
1530730 1495
1530740 1495
1530750 1492
1530760 1488
1530770 1488
1530780 1487
1530790 1487
1530800 1487
1530810 1488
1530820 1488
1530830 1488
1530840 1488
1530850 1486
1530860 1486
1530870 1483
1530880 1482
1530890 1481
1530900 1481
1530910 1481
1530920 1481
1530930 1481
1530940 1481
1530950 1481
1530960 1481
1530970 1481
1530980 1481
1530990 1481
1531000 1482
1531010 1482
1531020 1482
1531030 1481
1531040 1481
1531050 1481
1531060 1481
1531070 1482
1531080 1482
1531090 1482
1531100 1482
1531110 1482
1531120 1482
1531130 1482
1531140 1483
1531150 1483
1531160 1483
1531170 1483
1531180 1483
1531190 1483
1531200 1483
1531210 1483
1531220 1484
1531230 1485
1531240 1485
1531250 1485
1531260 1486
1531270 1488
1531280 1488
1531290 1490
1531300 1492
1531310 1492
1531320 1494
1531330 1499
1531340 1499
1531350 1502
1531360 1507
1531370 1507
1531380 1513
1531390 1519
1531400 1519
1531410 1523
1531420 1526
1531430 1526
1531440 1530
1531450 1534
1531460 1536
1531470 1536
1531480 1540
1531490 1543
1531500 1543
1531510 1547
1531520 1552
1531530 1552
1531540 1558
1531550 1564
1531560 1564
1531570 1572
1531580 1586
1531590 1586
1531600 1596
1531610 1602
1531620 1602
1531630 1608
1531640 1615
1531650 1622
1531660 1622
1531670 1629
1531680 1635
1531690 1635
1531700 1637
1531710 1640
1531720 1640
1531730 1646
1531740 1651
1531750 1651
1531760 1655
1531770 1659
1531780 1659
1531790 1663
1531800 1663
1531810 1663
1531820 1665
1531830 1670
1531840 1674
1531850 1674
1531860 1677
1531870 1680
1531880 1680
1531890 1683
1531900 1686
1531910 1686
1531920 1689
1531930 1691
1531940 1691
1531950 1692
1531960 1693
1531970 1693
1531980 1695
1531990 1696
1532000 1696
1532010 1696
1532020 1695
1532030 1695
1532040 1694
1532050 1692
1532060 1688
1532070 1688
1532080 1682
1532090 1677
1532100 1677
1532110 1671
1532120 1667
1532130 1667
1532140 1662
1532150 1657
1532160 1657
1532170 1651
1532180 1642
1532190 1642
1532200 1633
1532210 1626
1532220 1626
1532230 1620
1532240 1615
1532250 1609
1532260 1609
1532270 1599
1532280 1592
1532290 1592
1532300 1590
1532310 1572
1532320 1572
1532330 1560
1532340 1556
1532350 1556
1532360 1557
1532370 1563
1532380 1563
1532390 1574
1532400 1583
1532410 1583
1532420 1591
1532430 1598
1532440 1604
1532450 1604
1532460 1612
1532470 1619
1532480 1619
1532490 1625
1532500 1628
1532510 1628
1532520 1636
1532530 1643
1532540 1643
1532550 1650
1532560 1658
1532570 1658
1532580 1665
1532590 1672
1532600 1672
1532610 1679
1532620 1686
1532630 1693
1532640 1693
1532650 1699
1532660 1706
1532670 1706
1532680 1713
1532690 1719
1532700 1719
1532710 1726
1532720 1732
1532730 1732
1532740 1738
1532750 1744
1532760 1744
1532770 1750
1532780 1756
1532790 1756
1532800 1762
1532810 1767
1532820 1773
1532830 1773
1532840 1778
1532850 1783
1532860 1783
1532870 1788
1532880 1793
1532890 1793
1532900 1798
1532910 1802
1532920 1802
1532930 1806
1532940 1812
1532950 1812
1532960 1817
1532970 1821
1532980 1821
1532990 1824
1533000 1825
1533010 1825
1533020 1825
1533030 1823
1533040 1821
1533050 1821
1533060 1817
1533070 1813
1533080 1813
1533090 1812
1533100 1808
1533110 1808
1533120 1804
1533130 1799
1533140 1799
1533150 1795
1533160 1791
1533170 1791
1533180 1787
1533190 1784
1533200 1781
1533210 1781
1533220 1778
1533230 1775
1533240 1775
1533250 1772
1533260 1769
1533270 1769
1533280 1766
1533290 1763
1533300 1763
1533310 1759
1533320 1756
1533330 1756
1533340 1752
1533350 1748
1533360 1748
1533370 1743
1533380 1739
1533390 1733
1533400 1733
1533410 1728
1533420 1722
1533430 1722
1533440 1717
1533450 1712
1533460 1712
1533470 1707
1533480 1702
1533490 1702
1533500 1697
1533510 1692
1533520 1692
1533530 1687
1533540 1684
1533550 1684
1533560 1682
1533570 1679
1533580 1675
1533590 1675
1533600 1671
1533610 1667
1533620 1667
1533630 1663
1533640 1660
1533650 1660
1533660 1657
1533670 1654
1533680 1654
1533690 1653
1533700 1652
1533710 1652
1533720 1649
1533730 1646
1533740 1646
1533750 1644
1533760 1643
1533770 1641
1533780 1641
1533790 1637
1533800 1634
1533810 1634
1533820 1633
1533830 1635
1533840 1635
1533850 1639
1533860 1643
1533870 1643
1533880 1647
1533890 1652
1533900 1652
1533910 1657
1533920 1660
1533930 1660
1533940 1663
1533950 1667
1533960 1670
1533970 1670
1533980 1673
1533990 1676
1534000 1676
1534010 1678
1534020 1682
1534030 1682
1534040 1686
1534050 1689
1534060 1689
1534070 1693
1534080 1696
1534090 1696
1534100 1699
1534110 1701
1534120 1701
1534130 1704
1534140 1707
1534150 1710
1534160 1710
1534170 1713
1534180 1717
1534190 1717
1534200 1719
1534210 1721
1534220 1721
1534230 1723
1534240 1725
1534250 1725
1534260 1726
1534270 1727
1534280 1727
1534290 1729
1534300 1731
1534310 1731
1534320 1733
1534330 1734
1534340 1735
1534350 1735
1534360 1738
1534370 1740
1534380 1740
1534390 1742
1534400 1743
1534410 1743
1534420 1745
1534430 1747
1534440 1747
1534450 1749
1534460 1751
1534470 1751
1534480 1752
1534490 1753
1534500 1753
1534510 1754
1534520 1755
1534530 1757
1534540 1757
1534550 1759
1534560 1762
1534570 1762
1534580 1764
1534590 1767
1534600 1767
1534610 1770
1534620 1772
1534630 1772
1534640 1774
1534650 1775
1534660 1775
1534670 1776
1534680 1778
1534690 1778
1534700 1778
1534710 1778
1534720 1779
1534730 1779
1534740 1779
1534750 1779
1534760 1779
1534770 1781
1534780 1781
1534790 1781
1534800 1783
1534810 1785
1534820 1785
1534830 1787
1534840 1789
1534850 1789
1534860 1790
1534870 1792
1534880 1792
1534890 1793
1534900 1793
1534910 1794
1534920 1794
1534930 1795
1534940 1795
1534950 1795
1534960 1796
1534970 1798
1534980 1798
1534990 1798
1535000 1798
1535010 1798
1535020 1797
1535030 1795
1535040 1795
1535050 1792
1535060 1789
1535070 1789
1535080 1785
1535090 1782
1535100 1777
1535110 1777
1535120 1773
1535130 1775
1535140 1775
1535150 1778
1535160 1779
1535170 1779
1535180 1778
1535190 1782
1535200 1782
1535210 1791
1535220 1799
1535230 1799
1535240 1806
1535250 1813
1535260 1813
1535270 1818
1535280 1824
1535290 1829
1535300 1829
1535310 1834
1535320 1839
1535330 1839
1535340 1845
1535350 1850
1535360 1850
1535370 1855
1535380 1860
1535390 1860
1535400 1864
1535410 1868
1535420 1868
1535430 1873
1535440 1877
1535450 1877
1535460 1881
1535470 1886
1535480 1886
1535490 1890
1535500 1894
1535510 1900
1535520 1900
1535530 1905
1535540 1911
1535550 1911
1535560 1916
1535570 1920
1535580 1920
1535590 1922
1535600 1924
1535610 1924
1535620 1928
1535630 1931
1535640 1931
1535650 1935
1535660 1939
1535670 1939
1535680 1943
1535690 1947
1535700 1951
1535710 1951
1535720 1954
1535730 1957
1535740 1957
1535750 1960
1535760 1964
1535770 1964
1535780 1968
1535790 1973
1535800 1973
1535810 1977
1535820 1982
1535830 1982
1535840 1986
1535850 1989
1535860 1989
1535870 1990
1535880 1993
1535890 1997
1535900 1997
1535910 2001
1535920 2004
1535930 2004
1535940 2007
1535950 2009
1535960 2009
1535970 2011
1535980 2013
1535990 2013
1536000 2014
1536010 2014
1536020 2014
1536030 2014
1536040 2015
1536050 2015
1536060 2017
1536070 2020
1536080 2021
1536090 2021
1536100 2021
1536110 2020
1536120 2020
1536130 2019
1536140 2018
1536150 2018
1536160 2017
1536170 2016
1536180 2016
1536190 2012
1536200 2008
1536210 2008
1536220 2005
1536230 2003
1536240 2003
1536250 2002
1536260 2001
1536270 2000
1536280 2000
1536290 1995
1536300 1990
1536310 1990
1536320 1987
1536330 1989
1536340 1989
1536350 1988
1536360 1987
1536370 1987
1536380 1986
1536390 1984
1536400 1984
1536410 1982
1536420 1981
1536430 1981
1536440 1979
1536450 1978
1536460 1977
1536470 1977
1536480 1975
1536490 1971
1536500 1971
1536510 1968
1536520 1970
1536530 1970
1536540 1974
1536550 1979
1536560 1979
1536570 1982
1536580 1983
1536590 1983
1536600 1985
1536610 1985
1536620 1985
1536630 1985
1536640 1984
1536650 1981
1536660 1981
1536670 1982
1536680 1984
1536690 1984
1536700 1981
1536710 1978
1536720 1978
1536730 1978
1536740 1976
1536750 1976
1536760 1975
1536770 1973
1536780 1973
1536790 1972
1536800 1974
1536810 1974
1536820 1977
1536830 1978
1536840 1977
1536850 1977
1536860 1976
1536870 1976
1536880 1976
1536890 1976
1536900 1977
1536910 1977
1536920 1977
1536930 1979
1536940 1979
1536950 1981
1536960 1983
1536970 1983
1536980 1987
1536990 1989
1537000 1989
1537010 1991
1537020 1995
1537030 2000
1537040 2000
1537050 2005
1537060 2009
1537070 2009
1537080 2014
1537090 2020
1537100 2020
1537110 2024
1537120 2028
1537130 2028
1537140 2032
1537150 2035
1537160 2035
1537170 2039
1537180 2044
1537190 2044
1537200 2048
1537210 2054
1537220 2060
1537230 2060
1537240 2065
1537250 2071
1537260 2071
1537270 2077
1537280 2085
1537290 2085
1537300 2093
1537310 2101
1537320 2101
1537330 2108
1537340 2115
1537350 2115
1537360 2122
1537370 2128
1537380 2128
1537390 2133
1537400 2137
1537410 2142
1537420 2142
1537430 2148
1537440 2153
1537450 2153
1537460 2158
1537470 2163
1537480 2163
1537490 2168
1537500 2173
1537510 2173
1537520 2178
1537530 2183
1537540 2183
1537550 2189
1537560 2194
1537570 2196
1537580 2201
1537590 2205
1537600 2209
1537610 2209
1537620 2214
1537630 2219
1537640 2219
1537650 2223
1537660 2228
1537670 2228
1537680 2232
1537690 2237
1537700 2237
1537710 2241
1537720 2245
1537730 2245
1537740 2249
1537750 2253
1537760 2253
1537770 2256
1537780 2260
1537790 2264
1537800 2264
1537810 2268
1537820 2272
1537830 2272
1537840 2276
1537850 2278
1537860 2278
1537870 2281
1537880 2285
1537890 2285
1537900 2289
1537910 2293
1537920 2293
1537930 2293
1537940 2287
1537950 2287
1537960 2281
1537970 2278
1537980 2274
1537990 2274
1538000 2270
1538010 2266
1538020 2266
1538030 2262
1538040 2258
1538050 2258
1538060 2254
1538070 2249
1538080 2249
1538090 2245
1538100 2240
1538110 2240
1538120 2235
1538130 2231
1538140 2231
1538150 2226
1538160 2220
1538170 2214
1538180 2214
1538190 2207
1538200 2201
1538210 2201
1538220 2195
1538230 2190
1538240 2190
1538250 2185
1538260 2179
1538270 2179
1538280 2173
1538290 2168
1538300 2168
1538310 2163
1538320 2159
1538330 2159
1538340 2153
1538350 2149
1538360 2145
1538370 2145
1538380 2140
1538390 2135
1538400 2135
1538410 2129
1538420 2124
1538430 2124
1538440 2118
1538450 2113
1538460 2113
1538470 2106
1538480 2097
1538490 2097
1538500 2087
1538510 2079
1538520 2079
1538530 2070
1538540 2062
1538550 2054
1538560 2054
1538570 2046
1538580 2039
1538590 2039
1538600 2032
1538610 2026
1538620 2026
1538630 2021
1538640 2017
1538650 2017
1538660 2013
1538670 2009
1538680 2009
1538690 2006
1538700 2003
1538710 2003
1538720 2000
1538730 1997
1538740 1997
1538750 1995
1538760 1990
1538770 1984
1538780 1984
1538790 1980
1538800 1974
1538810 1974
1538820 1968
1538830 1962
1538840 1962
1538850 1956
1538860 1950
1538870 1950
1538880 1945
1538890 1941
1538900 1941
1538910 1936
1538920 1930
1538930 1930
1538940 1925
1538950 1921
1538960 1919
1538970 1919
1538980 1916
1538990 1913
1539000 1913
1539010 1911
1539020 1910
1539030 1910
1539040 1908
1539050 1906
1539060 1906
1539070 1903
1539080 1899
1539090 1899
1539100 1894
1539110 1890
1539120 1890
1539130 1885
1539140 1882
1539150 1877
1539160 1877
1539170 1873
1539180 1874
1539190 1874
1539200 1873
1539210 1870
1539220 1870
1539230 1867
1539240 1864
1539250 1864
1539260 1864
1539270 1863
1539280 1863
1539290 1862
1539300 1859
1539310 1859
1539320 1856
1539330 1855
1539340 1853
1539350 1853
1539360 1851
1539370 1849
1539380 1849
1539390 1847
1539400 1849
1539410 1849
1539420 1848
1539430 1847
1539440 1847
1539450 1847
1539460 1845
1539470 1845
1539480 1842
1539490 1840
1539500 1840
1539510 1838
1539520 1835
1539530 1833
1539540 1833
1539550 1831
1539560 1828
1539570 1828
1539580 1824
1539590 1820
1539600 1820
1539610 1816
1539620 1812
1539630 1812
1539640 1808
1539650 1805
1539660 1805
1539670 1802
1539680 1801
1539690 1801
1539700 1800
1539710 1799
1539720 1799
1539730 1799
1539740 1798
1539750 1795
1539760 1795
1539770 1793
1539780 1790
1539790 1790
1539800 1786
1539810 1782
1539820 1782
1539830 1778
1539840 1774
1539850 1774
1539860 1772
1539870 1770
1539880 1770
1539890 1767
1539900 1764
1539910 1761
1539920 1761
1539930 1758
1539940 1757
1539950 1757
1539960 1757
1539970 1758
1539980 1758
1539990 1759
