1520000 1295
1520010 1299
1520020 1303
1520030 1303
1520040 1307
1520050 1312
1520060 1312
1520070 1317
1520080 1318
1520090 1321
1520100 1321
1520110 1326
1520120 1329
1520130 1329
1520140 1332
1520150 1334
1520160 1334
1520170 1337
1520180 1341
1520190 1341
1520200 1344
1520210 1347
1520220 1347
1520230 1350
1520240 1353
1520250 1353
1520260 1355
1520270 1357
1520280 1360
1520290 1360
1520300 1364
1520310 1367
1520320 1367
1520330 1369
1520340 1371
1520350 1371
1520360 1374
1520370 1376
1520380 1376
1520390 1379
1520400 1381
1520410 1381
1520420 1383
1520430 1386
1520440 1386
1520450 1388
1520460 1391
1520470 1395
1520480 1395
1520490 1399
1520500 1402
1520510 1402
1520520 1404
1520530 1407
1520540 1407
1520550 1408
1520560 1408
1520570 1408
1520580 1407
1520590 1407
1520600 1407
1520610 1407
1520620 1411
1520630 1411
1520640 1415
1520650 1417
1520660 1417
1520670 1418
1520680 1420
1520690 1423
1520700 1423
1520710 1427
1520720 1431
1520730 1431
1520740 1436
1520750 1440
1520760 1440
1520770 1443
1520780 1446
1520790 1446
1520800 1450
1520810 1453
1520820 1453
1520830 1455
1520840 1457
1520850 1457
1520860 1460
1520870 1463
1520880 1465
1520890 1465
1520900 1468
1520910 1472
1520920 1472
1520930 1475
1520940 1480
1520950 1480
1520960 1483
1520970 1486
1520980 1486
1520990 1488
1521000 1489
1521010 1489
1521020 1491
1521030 1493
1521040 1493
1521050 1495
1521060 1499
1521070 1503
1521080 1503
1521090 1509
1521100 1514
1521110 1514
1521120 1517
1521130 1520
1521140 1520
1521150 1522
1521160 1523
1521170 1523
1521180 1524
1521190 1525
1521200 1525
1521210 1526
1521220 1528
1521230 1528
1521240 1529
1521250 1531
1521260 1532
1521270 1532
1521280 1534
1521290 1535
1521300 1535
1521310 1535
1521320 1537
1521330 1537
1521340 1538
1521350 1540
1521360 1540
1521370 1541
1521380 1542
1521390 1542
1521400 1544
1521410 1546
1521420 1546
1521430 1548
1521440 1550
1521450 1552
1521460 1552
1521470 1554
1521480 1554
1521490 1554
1521500 1554
1521510 1555
1521520 1555
1521530 1556
1521540 1557
1521550 1557
1521560 1560
1521570 1563
1521580 1563
1521590 1568
1521600 1570
1521610 1570
1521620 1572
1521630 1574
1521640 1577
1521650 1577
1521660 1579
1521670 1581
1521680 1581
1521690 1582
1521700 1585
1521710 1585
1521720 1587
1521730 1590
1521740 1590
1521750 1593
1521760 1596
1521770 1596
1521780 1600
1521790 1602
1521800 1602
1521810 1603
1521820 1605
1521830 1607
1521840 1607
1521850 1609
1521860 1610
1521870 1610
1521880 1611
1521890 1611
1521900 1611
1521910 1612
1521920 1613
1521930 1613
1521940 1615
1521950 1616
1521960 1616
1521970 1617
1521980 1618
1521990 1618
1522000 1620
1522010 1622
1522020 1623
1522030 1623
1522040 1624
1522050 1625
1522060 1625
1522070 1627
1522080 1628
1522090 1628
1522100 1630
1522110 1632
1522120 1632
1522130 1635
1522140 1637
1522150 1637
1522160 1638
1522170 1639
1522180 1639
1522190 1639
1522200 1642
1522210 1643
1522220 1643
1522230 1643
1522240 1644
1522250 1644
1522260 1646
1522270 1647
1522280 1647
1522290 1648
1522300 1649
1522310 1649
1522320 1650
1522330 1651
1522340 1651
1522350 1651
1522360 1651
1522370 1651
1522380 1650
1522390 1650
1522400 1651
1522410 1651
1522420 1653
1522430 1655
1522440 1655
1522450 1655
1522460 1654
1522470 1654
1522480 1653
1522490 1652
1522500 1652
1522510 1652
1522520 1654
1522530 1654
1522540 1658
1522550 1661
1522560 1661
1522570 1663
1522580 1666
1522590 1668
1522600 1668
1522610 1672
1522620 1678
1522630 1678
1522640 1683
1522650 1688
1522660 1688
1522670 1693
1522680 1697
1522690 1697
1522700 1701
1522710 1705
1522720 1705
1522730 1708
1522740 1710
1522750 1710
1522760 1713
1522770 1715
1522780 1716
1522790 1716
1522800 1716
1522810 1716
1522820 1716
1522830 1717
1522840 1717
1522850 1717
1522860 1718
1522870 1718
1522880 1718
1522890 1719
1522900 1720
1522910 1720
1522920 1721
1522930 1722
1522940 1722
1522950 1722
1522960 1722
1522970 1722
1522980 1722
1522990 1723
1523000 1725
1523010 1725
1523020 1727
1523030 1729
1523040 1729
1523050 1731
1523060 1735
1523070 1735
1523080 1735
1523090 1732
1523100 1732
1523110 1729
1523120 1726
1523130 1726
1523140 1724
1523150 1722
1523160 1722
1523170 1721
1523180 1720
1523190 1717
1523200 1717
1523210 1713
1523220 1709
1523230 1709
1523240 1705
1523250 1701
1523260 1701
1523270 1697
1523280 1693
1523290 1693
1523300 1689
1523310 1684
1523320 1684
1523330 1679
1523340 1675
1523350 1675
1523360 1671
1523370 1668
1523380 1667
1523390 1667
1523400 1666
1523410 1666
1523420 1666
1523430 1666
1523440 1666
1523450 1666
1523460 1665
1523470 1663
1523480 1663
1523490 1659
1523500 1656
1523510 1656
1523520 1654
1523530 1652
1523540 1652
1523550 1652
1523560 1649
1523570 1645
1523580 1645
1523590 1639
1523600 1634
1523610 1634
1523620 1632
1523630 1635
1523640 1635
1523650 1639
1523660 1641
1523670 1641
1523680 1643
1523690 1644
1523700 1644
1523710 1644
1523720 1646
1523730 1646
1523740 1648
1523750 1650
1523760 1651
1523770 1651
1523780 1651
1523790 1652
1523800 1652
1523810 1651
1523820 1652
1523830 1652
1523840 1654
1523850 1656
1523860 1656
1523870 1658
1523880 1662
1523890 1662
1523900 1665
1523910 1666
1523920 1666
1523930 1665
1523940 1664
1523950 1661
1523960 1661
1523970 1657
1523980 1652
1523990 1652
1524000 1649
1524010 1645
1524020 1645
1524030 1642
1524040 1641
1524050 1641
1524060 1641
1524070 1640
1524080 1640
1524090 1638
1524100 1637
1524110 1637
1524120 1636
1524130 1634
1524140 1633
1524150 1633
1524160 1635
1524170 1643
1524180 1643
1524190 1651
1524200 1659
1524210 1659
1524220 1665
1524230 1671
1524240 1671
1524250 1677
1524260 1683
1524270 1683
1524280 1687
1524290 1691
1524300 1691
1524310 1695
1524320 1697
1524330 1701
1524340 1701
1524350 1706
1524360 1711
1524370 1711
1524380 1715
1524390 1720
1524400 1720
1524410 1725
1524420 1731
1524430 1731
1524440 1737
1524450 1742
1524460 1742
1524470 1746
1524480 1748
1524490 1748
1524500 1751
1524510 1755
1524520 1760
1524530 1760
1524540 1765
1524550 1768
1524560 1768
1524570 1771
1524580 1774
1524590 1774
1524600 1777
1524610 1780
1524620 1780
1524630 1784
1524640 1787
1524650 1787
1524660 1791
1524670 1794
1524680 1794
1524690 1797
1524700 1801
1524710 1803
1524720 1803
1524730 1806
1524740 1807
1524750 1807
1524760 1809
1524770 1812
1524780 1812
1524790 1814
1524800 1815
1524810 1815
1524820 1816
1524830 1817
1524840 1817
1524850 1818
1524860 1817
1524870 1817
1524880 1816
1524890 1817
1524900 1818
1524910 1818
1524920 1819
1524930 1819
1524940 1819
1524950 1819
1524960 1819
1524970 1819
1524980 1819
1524990 1819
1525000 1819
1525010 1819
1525020 1819
1525030 1819
1525040 1818
1525050 1817
1525060 1817
1525070 1817
1525080 1817
1525090 1817
1525100 1817
1525110 1816
1525120 1814
1525130 1814
1525140 1812
1525150 1810
1525160 1810
1525170 1809
1525180 1809
1525190 1809
1525200 1809
1525210 1809
1525220 1809
1525230 1809
1525240 1808
1525250 1808
1525260 1807
1525270 1807
1525280 1806
1525290 1806
1525300 1805
1525310 1804
1525320 1804
1525330 1802
1525340 1801
1525350 1801
1525360 1800
1525370 1798
1525380 1798
1525390 1797
1525400 1795
1525410 1795
1525420 1793
1525430 1797
1525440 1797
1525450 1795
1525460 1793
1525470 1791
1525480 1791
1525490 1787
1525500 1785
1525510 1785
1525520 1783
1525530 1782
1525540 1782
1525550 1782
1525560 1781
1525570 1781
1525580 1780
1525590 1779
1525600 1779
1525610 1777
1525620 1775
1525630 1775
1525640 1774
1525650 1772
1525660 1769
1525670 1769
1525680 1767
1525690 1766
1525700 1766
1525710 1765
1525720 1763
1525730 1763
1525740 1762
1525750 1760
1525760 1760
1525770 1758
1525780 1756
1525790 1756
1525800 1754
1525810 1752
1525820 1752
1525830 1751
1525840 1750
1525850 1750
1525860 1749
1525870 1748
1525880 1746
1525890 1746
1525900 1744
1525910 1743
1525920 1743
1525930 1741
1525940 1739
1525950 1739
1525960 1737
1525970 1735
1525980 1735
1525990 1733
1526000 1731
1526010 1731
1526020 1730
1526030 1728
1526040 1728
1526050 1726
1526060 1725
1526070 1723
1526080 1723
1526090 1721
1526100 1718
1526110 1718
1526120 1716
1526130 1714
1526140 1714
1526150 1711
1526160 1708
1526170 1708
1526180 1705
1526190 1702
1526200 1702
1526210 1699
1526220 1697
1526230 1697
1526240 1694
1526250 1691
1526260 1688
1526270 1688
1526280 1687
1526290 1685
1526300 1685
1526310 1683
1526320 1680
1526330 1680
1526340 1678
1526350 1675
1526360 1675
1526370 1672
1526380 1669
1526390 1669
1526400 1666
1526410 1664
1526420 1664
1526430 1661
1526440 1658
1526450 1654
1526460 1654
1526470 1651
1526480 1648
1526490 1648
1526500 1646
1526510 1644
1526520 1644
1526530 1643
1526540 1640
1526550 1640
1526560 1636
1526570 1632
1526580 1632
1526590 1627
1526600 1622
1526610 1622
1526620 1618
1526630 1616
1526640 1615
1526650 1615
1526660 1613
1526670 1610
1526680 1610
1526690 1606
1526700 1601
1526710 1601
1526720 1596
1526730 1592
1526740 1592
1526750 1586
1526760 1578
1526770 1578
1526780 1568
1526790 1558
1526800 1558
1526810 1546
1526820 1536
1526830 1527
1526840 1527
1526850 1517
1526860 1508
1526870 1508
1526880 1501
1526890 1494
1526900 1494
1526910 1488
1526920 1485
1526930 1485
1526940 1484
1526950 1481
1526960 1481
1526970 1478
1526980 1478
1526990 1478
1527000 1479
1527010 1481
1527020 1482
1527030 1482
1527040 1484
1527050 1485
1527060 1485
1527070 1485
1527080 1486
1527090 1486
1527100 1487
1527110 1489
1527120 1489
1527130 1491
1527140 1494
1527150 1494
1527160 1496
1527170 1499
1527180 1499
1527190 1501
1527200 1501
1527210 1500
1527220 1500
1527230 1498
1527240 1494
1527250 1494
1527260 1488
1527270 1482
1527280 1482
1527290 1477
1527300 1477
1527310 1477
1527320 1479
1527330 1481
1527340 1481
1527350 1481
1527360 1481
1527370 1481
1527380 1480
1527390 1479
1527400 1480
1527410 1480
1527420 1480
1527430 1479
1527440 1479
1527450 1476
1527460 1473
1527470 1473
1527480 1469
1527490 1467
1527500 1467
1527510 1465
1527520 1464
1527530 1464
1527540 1463
1527550 1462
1527560 1462
1527570 1460
1527580 1459
1527590 1458
1527600 1458
1527610 1457
1527620 1457
1527630 1457
1527640 1456
1527650 1455
1527660 1455
1527670 1456
1527680 1455
1527690 1455
1527700 1455
1527710 1454
1527720 1454
1527730 1454
1527740 1456
1527750 1456
1527760 1457
1527770 1457
1527780 1457
1527790 1457
1527800 1456
1527810 1455
1527820 1455
1527830 1456
1527840 1457
1527850 1457
1527860 1457
1527870 1457
1527880 1457
1527890 1458
1527900 1459
1527910 1459
1527920 1460
1527930 1460
1527940 1460
1527950 1459
1527960 1459
1527970 1459
1527980 1459
1527990 1458
1528000 1458
1528010 1458
1528020 1460
1528030 1461
1528040 1461
1528050 1461
1528060 1461
1528070 1461
1528080 1461
1528090 1462
1528100 1462
1528110 1462
1528120 1462
1528130 1462
1528140 1462
1528150 1463
1528160 1462
1528170 1462
1528180 1461
1528190 1463
1528200 1463
1528210 1467
1528220 1470
1528230 1470
1528240 1471
1528250 1471
1528260 1471
1528270 1471
1528280 1472
1528290 1472
1528300 1472
1528310 1472
1528320 1472
1528330 1472
1528340 1472
1528350 1472
1528360 1473
1528370 1475
1528380 1477
1528390 1477
1528400 1479
1528410 1487
1528420 1487
1528430 1488
1528440 1489
1528450 1489
1528460 1490
1528470 1491
1528480 1491
1528490 1492
1528500 1492
1528510 1492
1528520 1492
1528530 1493
1528540 1493
1528550 1493
1528560 1492
1528570 1491
1528580 1491
1528590 1489
1528600 1488
1528610 1488
1528620 1486
1528630 1485
1528640 1485
1528650 1487
1528660 1490
1528670 1490
1528680 1490
1528690 1490
1528700 1490
1528710 1487
1528720 1482
1528730 1482
1528740 1478
1528750 1475
1528760 1472
1528770 1472
1528780 1472
1528790 1473
1528800 1473
1528810 1475
1528820 1476
1528830 1476
1528840 1476
1528850 1477
1528860 1477
1528870 1477
1528880 1476
1528890 1476
1528900 1476
1528910 1476
1528920 1476
1528930 1475
1528940 1475
1528950 1475
1528960 1475
1528970 1474
1528980 1474
1528990 1474
1529000 1473
1529010 1473
1529020 1473
1529030 1469
1529040 1467
1529050 1467
1529060 1466
1529070 1464
1529080 1464
1529090 1462
1529100 1461
1529110 1461
1529120 1459
1529130 1455
1529140 1452
1529150 1452
1529160 1448
1529170 1446
1529180 1446
1529190 1446
1529200 1445
1529210 1445
1529220 1445
1529230 1448
1529240 1448
1529250 1452
1529260 1454
1529270 1454
1529280 1454
1529290 1453
1529300 1453
1529310 1451
1529320 1451
1529330 1451
1529340 1451
1529350 1453
1529360 1454
1529370 1454
1529380 1454
1529390 1454
1529400 1454
1529410 1455
1529420 1455
1529430 1455
1529440 1455
1529450 1455
1529460 1455
1529470 1456
1529480 1456
1529490 1456
1529500 1456
1529510 1455
1529520 1455
1529530 1455
1529540 1455
1529550 1455
1529560 1455
1529570 1456
1529580 1456
1529590 1456
1529600 1456
1529610 1456
1529620 1456
1529630 1456
1529640 1457
1529650 1457
1529660 1458
1529670 1459
1529680 1459
1529690 1459
1529700 1461
1529710 1462
1529720 1462
1529730 1463
1529740 1465
1529750 1465
1529760 1466
1529770 1468
1529780 1468
1529790 1470
1529800 1472
1529810 1472
1529820 1474
1529830 1475
1529840 1475
1529850 1477
1529860 1480
1529870 1480
1529880 1481
1529890 1481
1529900 1481
1529910 1481
1529920 1480
1529930 1480
1529940 1480
1529950 1479
1529960 1479
1529970 1479
1529980 1478
1529990 1478
1530000 1478
1530010 1478
1530020 1478
1530030 1478
1530040 1477
1530050 1477
1530060 1477
1530070 1477
1530080 1479
1530090 1481
1530100 1481
1530110 1483
1530120 1485
1530130 1485
1530140 1487
1530150 1489
1530160 1489
1530170 1492
1530180 1496
1530190 1496
1530200 1502
1530210 1507
1530220 1507
1530230 1510
1530240 1512
1530250 1512
1530260 1513
1530270 1516
1530280 1519
1530290 1519
1530300 1521
1530310 1524
1530320 1524
1530330 1527
1530340 1528
1530350 1528
1530360 1527
1530370 1522
1530380 1522
1530390 1516
1530400 1514
1530410 1514
1530420 1514
1530430 1511
1530440 1511
1530450 1512
1530460 1518
1530470 1526
1530480 1526
1530490 1533
1530500 1540
1530510 1540
1530520 1547
1530530 1555
1530540 1555
1530550 1562
1530560 1568
1530570 1568
1530580 1575
1530590 1581
1530600 1581
1530610 1587
1530620 1594
1530630 1594
1530640 1600
1530650 1607
1530660 1614
1530670 1614
1530680 1620
1530690 1627
1530700 1627
1530710 1634
1530720 1642
1530730 1642
1530740 1647
1530750 1653
1530760 1653
1530770 1657
1530780 1661
1530790 1661
1530800 1665
1530810 1667
1530820 1667
1530830 1671
1530840 1678
1530850 1678
1530860 1684
1530870 1690
1530880 1697
1530890 1697
1530900 1702
1530910 1707
1530920 1707
1530930 1712
1530940 1717
1530950 1717
1530960 1723
1530970 1729
1530980 1729
1530990 1735
1531000 1740
1531010 1740
1531020 1744
1531030 1748
1531040 1748
1531050 1752
1531060 1755
1531070 1758
1531080 1758
1531090 1762
1531100 1765
1531110 1765
1531120 1768
1531130 1770
1531140 1770
1531150 1772
1531160 1774
1531170 1774
1531180 1776
1531190 1777
1531200 1777
1531210 1785
1531220 1786
1531230 1786
1531240 1789
1531250 1790
1531260 1790
1531270 1790
1531280 1790
1531290 1789
1531300 1789
1531310 1790
1531320 1790
1531330 1790
1531340 1790
1531350 1790
1531360 1790
1531370 1790
1531380 1790
1531390 1790
1531400 1791
1531410 1790
1531420 1790
1531430 1787
1531440 1785
1531450 1781
1531460 1781
1531470 1777
1531480 1772
1531490 1772
1531500 1765
1531510 1758
1531520 1758
1531530 1752
1531540 1745
1531550 1745
1531560 1738
1531570 1731
1531580 1731
1531590 1725
1531600 1719
1531610 1719
1531620 1718
1531630 1720
1531640 1722
1531650 1722
1531660 1725
1531670 1726
1531680 1726
1531690 1726
1531700 1725
1531710 1725
1531720 1723
1531730 1721
1531740 1721
1531750 1718
1531760 1715
1531770 1715
1531780 1712
1531790 1711
1531800 1711
1531810 1714
1531820 1718
1531830 1721
1531840 1721
1531850 1725
1531860 1728
1531870 1728
1531880 1729
1531890 1731
1531900 1731
1531910 1733
1531920 1734
1531930 1734
1531940 1735
1531950 1736
1531960 1736
1531970 1736
1531980 1735
1531990 1735
1532000 1735
1532010 1735
1532020 1735
1532030 1735
1532040 1735
1532050 1734
1532060 1734
1532070 1731
1532080 1728
1532090 1728
1532100 1725
1532110 1724
1532120 1724
1532130 1722
1532140 1722
1532150 1722
1532160 1719
1532170 1715
1532180 1715
1532190 1710
1532200 1705
1532210 1700
1532220 1700
1532230 1695
1532240 1689
1532250 1689
1532260 1686
1532270 1687
1532280 1687
1532290 1684
1532300 1680
1532310 1680
1532320 1676
1532330 1673
1532340 1673
1532350 1670
1532360 1664
1532370 1664
1532380 1659
1532390 1655
1532400 1650
1532410 1650
1532420 1645
1532430 1640
1532440 1640
1532450 1636
1532460 1632
1532470 1632
1532480 1628
1532490 1623
1532500 1623
1532510 1618
1532520 1612
1532530 1612
1532540 1612
1532550 1614
1532560 1614
1532570 1618
1532580 1623
1532590 1629
1532600 1629
1532610 1633
1532620 1638
1532630 1638
1532640 1643
1532650 1650
1532660 1650
1532670 1656
1532680 1663
1532690 1663
1532700 1664
1532710 1667
1532720 1667
1532730 1675
1532740 1680
1532750 1680
1532760 1685
1532770 1691
1532780 1695
1532790 1695
1532800 1700
1532810 1705
1532820 1705
1532830 1710
1532840 1715
1532850 1715
1532860 1721
1532870 1726
1532880 1726
1532890 1731
1532900 1737
1532910 1737
1532920 1742
1532930 1747
1532940 1747
1532950 1752
1532960 1758
1532970 1763
1532980 1763
1532990 1767
1533000 1773
1533010 1773
1533020 1778
1533030 1784
1533040 1784
1533050 1791
1533060 1797
1533070 1797
1533080 1804
1533090 1811
1533100 1811
1533110 1819
1533120 1829
1533130 1829
1533140 1838
1533150 1843
1533160 1846
1533170 1846
1533180 1848
1533190 1849
1533200 1849
1533210 1849
1533220 1849
1533230 1849
1533240 1847
1533250 1846
1533260 1846
1533270 1846
1533280 1845
1533290 1845
1533300 1844
1533310 1843
1533320 1843
1533330 1842
1533340 1840
1533350 1840
1533360 1838
1533370 1837
1533380 1834
1533390 1834
1533400 1831
1533410 1828
1533420 1828
1533430 1824
1533440 1821
1533450 1821
1533460 1819
1533470 1816
1533480 1816
1533490 1812
1533500 1807
1533510 1807
1533520 1804
1533530 1804
1533540 1804
1533550 1803
1533560 1801
1533570 1801
1533580 1801
1533590 1802
1533600 1803
1533610 1803
1533620 1803
1533630 1803
1533640 1803
1533650 1803
1533660 1803
1533670 1803
1533680 1802
1533690 1801
1533700 1801
1533710 1800
1533720 1798
1533730 1798
1533740 1796
1533750 1792
1533760 1789
1533770 1789
1533780 1786
1533790 1783
1533800 1783
1533810 1783
1533820 1783
1533830 1783
1533840 1786
1533850 1786
1533860 1786
1533870 1788
1533880 1790
1533890 1790
1533900 1791
1533910 1793
1533920 1793
1533930 1796
1533940 1799
1533950 1799
1533960 1799
1533970 1798
1533980 1793
1533990 1793
1534000 1788
1534010 1783
1534020 1783
1534030 1782
1534040 1777
1534050 1777
1534060 1771
1534070 1766
1534080 1766
1534090 1759
1534100 1754
1534110 1754
1534120 1752
1534130 1751
1534140 1750
1534150 1750
1534160 1747
1534170 1746
1534180 1746
1534190 1745
1534200 1742
1534210 1742
1534220 1738
1534230 1739
1534240 1739
1534250 1749
1534260 1759
1534270 1759
1534280 1766
1534290 1772
1534300 1772
1534310 1775
1534320 1778
1534330 1783
1534340 1783
1534350 1787
1534360 1791
1534370 1791
1534380 1795
1534390 1799
1534400 1799
1534410 1804
1534420 1809
1534430 1809
1534440 1813
1534450 1817
1534460 1817
1534470 1820
1534480 1823
1534490 1823
1534500 1825
1534510 1829
1534520 1831
1534530 1831
1534540 1833
1534550 1833
1534560 1833
1534570 1834
1534580 1835
1534590 1835
1534600 1836
1534610 1837
1534620 1837
1534630 1839
1534640 1840
1534650 1840
1534660 1840
1534670 1841
1534680 1841
1534690 1845
1534700 1848
1534710 1849
1534720 1849
1534730 1849
1534740 1849
1534750 1849
1534760 1849
1534770 1849
1534780 1849
1534790 1848
1534800 1847
1534810 1847
1534820 1847
1534830 1845
1534840 1845
1534850 1843
1534860 1840
1534870 1840
1534880 1836
1534890 1832
1534900 1829
1534910 1829
1534920 1826
1534930 1827
1534940 1827
1534950 1827
1534960 1826
1534970 1826
1534980 1826
1534990 1828
1535000 1828
1535010 1829
1535020 1826
1535030 1826
1535040 1824
1535050 1822
1535060 1822
1535070 1820
1535080 1817
1535090 1814
1535100 1814
1535110 1812
1535120 1810
1535130 1810
1535140 1809
1535150 1809
1535160 1809
1535170 1809
1535180 1808
1535190 1808
1535200 1807
1535210 1803
1535220 1803
1535230 1806
1535240 1807
1535250 1807
1535260 1808
1535270 1808
1535280 1809
1535290 1809
1535300 1811
1535310 1812
1535320 1812
1535330 1813
1535340 1813
1535350 1813
1535360 1812
1535370 1811
1535380 1811
1535390 1811
1535400 1813
1535410 1813
1535420 1815
1535430 1818
1535440 1818
1535450 1819
1535460 1820
1535470 1820
1535480 1820
1535490 1821
1535500 1821
1535510 1821
1535520 1822
1535530 1823
1535540 1823
1535550 1824
1535560 1825
1535570 1825
1535580 1827
1535590 1828
1535600 1828
1535610 1829
1535620 1830
1535630 1830
1535640 1832
1535650 1834
1535660 1836
1535670 1836
1535680 1838
1535690 1840
1535700 1840
1535710 1842
1535720 1845
1535730 1845
1535740 1846
1535750 1846
1535760 1846
1535770 1847
1535780 1849
1535790 1849
1535800 1850
1535810 1852
1535820 1852
1535830 1853
1535840 1854
1535850 1854
1535860 1855
1535870 1857
1535880 1858
1535890 1858
1535900 1858
1535910 1860
1535920 1860
1535930 1861
1535940 1861
1535950 1861
1535960 1862
1535970 1863
1535980 1863
1535990 1864
1536000 1864
1536010 1864
1536020 1866
1536030 1868
1536040 1868
1536050 1869
1536060 1871
1536070 1872
1536080 1872
1536090 1873
1536100 1874
1536110 1874
1536120 1876
1536130 1878
1536140 1878
1536150 1880
1536160 1882
1536170 1882
1536180 1884
1536190 1886
1536200 1886
1536210 1888
1536220 1891
1536230 1891
1536240 1893
1536250 1895
1536260 1896
1536270 1896
1536280 1897
1536290 1899
1536300 1899
1536310 1901
1536320 1903
1536330 1903
1536340 1905
1536350 1909
1536360 1909
1536370 1911
1536380 1914
1536390 1914
1536400 1916
1536410 1919
1536420 1919
1536430 1922
1536440 1926
1536450 1931
1536460 1931
1536470 1935
1536480 1940
1536490 1940
1536500 1945
1536510 1950
1536520 1950
1536530 1955
1536540 1960
1536550 1960
1536560 1963
1536570 1967
1536580 1967
1536590 1971
1536600 1975
1536610 1975
1536620 1980
1536630 1985
1536640 1990
1536650 1990
1536660 1994
1536670 1998
1536680 1998
1536690 2003
1536700 2007
1536710 2007
1536720 2012
1536730 2016
1536740 2016
1536750 2020
1536760 2023
1536770 2023
1536780 2026
1536790 2029
1536800 2029
1536810 2032
1536820 2036
1536830 2040
1536840 2040
1536850 2044
1536860 2047
1536870 2047
1536880 2050
1536890 2053
1536900 2053
1536910 2057
1536920 2061
1536930 2061
1536940 2065
1536950 2070
1536960 2070
1536970 2074
1536980 2079
1536990 2079
1537000 2084
1537010 2090
1537020 2096
1537030 2096
1537040 2102
1537050 2108
1537060 2108
1537070 2115
1537080 2122
1537090 2122
1537100 2129
1537110 2136
1537120 2136
1537130 2143
1537140 2149
1537150 2149
1537160 2155
1537170 2160
1537180 2160
1537190 2165
1537200 2170
1537210 2175
1537220 2175
1537230 2181
1537240 2186
1537250 2186
1537260 2191
1537270 2196
1537280 2196
1537290 2201
1537300 2206
1537310 2206
1537320 2211
1537330 2215
1537340 2215
1537350 2219
1537360 2223
1537370 2223
1537380 2227
1537390 2232
1537400 2236
1537410 2236
1537420 2241
1537430 2244
1537440 2244
1537450 2244
1537460 2236
1537470 2236
1537480 2229
1537490 2218
1537500 2218
1537510 2210
1537520 2201
1537530 2201
1537540 2193
1537550 2186
1537560 2186
1537570 2179
1537580 2173
1537590 2167
1537600 2167
1537610 2160
1537620 2153
1537630 2153
1537640 2147
1537650 2140
1537660 2140
1537670 2133
1537680 2126
1537690 2126
1537700 2119
1537710 2112
1537720 2112
1537730 2106
1537740 2101
1537750 2101
1537760 2096
1537770 2091
1537780 2087
1537790 2087
1537800 2086
1537810 2083
1537820 2083
1537830 2078
1537840 2072
1537850 2072
1537860 2069
1537870 2067
1537880 2067
1537890 2067
1537900 2068
1537910 2068
1537920 2067
1537930 2067
1537940 2067
1537950 2067
1537960 2067
1537970 2068
1537980 2068
1537990 2068
1538000 2069
1538010 2069
1538020 2070
1538030 2073
1538040 2073
1538050 2074
1538060 2075
1538070 2075
1538080 2076
1538090 2076
1538100 2076
1538110 2076
1538120 2075
1538130 2075
1538140 2073
1538150 2071
1538160 2071
1538170 2070
1538180 2068
1538190 2068
1538200 2068
1538210 2068
1538220 2066
1538230 2066
1538240 2065
1538250 2063
1538260 2063
1538270 2058
1538280 2052
1538290 2052
1538300 2048
1538310 2045
1538320 2045
1538330 2044
1538340 2044
1538350 2044
1538360 2045
1538370 2046
1538380 2045
1538390 2045
1538400 2043
1538410 2042
1538420 2042
1538430 2041
1538440 2040
1538450 2040
1538460 2039
1538470 2037
1538480 2037
1538490 2036
1538500 2036
1538510 2036
1538520 2038
1538530 2037
1538540 2037
1538550 2036
1538560 2035
1538570 2032
1538580 2032
1538590 2029
1538600 2027
1538610 2027
1538620 2025
1538630 2022
1538640 2022
1538650 2021
1538660 2022
1538670 2022
1538680 2023
1538690 2025
1538700 2025
1538710 2026
1538720 2027
1538730 2027
1538740 2024
1538750 2023
1538760 2022
1538770 2022
1538780 2020
1538790 2020
1538800 2020
1538810 2020
1538820 2022
1538830 2022
1538840 2023
1538850 2022
1538860 2022
1538870 2017
1538880 2015
1538890 2015
1538900 2013
1538910 2012
1538920 2012
1538930 2012
1538940 2011
1538950 2010
1538960 2010
1538970 2008
1538980 2007
1538990 2007
1539000 2007
1539010 2008
1539020 2008
1539030 2009
1539040 2006
1539050 2006
1539060 2002
1539070 1998
1539080 1998
1539090 1995
1539100 1993
1539110 1993
1539120 1990
1539130 1986
1539140 1981
1539150 1981
1539160 1976
1539170 1971
1539180 1971
1539190 1967
1539200 1963
1539210 1963
1539220 1957
1539230 1950
1539240 1950
1539250 1943
1539260 1938
1539270 1938
1539280 1934
1539290 1931
1539300 1931
1539310 1927
1539320 1923
1539330 1919
1539340 1919
1539350 1915
1539360 1912
1539370 1912
1539380 1907
1539390 1903
1539400 1903
1539410 1900
1539420 1897
1539430 1897
1539440 1895
1539450 1891
1539460 1891
1539470 1885
1539480 1879
1539490 1879
1539500 1875
1539510 1872
1539520 1869
1539530 1869
1539540 1865
1539550 1860
1539560 1860
1539570 1856
1539580 1847
1539590 1847
1539600 1841
1539610 1837
1539620 1837
1539630 1832
1539640 1828
1539650 1828
1539660 1824
1539670 1822
1539680 1822
1539690 1819
1539700 1815
1539710 1810
1539720 1810
1539730 1807
1539740 1803
1539750 1803
1539760 1799
1539770 1795
1539780 1795
1539790 1790
1539800 1784
1539810 1784
1539820 1780
1539830 1775
1539840 1775
1539850 1769
1539860 1762
1539870 1762
1539880 1756
1539890 1748
1539900 1740
1539910 1740
1539920 1734
1539930 1727
1539940 1727
1539950 1721
1539960 1715
1539970 1715
1539980 1709
1539990 1704
