1520000 1508
1520010 1507
1520020 1507
1520030 1511
1520040 1514
1520050 1514
1520060 1516
1520070 1516
1520080 1516
1520090 1516
1520100 1517
1520110 1521
1520120 1521
1520130 1526
1520140 1530
1520150 1530
1520160 1535
1520170 1539
1520180 1539
1520190 1542
1520200 1544
1520210 1544
1520220 1546
1520230 1548
1520240 1548
1520250 1549
1520260 1551
1520270 1551
1520280 1555
1520290 1560
1520300 1564
1520310 1564
1520320 1567
1520330 1570
1520340 1570
1520350 1573
1520360 1576
1520370 1576
1520380 1578
1520390 1580
1520400 1580
1520410 1581
1520420 1581
1520430 1581
1520440 1581
1520450 1581
1520460 1581
1520470 1580
1520480 1579
1520490 1577
1520500 1577
1520510 1574
1520520 1570
1520530 1570
1520540 1567
1520550 1567
1520560 1567
1520570 1567
1520580 1566
1520590 1566
1520600 1566
1520610 1563
1520620 1563
1520630 1561
1520640 1560
1520650 1560
1520660 1558
1520670 1557
1520680 1557
1520690 1557
1520700 1563
1520710 1572
1520720 1572
1520730 1580
1520740 1585
1520750 1585
1520760 1589
1520770 1592
1520780 1592
1520790 1595
1520800 1597
1520810 1597
1520820 1600
1520830 1602
1520840 1602
1520850 1603
1520860 1603
1520870 1603
1520880 1603
1520890 1602
1520900 1602
1520910 1602
1520920 1603
1520930 1606
1520940 1606
1520950 1610
1520960 1612
1520970 1612
1520980 1615
1520990 1621
1521000 1621
1521010 1625
1521020 1627
1521030 1627
1521040 1630
1521050 1632
1521060 1634
1521070 1634
1521080 1636
1521090 1638
1521100 1638
1521110 1640
1521120 1641
1521130 1641
1521140 1643
1521150 1647
1521160 1647
1521170 1650
1521180 1654
1521190 1654
1521200 1659
1521210 1665
1521220 1665
1521230 1669
1521240 1674
1521250 1674
1521260 1678
1521270 1680
1521280 1680
1521290 1680
1521300 1681
1521310 1682
1521320 1682
1521330 1683
1521340 1685
1521350 1685
1521360 1688
1521370 1693
1521380 1693
1521390 1698
1521400 1704
1521410 1704
1521420 1708
1521430 1711
1521440 1711
1521450 1713
1521460 1714
1521470 1715
1521480 1715
1521490 1716
1521500 1717
1521510 1717
1521520 1719
1521530 1720
1521540 1720
1521550 1722
1521560 1725
1521570 1725
1521580 1727
1521590 1730
1521600 1730
1521610 1734
1521620 1736
1521630 1736
1521640 1738
1521650 1740
1521660 1741
1521670 1741
1521680 1743
1521690 1746
1521700 1746
1521710 1749
1521720 1751
1521730 1751
1521740 1756
1521750 1761
1521760 1761
1521770 1765
1521780 1769
1521790 1769
1521800 1774
1521810 1778
1521820 1778
1521830 1782
1521840 1787
1521850 1792
1521860 1792
1521870 1798
1521880 1803
1521890 1803
1521900 1808
1521910 1815
1521920 1815
1521930 1822
1521940 1828
1521950 1828
1521960 1834
1521970 1839
1521980 1839
1521990 1845
1522000 1850
1522010 1850
1522020 1856
1522030 1862
1522040 1867
1522050 1867
1522060 1873
1522070 1878
1522080 1878
1522090 1884
1522100 1890
1522110 1890
1522120 1895
1522130 1901
1522140 1901
1522150 1905
1522160 1910
1522170 1910
1522180 1916
1522190 1923
1522200 1923
1522210 1928
1522220 1933
1522230 1939
1522240 1939
1522250 1945
1522260 1951
1522270 1951
1522280 1957
1522290 1963
1522300 1963
1522310 1968
1522320 1973
1522330 1973
1522340 1979
1522350 1986
1522360 1986
1522370 1992
1522380 1997
1522390 1997
1522400 2003
1522410 2009
1522420 2014
1522430 2014
1522440 2020
1522450 2025
1522460 2025
1522470 2030
1522480 2033
1522490 2033
1522500 2037
1522510 2041
1522520 2041
1522530 2044
1522540 2049
1522550 2049
1522560 2051
1522570 2054
1522580 2054
1522590 2057
1522600 2060
1522610 2064
1522620 2064
1522630 2068
1522640 2073
1522650 2073
1522660 2077
1522670 2080
1522680 2080
1522690 2081
1522700 2083
1522710 2083
1522720 2085
1522730 2086
1522740 2086
1522750 2087
1522760 2088
1522770 2088
1522780 2088
1522790 2088
1522800 2088
1522810 2088
1522820 2087
1522830 2087
1522840 2087
1522850 2088
1522860 2088
1522870 2088
1522880 2089
1522890 2089
1522900 2089
1522910 2087
1522920 2087
1522930 2087
1522940 2086
1522950 2085
1522960 2085
1522970 2084
1522980 2083
1522990 2083
1523000 2083
1523010 2083
1523020 2083
1523030 2083
1523040 2082
1523050 2082
1523060 2082
1523070 2082
1523080 2082
1523090 2082
1523100 2082
1523110 2082
1523120 2082
1523130 2082
1523140 2082
1523150 2082
1523160 2082
1523170 2081
1523180 2081
1523190 2081
1523200 2081
1523210 2080
1523220 2080
1523230 2080
1523240 2079
1523250 2079
1523260 2078
1523270 2076
1523280 2076
1523290 2074
1523300 2072
1523310 2072
1523320 2071
1523330 2069
1523340 2069
1523350 2065
1523360 2061
1523370 2061
1523380 2058
1523390 2055
1523400 2051
1523410 2051
1523420 2047
1523430 2044
1523440 2044
1523450 2041
1523460 2037
1523470 2037
1523480 2034
1523490 2031
1523500 2031
1523510 2028
1523520 2025
1523530 2025
1523540 2021
1523550 2016
1523560 2016
1523570 2011
1523580 2007
1523590 2002
1523600 2002
1523610 1997
1523620 1993
1523630 1993
1523640 1987
1523650 1983
1523660 1983
1523670 1985
1523680 1988
1523690 1988
1523700 1991
1523710 1995
1523720 1995
1523730 1998
1523740 2001
1523750 2001
1523760 2004
1523770 2007
1523780 2009
1523790 2009
1523800 2013
1523810 2016
1523820 2016
1523830 2019
1523840 2022
1523850 2022
1523860 2025
1523870 2029
1523880 2029
1523890 2033
1523900 2036
1523910 2036
1523920 2039
1523930 2041
1523940 2041
1523950 2044
1523960 2046
1523970 2049
1523980 2049
1523990 2052
1524000 2054
1524010 2054
1524020 2056
1524030 2058
1524040 2058
1524050 2059
1524060 2061
1524070 2061
1524080 2063
1524090 2064
1524100 2064
1524110 2066
1524120 2068
1524130 2068
1524140 2069
1524150 2071
1524160 2072
1524170 2072
1524180 2073
1524190 2074
1524200 2074
1524210 2075
1524220 2076
1524230 2076
1524240 2077
1524250 2080
1524260 2080
1524270 2081
1524280 2082
1524290 2082
1524300 2083
1524310 2083
1524320 2083
1524330 2084
1524340 2086
1524350 2088
1524360 2088
1524370 2091
1524380 2092
1524390 2092
1524400 2094
1524410 2094
1524420 2094
1524430 2094
1524440 2094
1524450 2094
1524460 2095
1524470 2096
1524480 2096
1524490 2098
1524500 2100
1524510 2100
1524520 2101
1524530 2102
1524540 2103
1524550 2103
1524560 2104
1524570 2105
1524580 2105
1524590 2106
1524600 2108
1524610 2108
1524620 2109
1524630 2110
1524640 2110
1524650 2110
1524660 2110
1524670 2110
1524680 2110
1524690 2109
1524700 2109
1524710 2109
1524720 2109
1524730 2109
1524740 2109
1524750 2109
1524760 2109
1524770 2109
1524780 2109
1524790 2110
1524800 2110
1524810 2111
1524820 2111
1524830 2111
1524840 2111
1524850 2111
1524860 2111
1524870 2110
1524880 2109
1524890 2109
1524900 2108
1524910 2107
1524920 2107
1524930 2107
1524940 2107
1524950 2106
1524960 2106
1524970 2106
1524980 2106
1524990 2106
1525000 2105
1525010 2104
1525020 2104
1525030 2102
1525040 2102
1525050 2102
1525060 2102
1525070 2102
1525080 2102
1525090 2101
1525100 2100
1525110 2100
1525120 2100
1525130 2100
1525140 2100
1525150 2100
1525160 2100
1525170 2098
1525180 2098
1525190 2096
1525200 2094
1525210 2094
1525220 2093
1525230 2092
1525240 2092
1525250 2092
1525260 2093
1525270 2093
1525280 2093
1525290 2093
1525300 2093
1525310 2091
1525320 2086
1525330 2082
1525340 2082
1525350 2079
1525360 2078
1525370 2078
1525380 2077
1525390 2075
1525400 2075
1525410 2072
1525420 2069
1525430 2069
1525440 2067
1525450 2064
1525460 2064
1525470 2062
1525480 2060
1525490 2060
1525500 2058
1525510 2057
1525520 2055
1525530 2055
1525540 2050
1525550 2045
1525560 2045
1525570 2042
1525580 2038
1525590 2038
1525600 2035
1525610 2032
1525620 2032
1525630 2028
1525640 2024
1525650 2024
1525660 2020
1525670 2014
1525680 2014
1525690 2009
1525700 2003
1525710 1998
1525720 1998
1525730 1992
1525740 1987
1525750 1987
1525760 1982
1525770 1977
1525780 1977
1525790 1971
1525800 1966
1525810 1966
1525820 1962
1525830 1956
1525840 1956
1525850 1949
1525860 1944
1525870 1944
1525880 1938
1525890 1932
1525900 1927
1525910 1927
1525920 1921
1525930 1916
1525940 1916
1525950 1910
1525960 1904
1525970 1904
1525980 1898
1525990 1895
1526000 1895
1526010 1892
1526020 1888
1526030 1888
1526040 1884
1526050 1879
1526060 1879
1526070 1874
1526080 1870
1526090 1866
1526100 1866
1526110 1862
1526120 1860
1526130 1860
1526140 1861
1526150 1862
1526160 1862
1526170 1863
1526180 1863
1526190 1863
1526200 1863
1526210 1864
1526220 1864
1526230 1865
1526240 1865
1526250 1865
1526260 1866
1526270 1865
1526280 1865
1526290 1865
1526300 1867
1526310 1867
1526320 1867
1526330 1866
1526340 1865
1526350 1865
1526360 1867
1526370 1867
1526380 1867
1526390 1868
1526400 1869
1526410 1869
1526420 1870
1526430 1871
1526440 1871
1526450 1874
1526460 1877
1526470 1877
1526480 1881
1526490 1885
1526500 1888
1526510 1888
1526520 1891
1526530 1894
1526540 1894
1526550 1897
1526560 1900
1526570 1900
1526580 1903
1526590 1905
1526600 1905
1526610 1907
1526620 1908
1526630 1908
1526640 1907
1526650 1904
1526660 1904
1526670 1900
1526680 1896
1526690 1893
1526700 1893
1526710 1890
1526720 1888
1526730 1888
1526740 1884
1526750 1880
1526760 1880
1526770 1883
1526780 1885
1526790 1885
1526800 1886
1526810 1887
1526820 1887
1526830 1889
1526840 1892
1526850 1892
1526860 1895
1526870 1898
1526880 1900
1526890 1900
1526900 1902
1526910 1905
1526920 1905
1526930 1907
1526940 1910
1526950 1910
1526960 1914
1526970 1916
1526980 1916
1526990 1918
1527000 1921
1527010 1921
1527020 1924
1527030 1926
1527040 1926
1527050 1929
1527060 1932
1527070 1934
1527080 1934
1527090 1937
1527100 1940
1527110 1940
1527120 1943
1527130 1946
1527140 1946
1527150 1950
1527160 1954
1527170 1954
1527180 1958
1527190 1962
1527200 1962
1527210 1966
1527220 1970
1527230 1970
1527240 1974
1527250 1977
1527260 1980
1527270 1980
1527280 1982
1527290 1985
1527300 1985
1527310 1987
1527320 1991
1527330 1991
1527340 1993
1527350 1995
1527360 1995
1527370 1996
1527380 1997
1527390 1997
1527400 1997
1527410 1998
1527420 1998
1527430 1999
1527440 1999
1527450 1999
1527460 1999
1527470 1999
1527480 1999
1527490 1999
1527500 1997
1527510 1996
1527520 1996
1527530 1993
1527540 1991
1527550 1991
1527560 1990
1527570 1987
1527580 1987
1527590 1985
1527600 1983
1527610 1983
1527620 1982
1527630 1981
1527640 1979
1527650 1979
1527660 1978
1527670 1977
1527680 1977
1527690 1976
1527700 1974
1527710 1974
1527720 1972
1527730 1970
1527740 1970
1527750 1969
1527760 1968
1527770 1968
1527780 1967
1527790 1965
1527800 1965
1527810 1963
1527820 1962
1527830 1963
1527840 1963
1527850 1964
1527860 1964
1527870 1964
1527880 1965
1527890 1967
1527900 1967
1527910 1969
1527920 1971
1527930 1971
1527940 1973
1527950 1975
1527960 1975
1527970 1978
1527980 1981
1527990 1981
1528000 1985
1528010 1987
1528020 1989
1528030 1989
1528040 1990
1528050 1992
1528060 1992
1528070 1994
1528080 1996
1528090 1996
1528100 1997
1528110 1998
1528120 1998
1528130 1997
1528140 1997
1528150 1997
1528160 1996
1528170 1996
1528180 1996
1528190 1995
1528200 1994
1528210 1994
1528220 1994
1528230 1993
1528240 1992
1528250 1992
1528260 1990
1528270 1989
1528280 1989
1528290 1986
1528300 1982
1528310 1982
1528320 1979
1528330 1976
1528340 1976
1528350 1972
1528360 1967
1528370 1967
1528380 1961
1528390 1955
1528400 1955
1528410 1948
1528420 1941
1528430 1935
1528440 1935
1528450 1930
1528460 1925
1528470 1925
1528480 1921
1528490 1917
1528500 1917
1528510 1913
1528520 1911
1528530 1911
1528540 1908
1528550 1905
1528560 1905
1528570 1902
1528580 1898
1528590 1898
1528600 1892
1528610 1887
1528620 1890
1528630 1890
1528640 1893
1528650 1895
1528660 1895
1528670 1894
1528680 1892
1528690 1892
1528700 1891
1528710 1890
1528720 1890
1528730 1893
1528740 1894
1528750 1894
1528760 1894
1528770 1893
1528780 1893
1528790 1890
1528800 1891
1528810 1884
1528820 1884
1528830 1882
1528840 1883
1528850 1883
1528860 1883
1528870 1882
1528880 1882
1528890 1880
1528900 1877
1528910 1877
1528920 1873
1528930 1870
1528940 1870
1528950 1867
1528960 1863
1528970 1863
1528980 1859
1528990 1857
1529000 1853
1529010 1853
1529020 1846
1529030 1845
1529040 1845
1529050 1845
1529060 1847
1529070 1847
1529080 1851
1529090 1855
1529100 1855
1529110 1858
1529120 1861
1529130 1861
1529140 1863
1529150 1866
1529160 1866
1529170 1869
1529180 1873
1529190 1877
1529200 1877
1529210 1878
1529220 1880
1529230 1880
1529240 1889
1529250 1897
1529260 1897
1529270 1903
1529280 1910
1529290 1910
1529300 1916
1529310 1922
1529320 1922
1529330 1929
1529340 1934
1529350 1934
1529360 1939
1529370 1944
1529380 1951
1529390 1951
1529400 1958
1529410 1964
1529420 1964
1529430 1970
1529440 1976
1529450 1976
1529460 1981
1529470 1985
1529480 1985
1529490 1989
1529500 1992
1529510 1992
1529520 1996
1529530 2000
1529540 2000
1529550 2007
1529560 2011
1529570 2014
1529580 2014
1529590 2017
1529600 2020
1529610 2020
1529620 2021
1529630 2021
1529640 2021
1529650 2023
1529660 2024
1529670 2024
1529680 2023
1529690 2021
1529700 2021
1529710 2021
1529720 2020
1529730 2020
1529740 2020
1529750 2020
1529760 2017
1529770 2017
1529780 2019
1529790 2024
1529800 2024
1529810 2025
1529820 2022
1529830 2022
1529840 2019
1529850 2011
1529860 2011
1529870 2004
1529880 1997
1529890 1997
1529900 1991
1529910 1986
1529920 1986
1529930 1981
1529940 1978
1529950 1978
1529960 1973
1529970 1968
1529980 1963
1529990 1963
1530000 1958
1530010 1953
1530020 1953
1530030 1949
1530040 1946
1530050 1946
1530060 1943
1530070 1939
1530080 1939
1530090 1933
1530100 1927
1530110 1927
1530120 1922
1530130 1917
1530140 1917
1530150 1912
1530160 1905
1530170 1899
1530180 1899
1530190 1887
1530200 1880
1530210 1880
1530220 1874
1530230 1869
1530240 1869
1530250 1867
1530260 1866
1530270 1866
1530280 1864
1530290 1862
1530300 1862
1530310 1856
1530320 1847
1530330 1847
1530340 1839
1530350 1822
1530360 1811
1530370 1811
1530380 1795
1530390 1785
1530400 1785
1530410 1777
1530420 1771
1530430 1771
1530440 1767
1530450 1762
1530460 1762
1530470 1756
1530480 1751
1530490 1751
1530500 1748
1530510 1746
1530520 1746
1530530 1745
1530540 1741
1530550 1739
1530560 1739
1530570 1738
1530580 1734
1530590 1734
1530600 1729
1530610 1728
1530620 1728
1530630 1730
1530640 1732
1530650 1732
1530660 1733
1530670 1731
1530680 1731
1530690 1728
1530700 1725
1530710 1725
1530720 1722
1530730 1717
1530740 1715
1530750 1715
1530760 1719
1530770 1727
1530780 1727
1530790 1734
1530800 1741
1530810 1741
1530820 1748
1530830 1755
1530840 1755
1530850 1760
1530860 1765
1530870 1765
1530880 1770
1530890 1775
1530900 1775
1530910 1780
1530920 1781
1530930 1786
1530940 1786
1530950 1794
1530960 1800
1530970 1800
1530980 1807
1530990 1813
1531000 1813
1531010 1820
1531020 1827
1531030 1827
1531040 1834
1531050 1841
1531060 1841
1531070 1850
1531080 1857
1531090 1857
1531100 1863
1531110 1868
1531120 1873
1531130 1873
1531140 1875
1531150 1878
1531160 1878
1531170 1884
1531180 1889
1531190 1889
1531200 1893
1531210 1898
1531220 1898
1531230 1904
1531240 1910
1531250 1910
1531260 1916
1531270 1920
1531280 1920
1531290 1925
1531300 1931
1531310 1939
1531320 1939
1531330 1947
1531340 1955
1531350 1955
1531360 1962
1531370 1969
1531380 1969
1531390 1975
1531400 1982
1531410 1982
1531420 1988
1531430 1994
1531440 1994
1531450 1999
1531460 2004
1531470 2004
1531480 2009
1531490 2012
1531500 2012
1531510 2012
1531520 2010
1531530 2009
1531540 2009
1531550 2006
1531560 2004
1531570 2004
1531580 2004
1531590 2002
1531600 2002
1531610 1999
1531620 1997
1531630 1997
1531640 1994
1531650 1991
1531660 1991
1531670 1989
1531680 1986
1531690 1986
1531700 1983
1531710 1979
1531720 1977
1531730 1977
1531740 1974
1531750 1971
1531760 1971
1531770 1967
1531780 1965
1531790 1965
1531800 1962
1531810 1959
1531820 1959
1531830 1955
1531840 1951
1531850 1951
1531860 1945
1531870 1941
1531880 1941
1531890 1939
1531900 1937
1531910 1935
1531920 1935
1531930 1932
1531940 1928
1531950 1928
1531960 1924
1531970 1921
1531980 1921
1531990 1917
1532000 1914
1532010 1914
1532020 1910
1532030 1906
1532040 1906
1532050 1902
1532060 1897
1532070 1897
1532080 1892
1532090 1888
1532100 1885
1532110 1885
1532120 1882
1532130 1879
1532140 1879
1532150 1875
1532160 1871
1532170 1871
1532180 1867
1532190 1863
1532200 1863
1532210 1857
1532220 1851
1532230 1851
1532240 1844
1532250 1838
1532260 1838
1532270 1832
1532280 1828
1532290 1827
1532300 1827
1532310 1824
1532320 1820
1532330 1820
1532340 1818
1532350 1815
1532360 1815
1532370 1812
1532380 1809
1532390 1809
1532400 1805
1532410 1800
1532420 1800
1532430 1795
1532440 1791
1532450 1791
1532460 1787
1532470 1782
1532480 1778
1532490 1778
1532500 1773
1532510 1768
1532520 1768
1532530 1762
1532540 1756
1532550 1756
1532560 1752
1532570 1747
1532580 1747
1532590 1742
1532600 1739
1532610 1739
1532620 1736
1532630 1731
1532640 1731
1532650 1726
1532660 1721
1532670 1715
1532680 1715
1532690 1711
1532700 1706
1532710 1706
1532720 1702
1532730 1700
1532740 1700
1532750 1701
1532760 1703
1532770 1703
1532780 1705
1532790 1708
1532800 1708
1532810 1711
1532820 1716
1532830 1716
1532840 1721
1532850 1726
1532860 1732
1532870 1732
1532880 1738
1532890 1743
1532900 1743
1532910 1749
1532920 1755
1532930 1755
1532940 1761
1532950 1767
1532960 1767
1532970 1774
1532980 1779
1532990 1779
1533000 1784
1533010 1789
1533020 1789
1533030 1795
1533040 1801
1533050 1807
1533060 1807
1533070 1812
1533080 1816
1533090 1816
1533100 1820
1533110 1824
1533120 1824
1533130 1828
1533140 1831
1533150 1831
1533160 1835
1533170 1839
1533180 1839
1533190 1843
1533200 1847
1533210 1847
1533220 1852
1533230 1855
1533240 1859
1533250 1859
1533260 1863
1533270 1867
1533280 1867
1533290 1871
1533300 1876
1533310 1876
1533320 1880
1533330 1884
1533340 1884
1533350 1886
1533360 1888
1533370 1888
1533380 1890
1533390 1892
1533400 1892
1533410 1894
1533420 1895
1533430 1895
1533440 1895
1533450 1895
1533460 1895
1533470 1895
1533480 1894
1533490 1893
1533500 1893
1533510 1891
1533520 1889
1533530 1889
1533540 1889
1533550 1890
1533560 1890
1533570 1892
1533580 1891
1533590 1891
1533600 1887
1533610 1884
1533620 1884
1533630 1882
1533640 1883
1533650 1885
1533660 1885
1533670 1891
1533680 1896
1533690 1896
1533700 1901
1533710 1905
1533720 1905
1533730 1910
1533740 1915
1533750 1915
1533760 1919
1533770 1921
1533780 1921
1533790 1923
1533800 1926
1533810 1926
1533820 1929
1533830 1933
1533840 1936
1533850 1936
1533860 1939
1533870 1942
1533880 1942
1533890 1945
1533900 1948
1533910 1948
1533920 1952
1533930 1956
1533940 1956
1533950 1960
1533960 1965
1533970 1965
1533980 1972
1533990 1978
1534000 1978
1534010 1985
1534020 1990
1534030 1996
1534040 1996
1534050 2003
1534060 2009
1534070 2009
1534080 2014
1534090 2020
1534100 2020
1534110 2025
1534120 2029
1534130 2029
1534140 2033
1534150 2038
1534160 2038
1534170 2041
1534180 2045
1534190 2045
1534200 2050
1534210 2052
1534220 2053
1534230 2053
1534240 2055
1534250 2055
1534260 2055
1534270 2056
1534280 2056
1534290 2056
1534300 2056
1534310 2056
1534320 2056
1534330 2056
1534340 2056
1534350 2056
1534360 2056
1534370 2056
1534380 2056
1534390 2055
1534400 2054
1534410 2054
1534420 2054
1534430 2053
1534440 2053
1534450 2053
1534460 2053
1534470 2054
1534480 2054
1534490 2055
1534500 2056
1534510 2056
1534520 2057
1534530 2058
1534540 2058
1534550 2059
1534560 2060
1534570 2060
1534580 2061
1534590 2061
1534600 2061
1534610 2061
1534620 2061
1534630 2061
1534640 2061
1534650 2061
1534660 2060
1534670 2060
1534680 2060
1534690 2060
1534700 2060
1534710 2060
1534720 2061
1534730 2061
1534740 2062
1534750 2063
1534760 2063
1534770 2064
1534780 2065
1534790 2065
1534800 2065
1534810 2066
1534820 2067
1534830 2067
1534840 2068
1534850 2069
1534860 2069
1534870 2070
1534880 2071
1534890 2071
1534900 2072
1534910 2072
1534920 2072
1534930 2073
1534940 2074
1534950 2074
1534960 2074
1534970 2075
1534980 2076
1534990 2076
1535000 2077
1535010 2078
1535020 2078
1535030 2079
1535040 2081
1535050 2081
1535060 2082
1535070 2083
1535080 2083
1535090 2084
1535100 2084
1535110 2084
1535120 2085
1535130 2086
1535140 2086
1535150 2086
1535160 2086
1535170 2086
1535180 2087
1535190 2087
1535200 2088
1535210 2088
1535220 2089
1535230 2090
1535240 2090
1535250 2092
1535260 2095
1535270 2095
1535280 2097
1535290 2098
1535300 2098
1535310 2100
1535320 2101
1535330 2101
1535340 2101
1535350 2102
1535360 2102
1535370 2105
1535380 2109
1535390 2111
1535400 2111
1535410 2112
1535420 2111
1535430 2111
1535440 2108
1535450 2105
1535460 2105
1535470 2106
1535480 2110
1535490 2110
1535500 2114
1535510 2117
1535520 2117
1535530 2121
1535540 2124
1535550 2124
1535560 2128
1535570 2134
1535580 2133
1535590 2133
1535600 2133
1535610 2132
1535620 2132
1535630 2127
1535640 2119
1535650 2119
1535660 2118
1535670 2116
1535680 2116
1535690 2114
1535700 2111
1535710 2111
1535720 2109
1535730 2106
1535740 2106
1535750 2104
1535760 2104
1535770 2106
1535780 2106
1535790 2108
1535800 2108
1535810 2108
1535820 2107
1535830 2105
1535840 2105
1535850 2102
1535860 2100
1535870 2100
1535880 2099
1535890 2097
1535900 2097
1535910 2095
1535920 2093
1535930 2093
1535940 2093
1535950 2093
1535960 2092
1535970 2092
1535980 2090
1535990 2086
1536000 2086
1536010 2083
1536020 2078
1536030 2078
1536040 2074
1536050 2071
1536060 2071
1536070 2067
1536080 2062
1536090 2062
1536100 2058
1536110 2056
1536120 2056
1536130 2054
1536140 2052
1536150 2052
1536160 2052
1536170 2052
1536180 2051
1536190 2051
1536200 2050
1536210 2049
1536220 2049
1536230 2049
1536240 2049
1536250 2049
1536260 2049
1536270 2049
1536280 2049
1536290 2048
1536300 2048
1536310 2048
1536320 2048
1536330 2048
1536340 2048
1536350 2048
1536360 2048
1536370 2050
1536380 2050
1536390 2051
1536400 2052
1536410 2052
1536420 2054
1536430 2056
1536440 2056
1536450 2057
1536460 2057
1536470 2057
1536480 2057
1536490 2057
1536500 2057
1536510 2058
1536520 2058
1536530 2059
1536540 2059
1536550 2061
1536560 2063
1536570 2063
1536580 2063
1536590 2063
1536600 2063
1536610 2063
1536620 2063
1536630 2063
1536640 2061
1536650 2059
1536660 2059
1536670 2059
1536680 2057
1536690 2057
1536700 2055
1536710 2054
1536720 2054
1536730 2053
1536740 2052
1536750 2048
1536760 2048
1536770 2044
1536780 2041
1536790 2041
1536800 2038
1536810 2035
1536820 2035
1536830 2032
1536840 2029
1536850 2029
1536860 2025
1536870 2022
1536880 2022
1536890 2020
1536900 2018
1536910 2018
1536920 2013
1536930 2005
1536940 1991
1536950 1991
1536960 1983
1536970 1975
1536980 1975
1536990 1968
1537000 1960
1537010 1960
1537020 1954
1537030 1948
1537040 1948
1537050 1943
1537060 1939
1537070 1939
1537080 1939
1537090 1938
1537100 1938
1537110 1937
1537120 1936
1537130 1936
1537140 1936
1537150 1934
1537160 1933
1537170 1933
1537180 1932
1537190 1930
1537200 1930
1537210 1929
1537220 1929
1537230 1929
1537240 1929
1537250 1930
1537260 1930
1537270 1932
1537280 1934
1537290 1934
1537300 1938
1537310 1945
1537320 1945
1537330 1945
1537340 1943
1537350 1938
1537360 1938
1537370 1935
1537380 1935
1537390 1935
1537400 1935
1537410 1931
1537420 1931
1537430 1932
1537440 1933
1537450 1933
1537460 1935
1537470 1935
1537480 1935
1537490 1935
1537500 1934
1537510 1933
1537520 1933
1537530 1931
1537540 1929
1537550 1929
1537560 1926
1537570 1921
1537580 1921
1537590 1915
1537600 1910
1537610 1910
1537620 1908
1537630 1907
1537640 1907
1537650 1904
1537660 1903
1537670 1903
1537680 1905
1537690 1906
1537700 1904
1537710 1904
1537720 1903
1537730 1907
1537740 1907
1537750 1909
1537760 1910
1537770 1910
1537780 1910
1537790 1912
1537800 1912
1537810 1913
1537820 1911
1537830 1911
1537840 1910
1537850 1910
1537860 1910
1537870 1910
1537880 1911
1537890 1912
1537900 1912
1537910 1912
1537920 1911
1537930 1911
1537940 1911
1537950 1910
1537960 1910
1537970 1910
1537980 1910
1537990 1910
1538000 1910
1538010 1910
1538020 1910
1538030 1908
1538040 1905
1538050 1905
1538060 1904
1538070 1903
1538080 1900
1538090 1900
1538100 1900
1538110 1900
1538120 1900
1538130 1898
1538140 1894
1538150 1894
1538160 1890
1538170 1888
1538180 1888
1538190 1884
1538200 1879
1538210 1879
1538220 1875
1538230 1871
1538240 1871
1538250 1867
1538260 1865
1538270 1859
1538280 1859
1538290 1854
1538300 1850
1538310 1850
1538320 1849
1538330 1851
1538340 1851
1538350 1851
1538360 1849
1538370 1849
1538380 1851
1538390 1852
1538400 1852
1538410 1854
1538420 1860
1538430 1860
1538440 1862
1538450 1864
1538460 1864
1538470 1866
1538480 1867
1538490 1867
1538500 1867
1538510 1869
1538520 1869
1538530 1869
1538540 1868
1538550 1867
1538560 1867
1538570 1868
1538580 1868
1538590 1868
1538600 1868
1538610 1869
1538620 1869
1538630 1869
1538640 1868
1538650 1868
1538660 1868
1538670 1871
1538680 1871
1538690 1871
1538700 1868
1538710 1869
1538720 1869
1538730 1873
1538740 1875
1538750 1875
1538760 1877
1538770 1880
1538780 1880
1538790 1881
1538800 1880
1538810 1880
1538820 1879
1538830 1878
1538840 1878
1538850 1877
1538860 1877
1538870 1877
1538880 1877
1538890 1877
1538900 1875
1538910 1875
1538920 1874
1538930 1873
1538940 1873
1538950 1871
1538960 1870
1538970 1870
1538980 1868
1538990 1867
1539000 1867
1539010 1864
1539020 1864
1539030 1864
1539040 1862
1539050 1861
1539060 1853
1539070 1853
1539080 1851
1539090 1849
1539100 1849
1539110 1845
1539120 1842
1539130 1842
1539140 1838
1539150 1837
1539160 1837
1539170 1834
1539180 1828
1539190 1828
1539200 1821
1539210 1814
1539220 1814
1539230 1808
1539240 1802
1539250 1799
1539260 1799
1539270 1798
1539280 1795
1539290 1795
1539300 1793
1539310 1790
1539320 1790
1539330 1786
1539340 1781
1539350 1781
1539360 1777
1539370 1773
1539380 1773
1539390 1769
1539400 1762
1539410 1762
1539420 1756
1539430 1751
1539440 1747
1539450 1747
1539460 1743
1539470 1739
1539480 1739
1539490 1733
1539500 1728
1539510 1728
1539520 1722
1539530 1717
1539540 1717
1539550 1714
1539560 1712
1539570 1712
1539580 1709
1539590 1707
1539600 1707
1539610 1705
1539620 1702
1539630 1699
1539640 1699
1539650 1696
1539660 1692
1539670 1692
1539680 1689
1539690 1685
1539700 1685
1539710 1683
1539720 1679
1539730 1679
1539740 1676
1539750 1672
1539760 1672
1539770 1669
1539780 1662
1539790 1662
1539800 1655
1539810 1648
1539820 1641
1539830 1641
1539840 1637
1539850 1630
1539860 1630
1539870 1624
1539880 1619
1539890 1619
1539900 1613
1539910 1606
1539920 1606
1539930 1600
1539940 1593
1539950 1593
1539960 1588
1539970 1591
1539980 1591
1539990 1596
