1520000 1627
1520010 1622
1520020 1622
1520030 1617
1520040 1611
1520050 1605
1520060 1605
1520070 1600
1520080 1597
1520090 1597
1520100 1596
1520110 1594
1520120 1594
1520130 1593
1520140 1591
1520150 1591
1520160 1590
1520170 1588
1520180 1588
1520190 1588
1520200 1590
1520210 1590
1520220 1592
1520230 1593
1520240 1595
1520250 1595
1520260 1598
1520270 1603
1520280 1603
1520290 1606
1520300 1607
1520310 1607
1520320 1609
1520330 1614
1520340 1614
1520350 1619
1520360 1621
1520370 1621
1520380 1621
1520390 1620
1520400 1620
1520410 1621
1520420 1623
1520430 1627
1520440 1627
1520450 1633
1520460 1640
1520470 1640
1520480 1647
1520490 1655
1520500 1655
1520510 1665
1520520 1673
1520530 1673
1520540 1680
1520550 1687
1520560 1687
1520570 1693
1520580 1699
1520590 1699
1520600 1705
1520610 1708
1520620 1714
1520630 1714
1520640 1717
1520650 1720
1520660 1720
1520670 1722
1520680 1723
1520690 1723
1520700 1725
1520710 1728
1520720 1728
1520730 1732
1520740 1735
1520750 1735
1520760 1737
1520770 1738
1520780 1738
1520790 1740
1520800 1741
1520810 1741
1520820 1741
1520830 1740
1520840 1738
1520850 1738
1520860 1735
1520870 1734
1520880 1734
1520890 1733
1520900 1733
1520910 1733
1520920 1732
1520930 1732
1520940 1732
1520950 1731
1520960 1731
1520970 1731
1520980 1732
1520990 1733
1521000 1733
1521010 1733
1521020 1734
1521030 1735
1521040 1735
1521050 1734
1521060 1733
1521070 1733
1521080 1730
1521090 1725
1521100 1725
1521110 1721
1521120 1718
1521130 1718
1521140 1716
1521150 1706
1521160 1706
1521170 1703
1521180 1699
1521190 1699
1521200 1695
1521210 1690
1521220 1686
1521230 1686
1521240 1681
1521250 1677
1521260 1677
1521270 1676
1521280 1675
1521290 1675
1521300 1674
1521310 1671
1521320 1671
1521330 1669
1521340 1665
1521350 1665
1521360 1661
1521370 1656
1521380 1656
1521390 1651
1521400 1648
1521410 1645
1521420 1645
1521430 1641
1521440 1638
1521450 1638
1521460 1638
1521470 1638
1521480 1638
1521490 1638
1521500 1637
1521510 1637
1521520 1636
1521530 1633
1521540 1633
1521550 1630
1521560 1627
1521570 1627
1521580 1625
1521590 1624
1521600 1623
1521610 1623
1521620 1622
1521630 1619
1521640 1619
1521650 1615
1521660 1613
1521670 1613
1521680 1612
1521690 1613
1521700 1613
1521710 1615
1521720 1617
1521730 1617
1521740 1618
1521750 1618
1521760 1618
1521770 1618
1521780 1617
1521790 1617
1521800 1614
1521810 1610
1521820 1607
1521830 1607
1521840 1603
1521850 1600
1521860 1600
1521870 1595
1521880 1589
1521890 1589
1521900 1585
1521910 1581
1521920 1581
1521930 1579
1521940 1575
1521950 1575
1521960 1574
1521970 1572
1521980 1572
1521990 1570
1522000 1568
1522010 1566
1522020 1566
1522030 1564
1522040 1560
1522050 1560
1522060 1558
1522070 1555
1522080 1555
1522090 1555
1522100 1557
1522110 1557
1522120 1561
1522130 1566
1522140 1566
1522150 1571
1522160 1576
1522170 1576
1522180 1581
1522190 1587
1522200 1593
1522210 1593
1522220 1599
1522230 1605
1522240 1605
1522250 1610
1522260 1616
1522270 1616
1522280 1622
1522290 1627
1522300 1627
1522310 1632
1522320 1638
1522330 1638
1522340 1643
1522350 1649
1522360 1649
1522370 1654
1522380 1659
1522390 1664
1522400 1664
1522410 1671
1522420 1679
1522430 1679
1522440 1687
1522450 1697
1522460 1697
1522470 1709
1522480 1716
1522490 1716
1522500 1723
1522510 1730
1522520 1730
1522530 1738
1522540 1744
1522550 1744
1522560 1750
1522570 1758
1522580 1764
1522590 1764
1522600 1771
1522610 1777
1522620 1777
1522630 1783
1522640 1788
1522650 1788
1522660 1791
1522670 1793
1522680 1793
1522690 1794
1522700 1795
1522710 1795
1522720 1795
1522730 1795
1522740 1795
1522750 1794
1522760 1793
1522770 1793
1522780 1792
1522790 1791
1522800 1790
1522810 1790
1522820 1788
1522830 1786
1522840 1786
1522850 1783
1522860 1780
1522870 1780
1522880 1777
1522890 1776
1522900 1776
1522910 1775
1522920 1775
1522930 1775
1522940 1774
1522950 1773
1522960 1773
1522970 1772
1522980 1770
1522990 1768
1523000 1768
1523010 1766
1523020 1767
1523030 1767
1523040 1770
1523050 1774
1523060 1774
1523070 1780
1523080 1785
1523090 1785
1523100 1790
1523110 1794
1523120 1794
1523130 1799
1523140 1804
1523150 1804
1523160 1810
1523170 1818
1523180 1826
1523190 1826
1523200 1834
1523210 1841
1523220 1841
1523230 1847
1523240 1853
1523250 1853
1523260 1859
1523270 1866
1523280 1866
1523290 1872
1523300 1876
1523310 1876
1523320 1879
1523330 1883
1523340 1883
1523350 1886
1523360 1890
1523370 1894
1523380 1894
1523390 1898
1523400 1901
1523410 1901
1523420 1903
1523430 1905
1523440 1905
1523450 1908
1523460 1910
1523470 1910
1523480 1913
1523490 1917
1523500 1917
1523510 1922
1523520 1927
1523530 1927
1523540 1933
1523550 1938
1523560 1942
1523570 1942
1523580 1946
1523590 1950
1523600 1950
1523610 1952
1523620 1956
1523630 1956
1523640 1961
1523650 1965
1523660 1965
1523670 1970
1523680 1974
1523690 1974
1523700 1979
1523710 1984
1523720 1984
1523730 1989
1523740 1994
1523750 1994
1523760 1998
1523770 2002
1523780 2006
1523790 2006
1523800 2009
1523810 2010
1523820 2010
1523830 2011
1523840 2010
1523850 2010
1523860 2009
1523870 2007
1523880 2007
1523890 2004
1523900 2001
1523910 2001
1523920 1998
1523930 1995
1523940 1995
1523950 1992
1523960 1987
1523970 1982
1523980 1982
1523990 1977
1524000 1972
1524010 1972
1524020 1967
1524030 1962
1524040 1962
1524050 1958
1524060 1954
1524070 1954
1524080 1951
1524090 1949
1524100 1949
1524110 1948
1524120 1948
1524130 1948
1524140 1946
1524150 1945
1524160 1944
1524170 1944
1524180 1943
1524190 1942
1524200 1942
1524210 1941
1524220 1940
1524230 1940
1524240 1938
1524250 1938
1524260 1938
1524270 1937
1524280 1936
1524290 1936
1524300 1935
1524310 1935
1524320 1935
1524330 1934
1524340 1933
1524350 1932
1524360 1932
1524370 1932
1524380 1932
1524390 1932
1524400 1930
1524410 1928
1524420 1928
1524430 1926
1524440 1925
1524450 1925
1524460 1924
1524470 1922
1524480 1922
1524490 1921
1524500 1920
1524510 1920
1524520 1918
1524530 1917
1524540 1917
1524550 1917
1524560 1916
1524570 1916
1524580 1916
1524590 1915
1524600 1914
1524610 1914
1524620 1914
1524630 1914
1524640 1914
1524650 1914
1524660 1915
1524670 1915
1524680 1916
1524690 1915
1524700 1915
1524710 1916
1524720 1917
1524730 1917
1524740 1917
1524750 1917
1524760 1918
1524770 1918
1524780 1918
1524790 1918
1524800 1918
1524810 1918
1524820 1918
1524830 1918
1524840 1919
1524850 1920
1524860 1920
1524870 1921
1524880 1923
1524890 1923
1524900 1925
1524910 1927
1524920 1927
1524930 1931
1524940 1935
1524950 1937
1524960 1937
1524970 1938
1524980 1939
1524990 1939
1525000 1941
1525010 1943
1525020 1943
1525030 1946
1525040 1950
1525050 1950
1525060 1954
1525070 1957
1525080 1957
1525090 1961
1525100 1964
1525110 1964
1525120 1967
1525130 1970
1525140 1973
1525150 1973
1525160 1978
1525170 1984
1525180 1984
1525190 1992
1525200 2001
1525210 2001
1525220 2008
1525230 2014
1525240 2014
1525250 2020
1525260 2027
1525270 2027
1525280 2033
1525290 2039
1525300 2039
1525310 2045
1525320 2051
1525330 2057
1525340 2057
1525350 2062
1525360 2066
1525370 2066
1525380 2072
1525390 2076
1525400 2076
1525410 2080
1525420 2082
1525430 2082
1525440 2085
1525450 2088
1525460 2088
1525470 2090
1525480 2091
1525490 2091
1525500 2092
1525510 2092
1525520 2092
1525530 2091
1525540 2090
1525550 2088
1525560 2088
1525570 2085
1525580 2083
1525590 2083
1525600 2081
1525610 2078
1525620 2078
1525630 2075
1525640 2074
1525650 2074
1525660 2073
1525670 2073
1525680 2073
1525690 2073
1525700 2072
1525710 2072
1525720 2071
1525730 2071
1525740 2071
1525750 2071
1525760 2071
1525770 2070
1525780 2070
1525790 2069
1525800 2068
1525810 2068
1525820 2066
1525830 2066
1525840 2066
1525850 2066
1525860 2067
1525870 2067
1525880 2069
1525890 2071
1525900 2071
1525910 2073
1525920 2074
1525930 2076
1525940 2076
1525950 2078
1525960 2080
1525970 2080
1525980 2081
1525990 2080
1526000 2080
1526010 2080
1526020 2082
1526030 2082
1526040 2084
1526050 2085
1526060 2085
1526070 2083
1526080 2077
1526090 2077
1526100 2068
1526110 2060
1526120 2055
1526130 2055
1526140 2050
1526150 2045
1526160 2045
1526170 2039
1526180 2035
1526190 2035
1526200 2031
1526210 2027
1526220 2027
1526230 2024
1526240 2020
1526250 2020
1526260 2016
1526270 2012
1526280 2012
1526290 2009
1526300 2007
1526310 2005
1526320 2005
1526330 2003
1526340 2002
1526350 2002
1526360 2000
1526370 1999
1526380 1999
1526390 1998
1526400 1997
1526410 1997
1526420 1998
1526430 1999
1526440 1999
1526450 2000
1526460 2000
1526470 2000
1526480 2001
1526490 2002
1526500 2002
1526510 2003
1526520 2003
1526530 2003
1526540 2003
1526550 2004
1526560 2004
1526570 2004
1526580 2005
1526590 2007
1526600 2007
1526610 2009
1526620 2011
1526630 2011
1526640 2012
1526650 2011
1526660 2011
1526670 2009
1526680 2007
1526690 2007
1526700 2007
1526710 2007
1526720 2004
1526730 2004
1526740 2000
1526750 1995
1526760 1995
1526770 1989
1526780 1986
1526790 1986
1526800 1984
1526810 1981
1526820 1981
1526830 1978
1526840 1974
1526850 1974
1526860 1971
1526870 1966
1526880 1966
1526890 1957
1526900 1949
1526910 1942
1526920 1942
1526930 1935
1526940 1927
1526950 1927
1526960 1919
1526970 1913
1526980 1913
1526990 1907
1527000 1901
1527010 1901
1527020 1897
1527030 1894
1527040 1894
1527050 1891
1527060 1886
1527070 1886
1527080 1883
1527090 1878
1527100 1870
1527110 1870
1527120 1864
1527130 1860
1527140 1860
1527150 1855
1527160 1852
1527170 1852
1527180 1850
1527190 1847
1527200 1847
1527210 1844
1527220 1841
1527230 1841
1527240 1837
1527250 1834
1527260 1834
1527270 1830
1527280 1827
1527290 1823
1527300 1823
1527310 1819
1527320 1815
1527330 1815
1527340 1811
1527350 1808
1527360 1808
1527370 1805
1527380 1802
1527390 1802
1527400 1800
1527410 1797
1527420 1797
1527430 1795
1527440 1793
1527450 1793
1527460 1791
1527470 1788
1527480 1788
1527490 1786
1527500 1782
1527510 1780
1527520 1778
1527530 1781
1527540 1782
1527550 1782
1527560 1782
1527570 1781
1527580 1781
1527590 1781
1527600 1781
1527610 1781
1527620 1781
1527630 1782
1527640 1782
1527650 1781
1527660 1781
1527670 1781
1527680 1781
1527690 1782
1527700 1782
1527710 1782
1527720 1783
1527730 1783
1527740 1783
1527750 1784
1527760 1785
1527770 1785
1527780 1786
1527790 1786
1527800 1786
1527810 1787
1527820 1788
1527830 1788
1527840 1788
1527850 1788
1527860 1788
1527870 1789
1527880 1791
1527890 1794
1527900 1794
1527910 1797
1527920 1800
1527930 1800
1527940 1803
1527950 1806
1527960 1806
1527970 1809
1527980 1813
1527990 1813
1528000 1816
1528010 1819
1528020 1819
1528030 1822
1528040 1825
1528050 1825
1528060 1828
1528070 1833
1528080 1838
1528090 1838
1528100 1841
1528110 1846
1528120 1846
1528130 1852
1528140 1857
1528150 1857
1528160 1862
1528170 1864
1528180 1864
1528190 1866
1528200 1868
1528210 1868
1528220 1867
1528230 1865
1528240 1865
1528250 1863
1528260 1860
1528270 1857
1528280 1857
1528290 1855
1528300 1852
1528310 1852
1528320 1848
1528330 1844
1528340 1844
1528350 1841
1528360 1838
1528370 1838
1528380 1833
1528390 1828
1528400 1828
1528410 1823
1528420 1817
1528430 1817
1528440 1812
1528450 1808
1528460 1808
1528470 1803
1528480 1798
1528490 1794
1528500 1794
1528510 1790
1528520 1787
1528530 1787
1528540 1785
1528550 1782
1528560 1782
1528570 1778
1528580 1775
1528590 1775
1528600 1772
1528610 1768
1528620 1768
1528630 1764
1528640 1760
1528650 1760
1528660 1756
1528670 1751
1528680 1746
1528690 1746
1528700 1743
1528710 1738
1528720 1738
1528730 1731
1528740 1728
1528750 1728
1528760 1732
1528770 1735
1528780 1735
1528790 1740
1528800 1747
1528810 1747
1528820 1754
1528830 1761
1528840 1761
1528850 1771
1528860 1779
1528870 1785
1528880 1785
1528890 1789
1528900 1793
1528910 1793
1528920 1797
1528930 1801
1528940 1801
1528950 1805
1528960 1809
1528970 1809
1528980 1815
1528990 1819
1529000 1819
1529010 1822
1529020 1825
1529030 1825
1529040 1828
1529050 1831
1529060 1833
1529070 1833
1529080 1833
1529090 1833
1529100 1833
1529110 1832
1529120 1832
1529130 1832
1529140 1834
1529150 1840
1529160 1840
1529170 1846
1529180 1851
1529190 1851
1529200 1857
1529210 1862
1529220 1862
1529230 1868
1529240 1874
1529250 1878
1529260 1878
1529270 1883
1529280 1888
1529290 1888
1529300 1893
1529310 1897
1529320 1897
1529330 1902
1529340 1907
1529350 1907
1529360 1911
1529370 1915
1529380 1915
1529390 1919
1529400 1923
1529410 1923
1529420 1927
1529430 1930
1529440 1930
1529450 1933
1529460 1936
1529470 1942
1529480 1942
1529490 1946
1529500 1950
1529510 1950
1529520 1956
1529530 1962
1529540 1962
1529550 1968
1529560 1974
1529570 1974
1529580 1980
1529590 1986
1529600 1986
1529610 1992
1529620 1997
1529630 1997
1529640 2002
1529650 2007
1529660 2013
1529670 2013
1529680 2018
1529690 2025
1529700 2025
1529710 2033
1529720 2040
1529730 2040
1529740 2047
1529750 2054
1529760 2054
1529770 2059
1529780 2065
1529790 2065
1529800 2069
1529810 2074
1529820 2074
1529830 2079
1529840 2085
1529850 2091
1529860 2091
1529870 2096
1529880 2099
1529890 2099
1529900 2103
1529910 2105
1529920 2105
1529930 2107
1529940 2107
1529950 2107
1529960 2107
1529970 2107
1529980 2107
1529990 2105
1530000 2103
1530010 2103
1530020 2101
1530030 2098
1530040 2093
1530050 2093
1530060 2088
1530070 2083
1530080 2083
1530090 2079
1530100 2076
1530110 2076
1530120 2073
1530130 2069
1530140 2069
1530150 2065
1530160 2062
1530170 2062
1530180 2059
1530190 2056
1530200 2056
1530210 2055
1530220 2055
1530230 2055
1530240 2055
1530250 2055
1530260 2054
1530270 2054
1530280 2051
1530290 2052
1530300 2052
1530310 2058
1530320 2061
1530330 2061
1530340 2064
1530350 2065
1530360 2065
1530370 2071
1530380 2068
1530390 2068
1530400 2061
1530410 2056
1530420 2056
1530430 2052
1530440 2048
1530450 2043
1530460 2043
1530470 2038
1530480 2035
1530490 2035
1530500 2031
1530510 2028
1530520 2028
1530530 2024
1530540 2020
1530550 2020
1530560 2017
1530570 2015
1530580 2015
1530590 2012
1530600 2009
1530610 2009
1530620 2006
1530630 2003
1530640 2000
1530650 2000
1530660 1996
1530670 1993
1530680 1993
1530690 1990
1530700 1988
1530710 1988
1530720 1988
1530730 1989
1530740 1989
1530750 1986
1530760 1984
1530770 1984
1530780 1982
1530790 1980
1530800 1980
1530810 1977
1530820 1975
1530830 1973
1530840 1973
1530850 1972
1530860 1970
1530870 1970
1530880 1967
1530890 1965
1530900 1965
1530910 1963
1530920 1961
1530930 1961
1530940 1959
1530950 1958
1530960 1958
1530970 1957
1530980 1955
1530990 1955
1531000 1953
1531010 1951
1531020 1948
1531030 1948
1531040 1945
1531050 1942
1531060 1942
1531070 1941
1531080 1940
1531090 1940
1531100 1940
1531110 1941
1531120 1941
1531130 1942
1531140 1944
1531150 1944
1531160 1946
1531170 1947
1531180 1947
1531190 1949
1531200 1949
1531210 1949
1531220 1949
1531230 1949
1531240 1950
1531250 1950
1531260 1950
1531270 1951
1531280 1951
1531290 1950
1531300 1950
1531310 1950
1531320 1953
1531330 1957
1531340 1957
1531350 1960
1531360 1964
1531370 1964
1531380 1967
1531390 1970
1531400 1970
1531410 1973
1531420 1977
1531430 1979
1531440 1979
1531450 1979
1531460 1979
1531470 1979
1531480 1979
1531490 1977
1531500 1977
1531510 1977
1531520 1977
1531530 1977
1531540 1977
1531550 1977
1531560 1977
1531570 1978
1531580 1978
1531590 1978
1531600 1978
1531610 1979
1531620 1979
1531630 1979
1531640 1980
1531650 1982
1531660 1982
1531670 1984
1531680 1986
1531690 1986
1531700 1988
1531710 1990
1531720 1990
1531730 1992
1531740 1995
1531750 1995
1531760 1997
1531770 2000
1531780 2000
1531790 2003
1531800 2006
1531810 2009
1531820 2009
1531830 2013
1531840 2016
1531850 2016
1531860 2019
1531870 2021
1531880 2021
1531890 2023
1531900 2027
1531910 2027
1531920 2030
1531930 2033
1531940 2033
1531950 2036
1531960 2040
1531970 2040
1531980 2043
1531990 2046
1532000 2049
1532010 2049
1532020 2053
1532030 2057
1532040 2057
1532050 2061
1532060 2065
1532070 2065
1532080 2068
1532090 2072
1532100 2072
1532110 2075
1532120 2080
1532130 2080
1532140 2083
1532150 2086
1532160 2086
1532170 2090
1532180 2092
1532190 2092
1532200 2096
1532210 2099
1532220 2102
1532230 2102
1532240 2104
1532250 2106
1532260 2106
1532270 2109
1532280 2112
1532290 2112
1532300 2114
1532310 2117
1532320 2117
1532330 2119
1532340 2122
1532350 2122
1532360 2125
1532370 2127
1532380 2127
1532390 2129
1532400 2131
1532410 2133
1532420 2133
1532430 2135
1532440 2137
1532450 2137
1532460 2139
1532470 2142
1532480 2142
1532490 2144
1532500 2146
1532510 2146
1532520 2148
1532530 2151
1532540 2151
1532550 2153
1532560 2156
1532570 2156
1532580 2158
1532590 2161
1532600 2163
1532610 2163
1532620 2165
1532630 2168
1532640 2168
1532650 2170
1532660 2172
1532670 2172
1532680 2174
1532690 2176
1532700 2176
1532710 2178
1532720 2179
1532730 2179
1532740 2180
1532750 2181
1532760 2181
1532770 2182
1532780 2182
1532790 2183
1532800 2183
1532810 2183
1532820 2183
1532830 2183
1532840 2182
1532850 2182
1532860 2182
1532870 2182
1532880 2182
1532890 2182
1532900 2180
1532910 2178
1532920 2178
1532930 2176
1532940 2175
1532950 2175
1532960 2172
1532970 2171
1532980 2170
1532990 2170
1533000 2169
1533010 2167
1533020 2167
1533030 2166
1533040 2164
1533050 2164
1533060 2164
1533070 2162
1533080 2162
1533090 2161
1533100 2159
1533110 2159
1533120 2157
1533130 2156
1533140 2156
1533150 2156
1533160 2156
1533170 2156
1533180 2156
1533190 2156
1533200 2158
1533210 2158
1533220 2162
1533230 2167
1533240 2167
1533250 2169
1533260 2172
1533270 2172
1533280 2176
1533290 2181
1533300 2181
1533310 2185
1533320 2189
1533330 2189
1533340 2193
1533350 2197
1533360 2197
1533370 2201
1533380 2205
1533390 2209
1533400 2209
1533410 2214
1533420 2218
1533430 2218
1533440 2220
1533450 2222
1533460 2222
1533470 2225
1533480 2227
1533490 2227
1533500 2228
1533510 2230
1533520 2230
1533530 2231
1533540 2229
1533550 2229
1533560 2225
1533570 2220
1533580 2214
1533590 2214
1533600 2207
1533610 2200
1533620 2200
1533630 2191
1533640 2180
1533650 2180
1533660 2169
1533670 2161
1533680 2161
1533690 2154
1533700 2147
1533710 2147
1533720 2140
1533730 2133
1533740 2133
1533750 2127
1533760 2120
1533770 2112
1533780 2112
1533790 2106
1533800 2099
1533810 2099
1533820 2094
1533830 2089
1533840 2089
1533850 2085
1533860 2082
1533870 2082
1533880 2081
1533890 2079
1533900 2079
1533910 2074
1533920 2071
1533930 2071
1533940 2068
1533950 2066
1533960 2064
1533970 2064
1533980 2063
1533990 2062
1534000 2062
1534010 2061
1534020 2059
1534030 2059
1534040 2058
1534050 2057
1534060 2057
1534070 2057
1534080 2057
1534090 2057
1534100 2057
1534110 2057
1534120 2057
1534130 2058
1534140 2058
1534150 2058
1534160 2058
1534170 2059
1534180 2061
1534190 2061
1534200 2063
1534210 2064
1534220 2064
1534230 2064
1534240 2064
1534250 2064
1534260 2064
1534270 2063
1534280 2063
1534290 2063
1534300 2063
1534310 2063
1534320 2062
1534330 2060
1534340 2060
1534350 2058
1534360 2057
1534370 2056
1534380 2056
1534390 2055
1534400 2055
1534410 2055
1534420 2054
1534430 2054
1534440 2054
1534450 2053
1534460 2052
1534470 2052
1534480 2051
1534490 2049
1534500 2049
1534510 2048
1534520 2046
1534530 2046
1534540 2044
1534550 2042
1534560 2040
1534570 2040
1534580 2038
1534590 2036
1534600 2036
1534610 2033
1534620 2030
1534630 2030
1534640 2028
1534650 2026
1534660 2026
1534670 2025
1534680 2024
1534690 2024
1534700 2022
1534710 2019
1534720 2019
1534730 2017
1534740 2016
1534750 2015
1534760 2015
1534770 2013
1534780 2011
1534790 2011
1534800 2008
1534810 2005
1534820 2005
1534830 2003
1534840 2002
1534850 2002
1534860 1999
1534870 1997
1534880 1997
1534890 1995
1534900 1993
1534910 1993
1534920 1991
1534930 1989
1534940 1987
1534950 1987
1534960 1985
1534970 1983
1534980 1983
1534990 1981
1535000 1979
1535010 1979
1535020 1977
1535030 1976
1535040 1976
1535050 1974
1535060 1973
1535070 1973
1535080 1972
1535090 1970
1535100 1970
1535110 1968
1535120 1966
1535130 1966
1535140 1964
1535150 1963
1535160 1961
1535170 1961
1535180 1960
1535190 1959
1535200 1959
1535210 1959
1535220 1958
1535230 1958
1535240 1959
1535250 1959
1535260 1959
1535270 1960
1535280 1961
1535290 1961
1535300 1963
1535310 1965
1535320 1965
1535330 1967
1535340 1969
1535350 1972
1535360 1972
1535370 1975
1535380 1978
1535390 1978
1535400 1980
1535410 1983
1535420 1983
1535430 1985
1535440 1988
1535450 1988
1535460 1990
1535470 1993
1535480 1993
1535490 1996
1535500 2000
1535510 2000
1535520 2005
1535530 2008
1535540 2015
1535550 2015
1535560 2023
1535570 2030
1535580 2030
1535590 2033
1535600 2034
1535610 2034
1535620 2038
1535630 2043
1535640 2043
1535650 2050
1535660 2058
1535670 2058
1535680 2065
1535690 2073
1535700 2073
1535710 2081
1535720 2089
1535730 2099
1535740 2099
1535750 2107
1535760 2116
1535770 2116
1535780 2124
1535790 2131
1535800 2131
1535810 2140
1535820 2146
1535830 2146
1535840 2151
1535850 2156
1535860 2156
1535870 2161
1535880 2166
1535890 2166
1535900 2169
1535910 2172
1535920 2172
1535930 2176
1535940 2180
1535950 2186
1535960 2186
1535970 2193
1535980 2198
1535990 2198
1536000 2202
1536010 2204
1536020 2204
1536030 2202
1536040 2201
1536050 2201
1536060 2202
1536070 2203
1536080 2203
1536090 2206
1536100 2209
1536110 2209
1536120 2214
1536130 2219
1536140 2223
1536150 2223
1536160 2227
1536170 2228
1536180 2228
1536190 2231
1536200 2232
1536210 2232
1536220 2231
1536230 2230
1536240 2230
1536250 2228
1536260 2226
1536270 2226
1536280 2224
1536290 2222
1536300 2222
1536310 2219
1536320 2216
1536330 2213
1536340 2213
1536350 2210
1536360 2207
1536370 2207
1536380 2205
1536390 2201
1536400 2201
1536410 2200
1536420 2201
1536430 2201
1536440 2204
1536450 2206
1536460 2206
1536470 2208
1536480 2209
1536490 2209
1536500 2211
1536510 2214
1536520 2218
1536530 2218
1536540 2223
1536550 2225
1536560 2225
1536570 2228
1536580 2231
1536590 2231
1536600 2235
1536610 2238
1536620 2238
1536630 2243
1536640 2248
1536650 2248
1536660 2250
1536670 2250
1536680 2250
1536690 2251
1536700 2250
1536710 2249
1536720 2249
1536730 2248
1536740 2246
1536750 2246
1536760 2244
1536770 2241
1536780 2241
1536790 2239
1536800 2237
1536810 2237
1536820 2236
1536830 2236
1536840 2236
1536850 2237
1536860 2235
1536870 2235
1536880 2232
1536890 2229
1536900 2229
1536910 2227
1536920 2225
1536930 2228
1536940 2228
1536950 2230
1536960 2233
1536970 2233
1536980 2235
1536990 2237
1537000 2237
1537010 2238
1537020 2239
1537030 2239
1537040 2239
1537050 2242
1537060 2242
1537070 2245
1537080 2248
1537090 2248
1537100 2251
1537110 2253
1537120 2254
1537130 2254
1537140 2256
1537150 2258
1537160 2258
1537170 2260
1537180 2262
1537190 2262
1537200 2263
1537210 2263
1537220 2263
1537230 2265
1537240 2265
1537250 2265
1537260 2266
1537270 2265
1537280 2265
1537290 2265
1537300 2264
1537310 2259
1537320 2259
1537330 2250
1537340 2244
1537350 2244
1537360 2238
1537370 2233
1537380 2233
1537390 2228
1537400 2224
1537410 2224
1537420 2219
1537430 2216
1537440 2216
1537450 2215
1537460 2213
1537470 2213
1537480 2213
1537490 2214
1537500 2211
1537510 2211
1537520 2208
1537530 2207
1537540 2207
1537550 2204
1537560 2202
1537570 2202
1537580 2200
1537590 2198
1537600 2198
1537610 2197
1537620 2195
1537630 2195
1537640 2193
1537650 2189
1537660 2189
1537670 2182
1537680 2175
1537690 2172
1537700 2172
1537710 2170
1537720 2171
1537730 2171
1537740 2170
1537750 2170
1537760 2170
1537770 2169
1537780 2169
1537790 2169
1537800 2171
1537810 2173
1537820 2173
1537830 2173
1537840 2174
1537850 2174
1537860 2177
1537870 2175
1537880 2175
1537890 2176
1537900 2178
1537910 2179
1537920 2179
1537930 2178
1537940 2179
1537950 2179
1537960 2179
1537970 2180
1537980 2180
1537990 2181
1538000 2180
1538010 2180
1538020 2180
1538030 2178
1538040 2178
1538050 2176
1538060 2173
1538070 2173
1538080 2168
1538090 2164
1538100 2162
1538110 2162
1538120 2158
1538130 2157
1538140 2157
1538150 2157
1538160 2157
1538170 2157
1538180 2158
1538190 2157
1538200 2157
1538210 2157
1538220 2157
1538230 2157
1538240 2156
1538250 2156
1538260 2156
1538270 2155
1538280 2155
1538290 2155
1538300 2155
1538310 2156
1538320 2157
1538330 2157
1538340 2158
1538350 2159
1538360 2159
1538370 2160
1538380 2161
1538390 2161
1538400 2161
1538410 2161
1538420 2161
1538430 2161
1538440 2158
1538450 2158
1538460 2156
1538470 2154
1538480 2153
1538490 2153
1538500 2151
1538510 2146
1538520 2146
1538530 2142
1538540 2140
1538550 2140
1538560 2139
1538570 2137
1538580 2137
1538590 2136
1538600 2132
1538610 2132
1538620 2127
1538630 2123
1538640 2123
1538650 2121
1538660 2118
1538670 2114
1538680 2114
1538690 2109
1538700 2102
1538710 2102
1538720 2096
1538730 2091
1538740 2091
1538750 2085
1538760 2081
1538770 2081
1538780 2073
1538790 2066
1538800 2066
1538810 2059
1538820 2048
1538830 2048
1538840 2043
1538850 2039
1538860 2039
1538870 2036
1538880 2032
1538890 2028
1538900 2028
1538910 2026
1538920 2024
1538930 2024
1538940 2022
1538950 2020
1538960 2020
1538970 2019
1538980 2017
1538990 2017
1539000 2015
1539010 2013
1539020 2013
1539030 2012
1539040 2010
1539050 2010
1539060 2009
1539070 2008
1539080 2007
1539090 2007
1539100 2005
1539110 2004
1539120 2004
1539130 2002
1539140 1999
1539150 1999
1539160 1996
1539170 1993
1539180 1993
1539190 1990
1539200 1988
1539210 1988
1539220 1986
1539230 1985
1539240 1985
1539250 1983
1539260 1982
1539270 1980
1539280 1980
1539290 1979
1539300 1977
1539310 1977
1539320 1976
1539330 1974
1539340 1974
1539350 1972
1539360 1970
1539370 1970
1539380 1968
1539390 1966
1539400 1966
1539410 1964
1539420 1964
1539430 1964
1539440 1962
1539450 1961
1539460 1958
1539470 1958
1539480 1956
1539490 1955
1539500 1955
1539510 1954
1539520 1951
1539530 1951
1539540 1948
1539550 1947
1539560 1947
1539570 1945
1539580 1944
1539590 1944
1539600 1944
1539610 1943
1539620 1943
1539630 1942
1539640 1941
1539650 1941
1539660 1939
1539670 1936
1539680 1934
1539690 1934
1539700 1930
1539710 1927
1539720 1927
1539730 1924
1539740 1921
1539750 1921
1539760 1919
1539770 1917
1539780 1917
1539790 1916
1539800 1915
1539810 1915
1539820 1913
1539830 1912
1539840 1912
1539850 1910
1539860 1908
1539870 1906
1539880 1906
1539890 1905
1539900 1903
1539910 1903
1539920 1901
1539930 1899
1539940 1899
1539950 1897
1539960 1895
1539970 1895
1539980 1893
1539990 1891
