1520000 1286
1520010 1286
1520020 1291
1520030 1295
1520040 1295
1520050 1298
1520060 1301
1520070 1301
1520080 1304
1520090 1305
1520100 1305
1520110 1306
1520120 1307
1520130 1309
1520140 1309
1520150 1310
1520160 1309
1520170 1309
1520180 1309
1520190 1308
1520200 1308
1520210 1308
1520220 1307
1520230 1307
1520240 1307
1520250 1307
1520260 1307
1520270 1307
1520280 1306
1520290 1306
1520300 1306
1520310 1306
1520320 1305
1520330 1305
1520340 1303
1520350 1298
1520360 1298
1520370 1294
1520380 1292
1520390 1292
1520400 1290
1520410 1290
1520420 1290
1520430 1289
1520440 1284
1520450 1284
1520460 1279
1520470 1275
1520480 1275
1520490 1272
1520500 1268
1520510 1263
1520520 1263
1520530 1258
1520540 1251
1520550 1251
1520560 1244
1520570 1239
1520580 1237
1520590 1237
1520600 1245
1520610 1245
1520620 1252
1520630 1257
1520640 1257
1520650 1262
1520660 1267
1520670 1267
1520680 1271
1520690 1275
1520700 1275
1520710 1279
1520720 1284
1520730 1288
1520740 1288
1520750 1292
1520760 1295
1520770 1295
1520780 1298
1520790 1302
1520800 1302
1520810 1308
1520820 1315
1520830 1315
1520840 1319
1520850 1319
1520860 1319
1520870 1319
1520880 1317
1520890 1317
1520900 1315
1520910 1315
1520920 1314
1520930 1314
1520940 1314
1520950 1313
1520960 1313
1520970 1314
1520980 1314
1520990 1314
1521000 1314
1521010 1314
1521020 1314
1521030 1314
1521040 1313
1521050 1313
1521060 1312
1521070 1310
1521080 1310
1521090 1309
1521100 1307
1521110 1303
1521120 1303
1521130 1300
1521140 1297
1521150 1297
1521160 1296
1521170 1296
1521180 1296
1521190 1296
1521200 1296
1521210 1296
1521220 1297
1521230 1299
1521240 1299
1521250 1300
1521260 1300
1521270 1300
1521280 1300
1521290 1297
1521300 1295
1521310 1295
1521320 1293
1521330 1290
1521340 1290
1521350 1287
1521360 1290
1521370 1290
1521380 1298
1521390 1303
1521400 1303
1521410 1310
1521420 1317
1521430 1317
1521440 1323
1521450 1325
1521460 1325
1521470 1327
1521480 1329
1521490 1329
1521500 1331
1521510 1332
1521520 1334
1521530 1334
1521540 1335
1521550 1337
1521560 1337
1521570 1339
1521580 1341
1521590 1341
1521600 1342
1521610 1343
1521620 1343
1521630 1342
1521640 1341
1521650 1341
1521660 1341
1521670 1339
1521680 1339
1521690 1336
1521700 1335
1521710 1336
1521720 1336
1521730 1337
1521740 1338
1521750 1338
1521760 1340
1521770 1341
1521780 1341
1521790 1342
1521800 1344
1521810 1344
1521820 1342
1521830 1342
1521840 1342
1521850 1344
1521860 1345
1521870 1345
1521880 1347
1521890 1350
1521900 1353
1521910 1353
1521920 1355
1521930 1357
1521940 1357
1521950 1359
1521960 1360
1521970 1360
1521980 1361
1521990 1362
1522000 1362
1522010 1364
1522020 1366
1522030 1366
1522040 1369
1522050 1371
1522060 1371
1522070 1373
1522080 1376
1522090 1379
1522100 1379
1522110 1383
1522120 1387
1522130 1387
1522140 1391
1522150 1394
1522160 1394
1522170 1396
1522180 1399
1522190 1399
1522200 1403
1522210 1407
1522220 1407
1522230 1410
1522240 1412
1522250 1412
1522260 1415
1522270 1420
1522280 1420
1522290 1424
1522300 1428
1522310 1433
1522320 1433
1522330 1438
1522340 1443
1522350 1443
1522360 1448
1522370 1453
1522380 1453
1522390 1458
1522400 1461
1522410 1461
1522420 1462
1522430 1463
1522440 1463
1522450 1465
1522460 1467
1522470 1467
1522480 1467
1522490 1466
1522500 1466
1522510 1466
1522520 1468
1522530 1472
1522540 1472
1522550 1475
1522560 1479
1522570 1479
1522580 1483
1522590 1487
1522600 1487
1522610 1491
1522620 1496
1522630 1496
1522640 1500
1522650 1501
1522660 1501
1522670 1503
1522680 1503
1522690 1504
1522700 1504
1522710 1505
1522720 1505
1522730 1505
1522740 1506
1522750 1504
1522760 1504
1522770 1498
1522780 1496
1522790 1496
1522800 1495
1522810 1492
1522820 1492
1522830 1493
1522840 1499
1522850 1499
1522860 1506
1522870 1511
1522880 1517
1522890 1517
1522900 1522
1522910 1527
1522920 1527
1522930 1530
1522940 1532
1522950 1532
1522960 1536
1522970 1540
1522980 1540
1522990 1544
1523000 1548
1523010 1548
1523020 1552
1523030 1556
1523040 1556
1523050 1559
1523060 1561
1523070 1561
1523080 1563
1523090 1565
1523100 1568
1523110 1568
1523120 1572
1523130 1576
1523140 1576
1523150 1580
1523160 1585
1523170 1585
1523180 1589
1523190 1592
1523200 1592
1523210 1594
1523220 1596
1523230 1596
1523240 1598
1523250 1600
1523260 1600
1523270 1601
1523280 1604
1523290 1607
1523300 1607
1523310 1610
1523320 1614
1523330 1614
1523340 1618
1523350 1620
1523360 1620
1523370 1622
1523380 1625
1523390 1625
1523400 1628
1523410 1630
1523420 1630
1523430 1633
1523440 1635
1523450 1635
1523460 1637
1523470 1639
1523480 1642
1523490 1642
1523500 1644
1523510 1646
1523520 1646
1523530 1647
1523540 1647
1523550 1647
1523560 1648
1523570 1649
1523580 1649
1523590 1650
1523600 1650
1523610 1650
1523620 1653
1523630 1655
1523640 1655
1523650 1655
1523660 1654
1523670 1653
1523680 1653
1523690 1653
1523700 1653
1523710 1653
1523720 1654
1523730 1657
1523740 1657
1523750 1659
1523760 1663
1523770 1663
1523780 1669
1523790 1675
1523800 1675
1523810 1679
1523820 1683
1523830 1683
1523840 1687
1523850 1690
1523860 1690
1523870 1694
1523880 1698
1523890 1702
1523900 1702
1523910 1706
1523920 1710
1523930 1710
1523940 1717
1523950 1722
1523960 1722
1523970 1726
1523980 1730
1523990 1730
1524000 1734
1524010 1739
1524020 1739
1524030 1743
1524040 1746
1524050 1746
1524060 1750
1524070 1755
1524080 1760
1524090 1760
1524100 1764
1524110 1766
1524120 1766
1524130 1769
1524140 1772
1524150 1772
1524160 1776
1524170 1781
1524180 1781
1524190 1785
1524200 1791
1524210 1791
1524220 1796
1524230 1801
1524240 1801
1524250 1806
1524260 1811
1524270 1815
1524280 1815
1524290 1820
1524300 1824
1524310 1824
1524320 1828
1524330 1831
1524340 1831
1524350 1834
1524360 1837
1524370 1837
1524380 1841
1524390 1845
1524400 1845
1524410 1850
1524420 1855
1524430 1855
1524440 1859
1524450 1864
1524460 1864
1524470 1869
1524480 1873
1524490 1877
1524500 1877
1524510 1883
1524520 1888
1524530 1888
1524540 1891
1524550 1893
1524560 1893
1524570 1894
1524580 1895
1524590 1895
1524600 1898
1524610 1904
1524620 1904
1524630 1909
1524640 1914
1524650 1914
1524660 1918
1524670 1922
1524680 1929
1524690 1929
1524700 1936
1524710 1942
1524720 1942
1524730 1948
1524740 1954
1524750 1954
1524760 1961
1524770 1966
1524780 1966
1524790 1972
1524800 1977
1524810 1977
1524820 1982
1524830 1987
1524840 1987
1524850 1992
1524860 1997
1524870 2002
1524880 2002
1524890 2006
1524900 2010
1524910 2010
1524920 2014
1524930 2017
1524940 2017
1524950 2020
1524960 2022
1524970 2022
1524980 2024
1524990 2026
1525000 2026
1525010 2028
1525020 2029
1525030 2029
1525040 2030
1525050 2031
1525060 2032
1525070 2032
1525080 2032
1525090 2033
1525100 2033
1525110 2033
1525120 2033
1525130 2033
1525140 2033
1525150 2033
1525160 2033
1525170 2032
1525180 2031
1525190 2031
1525200 2031
1525210 2032
1525220 2032
1525230 2032
1525240 2033
1525250 2033
1525260 2033
1525270 2034
1525280 2035
1525290 2035
1525300 2036
1525310 2038
1525320 2038
1525330 2039
1525340 2041
1525350 2041
1525360 2043
1525370 2044
1525380 2044
1525390 2044
1525400 2043
1525410 2043
1525420 2041
1525430 2038
1525440 2038
1525450 2036
1525460 2034
1525470 2032
1525480 2032
1525490 2030
1525500 2027
1525510 2027
1525520 2024
1525530 2021
1525540 2021
1525550 2017
1525560 2013
1525570 2013
1525580 2009
1525590 2006
1525600 2006
1525610 2004
1525620 2001
1525630 2001
1525640 1997
1525650 1992
1525660 1987
1525670 1987
1525680 1984
1525690 1981
1525700 1981
1525710 1976
1525720 1972
1525730 1972
1525740 1968
1525750 1964
1525760 1964
1525770 1959
1525780 1955
1525790 1955
1525800 1951
1525810 1949
1525820 1949
1525830 1946
1525840 1943
1525850 1940
1525860 1940
1525870 1936
1525880 1934
1525890 1934
1525900 1932
1525910 1930
1525920 1930
1525930 1927
1525940 1923
1525950 1923
1525960 1919
1525970 1915
1525980 1915
1525990 1911
1526000 1907
1526010 1907
1526020 1903
1526030 1900
1526040 1900
1526050 1897
1526060 1893
1526070 1889
1526080 1889
1526090 1883
1526100 1880
1526110 1880
1526120 1880
1526130 1883
1526140 1883
1526150 1885
1526160 1888
1526170 1888
1526180 1891
1526190 1895
1526200 1895
1526210 1899
1526220 1902
1526230 1902
1526240 1904
1526250 1907
1526260 1910
1526270 1910
1526280 1912
1526290 1914
1526300 1914
1526310 1918
1526320 1922
1526330 1922
1526340 1925
1526350 1929
1526360 1929
1526370 1933
1526380 1935
1526390 1935
1526400 1938
1526410 1942
1526420 1942
1526430 1947
1526440 1952
1526450 1957
1526460 1957
1526470 1961
1526480 1964
1526490 1964
1526500 1968
1526510 1974
1526520 1974
1526530 1978
1526540 1982
1526550 1982
1526560 1986
1526570 1989
1526580 1989
1526590 1993
1526600 1995
1526610 1995
1526620 1998
1526630 2000
1526640 2001
1526650 2001
1526660 2001
1526670 2001
1526680 2001
1526690 2002
1526700 2003
1526710 2003
1526720 2005
1526730 2008
1526740 2008
1526750 2011
1526760 2013
1526770 2013
1526780 2015
1526790 2015
1526800 2015
1526810 2016
1526820 2017
1526830 2017
1526840 2018
1526850 2018
1526860 2017
1526870 2017
1526880 2016
1526890 2013
1526900 2013
1526910 2009
1526920 2003
1526930 2003
1526940 1997
1526950 1992
1526960 1992
1526970 1988
1526980 1983
1526990 1983
1527000 1978
1527010 1972
1527020 1972
1527030 1964
1527040 1959
1527050 1953
1527060 1953
1527070 1946
1527080 1939
1527090 1939
1527100 1932
1527110 1926
1527120 1926
1527130 1920
1527140 1913
1527150 1913
1527160 1906
1527170 1900
1527180 1900
1527190 1892
1527200 1883
1527210 1883
1527220 1875
1527230 1869
1527240 1861
1527250 1861
1527260 1855
1527270 1848
1527280 1848
1527290 1842
1527300 1837
1527310 1837
1527320 1831
1527330 1827
1527340 1827
1527350 1823
1527360 1818
1527370 1818
1527380 1813
1527390 1807
1527400 1807
1527410 1801
1527420 1796
1527430 1792
1527440 1792
1527450 1789
1527460 1784
1527470 1784
1527480 1780
1527490 1776
1527500 1776
1527510 1772
1527520 1768
1527530 1768
1527540 1764
1527550 1759
1527560 1759
1527570 1753
1527580 1748
1527590 1748
1527600 1745
1527610 1742
1527620 1742
1527630 1738
1527640 1733
1527650 1729
1527660 1729
1527670 1726
1527680 1722
1527690 1722
1527700 1718
1527710 1713
1527720 1713
1527730 1710
1527740 1706
1527750 1706
1527760 1703
1527770 1700
1527780 1700
1527790 1697
1527800 1693
1527810 1693
1527820 1689
1527830 1685
1527840 1681
1527850 1681
1527860 1677
1527870 1673
1527880 1673
1527890 1669
1527900 1665
1527910 1665
1527920 1661
1527930 1656
1527940 1656
1527950 1652
1527960 1648
1527970 1648
1527980 1644
1527990 1639
1528000 1639
1528010 1634
1528020 1629
1528030 1625
1528040 1625
1528050 1622
1528060 1619
1528070 1619
1528080 1616
1528090 1613
1528100 1613
1528110 1610
1528120 1607
1528130 1607
1528140 1604
1528150 1602
1528160 1602
1528170 1599
1528180 1596
1528190 1596
1528200 1595
1528210 1593
1528220 1591
1528230 1591
1528240 1587
1528250 1582
1528260 1582
1528270 1577
1528280 1574
1528290 1574
1528300 1573
1528310 1575
1528320 1575
1528330 1576
1528340 1580
1528350 1580
1528360 1584
1528370 1588
1528380 1588
1528390 1592
1528400 1596
1528410 1596
1528420 1599
1528430 1601
1528440 1603
1528450 1603
1528460 1606
1528470 1610
1528480 1610
1528490 1613
1528500 1619
1528510 1619
1528520 1626
1528530 1634
1528540 1634
1528550 1639
1528560 1643
1528570 1643
1528580 1647
1528590 1651
1528600 1651
1528610 1654
1528620 1658
1528630 1661
1528640 1661
1528650 1666
1528660 1670
1528670 1670
1528680 1674
1528690 1680
1528700 1680
1528710 1685
1528720 1690
1528730 1690
1528740 1696
1528750 1702
1528760 1702
1528770 1707
1528780 1710
1528790 1710
1528800 1713
1528810 1720
1528820 1728
1528830 1728
1528840 1733
1528850 1736
1528860 1736
1528870 1739
1528880 1742
1528890 1742
1528900 1745
1528910 1748
1528920 1748
1528930 1751
1528940 1754
1528950 1754
1528960 1758
1528970 1761
1528980 1761
1528990 1764
1529000 1766
1529010 1768
1529020 1768
1529030 1770
1529040 1770
1529050 1770
1529060 1770
1529070 1770
1529080 1770
1529090 1776
1529100 1781
1529110 1781
1529120 1782
1529130 1784
1529140 1784
1529150 1785
1529160 1785
1529170 1785
1529180 1785
1529190 1784
1529200 1784
1529210 1786
1529220 1787
1529230 1788
1529240 1788
1529250 1788
1529260 1790
1529270 1790
1529280 1791
1529290 1793
1529300 1793
1529310 1794
1529320 1796
1529330 1796
1529340 1798
1529350 1799
1529360 1799
1529370 1801
1529380 1801
1529390 1801
1529400 1802
1529410 1803
1529420 1803
1529430 1803
1529440 1804
1529450 1804
1529460 1804
1529470 1803
1529480 1803
1529490 1803
1529500 1802
1529510 1802
1529520 1802
1529530 1804
1529540 1807
1529550 1807
1529560 1813
1529570 1819
1529580 1819
1529590 1825
1529600 1830
1529610 1834
1529620 1834
1529630 1839
1529640 1842
1529650 1842
1529660 1847
1529670 1851
1529680 1851
1529690 1855
1529700 1861
1529710 1861
1529720 1867
1529730 1872
1529740 1872
1529750 1879
1529760 1886
1529770 1886
1529780 1893
1529790 1898
1529800 1902
1529810 1902
1529820 1908
1529830 1913
1529840 1913
1529850 1918
1529860 1924
1529870 1924
1529880 1929
1529890 1933
1529900 1933
1529910 1937
1529920 1940
1529930 1940
1529940 1947
1529950 1950
1529960 1950
1529970 1953
1529980 1957
1529990 1957
1530000 1961
1530010 1967
1530020 1972
1530030 1972
1530040 1977
1530050 1982
1530060 1982
1530070 1987
1530080 1991
1530090 1991
1530100 1996
1530110 2000
1530120 2000
1530130 2004
1530140 2008
1530150 2008
1530160 2011
1530170 2013
1530180 2013
1530190 2015
1530200 2015
1530210 2015
1530220 2015
1530230 2014
1530240 2013
1530250 2013
1530260 2009
1530270 2005
1530280 2005
1530290 2001
1530300 1996
1530310 1996
1530320 1990
1530330 1987
1530340 1987
1530350 1986
1530360 1986
1530370 1986
1530380 1986
1530390 1986
1530400 1986
1530410 1986
1530420 1984
1530430 1984
1530440 1984
1530450 1986
1530460 1990
1530470 1990
1530480 1992
1530490 1995
1530500 1995
1530510 1997
1530520 1999
1530530 1999
1530540 2000
1530550 2003
1530560 2003
1530570 2009
1530580 2016
1530590 2017
1530600 2017
1530610 2019
1530620 2024
1530630 2024
1530640 2030
1530650 2036
1530660 2036
1530670 2040
1530680 2044
1530690 2044
1530700 2048
1530710 2051
1530720 2051
1530730 2051
1530740 2052
1530750 2052
1530760 2053
1530770 2054
1530780 2054
1530790 2054
1530800 2054
1530810 2053
1530820 2053
1530830 2052
1530840 2051
1530850 2051
1530860 2050
1530870 2049
1530880 2049
1530890 2049
1530900 2048
1530910 2048
1530920 2047
1530930 2045
1530940 2045
1530950 2043
1530960 2041
1530970 2041
1530980 2038
1530990 2036
1531000 2034
1531010 2034
1531020 2031
1531030 2028
1531040 2028
1531050 2026
1531060 2022
1531070 2022
1531080 2020
1531090 2018
1531100 2018
1531110 2014
1531120 2011
1531130 2011
1531140 2007
1531150 2004
1531160 2004
1531170 2000
1531180 1997
1531190 1995
1531200 1995
1531210 1993
1531220 1991
1531230 1991
1531240 1991
1531250 1989
1531260 1989
1531270 1987
1531280 1984
1531290 1984
1531300 1981
1531310 1977
1531320 1977
1531330 1972
1531340 1964
1531350 1964
1531360 1954
1531370 1947
1531380 1947
1531390 1942
1531400 1938
1531410 1932
1531420 1932
1531430 1926
1531440 1920
1531450 1920
1531460 1914
1531470 1908
1531480 1908
1531490 1903
1531500 1899
1531510 1899
1531520 1895
1531530 1892
1531540 1892
1531550 1890
1531560 1889
1531570 1889
1531580 1889
1531590 1889
1531600 1890
1531610 1890
1531620 1890
1531630 1890
1531640 1890
1531650 1889
1531660 1889
1531670 1889
1531680 1887
1531690 1885
1531700 1885
1531710 1883
1531720 1880
1531730 1880
1531740 1875
1531750 1873
1531760 1873
1531770 1873
1531780 1870
1531790 1868
1531800 1868
1531810 1867
1531820 1866
1531830 1866
1531840 1865
1531850 1864
1531860 1864
1531870 1863
1531880 1862
1531890 1862
1531900 1860
1531910 1859
1531920 1859
1531930 1858
1531940 1857
1531950 1857
1531960 1854
1531970 1851
1531980 1848
1531990 1848
1532000 1846
1532010 1843
1532020 1843
1532030 1838
1532040 1839
1532050 1839
1532060 1843
1532070 1848
1532080 1848
1532090 1852
1532100 1855
1532110 1855
1532120 1859
1532130 1863
1532140 1863
1532150 1866
1532160 1868
1532170 1868
1532180 1870
1532190 1872
1532200 1875
1532210 1875
1532220 1878
1532230 1880
1532240 1880
1532250 1881
1532260 1883
1532270 1883
1532280 1884
1532290 1886
1532300 1886
1532310 1888
1532320 1889
1532330 1889
1532340 1892
1532350 1895
1532360 1895
1532370 1899
1532380 1902
1532390 1906
1532400 1906
1532410 1911
1532420 1916
1532430 1916
1532440 1921
1532450 1927
1532460 1927
1532470 1933
1532480 1938
1532490 1938
1532500 1943
1532510 1947
1532520 1947
1532530 1952
1532540 1958
1532550 1958
1532560 1965
1532570 1972
1532580 1979
1532590 1979
1532600 1987
1532610 1993
1532620 1999
1532630 2004
1532640 2009
1532650 2009
1532660 2014
1532670 2019
1532680 2019
1532690 2025
1532700 2029
1532710 2029
1532720 2034
1532730 2039
1532740 2039
1532750 2044
1532760 2048
1532770 2053
1532780 2053
1532790 2058
1532800 2062
1532810 2062
1532820 2067
1532830 2071
1532840 2071
1532850 2077
1532860 2082
1532870 2082
1532880 2087
1532890 2092
1532900 2092
1532910 2097
1532920 2103
1532930 2103
1532940 2108
1532950 2113
1532960 2113
1532970 2118
1532980 2123
1532990 2128
1533000 2128
1533010 2133
1533020 2137
1533030 2137
1533040 2142
1533050 2146
1533060 2146
1533070 2149
1533080 2153
1533090 2153
1533100 2155
1533110 2158
1533120 2158
1533130 2161
1533140 2164
1533150 2164
1533160 2167
1533170 2169
1533180 2172
1533190 2172
1533200 2175
1533210 2178
1533220 2178
1533230 2181
1533240 2184
1533250 2184
1533260 2187
1533270 2190
1533280 2190
1533290 2192
1533300 2195
1533310 2195
1533320 2198
1533330 2201
1533340 2201
1533350 2203
1533360 2205
1533370 2207
1533380 2207
1533390 2209
1533400 2211
1533410 2211
1533420 2212
1533430 2208
1533440 2208
1533450 2201
1533460 2192
1533470 2192
1533480 2184
1533490 2176
1533500 2176
1533510 2168
1533520 2160
1533530 2160
1533540 2153
1533550 2148
1533560 2145
1533570 2145
1533580 2142
1533590 2131
1533600 2131
1533610 2124
1533620 2118
1533630 2118
1533640 2112
1533650 2106
1533660 2106
1533670 2102
1533680 2098
1533690 2098
1533700 2095
1533710 2089
1533720 2089
1533730 2085
1533740 2081
1533750 2081
1533760 2077
1533770 2072
1533780 2067
1533790 2067
1533800 2064
1533810 2061
1533820 2061
1533830 2060
1533840 2058
1533850 2058
1533860 2056
1533870 2054
1533880 2054
1533890 2052
1533900 2049
1533910 2049
1533920 2047
1533930 2044
1533940 2044
1533950 2040
1533960 2037
1533970 2034
1533980 2034
1533990 2030
1534000 2026
1534010 2026
1534020 2022
1534030 2016
1534040 2016
1534050 2012
1534060 2008
1534070 2008
1534080 2005
1534090 2001
1534100 2001
1534110 1997
1534120 1994
1534130 1994
1534140 1992
1534150 1991
1534160 1989
1534170 1989
1534180 1987
1534190 1984
1534200 1984
1534210 1980
1534220 1975
1534230 1975
1534240 1971
1534250 1968
1534260 1968
1534270 1966
1534280 1964
1534290 1964
1534300 1962
1534310 1959
1534320 1959
1534330 1956
1534340 1952
1534350 1947
1534360 1947
1534370 1942
1534380 1938
1534390 1938
1534400 1934
1534410 1931
1534420 1931
1534430 1926
1534440 1922
1534450 1922
1534460 1917
1534470 1912
1534480 1912
1534490 1907
1534500 1905
1534510 1905
1534520 1903
1534530 1899
1534540 1899
1534550 1893
1534560 1887
1534570 1883
1534580 1883
1534590 1880
1534600 1878
1534610 1878
1534620 1876
1534630 1873
1534640 1873
1534650 1869
1534660 1865
1534670 1865
1534680 1861
1534690 1856
1534700 1856
1534710 1851
1534720 1847
1534730 1847
1534740 1844
1534750 1841
1534760 1840
1534770 1840
1534780 1839
1534790 1838
1534800 1838
1534810 1837
1534820 1835
1534830 1835
1534840 1832
1534850 1830
1534860 1830
1534870 1830
1534880 1831
1534890 1831
1534900 1832
1534910 1833
1534920 1833
1534930 1833
1534940 1833
1534950 1835
1534960 1835
1534970 1836
1534980 1838
1534990 1838
1535000 1839
1535010 1840
1535020 1840
1535030 1843
1535040 1846
1535050 1846
1535060 1848
1535070 1850
1535080 1850
1535090 1852
1535100 1854
1535110 1854
1535120 1857
1535130 1860
1535140 1864
1535150 1864
1535160 1867
1535170 1872
1535180 1872
1535190 1878
1535200 1883
1535210 1883
1535220 1888
1535230 1892
1535240 1892
1535250 1898
1535260 1903
1535270 1903
1535280 1908
1535290 1914
1535300 1914
1535310 1920
1535320 1926
1535330 1926
1535340 1931
1535350 1935
1535360 1940
1535370 1940
1535380 1945
1535390 1949
1535400 1949
1535410 1953
1535420 1958
1535430 1958
1535440 1962
1535450 1966
1535460 1966
1535470 1971
1535480 1978
1535490 1978
1535500 1982
1535510 1986
1535520 1986
1535530 1991
1535540 1995
1535550 1999
1535560 1999
1535570 2003
1535580 2008
1535590 2008
1535600 2013
1535610 2018
1535620 2018
1535630 2024
1535640 2030
1535650 2030
1535660 2037
1535670 2043
1535680 2043
1535690 2047
1535700 2053
1535710 2053
1535720 2059
1535730 2066
1535740 2072
1535750 2072
1535760 2078
1535770 2084
1535780 2084
1535790 2091
1535800 2097
1535810 2097
1535820 2104
1535830 2110
1535840 2110
1535850 2117
1535860 2123
1535870 2123
1535880 2129
1535890 2134
1535900 2134
1535910 2138
1535920 2142
1535930 2142
1535940 2145
1535950 2146
1535960 2143
1535970 2143
1535980 2138
1535990 2134
1536000 2134
1536010 2130
1536020 2126
1536030 2126
1536040 2121
1536050 2116
1536060 2116
1536070 2110
1536080 2104
1536090 2104
1536100 2098
1536110 2093
1536120 2093
1536130 2087
1536140 2082
1536150 2078
1536160 2078
1536170 2076
1536180 2074
1536190 2074
1536200 2072
1536210 2070
1536220 2070
1536230 2068
1536240 2068
1536250 2068
1536260 2067
1536270 2066
1536280 2066
1536290 2066
1536300 2065
1536310 2065
1536320 2065
1536330 2065
1536340 2063
1536350 2063
1536360 2060
1536370 2055
1536380 2055
1536390 2050
1536400 2046
1536410 2046
1536420 2044
1536430 2042
1536440 2042
1536450 2040
1536460 2037
1536470 2037
1536480 2034
1536490 2031
1536500 2031
1536510 2027
1536520 2023
1536530 2020
1536540 2020
1536550 2016
1536560 2012
1536570 2012
1536580 2009
1536590 2005
1536600 2005
1536610 2001
1536620 1997
1536630 1997
1536640 1994
1536650 1990
1536660 1990
1536670 1986
1536680 1986
1536690 1986
1536700 1988
1536710 1990
1536720 1990
1536730 1993
1536740 1991
1536750 1988
1536760 1988
1536770 1985
1536780 1983
1536790 1983
1536800 1981
1536810 1979
1536820 1979
1536830 1977
1536840 1976
1536850 1976
1536860 1975
1536870 1974
1536880 1974
1536890 1973
1536900 1971
1536910 1971
1536920 1970
1536930 1970
1536940 1971
1536950 1971
1536960 1971
1536970 1972
1536980 1972
1536990 1972
1537000 1973
1537010 1973
1537020 1973
1537030 1975
1537040 1975
1537050 1976
1537060 1976
1537070 1976
1537080 1975
1537090 1975
1537100 1975
1537110 1975
1537120 1978
1537130 1980
1537140 1980
1537150 1980
1537160 1978
1537170 1978
1537180 1977
1537190 1978
1537200 1978
1537210 1979
1537220 1980
1537230 1980
1537240 1981
1537250 1982
1537260 1982
1537270 1982
1537280 1985
1537290 1985
1537300 1987
1537310 1987
1537320 1987
1537330 1987
1537340 1988
1537350 1988
1537360 1988
1537370 1989
1537380 1990
1537390 1990
1537400 1991
1537410 1993
1537420 1993
1537430 1992
1537440 1991
1537450 1991
1537460 1993
1537470 1994
1537480 1994
1537490 1994
1537500 1995
1537510 1995
1537520 1996
1537530 1996
1537540 1996
1537550 1996
1537560 1996
1537570 1996
1537580 1996
1537590 1995
1537600 1995
1537610 1995
1537620 1995
1537630 1994
1537640 1994
1537650 1997
1537660 2002
1537670 2002
1537680 2007
1537690 2008
1537700 2008
1537710 2007
1537720 2007
1537730 2007
1537740 2007
1537750 2008
1537760 2011
1537770 2011
1537780 2014
1537790 2017
1537800 2017
1537810 2021
1537820 2026
1537830 2026
1537840 2031
1537850 2036
1537860 2036
1537870 2041
1537880 2046
1537890 2046
1537900 2050
1537910 2054
1537920 2058
1537930 2058
1537940 2062
1537950 2069
1537960 2069
1537970 2077
1537980 2084
1537990 2084
1538000 2090
1538010 2093
1538020 2093
1538030 2097
1538040 2100
1538050 2100
1538060 2103
1538070 2105
1538080 2105
1538090 2108
1538100 2110
1538110 2113
1538120 2113
1538130 2117
1538140 2120
1538150 2120
1538160 2124
1538170 2128
1538180 2128
1538190 2132
1538200 2135
1538210 2135
1538220 2138
1538230 2139
1538240 2139
1538250 2140
1538260 2141
1538270 2141
1538280 2142
1538290 2143
1538300 2143
1538310 2144
1538320 2146
1538330 2147
1538340 2147
1538350 2147
1538360 2147
1538370 2147
1538380 2148
1538390 2150
1538400 2150
1538410 2152
1538420 2154
1538430 2154
1538440 2155
1538450 2156
1538460 2156
1538470 2157
1538480 2157
1538490 2157
1538500 2156
1538510 2156
1538520 2159
1538530 2159
1538540 2161
1538550 2161
1538560 2161
1538570 2161
1538580 2162
1538590 2162
1538600 2164
1538610 2166
1538620 2166
1538630 2166
1538640 2167
1538650 2167
1538660 2169
1538670 2171
1538680 2171
1538690 2173
1538700 2176
1538710 2180
1538720 2180
1538730 2184
1538740 2188
1538750 2188
1538760 2192
1538770 2196
1538780 2196
1538790 2199
1538800 2202
1538810 2202
1538820 2211
1538830 2215
1538840 2215
1538850 2215
1538860 2215
1538870 2215
1538880 2215
1538890 2215
1538900 2215
1538910 2215
1538920 2211
1538930 2207
1538940 2207
1538950 2203
1538960 2199
1538970 2199
1538980 2193
1538990 2183
1539000 2183
1539010 2175
1539020 2168
1539030 2168
1539040 2159
1539050 2149
1539060 2149
1539070 2141
1539080 2132
1539090 2132
1539100 2126
1539110 2120
1539120 2116
1539130 2116
1539140 2114
1539150 2111
1539160 2111
1539170 2107
1539180 2104
1539190 2104
1539200 2101
1539210 2096
1539220 2096
1539230 2092
1539240 2087
1539250 2087
1539260 2082
1539270 2078
1539280 2078
1539290 2076
1539300 2074
1539310 2072
1539320 2072
1539330 2070
1539340 2071
1539350 2071
1539360 2070
1539370 2066
1539380 2066
1539390 2065
1539400 2064
1539410 2064
1539420 2063
1539430 2062
1539440 2062
1539450 2061
1539460 2060
1539470 2060
1539480 2059
1539490 2058
1539500 2058
1539510 2058
1539520 2057
1539530 2056
1539540 2056
1539550 2055
1539560 2055
1539570 2055
1539580 2055
1539590 2054
1539600 2054
1539610 2055
1539620 2055
1539630 2055
1539640 2056
1539650 2056
1539660 2056
1539670 2057
1539680 2057
1539690 2057
1539700 2058
1539710 2058
1539720 2057
1539730 2057
1539740 2056
1539750 2055
1539760 2055
1539770 2054
1539780 2054
1539790 2054
1539800 2052
1539810 2049
1539820 2049
1539830 2047
1539840 2044
1539850 2044
1539860 2041
1539870 2041
1539880 2041
1539890 2041
1539900 2041
1539910 2041
1539920 2041
1539930 2040
1539940 2041
1539950 2041
1539960 2045
1539970 2047
1539980 2047
1539990 2048
