1520000 1778
1520010 1782
1520020 1785
1520030 1785
1520040 1788
1520050 1791
1520060 1791
1520070 1795
1520080 1799
1520090 1799
1520100 1803
1520110 1806
1520120 1806
1520130 1810
1520140 1814
1520150 1817
1520160 1817
1520170 1821
1520180 1826
1520190 1826
1520200 1831
1520210 1836
1520220 1836
1520230 1841
1520240 1845
1520250 1845
1520260 1849
1520270 1854
1520280 1854
1520290 1860
1520300 1864
1520310 1864
1520320 1868
1520330 1872
1520340 1872
1520350 1875
1520360 1879
1520370 1881
1520380 1881
1520390 1882
1520400 1882
1520410 1882
1520420 1883
1520430 1884
1520440 1884
1520450 1885
1520460 1887
1520470 1887
1520480 1893
1520490 1897
1520500 1897
1520510 1902
1520520 1907
1520530 1907
1520540 1912
1520550 1916
1520560 1921
1520570 1921
1520580 1926
1520590 1930
1520600 1930
1520610 1934
1520620 1939
1520630 1939
1520640 1943
1520650 1948
1520660 1948
1520670 1952
1520680 1956
1520690 1956
1520700 1960
1520710 1964
1520720 1964
1520730 1967
1520740 1970
1520750 1970
1520760 1973
1520770 1976
1520780 1979
1520790 1979
1520800 1982
1520810 1986
1520820 1986
1520830 1988
1520840 1991
1520850 1991
1520860 1992
1520870 1993
1520880 1993
1520890 1995
1520900 1997
1520910 1997
1520920 1999
1520930 2000
1520940 2000
1520950 2002
1520960 2004
1520970 2006
1520980 2006
1520990 2008
1521000 2011
1521010 2011
1521020 2013
1521030 2015
1521040 2015
1521050 2016
1521060 2019
1521070 2019
1521080 2021
1521090 2024
1521100 2024
1521110 2026
1521120 2029
1521130 2029
1521140 2031
1521150 2034
1521160 2034
1521170 2037
1521180 2039
1521190 2042
1521200 2042
1521210 2044
1521220 2047
1521230 2047
1521240 2049
1521250 2051
1521260 2051
1521270 2052
1521280 2053
1521290 2053
1521300 2053
1521310 2054
1521320 2054
1521330 2055
1521340 2057
1521350 2057
1521360 2058
1521370 2059
1521380 2060
1521390 2060
1521400 2062
1521410 2063
1521420 2063
1521430 2064
1521440 2065
1521450 2065
1521460 2065
1521470 2064
1521480 2064
1521490 2062
1521500 2059
1521510 2059
1521520 2058
1521530 2057
1521540 2057
1521550 2055
1521560 2054
1521570 2053
1521580 2053
1521590 2052
1521600 2051
1521610 2051
1521620 2049
1521630 2048
1521640 2048
1521650 2046
1521660 2043
1521670 2043
1521680 2040
1521690 2037
1521700 2037
1521710 2035
1521720 2031
1521730 2031
1521740 2029
1521750 2029
1521760 2029
1521770 2028
1521780 2028
1521790 2028
1521800 2028
1521810 2028
1521820 2027
1521830 2027
1521840 2027
1521850 2027
1521860 2027
1521870 2026
1521880 2024
1521890 2024
1521900 2023
1521910 2022
1521920 2022
1521930 2021
1521940 2019
1521950 2019
1521960 2017
1521970 2016
1521980 2014
1521990 2014
1522000 2012
1522010 2010
1522020 2010
1522030 2007
1522040 2004
1522050 2004
1522060 2001
1522070 1998
1522080 1998
1522090 1996
1522100 1994
1522110 1994
1522120 1994
1522130 1993
1522140 1993
1522150 1993
1522160 1991
1522170 1991
1522180 1988
1522190 1986
1522200 1984
1522210 1984
1522220 1979
1522230 1975
1522240 1975
1522250 1972
1522260 1968
1522270 1968
1522280 1965
1522290 1963
1522300 1963
1522310 1961
1522320 1959
1522330 1959
1522340 1957
1522350 1955
1522360 1955
1522370 1953
1522380 1950
1522390 1948
1522400 1948
1522410 1945
1522420 1942
1522430 1942
1522440 1940
1522450 1940
1522460 1940
1522470 1938
1522480 1934
1522490 1934
1522500 1930
1522510 1927
1522520 1927
1522530 1925
1522540 1924
1522550 1924
1522560 1924
1522570 1923
1522580 1923
1522590 1922
1522600 1921
1522610 1920
1522620 1920
1522630 1920
1522640 1918
1522650 1918
1522660 1916
1522670 1913
1522680 1913
1522690 1909
1522700 1906
1522710 1906
1522720 1903
1522730 1900
1522740 1900
1522750 1897
1522760 1894
1522770 1894
1522780 1892
1522790 1889
1522800 1887
1522810 1887
1522820 1884
1522830 1881
1522840 1881
1522850 1879
1522860 1877
1522870 1877
1522880 1875
1522890 1874
1522900 1874
1522910 1872
1522920 1871
1522930 1871
1522940 1870
1522950 1867
1522960 1867
1522970 1865
1522980 1863
1522990 1861
1523000 1861
1523010 1858
1523020 1855
1523030 1855
1523040 1852
1523050 1849
1523060 1849
1523070 1845
1523080 1842
1523090 1842
1523100 1838
1523110 1834
1523120 1834
1523130 1829
1523140 1824
1523150 1824
1523160 1819
1523170 1815
1523180 1815
1523190 1812
1523200 1810
1523210 1808
1523220 1808
1523230 1807
1523240 1806
1523250 1806
1523260 1804
1523270 1803
1523280 1803
1523290 1800
1523300 1797
1523310 1797
1523320 1794
1523330 1792
1523340 1792
1523350 1790
1523360 1788
1523370 1788
1523380 1785
1523390 1782
1523400 1778
1523410 1778
1523420 1776
1523430 1773
1523440 1773
1523450 1772
1523460 1771
1523470 1771
1523480 1769
1523490 1767
1523500 1767
1523510 1767
1523520 1766
1523530 1766
1523540 1765
1523550 1763
1523560 1763
1523570 1761
1523580 1760
1523590 1760
1523600 1758
1523610 1756
1523620 1754
1523630 1754
1523640 1753
1523650 1752
1523660 1752
1523670 1750
1523680 1750
1523690 1750
1523700 1750
1523710 1751
1523720 1751
1523730 1752
1523740 1752
1523750 1752
1523760 1752
1523770 1753
1523780 1753
1523790 1752
1523800 1752
1523810 1751
1523820 1751
1523830 1750
1523840 1749
1523850 1749
1523860 1749
1523870 1748
1523880 1748
1523890 1748
1523900 1747
1523910 1747
1523920 1747
1523930 1746
1523940 1746
1523950 1741
1523960 1739
1523970 1739
1523980 1746
1523990 1751
1524000 1755
1524010 1755
1524020 1758
1524030 1762
1524040 1762
1524050 1767
1524060 1772
1524070 1772
1524080 1776
1524090 1780
1524100 1780
1524110 1784
1524120 1787
1524130 1787
1524140 1790
1524150 1793
1524160 1793
1524170 1797
1524180 1802
1524190 1802
1524200 1809
1524210 1816
1524220 1824
1524230 1824
1524240 1828
1524250 1833
1524260 1833
1524270 1837
1524280 1840
1524290 1840
1524300 1843
1524310 1847
1524320 1847
1524330 1849
1524340 1851
1524350 1851
1524360 1853
1524370 1855
1524380 1855
1524390 1856
1524400 1858
1524410 1860
1524420 1860
1524430 1861
1524440 1862
1524450 1862
1524460 1864
1524470 1865
1524480 1865
1524490 1866
1524500 1868
1524510 1868
1524520 1870
1524530 1871
1524540 1871
1524550 1873
1524560 1875
1524570 1875
1524580 1877
1524590 1879
1524600 1879
1524610 1882
1524620 1884
1524630 1887
1524640 1887
1524650 1890
1524660 1892
1524670 1892
1524680 1894
1524690 1896
1524700 1896
1524710 1897
1524720 1898
1524730 1898
1524740 1900
1524750 1902
1524760 1902
1524770 1903
1524780 1904
1524790 1904
1524800 1906
1524810 1907
1524820 1907
1524830 1907
1524840 1908
1524850 1910
1524860 1910
1524870 1912
1524880 1913
1524890 1913
1524900 1915
1524910 1916
1524920 1916
1524930 1918
1524940 1919
1524950 1919
1524960 1921
1524970 1923
1524980 1923
1524990 1925
1525000 1926
1525010 1926
1525020 1929
1525030 1934
1525040 1938
1525050 1938
1525060 1941
1525070 1945
1525080 1945
1525090 1948
1525100 1951
1525110 1951
1525120 1955
1525130 1958
1525140 1958
1525150 1962
1525160 1965
1525170 1965
1525180 1969
1525190 1972
1525200 1972
1525210 1976
1525220 1978
1525230 1981
1525240 1981
1525250 1983
1525260 1985
1525270 1985
1525280 1987
1525290 1988
1525300 1988
1525310 1990
1525320 1993
1525330 1993
1525340 1995
1525350 1998
1525360 1998
1525370 2000
1525380 2002
1525390 2002
1525400 2003
1525410 2002
1525420 2001
1525430 2001
1525440 2003
1525450 2003
1525460 2003
1525470 2003
1525480 2001
1525490 2001
1525500 2001
1525510 2001
1525520 2001
1525530 2001
1525540 2001
1525550 2001
1525560 2003
1525570 2006
1525580 2006
1525590 2007
1525600 2009
1525610 2009
1525620 2011
1525630 2013
1525640 2015
1525650 2015
1525660 2016
1525670 2018
1525680 2018
1525690 2020
1525700 2021
1525710 2021
1525720 2022
1525730 2022
1525740 2022
1525750 2023
1525760 2024
1525770 2024
1525780 2026
1525790 2028
1525800 2028
1525810 2031
1525820 2035
1525830 2039
1525840 2039
1525850 2045
1525860 2051
1525870 2051
1525880 2055
1525890 2056
1525900 2056
1525910 2059
1525920 2062
1525930 2062
1525940 2065
1525950 2066
1525960 2066
1525970 2067
1525980 2072
1525990 2072
1526000 2075
1526010 2076
1526020 2076
1526030 2077
1526040 2079
1526050 2080
1526060 2080
1526070 2083
1526080 2086
1526090 2086
1526100 2087
1526110 2087
1526120 2087
1526130 2088
1526140 2090
1526150 2090
1526160 2093
1526170 2095
1526180 2095
1526190 2095
1526200 2097
1526210 2097
1526220 2098
1526230 2099
1526240 2101
1526250 2101
1526260 2102
1526270 2101
1526280 2101
1526290 2099
1526300 2099
1526310 2099
1526320 2102
1526330 2104
1526340 2104
1526350 2104
1526360 2104
1526370 2104
1526380 2104
1526390 2103
1526400 2103
1526410 2102
1526420 2101
1526430 2103
1526440 2103
1526450 2106
1526460 2108
1526470 2108
1526480 2110
1526490 2111
1526500 2111
1526510 2113
1526520 2115
1526530 2115
1526540 2119
1526550 2121
1526560 2121
1526570 2121
1526580 2120
1526590 2120
1526600 2120
1526610 2121
1526620 2121
1526630 2122
1526640 2123
1526650 2124
1526660 2124
1526670 2125
1526680 2126
1526690 2126
1526700 2126
1526710 2126
1526720 2126
1526730 2127
1526740 2129
1526750 2129
1526760 2129
1526770 2127
1526780 2127
1526790 2124
1526800 2121
1526810 2121
1526820 2118
1526830 2116
1526840 2114
1526850 2114
1526860 2112
1526870 2110
1526880 2110
1526890 2108
1526900 2107
1526910 2107
1526920 2106
1526930 2104
1526940 2104
1526950 2102
1526960 2101
1526970 2101
1526980 2100
1526990 2099
1527000 2099
1527010 2099
1527020 2098
1527030 2098
1527040 2096
1527050 2094
1527060 2094
1527070 2094
1527080 2096
1527090 2097
1527100 2097
1527110 2098
1527120 2098
1527130 2098
1527140 2099
1527150 2100
1527160 2100
1527170 2101
1527180 2102
1527190 2102
1527200 2102
1527210 2103
1527220 2103
1527230 2104
1527240 2105
1527250 2106
1527260 2106
1527270 2108
1527280 2109
1527290 2109
1527300 2110
1527310 2112
1527320 2112
1527330 2114
1527340 2117
1527350 2117
1527360 2118
1527370 2117
1527380 2117
1527390 2117
1527400 2117
1527410 2117
1527420 2117
1527430 2119
1527440 2119
1527450 2121
1527460 2123
1527470 2127
1527480 2127
1527490 2130
1527500 2134
1527510 2134
1527520 2139
1527530 2144
1527540 2144
1527550 2146
1527560 2148
1527570 2148
1527580 2148
1527590 2149
1527600 2149
1527610 2151
1527620 2151
1527630 2151
1527640 2151
1527650 2152
1527660 2153
1527670 2153
1527680 2153
1527690 2151
1527700 2151
1527710 2150
1527720 2149
1527730 2149
1527740 2149
1527750 2151
1527760 2151
1527770 2153
1527780 2154
1527790 2154
1527800 2154
1527810 2154
1527820 2154
1527830 2154
1527840 2154
1527850 2155
1527860 2155
1527870 2157
1527880 2159
1527890 2159
1527900 2161
1527910 2162
1527920 2162
1527930 2162
1527940 2162
1527950 2162
1527960 2164
1527970 2166
1527980 2166
1527990 2168
1528000 2170
1528010 2170
1528020 2171
1528030 2172
1528040 2172
1528050 2172
1528060 2172
1528070 2172
1528080 2172
1528090 2172
1528100 2171
1528110 2171
1528120 2170
1528130 2170
1528140 2170
1528150 2172
1528160 2175
1528170 2175
1528180 2178
1528190 2181
1528200 2181
1528210 2184
1528220 2187
1528230 2187
1528240 2188
1528250 2187
1528260 2186
1528270 2186
1528280 2183
1528290 2179
1528300 2179
1528310 2175
1528320 2170
1528330 2170
1528340 2165
1528350 2160
1528360 2160
1528370 2156
1528380 2152
1528390 2152
1528400 2147
1528410 2143
1528420 2143
1528430 2138
1528440 2134
1528450 2134
1528460 2131
1528470 2127
1528480 2124
1528490 2124
1528500 2121
1528510 2118
1528520 2118
1528530 2116
1528540 2114
1528550 2114
1528560 2113
1528570 2110
1528580 2110
1528590 2107
1528600 2104
1528610 2104
1528620 2101
1528630 2098
1528640 2098
1528650 2094
1528660 2092
1528670 2089
1528680 2089
1528690 2087
1528700 2083
1528710 2083
1528720 2079
1528730 2075
1528740 2075
1528750 2073
1528760 2072
1528770 2072
1528780 2071
1528790 2071
1528800 2071
1528810 2071
1528820 2071
1528830 2071
1528840 2070
1528850 2070
1528860 2070
1528870 2070
1528880 2069
1528890 2068
1528900 2068
1528910 2068
1528920 2067
1528930 2067
1528940 2066
1528950 2065
1528960 2065
1528970 2064
1528980 2064
1528990 2064
1529000 2064
1529010 2064
1529020 2064
1529030 2064
1529040 2064
1529050 2064
1529060 2065
1529070 2068
1529080 2071
1529090 2071
1529100 2074
1529110 2077
1529120 2077
1529130 2080
1529140 2080
1529150 2080
1529160 2084
1529170 2087
1529180 2087
1529190 2091
1529200 2095
1529210 2095
1529220 2100
1529230 2104
1529240 2104
1529250 2107
1529260 2111
1529270 2114
1529280 2114
1529290 2118
1529300 2122
1529310 2122
1529320 2126
1529330 2130
1529340 2130
1529350 2134
1529360 2138
1529370 2138
1529380 2141
1529390 2145
1529400 2145
1529410 2149
1529420 2152
1529430 2152
1529440 2151
1529450 2151
1529460 2151
1529470 2154
1529480 2155
1529490 2155
1529500 2155
1529510 2154
1529520 2155
1529530 2155
1529540 2156
1529550 2157
1529560 2157
1529570 2158
1529580 2159
1529590 2159
1529600 2159
1529610 2159
1529620 2159
1529630 2158
1529640 2156
1529650 2156
1529660 2153
1529670 2150
1529680 2146
1529690 2146
1529700 2142
1529710 2140
1529720 2140
1529730 2137
1529740 2136
1529750 2136
1529760 2135
1529770 2133
1529780 2133
1529790 2130
1529800 2129
1529810 2129
1529820 2128
1529830 2127
1529840 2127
1529850 2125
1529860 2122
1529870 2122
1529880 2118
1529890 2115
1529900 2113
1529910 2113
1529920 2111
1529930 2109
1529940 2109
1529950 2105
1529960 2104
1529970 2104
1529980 2103
1529990 2102
1530000 2102
1530010 2102
1530020 2100
1530030 2100
1530040 2099
1530050 2097
1530060 2097
1530070 2095
1530080 2093
1530090 2092
1530100 2092
1530110 2091
1530120 2089
1530130 2089
1530140 2088
1530150 2087
1530160 2087
1530170 2086
1530180 2084
1530190 2084
1530200 2083
1530210 2082
1530220 2082
1530230 2081
1530240 2079
1530250 2079
1530260 2078
1530270 2076
1530280 2075
1530290 2075
1530300 2074
1530310 2074
1530320 2074
1530330 2074
1530340 2074
1530350 2074
1530360 2073
1530370 2072
1530380 2072
1530390 2071
1530400 2070
1530410 2070
1530420 2071
1530430 2070
1530440 2070
1530450 2069
1530460 2069
1530470 2069
1530480 2069
1530490 2068
1530500 2067
1530510 2067
1530520 2066
1530530 2065
1530540 2065
1530550 2064
1530560 2063
1530570 2063
1530580 2063
1530590 2063
1530600 2063
1530610 2063
1530620 2063
1530630 2063
1530640 2063
1530650 2062
1530660 2062
1530670 2061
1530680 2060
1530690 2060
1530700 2060
1530710 2059
1530720 2059
1530730 2059
1530740 2059
1530750 2058
1530760 2058
1530770 2058
1530780 2058
1530790 2058
1530800 2058
1530810 2059
1530820 2059
1530830 2059
1530840 2060
1530850 2060
1530860 2061
1530870 2061
1530880 2061
1530890 2063
1530900 2064
1530910 2065
1530920 2065
1530930 2066
1530940 2066
1530950 2066
1530960 2067
1530970 2068
1530980 2068
1530990 2069
1531000 2069
1531010 2069
1531020 2070
1531030 2070
1531040 2070
1531050 2070
1531060 2070
1531070 2070
1531080 2070
1531090 2069
1531100 2068
1531110 2068
1531120 2067
1531130 2064
1531140 2064
1531150 2061
1531160 2058
1531170 2058
1531180 2055
1531190 2052
1531200 2052
1531210 2048
1531220 2045
1531230 2045
1531240 2043
1531250 2042
1531260 2042
1531270 2042
1531280 2041
1531290 2036
1531300 2036
1531310 2033
1531320 2029
1531330 2029
1531340 2025
1531350 2020
1531360 2020
1531370 2014
1531380 2006
1531390 2006
1531400 2000
1531410 1992
1531420 1992
1531430 1986
1531440 1980
1531450 1980
1531460 1975
1531470 1971
1531480 1971
1531490 1967
1531500 1963
1531510 1959
1531520 1959
1531530 1955
1531540 1951
1531550 1951
1531560 1948
1531570 1946
1531580 1946
1531590 1943
1531600 1941
1531610 1941
1531620 1938
1531630 1936
1531640 1936
1531650 1933
1531660 1931
1531670 1931
1531680 1929
1531690 1927
1531700 1924
1531710 1924
1531720 1922
1531730 1919
1531740 1919
1531750 1916
1531760 1913
1531770 1913
1531780 1910
1531790 1906
1531800 1906
1531810 1902
1531820 1897
1531830 1897
1531840 1894
1531850 1892
1531860 1892
1531870 1890
1531880 1887
1531890 1887
1531900 1880
1531910 1877
1531920 1872
1531930 1872
1531940 1868
1531950 1862
1531960 1862
1531970 1857
1531980 1852
1531990 1852
1532000 1846
1532010 1840
1532020 1840
1532030 1834
1532040 1827
1532050 1827
1532060 1821
1532070 1815
1532080 1815
1532090 1810
1532100 1804
1532110 1798
1532120 1798
1532130 1793
1532140 1789
1532150 1789
1532160 1784
1532170 1780
1532180 1780
1532190 1776
1532200 1772
1532210 1772
1532220 1767
1532230 1763
1532240 1763
1532250 1759
1532260 1756
1532270 1756
1532280 1752
1532290 1748
1532300 1748
1532310 1745
1532320 1742
1532330 1739
1532340 1739
1532350 1736
1532360 1733
1532370 1733
1532380 1730
1532390 1727
1532400 1727
1532410 1725
1532420 1723
1532430 1723
1532440 1721
1532450 1719
1532460 1719
1532470 1717
1532480 1715
1532490 1715
1532500 1714
1532510 1714
1532520 1713
1532530 1713
1532540 1713
1532550 1712
1532560 1712
1532570 1712
1532580 1712
1532590 1712
1532600 1713
1532610 1713
1532620 1713
1532630 1714
1532640 1715
1532650 1715
1532660 1715
1532670 1716
1532680 1716
1532690 1717
1532700 1718
1532710 1719
1532720 1719
1532730 1720
1532740 1721
1532750 1721
1532760 1723
1532770 1725
1532780 1725
1532790 1727
1532800 1729
1532810 1729
1532820 1731
1532830 1733
1532840 1733
1532850 1736
1532860 1738
1532870 1738
1532880 1742
1532890 1745
1532900 1745
1532910 1748
1532920 1750
1532930 1753
1532940 1753
1532950 1756
1532960 1760
1532970 1760
1532980 1764
1532990 1768
1533000 1768
1533010 1772
1533020 1776
1533030 1776
1533040 1780
1533050 1785
1533060 1785
1533070 1791
1533080 1798
1533090 1798
1533100 1803
1533110 1808
1533120 1813
1533130 1813
1533140 1817
1533150 1821
1533160 1821
1533170 1825
1533180 1829
1533190 1829
1533200 1832
1533210 1836
1533220 1836
1533230 1841
1533240 1847
1533250 1847
1533260 1853
1533270 1858
1533280 1858
1533290 1863
1533300 1868
1533310 1868
1533320 1872
1533330 1877
1533340 1881
1533350 1881
1533360 1886
1533370 1890
1533380 1890
1533390 1895
1533400 1899
1533410 1899
1533420 1902
1533430 1906
1533440 1906
1533450 1909
1533460 1913
1533470 1913
1533480 1916
1533490 1918
1533500 1918
1533510 1919
1533520 1922
1533530 1924
1533540 1924
1533550 1926
1533560 1927
1533570 1927
1533580 1929
1533590 1932
1533600 1932
1533610 1933
1533620 1934
1533630 1934
1533640 1936
1533650 1936
1533660 1936
1533670 1937
1533680 1939
1533690 1939
1533700 1939
1533710 1939
1533720 1939
1533730 1938
1533740 1938
1533750 1938
1533760 1938
1533770 1937
1533780 1938
1533790 1938
1533800 1938
1533810 1939
1533820 1939
1533830 1939
1533840 1939
1533850 1939
1533860 1942
1533870 1945
1533880 1945
1533890 1947
1533900 1950
1533910 1950
1533920 1953
1533930 1956
1533940 1958
1533950 1958
1533960 1960
1533970 1962
1533980 1962
1533990 1964
1534000 1966
1534010 1966
1534020 1968
1534030 1970
1534040 1970
1534050 1972
1534060 1973
1534070 1973
1534080 1974
1534090 1975
1534100 1975
1534110 1976
1534120 1977
1534130 1977
1534140 1977
1534150 1976
1534160 1974
1534170 1974
1534180 1973
1534190 1976
1534200 1976
1534210 1981
1534220 1987
1534230 1987
1534240 1992
1534250 1997
1534260 1997
1534270 2002
1534280 2006
1534290 2006
1534300 2011
1534310 2015
1534320 2015
1534330 2018
1534340 2020
1534350 2023
1534360 2023
1534370 2026
1534380 2029
1534390 2029
1534400 2032
1534410 2035
1534420 2035
1534430 2039
1534440 2042
1534450 2042
1534460 2045
1534470 2049
1534480 2049
1534490 2052
1534500 2054
1534510 2054
1534520 2058
1534530 2062
1534540 2066
1534550 2066
1534560 2070
1534570 2073
1534580 2073
1534590 2076
1534600 2082
1534610 2082
1534620 2086
1534630 2089
1534640 2089
1534650 2092
1534660 2095
1534670 2095
1534680 2099
1534690 2103
1534700 2103
1534710 2107
1534720 2114
1534730 2114
1534740 2120
1534750 2126
1534760 2133
1534770 2133
1534780 2139
1534790 2142
1534800 2142
1534810 2144
1534820 2148
1534830 2148
1534840 2154
1534850 2160
1534860 2160
1534870 2164
1534880 2168
1534890 2168
1534900 2174
1534910 2180
1534920 2180
1534930 2184
1534940 2187
1534950 2189
1534960 2189
1534970 2191
1534980 2194
1534990 2194
1535000 2201
1535010 2207
1535020 2207
1535030 2212
1535040 2219
1535050 2219
1535060 2226
1535070 2232
1535080 2232
1535090 2236
1535100 2240
1535110 2240
1535120 2245
1535130 2249
1535140 2252
1535150 2252
1535160 2254
1535170 2251
1535180 2251
1535190 2248
1535200 2243
1535210 2243
1535220 2237
1535230 2232
1535240 2232
1535250 2226
1535260 2222
1535270 2222
1535280 2218
1535290 2214
1535300 2214
1535310 2211
1535320 2206
1535330 2206
1535340 2198
1535350 2191
1535360 2185
1535370 2185
1535380 2178
1535390 2171
1535400 2171
1535410 2165
1535420 2162
1535430 2162
1535440 2159
1535450 2157
1535460 2157
1535470 2154
1535480 2151
1535490 2151
1535500 2147
1535510 2144
1535520 2144
1535530 2142
1535540 2141
1535550 2140
1535560 2140
1535570 2137
1535580 2135
1535590 2135
1535600 2133
1535610 2131
1535620 2131
1535630 2127
1535640 2124
1535650 2124
1535660 2120
1535670 2117
1535680 2117
1535690 2117
1535700 2116
1535710 2116
1535720 2115
1535730 2113
1535740 2113
1535750 2112
1535760 2110
1535770 2108
1535780 2108
1535790 2107
1535800 2104
1535810 2104
1535820 2102
1535830 2100
1535840 2100
1535850 2097
1535860 2096
1535870 2096
1535880 2094
1535890 2092
1535900 2092
1535910 2090
1535920 2089
1535930 2089
1535940 2088
1535950 2087
1535960 2086
1535970 2086
1535980 2084
1535990 2083
1536000 2083
1536010 2081
1536020 2080
1536030 2080
1536040 2079
1536050 2077
1536060 2077
1536070 2076
1536080 2075
1536090 2075
1536100 2074
1536110 2072
1536120 2072
1536130 2070
1536140 2068
1536150 2068
1536160 2068
1536170 2068
1536180 2067
1536190 2067
1536200 2066
1536210 2065
1536220 2065
1536230 2064
1536240 2063
1536250 2063
1536260 2061
1536270 2060
1536280 2060
1536290 2059
1536300 2058
1536310 2058
1536320 2058
1536330 2057
1536340 2057
1536350 2057
1536360 2056
1536370 2055
1536380 2055
1536390 2055
1536400 2054
1536410 2054
1536420 2053
1536430 2053
1536440 2053
1536450 2052
1536460 2050
1536470 2050
1536480 2048
1536490 2047
1536500 2047
1536510 2047
1536520 2046
1536530 2046
1536540 2046
1536550 2045
1536560 2044
1536570 2044
1536580 2044
1536590 2043
1536600 2043
1536610 2043
1536620 2042
1536630 2042
1536640 2042
1536650 2041
1536660 2041
1536670 2040
1536680 2039
1536690 2039
1536700 2039
1536710 2039
1536720 2039
1536730 2038
1536740 2038
1536750 2038
1536760 2037
1536770 2036
1536780 2035
1536790 2035
1536800 2034
1536810 2033
1536820 2033
1536830 2032
1536840 2031
1536850 2031
1536860 2031
1536870 2030
1536880 2030
1536890 2029
1536900 2027
1536910 2027
1536920 2027
1536930 2027
1536940 2027
1536950 2026
1536960 2027
1536970 2028
1536980 2030
1536990 2031
1537000 2032
1537010 2032
1537020 2033
1537030 2033
1537040 2033
1537050 2032
1537060 2033
1537070 2033
1537080 2033
1537090 2033
1537100 2033
1537110 2033
1537120 2032
1537130 2032
1537140 2032
1537150 2030
1537160 2030
1537170 2028
1537180 2027
1537190 2027
1537200 2027
1537210 2026
1537220 2025
1537230 2025
1537240 2024
1537250 2023
1537260 2023
1537270 2022
1537280 2021
1537290 2021
1537300 2019
1537310 2018
1537320 2018
1537330 2017
1537340 2016
1537350 2016
1537360 2013
1537370 2011
1537380 2008
1537390 2008
1537400 2003
1537410 2000
1537420 2000
1537430 1997
1537440 1993
1537450 1993
1537460 1990
1537470 1988
1537480 1988
1537490 1984
1537500 1981
1537510 1981
1537520 1975
1537530 1970
1537540 1970
1537550 1968
1537560 1964
1537570 1961
1537580 1961
1537590 1958
1537600 1956
1537610 1956
1537620 1954
1537630 1952
1537640 1952
1537650 1950
1537660 1948
1537670 1948
1537680 1946
1537690 1945
1537700 1945
1537710 1944
1537720 1942
1537730 1942
1537740 1941
1537750 1938
1537760 1938
1537770 1935
1537780 1931
1537790 1927
1537800 1927
1537810 1922
1537820 1917
1537830 1917
1537840 1914
1537850 1909
1537860 1909
1537870 1903
1537880 1896
1537890 1896
1537900 1889
1537910 1883
1537920 1883
1537930 1876
1537940 1867
1537950 1867
1537960 1856
1537970 1844
1537980 1836
1537990 1836
1538000 1829
1538010 1821
1538020 1821
1538030 1811
1538040 1798
1538050 1798
1538060 1788
1538070 1781
1538080 1781
1538090 1774
1538100 1769
1538110 1769
1538120 1763
1538130 1757
1538140 1757
1538150 1751
1538160 1746
1538170 1746
1538180 1741
1538190 1737
1538200 1734
1538210 1734
1538220 1729
1538230 1725
1538240 1725
1538250 1720
1538260 1716
1538270 1716
1538280 1712
1538290 1708
1538300 1708
1538310 1703
1538320 1700
1538330 1700
1538340 1696
1538350 1691
1538360 1691
1538370 1685
1538380 1678
1538390 1671
1538400 1671
1538410 1665
1538420 1660
1538430 1660
1538440 1655
1538450 1650
1538460 1650
1538470 1644
1538480 1641
1538490 1641
1538500 1638
1538510 1634
1538520 1634
1538530 1630
1538540 1626
1538550 1626
1538560 1621
1538570 1618
1538580 1618
1538590 1615
1538600 1611
1538610 1608
1538620 1608
1538630 1604
1538640 1599
1538650 1599
1538660 1599
1538670 1604
1538680 1604
1538690 1608
1538700 1610
1538710 1610
1538720 1613
1538730 1616
1538740 1616
1538750 1618
1538760 1621
1538770 1621
1538780 1624
1538790 1627
1538800 1630
1538810 1630
1538820 1634
1538830 1637
1538840 1637
1538850 1641
1538860 1643
1538870 1643
1538880 1645
1538890 1648
1538900 1648
1538910 1652
1538920 1657
1538930 1657
1538940 1664
1538950 1671
1538960 1671
1538970 1680
1538980 1692
1538990 1704
1539000 1704
1539010 1710
1539020 1715
1539030 1715
1539040 1721
1539050 1728
1539060 1728
1539070 1733
1539080 1738
1539090 1738
1539100 1744
1539110 1752
1539120 1752
1539130 1760
1539140 1769
1539150 1769
1539160 1777
1539170 1785
1539180 1785
1539190 1793
1539200 1803
1539210 1814
1539220 1814
1539230 1824
1539240 1828
1539250 1828
1539260 1833
1539270 1839
1539280 1839
1539290 1845
1539300 1850
1539310 1850
1539320 1845
1539330 1845
1539340 1836
1539350 1840
1539360 1844
1539370 1844
1539380 1851
1539390 1857
1539400 1868
1539410 1868
1539420 1873
1539430 1876
1539440 1876
1539450 1875
1539460 1876
1539470 1876
1539480 1882
1539490 1885
1539500 1885
1539510 1890
1539520 1892
1539530 1892
1539540 1894
1539550 1901
1539560 1901
1539570 1913
1539580 1926
1539590 1926
1539600 1938
1539610 1951
1539620 1962
1539630 1962
1539640 1971
1539650 1981
1539660 1981
1539670 1996
1539680 2011
1539690 2011
1539700 2022
1539710 2029
1539720 2029
1539730 2030
1539740 2031
1539750 2031
1539760 2035
1539770 2038
1539780 2038
1539790 2041
1539800 2044
1539810 2049
1539820 2049
1539830 2053
1539840 2059
1539850 2059
1539860 2062
1539870 2064
1539880 2064
1539890 2068
1539900 2073
1539910 2073
1539920 2081
1539930 2086
1539940 2086
1539950 2090
1539960 2093
1539970 2093
1539980 2096
1539990 2099
