1520000 1993
1520010 1992
1520020 1992
1520030 1992
1520040 1992
1520050 1991
1520060 1991
1520070 1991
1520080 1990
1520090 1989
1520100 1989
1520110 1988
1520120 1987
1520130 1987
1520140 1985
1520150 1983
1520160 1983
1520170 1981
1520180 1978
1520190 1978
1520200 1974
1520210 1969
1520220 1969
1520230 1966
1520240 1965
1520250 1965
1520260 1964
1520270 1962
1520280 1961
1520290 1961
1520300 1960
1520310 1960
1520320 1960
1520330 1960
1520340 1959
1520350 1959
1520360 1960
1520370 1960
1520380 1960
1520390 1960
1520400 1960
1520410 1960
1520420 1959
1520430 1959
1520440 1959
1520450 1959
1520460 1959
1520470 1959
1520480 1959
1520490 1960
1520500 1960
1520510 1960
1520520 1960
1520530 1961
1520540 1961
1520550 1961
1520560 1962
1520570 1962
1520580 1962
1520590 1963
1520600 1963
1520610 1964
1520620 1965
1520630 1963
1520640 1965
1520650 1966
1520660 1966
1520670 1967
1520680 1968
1520690 1970
1520700 1970
1520710 1970
1520720 1970
1520730 1970
1520740 1970
1520750 1969
1520760 1969
1520770 1969
1520780 1969
1520790 1969
1520800 1970
1520810 1970
1520820 1970
1520830 1970
1520840 1970
1520850 1970
1520860 1971
1520870 1972
1520880 1972
1520890 1972
1520900 1973
1520910 1973
1520920 1973
1520930 1972
1520940 1971
1520950 1971
1520960 1971
1520970 1970
1520980 1970
1520990 1970
1521000 1969
1521010 1969
1521020 1969
1521030 1968
1521040 1968
1521050 1967
1521060 1967
1521070 1967
1521080 1966
1521090 1965
1521100 1964
1521110 1964
1521120 1962
1521130 1960
1521140 1960
1521150 1960
1521160 1960
1521170 1960
1521180 1960
1521190 1961
1521200 1961
1521210 1962
1521220 1964
1521230 1964
1521240 1966
1521250 1969
1521260 1969
1521270 1971
1521280 1974
1521290 1974
1521300 1978
1521310 1983
1521320 1986
1521330 1986
1521340 1990
1521350 1992
1521360 1992
1521370 1993
1521380 1994
1521390 1994
1521400 1997
1521410 1999
1521420 1999
1521430 2001
1521440 2001
1521450 2001
1521460 2001
1521470 2003
1521480 2003
1521490 2006
1521500 2008
1521510 2010
1521520 2010
1521530 2011
1521540 2012
1521550 2012
1521560 2015
1521570 2017
1521580 2017
1521590 2018
1521600 2019
1521610 2019
1521620 2021
1521630 2022
1521640 2022
1521650 2023
1521660 2023
1521670 2023
1521680 2024
1521690 2024
1521700 2024
1521710 2024
1521720 2024
1521730 2024
1521740 2024
1521750 2024
1521760 2024
1521770 2024
1521780 2025
1521790 2025
1521800 2025
1521810 2025
1521820 2026
1521830 2026
1521840 2027
1521850 2028
1521860 2028
1521870 2029
1521880 2031
1521890 2031
1521900 2033
1521910 2034
1521920 2035
1521930 2035
1521940 2035
1521950 2036
1521960 2036
1521970 2036
1521980 2037
1521990 2037
1522000 2039
1522010 2039
1522020 2039
1522030 2040
1522040 2042
1522050 2042
1522060 2043
1522070 2044
1522080 2044
1522090 2044
1522100 2045
1522110 2045
1522120 2046
1522130 2047
1522140 2047
1522150 2047
1522160 2048
1522170 2048
1522180 2048
1522190 2048
1522200 2048
1522210 2048
1522220 2046
1522230 2046
1522240 2046
1522250 2046
1522260 2045
1522270 2045
1522280 2043
1522290 2041
1522300 2041
1522310 2040
1522320 2040
1522330 2039
1522340 2039
1522350 2037
1522360 2035
1522370 2035
1522380 2031
1522390 2027
1522400 2027
1522410 2023
1522420 2021
1522430 2021
1522440 2016
1522450 2013
1522460 2013
1522470 2010
1522480 2008
1522490 2008
1522500 2004
1522510 2001
1522520 2001
1522530 2000
1522540 2000
1522550 2000
1522560 2000
1522570 2001
1522580 2001
1522590 2001
1522600 2001
1522610 2001
1522620 2001
1522630 2001
1522640 2002
1522650 2002
1522660 2004
1522670 2007
1522680 2007
1522690 2010
1522700 2012
1522710 2012
1522720 2015
1522730 2017
1522740 2019
1522750 2019
1522760 2020
1522770 2020
1522780 2020
1522790 2019
1522800 2019
1522810 2019
1522820 2019
1522830 2019
1522840 2019
1522850 2018
1522860 2018
1522870 2018
1522880 2017
1522890 2017
1522900 2017
1522910 2017
1522920 2017
1522930 2017
1522940 2017
1522950 2018
1522960 2018
1522970 2018
1522980 2019
1522990 2019
1523000 2019
1523010 2018
1523020 2018
1523030 2018
1523040 2018
1523050 2018
1523060 2018
1523070 2018
1523080 2017
1523090 2017
1523100 2017
1523110 2019
1523120 2019
1523130 2023
1523140 2030
1523150 2035
1523160 2035
1523170 2040
1523180 2045
1523190 2045
1523200 2051
1523210 2060
1523220 2060
1523230 2069
1523240 2078
1523250 2078
1523260 2086
1523270 2092
1523280 2092
1523290 2099
1523300 2105
1523310 2105
1523320 2110
1523330 2114
1523340 2114
1523350 2118
1523360 2124
1523370 2129
1523380 2129
1523390 2133
1523400 2138
1523410 2138
1523420 2142
1523430 2145
1523440 2145
1523450 2149
1523460 2153
1523470 2153
1523480 2155
1523490 2158
1523500 2158
1523510 2160
1523520 2162
1523530 2162
1523540 2164
1523550 2166
1523560 2168
1523570 2168
1523580 2170
1523590 2172
1523600 2172
1523610 2174
1523620 2175
1523630 2175
1523640 2177
1523650 2179
1523660 2179
1523670 2180
1523680 2181
1523690 2181
1523700 2183
1523710 2185
1523720 2185
1523730 2187
1523740 2188
1523750 2188
1523760 2190
1523770 2191
1523780 2192
1523790 2192
1523800 2194
1523810 2195
1523820 2195
1523830 2196
1523840 2197
1523850 2197
1523860 2199
1523870 2200
1523880 2200
1523890 2201
1523900 2202
1523910 2202
1523920 2202
1523930 2203
1523940 2203
1523950 2203
1523960 2204
1523970 2204
1523980 2204
1523990 2204
1524000 2205
1524010 2205
1524020 2205
1524030 2206
1524040 2206
1524050 2206
1524060 2206
1524070 2206
1524080 2206
1524090 2206
1524100 2206
1524110 2206
1524120 2206
1524130 2206
1524140 2206
1524150 2205
1524160 2205
1524170 2205
1524180 2204
1524190 2203
1524200 2203
1524210 2203
1524220 2202
1524230 2202
1524240 2201
1524250 2200
1524260 2200
1524270 2199
1524280 2197
1524290 2197
1524300 2196
1524310 2195
1524320 2195
1524330 2194
1524340 2192
1524350 2192
1524360 2191
1524370 2189
1524380 2185
1524390 2185
1524400 2181
1524410 2176
1524420 2176
1524430 2170
1524440 2165
1524450 2165
1524460 2160
1524470 2155
1524480 2155
1524490 2151
1524500 2149
1524510 2149
1524520 2142
1524530 2135
1524540 2135
1524550 2130
1524560 2125
1524570 2125
1524580 2121
1524590 2118
1524600 2114
1524610 2114
1524620 2111
1524630 2108
1524640 2108
1524650 2105
1524660 2102
1524670 2102
1524680 2102
1524690 2102
1524700 2102
1524710 2102
1524720 2100
1524730 2100
1524740 2099
1524750 2097
1524760 2097
1524770 2095
1524780 2093
1524790 2093
1524800 2090
1524810 2086
1524820 2084
1524830 2084
1524840 2082
1524850 2080
1524860 2080
1524870 2078
1524880 2077
1524890 2077
1524900 2075
1524910 2073
1524920 2073
1524930 2070
1524940 2068
1524950 2068
1524960 2067
1524970 2066
1524980 2066
1524990 2065
1525000 2065
1525010 2065
1525020 2065
1525030 2064
1525040 2064
1525050 2064
1525060 2064
1525070 2064
1525080 2064
1525090 2064
1525100 2064
1525110 2064
1525120 2063
1525130 2062
1525140 2062
1525150 2060
1525160 2057
1525170 2057
1525180 2055
1525190 2052
1525200 2052
1525210 2050
1525220 2048
1525230 2047
1525240 2047
1525250 2045
1525260 2043
1525270 2043
1525280 2042
1525290 2040
1525300 2040
1525310 2038
1525320 2036
1525330 2036
1525340 2036
1525350 2035
1525360 2035
1525370 2035
1525380 2034
1525390 2034
1525400 2033
1525410 2033
1525420 2033
1525430 2033
1525440 2033
1525450 2033
1525460 2033
1525470 2033
1525480 2032
1525490 2032
1525500 2031
1525510 2030
1525520 2030
1525530 2030
1525540 2030
1525550 2030
1525560 2029
1525570 2028
1525580 2028
1525590 2028
1525600 2027
1525610 2027
1525620 2027
1525630 2026
1525640 2026
1525650 2026
1525660 2026
1525670 2025
1525680 2025
1525690 2025
1525700 2025
1525710 2025
1525720 2025
1525730 2025
1525740 2025
1525750 2024
1525760 2023
1525770 2023
1525780 2023
1525790 2023
1525800 2023
1525810 2023
1525820 2023
1525830 2022
1525840 2022
1525850 2022
1525860 2022
1525870 2022
1525880 2022
1525890 2021
1525900 2021
1525910 2021
1525920 2020
1525930 2020
1525940 2019
1525950 2018
1525960 2018
1525970 2017
1525980 2016
1525990 2016
1526000 2016
1526010 2015
1526020 2015
1526030 2015
1526040 2014
1526050 2013
1526060 2013
1526070 2012
1526080 2011
1526090 2011
1526100 2010
1526110 2009
1526120 2009
1526130 2006
1526140 2004
1526150 2004
1526160 2002
1526170 2001
1526180 2001
1526190 1999
1526200 1997
1526210 1997
1526220 1995
1526230 1994
1526240 1993
1526250 1993
1526260 1992
1526270 1991
1526280 1991
1526290 1990
1526300 1988
1526310 1988
1526320 1987
1526330 1986
1526340 1986
1526350 1983
1526360 1981
1526370 1981
1526380 1979
1526390 1978
1526400 1978
1526410 1977
1526420 1975
1526430 1975
1526440 1973
1526450 1971
1526460 1969
1526470 1969
1526480 1968
1526490 1966
1526500 1966
1526510 1964
1526520 1962
1526530 1962
1526540 1960
1526550 1958
1526560 1958
1526570 1956
1526580 1954
1526590 1954
1526600 1953
1526610 1951
1526620 1951
1526630 1949
1526640 1947
1526650 1945
1526660 1945
1526670 1943
1526680 1940
1526690 1940
1526700 1938
1526710 1935
1526720 1935
1526730 1932
1526740 1930
1526750 1930
1526760 1927
1526770 1923
1526780 1923
1526790 1918
1526800 1912
1526810 1912
1526820 1907
1526830 1903
1526840 1903
1526850 1901
1526860 1899
1526870 1896
1526880 1896
1526890 1891
1526900 1886
1526910 1886
1526920 1880
1526930 1872
1526940 1872
1526950 1867
1526960 1863
1526970 1863
1526980 1858
1526990 1853
1527000 1853
1527010 1849
1527020 1843
1527030 1843
1527040 1838
1527050 1832
1527060 1827
1527070 1827
1527080 1823
1527090 1817
1527100 1817
1527110 1812
1527120 1807
1527130 1807
1527140 1802
1527150 1797
1527160 1797
1527170 1793
1527180 1789
1527190 1789
1527200 1786
1527210 1782
1527220 1782
1527230 1779
1527240 1775
1527250 1775
1527260 1770
1527270 1764
1527280 1759
1527290 1759
1527300 1754
1527310 1749
1527320 1749
1527330 1745
1527340 1741
1527350 1741
1527360 1737
1527370 1733
1527380 1733
1527390 1729
1527400 1725
1527410 1725
1527420 1720
1527430 1717
1527440 1717
1527450 1713
1527460 1710
1527470 1706
1527480 1706
1527490 1702
1527500 1697
1527510 1697
1527520 1693
1527530 1687
1527540 1687
1527550 1683
1527560 1679
1527570 1679
1527580 1674
1527590 1667
1527600 1667
1527610 1661
1527620 1654
1527630 1654
1527640 1647
1527650 1643
1527660 1643
1527670 1637
1527680 1631
1527690 1628
1527700 1628
1527710 1625
1527720 1622
1527730 1622
1527740 1619
1527750 1619
1527760 1619
1527770 1620
1527780 1622
1527790 1622
1527800 1625
1527810 1629
1527820 1629
1527830 1631
1527840 1633
1527850 1633
1527860 1634
1527870 1636
1527880 1638
1527890 1638
1527900 1641
1527910 1643
1527920 1643
1527930 1645
1527940 1647
1527950 1647
1527960 1650
1527970 1654
1527980 1654
1527990 1657
1528000 1660
1528010 1660
1528020 1664
1528030 1668
1528040 1668
1528050 1672
1528060 1676
1528070 1676
1528080 1680
1528090 1684
1528100 1688
1528110 1688
1528120 1692
1528130 1697
1528140 1697
1528150 1702
1528160 1706
1528170 1706
1528180 1711
1528190 1716
1528200 1716
1528210 1722
1528220 1728
1528230 1728
1528240 1734
1528250 1740
1528260 1740
1528270 1745
1528280 1751
1528290 1757
1528300 1757
1528310 1763
1528320 1769
1528330 1769
1528340 1776
1528350 1783
1528360 1783
1528370 1790
1528380 1797
1528390 1797
1528400 1804
1528410 1812
1528420 1812
1528430 1819
1528440 1826
1528450 1826
1528460 1833
1528470 1842
1528480 1842
1528490 1848
1528500 1853
1528510 1857
1528520 1857
1528530 1860
1528540 1865
1528550 1865
1528560 1871
1528570 1877
1528580 1877
1528590 1882
1528600 1887
1528610 1887
1528620 1892
1528630 1897
1528640 1897
1528650 1903
1528660 1908
1528670 1908
1528680 1910
1528690 1909
1528700 1907
1528710 1907
1528720 1904
1528730 1899
1528740 1899
1528750 1892
1528760 1884
1528770 1884
1528780 1877
1528790 1870
1528800 1870
1528810 1866
1528820 1862
1528830 1862
1528840 1860
1528850 1857
1528860 1857
1528870 1854
1528880 1852
1528890 1852
1528900 1850
1528910 1848
1528920 1847
1528930 1847
1528940 1844
1528950 1841
1528960 1841
1528970 1839
1528980 1837
1528990 1837
1529000 1836
1529010 1834
1529020 1834
1529030 1833
1529040 1831
1529050 1831
1529060 1829
1529070 1826
1529080 1826
1529090 1825
1529100 1823
1529110 1822
1529120 1822
1529130 1820
1529140 1819
1529150 1819
1529160 1818
1529170 1817
1529180 1817
1529190 1817
1529200 1817
1529210 1817
1529220 1812
1529230 1808
1529240 1808
1529250 1809
1529260 1812
1529270 1812
1529280 1815
1529290 1819
1529300 1819
1529310 1824
1529320 1830
1529330 1834
1529340 1834
1529350 1839
1529360 1842
1529370 1842
1529380 1845
1529390 1847
1529400 1847
1529410 1850
1529420 1853
1529430 1853
1529440 1857
1529450 1860
1529460 1860
1529470 1863
1529480 1866
1529490 1866
1529500 1870
1529510 1873
1529520 1878
1529530 1878
1529540 1880
1529550 1883
1529560 1883
1529570 1886
1529580 1888
1529590 1888
1529600 1891
1529610 1895
1529620 1895
1529630 1898
1529640 1901
1529650 1901
1529660 1904
1529670 1907
1529680 1907
1529690 1909
1529700 1912
1529710 1912
1529720 1915
1529730 1918
1529740 1921
1529750 1921
1529760 1923
1529770 1926
1529780 1926
1529790 1928
1529800 1931
1529810 1931
1529820 1933
1529830 1936
1529840 1936
1529850 1937
1529860 1939
1529870 1939
1529880 1941
1529890 1943
1529900 1943
1529910 1946
1529920 1948
1529930 1948
1529940 1950
1529950 1952
1529960 1953
1529970 1953
1529980 1955
1529990 1957
1530000 1957
1530010 1959
1530020 1961
1530030 1961
1530040 1962
1530050 1963
1530060 1963
1530070 1964
1530080 1966
1530090 1966
1530100 1967
1530110 1969
1530120 1969
1530130 1970
1530140 1970
1530150 1971
1530160 1971
1530170 1972
1530180 1973
1530190 1973
1530200 1973
1530210 1974
1530220 1974
1530230 1974
1530240 1974
1530250 1974
1530260 1975
1530270 1975
1530280 1975
1530290 1976
1530300 1977
1530310 1977
1530320 1979
1530330 1981
1530340 1981
1530350 1984
1530360 1986
1530370 1989
1530380 1989
1530390 1991
1530400 1993
1530410 1993
1530420 1995
1530430 1997
1530440 1997
1530450 1999
1530460 2001
1530470 2001
1530480 2003
1530490 2005
1530500 2005
1530510 2007
1530520 2010
1530530 2010
1530540 2012
1530550 2013
1530560 2014
1530570 2014
1530580 2015
1530590 2017
1530600 2017
1530610 2019
1530620 2020
1530630 2020
1530640 2021
1530650 2021
1530660 2021
1530670 2021
1530680 2022
1530690 2022
1530700 2023
1530710 2024
1530720 2024
1530730 2024
1530740 2024
1530750 2024
1530760 2025
1530770 2026
1530780 2026
1530790 2026
1530800 2026
1530810 2026
1530820 2026
1530830 2026
1530840 2026
1530850 2026
1530860 2025
1530870 2025
1530880 2025
1530890 2024
1530900 2022
1530910 2022
1530920 2021
1530930 2019
1530940 2019
1530950 2018
1530960 2017
1530970 2016
1530980 2016
1530990 2014
1531000 2010
1531010 2010
1531020 2002
1531030 1993
1531040 1993
1531050 1986
1531060 1978
1531070 1978
1531080 1972
1531090 1966
1531100 1966
1531110 1962
1531120 1957
1531130 1957
1531140 1952
1531150 1947
1531160 1947
1531170 1943
1531180 1939
1531190 1936
1531200 1936
1531210 1935
1531220 1935
1531230 1935
1531240 1934
1531250 1933
1531260 1933
1531270 1932
1531280 1930
1531290 1930
1531300 1929
1531310 1927
1531320 1927
1531330 1926
1531340 1924
1531350 1924
1531360 1923
1531370 1921
1531380 1919
1531390 1919
1531400 1917
1531410 1916
1531420 1916
1531430 1914
1531440 1912
1531450 1912
1531460 1909
1531470 1907
1531480 1907
1531490 1904
1531500 1901
1531510 1901
1531520 1897
1531530 1893
1531540 1893
1531550 1889
1531560 1886
1531570 1886
1531580 1881
1531590 1876
1531600 1871
1531610 1871
1531620 1867
1531630 1863
1531640 1863
1531650 1860
1531660 1856
1531670 1856
1531680 1853
1531690 1849
1531700 1849
1531710 1845
1531720 1841
1531730 1841
1531740 1837
1531750 1832
1531760 1832
1531770 1827
1531780 1820
1531790 1813
1531800 1813
1531810 1806
1531820 1800
1531830 1800
1531840 1795
1531850 1789
1531860 1789
1531870 1782
1531880 1775
1531890 1775
1531900 1768
1531910 1760
1531920 1760
1531930 1754
1531940 1748
1531950 1748
1531960 1742
1531970 1736
1531980 1736
1531990 1731
1532000 1725
1532010 1720
1532020 1720
1532030 1716
1532040 1712
1532050 1712
1532060 1708
1532070 1703
1532080 1703
1532090 1698
1532100 1693
1532110 1693
1532120 1687
1532130 1682
1532140 1682
1532150 1677
1532160 1673
1532170 1673
1532180 1669
1532190 1665
1532200 1661
1532210 1661
1532220 1658
1532230 1655
1532240 1655
1532250 1651
1532260 1646
1532270 1646
1532280 1641
1532290 1640
1532300 1640
1532310 1638
1532320 1638
1532330 1638
1532340 1640
1532350 1643
1532360 1643
1532370 1644
1532380 1645
1532390 1645
1532400 1647
1532410 1648
1532420 1650
1532430 1650
1532440 1652
1532450 1654
1532460 1654
1532470 1656
1532480 1657
1532490 1657
1532500 1659
1532510 1662
1532520 1662
1532530 1664
1532540 1666
1532550 1666
1532560 1668
1532570 1671
1532580 1671
1532590 1673
1532600 1675
1532610 1678
1532620 1678
1532630 1680
1532640 1683
1532650 1683
1532660 1688
1532670 1692
1532680 1692
1532690 1697
1532700 1701
1532710 1701
1532720 1705
1532730 1709
1532740 1709
1532750 1713
1532760 1717
1532770 1717
1532780 1720
1532790 1725
1532800 1725
1532810 1730
1532820 1737
1532830 1745
1532840 1745
1532850 1751
1532860 1756
1532870 1756
1532880 1760
1532890 1763
1532900 1763
1532910 1769
1532920 1774
1532930 1774
1532940 1779
1532950 1785
1532960 1785
1532970 1791
1532980 1796
1532990 1796
1533000 1799
1533010 1802
1533020 1806
1533030 1806
1533040 1813
1533050 1820
1533060 1820
1533070 1825
1533080 1829
1533090 1829
1533100 1833
1533110 1837
1533120 1837
1533130 1841
1533140 1845
1533150 1845
1533160 1848
1533170 1852
1533180 1852
1533190 1856
1533200 1862
1533210 1862
1533220 1869
1533230 1875
1533240 1879
1533250 1879
1533260 1884
1533270 1889
1533280 1889
1533290 1894
1533300 1898
1533310 1898
1533320 1901
1533330 1903
1533340 1903
1533350 1906
1533360 1910
1533370 1910
1533380 1913
1533390 1918
1533400 1918
1533410 1921
1533420 1926
1533430 1930
1533440 1930
1533450 1933
1533460 1935
1533470 1935
1533480 1937
1533490 1939
1533500 1939
1533510 1941
1533520 1942
1533530 1942
1533540 1944
1533550 1947
1533560 1947
1533570 1951
1533580 1953
1533590 1953
1533600 1956
1533610 1958
1533620 1958
1533630 1960
1533640 1962
1533650 1964
1533660 1964
1533670 1966
1533680 1969
1533690 1969
1533700 1972
1533710 1974
1533720 1974
1533730 1976
1533740 1978
1533750 1978
1533760 1980
1533770 1982
1533780 1982
1533790 1984
1533800 1986
1533810 1986
1533820 1990
1533830 1993
1533840 1996
1533850 1996
1533860 1999
1533870 2002
1533880 2002
1533890 2005
1533900 2008
1533910 2008
1533920 2014
1533930 2022
1533940 2022
1533950 2029
1533960 2035
1533970 2035
1533980 2040
1533990 2046
1534000 2046
1534010 2054
1534020 2061
1534030 2061
1534040 2067
1534050 2072
1534060 2077
1534070 2077
1534080 2082
1534090 2086
1534100 2086
1534110 2088
1534120 2088
1534130 2088
1534140 2088
1534150 2084
1534160 2084
1534170 2081
1534180 2078
1534190 2078
1534200 2074
1534210 2069
1534220 2069
1534230 2064
1534240 2060
1534250 2056
1534260 2056
1534270 2052
1534280 2050
1534290 2050
1534300 2047
1534310 2044
1534320 2044
1534330 2041
1534340 2037
1534350 2037
1534360 2032
1534370 2028
1534380 2028
1534390 2025
1534400 2021
1534410 2021
1534420 2017
1534430 2014
1534440 2014
1534450 2011
1534460 2009
1534470 2006
1534480 2006
1534490 2003
1534500 2001
1534510 2001
1534520 1999
1534530 1995
1534540 1995
1534550 1992
1534560 1989
1534570 1989
1534580 1987
1534590 1984
1534600 1984
1534610 1982
1534620 1979
1534630 1979
1534640 1977
1534650 1975
1534660 1975
1534670 1972
1534680 1970
1534690 1967
1534700 1967
1534710 1964
1534720 1962
1534730 1962
1534740 1960
1534750 1956
1534760 1956
1534770 1952
1534780 1949
1534790 1949
1534800 1946
1534810 1943
1534820 1943
1534830 1939
1534840 1935
1534850 1935
1534860 1931
1534870 1925
1534880 1920
1534890 1920
1534900 1916
1534910 1912
1534920 1912
1534930 1909
1534940 1905
1534950 1905
1534960 1902
1534970 1898
1534980 1898
1534990 1894
1535000 1891
1535010 1891
1535020 1889
1535030 1888
1535040 1888
1535050 1889
1535060 1889
1535070 1889
1535080 1890
1535090 1889
1535100 1888
1535110 1888
1535120 1887
1535130 1886
1535140 1886
1535150 1884
1535160 1885
1535170 1885
1535180 1886
1535190 1885
1535200 1885
1535210 1888
1535220 1892
1535230 1892
1535240 1889
1535250 1891
1535260 1891
1535270 1894
1535280 1895
1535290 1897
1535300 1897
1535310 1900
1535320 1902
1535330 1902
1535340 1905
1535350 1907
1535360 1907
1535370 1910
1535380 1913
1535390 1913
1535400 1916
1535410 1920
1535420 1920
1535430 1925
1535440 1929
1535450 1929
1535460 1933
1535470 1939
1535480 1939
1535490 1945
1535500 1951
1535510 1956
1535520 1956
1535530 1960
1535540 1965
1535550 1965
1535560 1970
1535570 1975
1535580 1975
1535590 1981
1535600 1987
1535610 1987
1535620 1992
1535630 1996
1535640 1996
1535650 1999
1535660 2002
1535670 2002
1535680 2005
1535690 2008
1535700 2010
1535710 2010
1535720 2014
1535730 2017
1535740 2017
1535750 2022
1535760 2027
1535770 2027
1535780 2033
1535790 2036
1535800 2036
1535810 2040
1535820 2044
1535830 2044
1535840 2047
1535850 2051
1535860 2051
1535870 2054
1535880 2056
1535890 2056
1535900 2058
1535910 2061
1535920 2063
1535930 2063
1535940 2065
1535950 2069
1535960 2069
1535970 2072
1535980 2075
1535990 2075
1536000 2078
1536010 2081
1536020 2081
1536030 2086
1536040 2091
1536050 2091
1536060 2098
1536070 2104
1536080 2104
1536090 2109
1536100 2113
1536110 2117
1536120 2117
1536130 2120
1536140 2122
1536150 2122
1536160 2125
1536170 2128
1536180 2128
1536190 2130
1536200 2132
1536210 2132
1536220 2133
1536230 2134
1536240 2134
1536250 2136
1536260 2137
1536270 2137
1536280 2139
1536290 2140
1536300 2140
1536310 2141
1536320 2141
1536330 2141
1536340 2141
1536350 2137
1536360 2134
1536370 2134
1536380 2132
1536390 2131
1536400 2131
1536410 2128
1536420 2123
1536430 2123
1536440 2117
1536450 2114
1536460 2114
1536470 2112
1536480 2109
1536490 2109
1536500 2106
1536510 2103
1536520 2101
1536530 2101
1536540 2100
1536550 2101
1536560 2101
1536570 2101
1536580 2102
1536590 2102
1536600 2094
1536610 2073
1536620 2073
1536630 2063
1536640 2061
1536650 2061
1536660 2061
1536670 2059
1536680 2059
1536690 2056
1536700 2055
1536710 2055
1536720 2053
1536730 2052
1536740 2051
1536750 2051
1536760 2050
1536770 2049
1536780 2049
1536790 2048
1536800 2047
1536810 2047
1536820 2046
1536830 2045
1536840 2045
1536850 2043
1536860 2041
1536870 2041
1536880 2041
1536890 2041
1536900 2041
1536910 2042
1536920 2043
1536930 2043
1536940 2043
1536950 2043
1536960 2042
1536970 2042
1536980 2040
1536990 2039
1537000 2039
1537010 2039
1537020 2039
1537030 2039
1537040 2039
1537050 2038
1537060 2038
1537070 2038
1537080 2037
1537090 2037
1537100 2037
1537110 2039
1537120 2039
1537130 2041
1537140 2040
1537150 2040
1537160 2040
1537170 2042
1537180 2043
1537190 2043
1537200 2043
1537210 2041
1537220 2041
1537230 2041
1537240 2043
1537250 2043
1537260 2045
1537270 2047
1537280 2047
1537290 2047
1537300 2048
1537310 2048
1537320 2050
1537330 2053
1537340 2056
1537350 2056
1537360 2059
1537370 2062
1537380 2062
1537390 2064
1537400 2067
1537410 2067
1537420 2070
1537430 2072
1537440 2072
1537450 2073
1537460 2075
1537470 2075
1537480 2078
1537490 2081
1537500 2081
1537510 2084
1537520 2086
1537530 2086
1537540 2087
1537550 2088
1537560 2086
1537570 2086
1537580 2079
1537590 2073
1537600 2073
1537610 2068
1537620 2062
1537630 2062
1537640 2058
1537650 2056
1537660 2056
1537670 2054
1537680 2047
1537690 2047
1537700 2046
1537710 2045
1537720 2045
1537730 2043
1537740 2038
1537750 2035
1537760 2035
1537770 2033
1537780 2030
1537790 2030
1537800 2024
1537810 2021
1537820 2021
1537830 2024
1537840 2028
1537850 2028
1537860 2029
1537870 2031
1537880 2031
1537890 2035
1537900 2039
1537910 2039
1537920 2040
1537930 2043
1537940 2043
1537950 2044
1537960 2046
1537970 2044
1537980 2044
1537990 2044
1538000 2047
1538010 2047
1538020 2049
1538030 2050
1538040 2050
1538050 2050
1538060 2049
1538070 2049
1538080 2051
1538090 2052
1538100 2052
1538110 2052
1538120 2051
1538130 2051
1538140 2055
1538150 2058
1538160 2061
1538170 2061
1538180 2064
1538190 2067
1538200 2067
1538210 2068
1538220 2069
1538230 2069
1538240 2073
1538250 2075
1538260 2075
1538270 2078
1538280 2079
1538290 2079
1538300 2083
1538310 2087
1538320 2087
1538330 2090
1538340 2091
1538350 2091
1538360 2092
1538370 2094
1538380 2097
1538390 2097
1538400 2101
1538410 2104
1538420 2104
1538430 2107
1538440 2110
1538450 2110
1538460 2112
1538470 2115
1538480 2115
1538490 2120
1538500 2125
1538510 2125
1538520 2129
1538530 2134
1538540 2134
1538550 2138
1538560 2143
1538570 2148
1538580 2148
1538590 2152
1538600 2154
1538610 2154
1538620 2159
1538630 2164
1538640 2164
1538650 2169
1538660 2174
1538670 2174
1538680 2181
1538690 2186
1538700 2186
1538710 2190
1538720 2194
1538730 2194
1538740 2198
1538750 2201
1538760 2201
1538770 2203
1538780 2205
1538790 2206
1538800 2206
1538810 2204
1538820 2202
1538830 2202
1538840 2198
1538850 2195
1538860 2195
1538870 2193
1538880 2190
1538890 2190
1538900 2186
1538910 2183
1538920 2183
1538930 2180
1538940 2175
1538950 2175
1538960 2170
1538970 2166
1538980 2162
1538990 2162
1539000 2158
1539010 2155
1539020 2155
1539030 2152
1539040 2150
1539050 2150
1539060 2148
1539070 2146
1539080 2146
1539090 2145
1539100 2143
1539110 2143
1539120 2140
1539130 2138
1539140 2138
1539150 2136
1539160 2133
1539170 2133
1539180 2130
1539190 2127
1539200 2125
1539210 2125
1539220 2123
1539230 2120
1539240 2120
1539250 2116
1539260 2113
1539270 2113
1539280 2109
1539290 2106
1539300 2106
1539310 2103
1539320 2101
1539330 2101
1539340 2100
1539350 2098
1539360 2098
1539370 2096
1539380 2093
1539390 2091
1539400 2091
1539410 2089
1539420 2086
1539430 2086
1539440 2083
1539450 2081
1539460 2081
1539470 2079
1539480 2076
1539490 2076
1539500 2075
1539510 2073
1539520 2073
1539530 2071
1539540 2069
1539550 2069
1539560 2069
1539570 2067
1539580 2067
1539590 2066
1539600 2063
1539610 2061
1539620 2061
1539630 2059
1539640 2056
1539650 2056
1539660 2055
1539670 2053
1539680 2053
1539690 2052
1539700 2050
1539710 2050
1539720 2049
1539730 2047
1539740 2047
1539750 2045
1539760 2043
1539770 2043
1539780 2041
1539790 2039
1539800 2037
1539810 2037
1539820 2035
1539830 2033
1539840 2033
1539850 2031
1539860 2029
1539870 2029
1539880 2025
1539890 2021
1539900 2021
1539910 2017
1539920 2012
1539930 2012
1539940 2007
1539950 2003
1539960 2003
1539970 2000
1539980 1997
1539990 1997
