1520000 2000
1520010 2000
1520020 2000
1520030 2000
1520040 2000
1520050 2000
1520060 1999
1520070 1999
1520080 1999
1520090 1997
1520100 1997
1520110 1996
1520120 1994
1520130 1994
1520140 1992
1520150 1988
1520160 1988
1520170 1984
1520180 1979
1520190 1979
1520200 1975
1520210 1973
1520220 1973
1520230 1972
1520240 1973
1520250 1974
1520260 1974
1520270 1974
1520280 1973
1520290 1973
1520300 1973
1520310 1974
1520320 1974
1520330 1974
1520340 1974
1520350 1974
1520360 1973
1520370 1972
1520380 1972
1520390 1972
1520400 1972
1520410 1972
1520420 1971
1520430 1971
1520440 1971
1520450 1970
1520460 1971
1520470 1971
1520480 1971
1520490 1972
1520500 1972
1520510 1972
1520520 1972
1520530 1973
1520540 1973
1520550 1973
1520560 1974
1520570 1974
1520580 1975
1520590 1978
1520600 1978
1520610 1979
1520620 1981
1520630 1981
1520640 1982
1520650 1983
1520660 1984
1520670 1984
1520680 1985
1520690 1986
1520700 1986
1520710 1986
1520720 1986
1520730 1986
1520740 1986
1520750 1986
1520760 1986
1520770 1986
1520780 1987
1520790 1987
1520800 1989
1520810 1991
1520820 1991
1520830 1992
1520840 1994
1520850 1994
1520860 1994
1520870 1995
1520880 1995
1520890 1995
1520900 1995
1520910 1994
1520920 1994
1520930 1994
1520940 1994
1520950 1994
1520960 1993
1520970 1992
1520980 1992
1520990 1991
1521000 1990
1521010 1990
1521020 1989
1521030 1988
1521040 1988
1521050 1987
1521060 1986
1521070 1986
1521080 1986
1521090 1985
1521100 1985
1521110 1985
1521120 1985
1521130 1984
1521140 1984
1521150 1983
1521160 1981
1521170 1981
1521180 1981
1521190 1981
1521200 1981
1521210 1981
1521220 1982
1521230 1982
1521240 1984
1521250 1986
1521260 1986
1521270 1988
1521280 1990
1521290 1992
1521300 1992
1521310 1995
1521320 1997
1521330 1997
1521340 1999
1521350 1999
1521360 1999
1521370 2001
1521380 2004
1521390 2004
1521400 2009
1521410 2011
1521420 2011
1521430 2013
1521440 2015
1521450 2015
1521460 2017
1521470 2019
1521480 2019
1521490 2020
1521500 2022
1521510 2024
1521520 2024
1521530 2026
1521540 2028
1521550 2028
1521560 2029
1521570 2031
1521580 2031
1521590 2032
1521600 2033
1521610 2033
1521620 2034
1521630 2035
1521640 2035
1521650 2037
1521660 2038
1521670 2038
1521680 2039
1521690 2040
1521700 2041
1521710 2041
1521720 2042
1521730 2043
1521740 2043
1521750 2044
1521760 2044
1521770 2044
1521780 2044
1521790 2045
1521800 2045
1521810 2046
1521820 2046
1521830 2046
1521840 2047
1521850 2047
1521860 2047
1521870 2049
1521880 2051
1521890 2051
1521900 2052
1521910 2053
1521920 2055
1521930 2055
1521940 2056
1521950 2057
1521960 2057
1521970 2058
1521980 2059
1521990 2059
1522000 2060
1522010 2061
1522020 2061
1522030 2062
1522040 2064
1522050 2064
1522060 2065
1522070 2067
1522080 2067
1522090 2068
1522100 2069
1522110 2070
1522120 2070
1522130 2071
1522140 2072
1522150 2072
1522160 2074
1522170 2075
1522180 2075
1522190 2076
1522200 2077
1522210 2077
1522220 2078
1522230 2079
1522240 2079
1522250 2080
1522260 2080
1522270 2080
1522280 2081
1522290 2082
1522300 2082
1522310 2083
1522320 2078
1522330 2077
1522340 2077
1522350 2077
1522360 2077
1522370 2077
1522380 2077
1522390 2075
1522400 2075
1522410 2074
1522420 2072
1522430 2072
1522440 2071
1522450 2069
1522460 2069
1522470 2065
1522480 2060
1522490 2060
1522500 2056
1522510 2051
1522520 2047
1522530 2047
1522540 2045
1522550 2043
1522560 2043
1522570 2040
1522580 2037
1522590 2037
1522600 2035
1522610 2032
1522620 2032
1522630 2030
1522640 2028
1522650 2028
1522660 2026
1522670 2024
1522680 2024
1522690 2021
1522700 2018
1522710 2018
1522720 2016
1522730 2016
1522740 2016
1522750 2016
1522760 2017
1522770 2018
1522780 2018
1522790 2019
1522800 2019
1522810 2019
1522820 2018
1522830 2018
1522840 2018
1522850 2017
1522860 2017
1522870 2017
1522880 2017
1522890 2017
1522900 2017
1522910 2017
1522920 2017
1522930 2017
1522940 2017
1522950 2017
1522960 2017
1522970 2017
1522980 2017
1522990 2018
1523000 2018
1523010 2019
1523020 2020
1523030 2020
1523040 2021
1523050 2022
1523060 2022
1523070 2022
1523080 2023
1523090 2023
1523100 2025
1523110 2028
1523120 2028
1523130 2034
1523140 2039
1523150 2044
1523160 2044
1523170 2049
1523180 2055
1523190 2055
1523200 2062
1523210 2073
1523220 2073
1523230 2083
1523240 2092
1523250 2092
1523260 2099
1523270 2105
1523280 2105
1523290 2112
1523300 2119
1523310 2119
1523320 2124
1523330 2129
1523340 2133
1523350 2133
1523360 2136
1523370 2140
1523380 2140
1523390 2143
1523400 2146
1523410 2146
1523420 2148
1523430 2151
1523440 2151
1523450 2155
1523460 2159
1523470 2159
1523480 2161
1523490 2163
1523500 2163
1523510 2165
1523520 2166
1523530 2166
1523540 2168
1523550 2169
1523560 2171
1523570 2171
1523580 2173
1523590 2175
1523600 2175
1523610 2176
1523620 2178
1523630 2178
1523640 2180
1523650 2181
1523660 2181
1523670 2183
1523680 2184
1523690 2184
1523700 2186
1523710 2187
1523720 2187
1523730 2189
1523740 2190
1523750 2192
1523760 2192
1523770 2193
1523780 2194
1523790 2194
1523800 2195
1523810 2196
1523820 2196
1523830 2197
1523840 2198
1523850 2198
1523860 2199
1523870 2200
1523880 2200
1523890 2201
1523900 2201
1523910 2201
1523920 2202
1523930 2203
1523940 2203
1523950 2203
1523960 2204
1523970 2204
1523980 2204
1523990 2205
1524000 2206
1524010 2206
1524020 2206
1524030 2207
1524040 2207
1524050 2207
1524060 2208
1524070 2208
1524080 2208
1524090 2208
1524100 2208
1524110 2209
1524120 2209
1524130 2209
1524140 2209
1524150 2209
1524160 2209
1524170 2209
1524180 2209
1524190 2209
1524200 2209
1524210 2208
1524220 2208
1524230 2208
1524240 2206
1524250 2201
1524260 2201
1524270 2197
1524280 2193
1524290 2193
1524300 2188
1524310 2182
1524320 2182
1524330 2176
1524340 2169
1524350 2169
1524360 2163
1524370 2157
1524380 2151
1524390 2151
1524400 2145
1524410 2138
1524420 2138
1524430 2132
1524440 2126
1524450 2126
1524460 2120
1524470 2115
1524480 2115
1524490 2110
1524500 2106
1524510 2106
1524520 2102
1524530 2098
1524540 2098
1524550 2095
1524560 2093
1524570 2091
1524580 2091
1524590 2090
1524600 2088
1524610 2088
1524620 2087
1524630 2087
1524640 2087
1524650 2087
1524660 2087
1524670 2087
1524680 2087
1524690 2088
1524700 2088
1524710 2088
1524720 2089
1524730 2089
1524740 2089
1524750 2089
1524760 2089
1524770 2088
1524780 2087
1524790 2087
1524800 2087
1524810 2086
1524820 2082
1524830 2082
1524840 2077
1524850 2072
1524860 2072
1524870 2071
1524880 2071
1524890 2071
1524900 2071
1524910 2070
1524920 2070
1524930 2070
1524940 2069
1524950 2069
1524960 2068
1524970 2067
1524980 2065
1524990 2065
1525000 2063
1525010 2062
1525020 2062
1525030 2062
1525040 2060
1525050 2060
1525060 2060
1525070 2059
1525080 2059
1525090 2059
1525100 2058
1525110 2058
1525120 2058
1525130 2058
1525140 2058
1525150 2059
1525160 2059
1525170 2059
1525180 2060
1525190 2060
1525200 2059
1525210 2059
1525220 2057
1525230 2054
1525240 2054
1525250 2050
1525260 2046
1525270 2046
1525280 2041
1525290 2037
1525300 2037
1525310 2034
1525320 2032
1525330 2032
1525340 2030
1525350 2029
1525360 2029
1525370 2028
1525380 2027
1525390 2026
1525400 2026
1525410 2024
1525420 2022
1525430 2022
1525440 2021
1525450 2019
1525460 2019
1525470 2018
1525480 2016
1525490 2016
1525500 2014
1525510 2012
1525520 2012
1525530 2011
1525540 2009
1525550 2009
1525560 2008
1525570 2006
1525580 2006
1525590 2005
1525600 2004
1525610 2003
1525620 2003
1525630 2002
1525640 2002
1525650 2002
1525660 2002
1525670 2001
1525680 2001
1525690 2001
1525700 2001
1525710 2001
1525720 2000
1525730 2000
1525740 2000
1525750 1999
1525760 1999
1525770 1999
1525780 1998
1525790 1997
1525800 1997
1525810 1997
1525820 1996
1525830 1996
1525840 1996
1525850 1995
1525860 1995
1525870 1995
1525880 1995
1525890 1994
1525900 1994
1525910 1994
1525920 1993
1525930 1993
1525940 1992
1525950 1991
1525960 1991
1525970 1991
1525980 1991
1525990 1991
1526000 1990
1526010 1989
1526020 1987
1526030 1987
1526040 1987
1526050 1986
1526060 1986
1526070 1985
1526080 1984
1526090 1984
1526100 1983
1526110 1983
1526120 1983
1526130 1982
1526140 1982
1526150 1982
1526160 1981
1526170 1981
1526180 1981
1526190 1981
1526200 1980
1526210 1978
1526220 1978
1526230 1976
1526240 1975
1526250 1975
1526260 1974
1526270 1972
1526280 1972
1526290 1971
1526300 1969
1526310 1969
1526320 1967
1526330 1965
1526340 1965
1526350 1963
1526360 1961
1526370 1961
1526380 1960
1526390 1958
1526400 1958
1526410 1956
1526420 1955
1526430 1952
1526440 1952
1526450 1950
1526460 1949
1526470 1949
1526480 1947
1526490 1946
1526500 1946
1526510 1945
1526520 1944
1526530 1944
1526540 1942
1526550 1941
1526560 1941
1526570 1939
1526580 1937
1526590 1937
1526600 1935
1526610 1933
1526620 1931
1526630 1931
1526640 1928
1526650 1926
1526660 1926
1526670 1923
1526680 1919
1526690 1919
1526700 1917
1526710 1915
1526720 1915
1526730 1914
1526740 1912
1526750 1912
1526760 1910
1526770 1909
1526780 1909
1526790 1907
1526800 1904
1526810 1904
1526820 1902
1526830 1899
1526840 1896
1526850 1896
1526860 1893
1526870 1891
1526880 1891
1526890 1888
1526900 1885
1526910 1885
1526920 1881
1526930 1876
1526940 1876
1526950 1870
1526960 1863
1526970 1863
1526980 1857
1526990 1850
1527000 1850
1527010 1845
1527020 1840
1527030 1840
1527040 1835
1527050 1831
1527060 1827
1527070 1827
1527080 1824
1527090 1821
1527100 1821
1527110 1819
1527120 1815
1527130 1815
1527140 1811
1527150 1806
1527160 1806
1527170 1801
1527180 1798
1527190 1798
1527200 1794
1527210 1790
1527220 1790
1527230 1785
1527240 1781
1527250 1776
1527260 1776
1527270 1772
1527280 1768
1527290 1768
1527300 1764
1527310 1760
1527320 1760
1527330 1755
1527340 1750
1527350 1750
1527360 1746
1527370 1741
1527380 1741
1527390 1735
1527400 1730
1527410 1730
1527420 1723
1527430 1716
1527440 1716
1527450 1708
1527460 1700
1527470 1694
1527480 1694
1527490 1689
1527500 1682
1527510 1682
1527520 1677
1527530 1671
1527540 1671
1527550 1665
1527560 1660
1527570 1660
1527580 1655
1527590 1652
1527600 1652
1527610 1648
1527620 1645
1527630 1645
1527640 1641
1527650 1638
1527660 1634
1527670 1634
1527680 1631
1527690 1629
1527700 1629
1527710 1627
1527720 1628
1527730 1628
1527740 1629
1527750 1632
1527760 1632
1527770 1633
1527780 1635
1527790 1635
1527800 1637
1527810 1640
1527820 1640
1527830 1641
1527840 1642
1527850 1642
1527860 1644
1527870 1646
1527880 1648
1527890 1648
1527900 1651
1527910 1654
1527920 1654
1527930 1657
1527940 1660
1527950 1660
1527960 1663
1527970 1666
1527980 1666
1527990 1670
1528000 1674
1528010 1674
1528020 1678
1528030 1682
1528040 1682
1528050 1686
1528060 1689
1528070 1694
1528080 1694
1528090 1698
1528100 1703
1528110 1703
1528120 1708
1528130 1712
1528140 1712
1528150 1717
1528160 1722
1528170 1722
1528180 1727
1528190 1734
1528200 1734
1528210 1740
1528220 1745
1528230 1745
1528240 1750
1528250 1754
1528260 1754
1528270 1759
1528280 1765
1528290 1770
1528300 1770
1528310 1777
1528320 1784
1528330 1784
1528340 1791
1528350 1798
1528360 1798
1528370 1805
1528380 1812
1528390 1812
1528400 1820
1528410 1827
1528420 1827
1528430 1834
1528440 1841
1528450 1841
1528460 1847
1528470 1852
1528480 1858
1528490 1858
1528500 1864
1528510 1870
1528520 1870
1528530 1875
1528540 1881
1528550 1881
1528560 1888
1528570 1893
1528580 1893
1528590 1897
1528600 1901
1528610 1901
1528620 1905
1528630 1910
1528640 1910
1528650 1914
1528660 1919
1528670 1919
1528680 1923
1528690 1926
1528700 1927
1528710 1927
1528720 1925
1528730 1920
1528740 1920
1528750 1912
1528760 1905
1528770 1905
1528780 1898
1528790 1891
1528800 1891
1528810 1885
1528820 1882
1528830 1882
1528840 1880
1528850 1878
1528860 1878
1528870 1876
1528880 1874
1528890 1872
1528900 1872
1528910 1870
1528920 1867
1528930 1867
1528940 1863
1528950 1859
1528960 1859
1528970 1856
1528980 1853
1528990 1853
1529000 1850
1529010 1847
1529020 1847
1529030 1845
1529040 1844
1529050 1844
1529060 1842
1529070 1841
1529080 1841
1529090 1839
1529100 1837
1529110 1836
1529120 1836
1529130 1834
1529140 1834
1529150 1834
1529160 1833
1529170 1833
1529180 1833
1529190 1832
1529200 1830
1529210 1830
1529220 1826
1529230 1822
1529240 1822
1529250 1822
1529260 1824
1529270 1824
1529280 1826
1529290 1829
1529300 1834
1529310 1834
1529320 1838
1529330 1842
1529340 1842
1529350 1846
1529360 1851
1529370 1851
1529380 1854
1529390 1859
1529400 1859
1529410 1862
1529420 1867
1529430 1867
1529440 1870
1529450 1873
1529460 1873
1529470 1877
1529480 1881
1529490 1881
1529500 1886
1529510 1892
1529520 1896
1529530 1896
1529540 1899
1529550 1902
1529560 1902
1529570 1904
1529580 1907
1529590 1907
1529600 1910
1529610 1912
1529620 1912
1529630 1915
1529640 1917
1529650 1917
1529660 1920
1529670 1924
1529680 1924
1529690 1927
1529700 1931
1529710 1934
1529720 1934
1529730 1938
1529740 1942
1529750 1942
1529760 1945
1529770 1947
1529780 1947
1529790 1949
1529800 1952
1529810 1952
1529820 1954
1529830 1954
1529840 1954
1529850 1955
1529860 1957
1529870 1957
1529880 1958
1529890 1960
1529900 1960
1529910 1961
1529920 1963
1529930 1965
1529940 1965
1529950 1967
1529960 1969
1529970 1969
1529980 1970
1529990 1972
1530000 1972
1530010 1974
1530020 1976
1530030 1976
1530040 1978
1530050 1980
1530060 1980
1530070 1982
1530080 1984
1530090 1984
1530100 1986
1530110 1987
1530120 1989
1530130 1989
1530140 1990
1530150 1991
1530160 1991
1530170 1992
1530180 1992
1530190 1992
1530200 1993
1530210 1993
1530220 1993
1530230 1993
1530240 1994
1530250 1994
1530260 1994
1530270 1994
1530280 1994
1530290 1994
1530300 1995
1530310 1995
1530320 1995
1530330 1996
1530340 1996
1530350 1996
1530360 1997
1530370 1997
1530380 1997
1530390 1998
1530400 1998
1530410 1998
1530420 1998
1530430 1999
1530440 1999
1530450 1999
1530460 1999
1530470 1999
1530480 1999
1530490 2000
1530500 2000
1530510 2001
1530520 2003
1530530 2005
1530540 2005
1530550 2006
1530560 2007
1530570 2007
1530580 2008
1530590 2009
1530600 2009
1530610 2010
1530620 2011
1530630 2011
1530640 2012
1530650 2013
1530660 2013
1530670 2014
1530680 2015
1530690 2015
1530700 2015
1530710 2016
1530720 2016
1530730 2017
1530740 2017
1530750 2017
1530760 2017
1530770 2017
1530780 2017
1530790 2017
1530800 2017
1530810 2017
1530820 2017
1530830 2017
1530840 2017
1530850 2017
1530860 2016
1530870 2014
1530880 2014
1530890 2011
1530900 2007
1530910 2007
1530920 2001
1530930 1994
1530940 1988
1530950 1988
1530960 1983
1530970 1978
1530980 1978
1530990 1973
1531000 1969
1531010 1969
1531020 1966
1531030 1962
1531040 1962
1531050 1958
1531060 1954
1531070 1954
1531080 1951
1531090 1949
1531100 1949
1531110 1947
1531120 1946
1531130 1946
1531140 1944
1531150 1942
1531160 1940
1531170 1940
1531180 1938
1531190 1936
1531200 1936
1531210 1934
1531220 1932
1531230 1932
1531240 1930
1531250 1927
1531260 1927
1531270 1924
1531280 1922
1531290 1922
1531300 1920
1531310 1918
1531320 1918
1531330 1916
1531340 1913
1531350 1910
1531360 1910
1531370 1907
1531380 1903
1531390 1903
1531400 1900
1531410 1897
1531420 1897
1531430 1894
1531440 1891
1531450 1891
1531460 1888
1531470 1884
1531480 1884
1531490 1882
1531500 1879
1531510 1879
1531520 1873
1531530 1868
1531540 1868
1531550 1864
1531560 1859
1531570 1856
1531580 1856
1531590 1853
1531600 1850
1531610 1850
1531620 1846
1531630 1843
1531640 1843
1531650 1840
1531660 1837
1531670 1837
1531680 1835
1531690 1832
1531700 1832
1531710 1829
1531720 1825
1531730 1825
1531740 1821
1531750 1816
1531760 1810
1531770 1810
1531780 1805
1531790 1800
1531800 1800
1531810 1795
1531820 1789
1531830 1789
1531840 1784
1531850 1778
1531860 1778
1531870 1772
1531880 1765
1531890 1765
1531900 1760
1531910 1755
1531920 1755
1531930 1750
1531940 1745
1531950 1745
1531960 1741
1531970 1737
1531980 1733
1531990 1733
1532000 1729
1532010 1725
1532020 1725
1532030 1721
1532040 1716
1532050 1716
1532060 1711
1532070 1706
1532080 1706
1532090 1701
1532100 1696
1532110 1696
1532120 1691
1532130 1687
1532140 1687
1532150 1682
1532160 1678
1532170 1674
1532180 1674
1532190 1668
1532200 1664
1532210 1664
1532220 1660
1532230 1658
1532240 1658
1532250 1656
1532260 1655
1532270 1655
1532280 1654
1532290 1652
1532300 1652
1532310 1648
1532320 1644
1532330 1644
1532340 1642
1532350 1642
1532360 1642
1532370 1642
1532380 1643
1532390 1645
1532400 1645
1532410 1646
1532420 1647
1532430 1647
1532440 1650
1532450 1653
1532460 1653
1532470 1656
1532480 1658
1532490 1658
1532500 1661
1532510 1663
1532520 1663
1532530 1665
1532540 1667
1532550 1667
1532560 1670
1532570 1673
1532580 1675
1532590 1675
1532600 1677
1532610 1680
1532620 1680
1532630 1683
1532640 1686
1532650 1686
1532660 1689
1532670 1692
1532680 1692
1532690 1694
1532700 1697
1532710 1697
1532720 1700
1532730 1704
1532740 1704
1532750 1707
1532760 1710
1532770 1710
1532780 1713
1532790 1715
1532800 1718
1532810 1718
1532820 1722
1532830 1726
1532840 1726
1532850 1732
1532860 1739
1532870 1739
1532880 1745
1532890 1750
1532900 1750
1532910 1757
1532920 1763
1532930 1763
1532940 1770
1532950 1777
1532960 1777
1532970 1783
1532980 1789
1532990 1793
1533000 1793
1533010 1795
1533020 1798
1533030 1798
1533040 1803
1533050 1809
1533060 1809
1533070 1813
1533080 1818
1533090 1818
1533100 1826
1533110 1834
1533120 1834
1533130 1840
1533140 1845
1533150 1845
1533160 1849
1533170 1851
1533180 1851
1533190 1853
1533200 1855
1533210 1858
1533220 1858
1533230 1863
1533240 1868
1533250 1868
1533260 1873
1533270 1878
1533280 1878
1533290 1882
1533300 1887
1533310 1887
1533320 1890
1533330 1892
1533340 1892
1533350 1895
1533360 1896
1533370 1896
1533380 1898
1533390 1899
1533400 1899
1533410 1902
1533420 1907
1533430 1913
1533440 1913
1533450 1919
1533460 1925
1533470 1925
1533480 1929
1533490 1933
1533500 1933
1533510 1935
1533520 1939
1533530 1939
1533540 1943
1533550 1946
1533560 1946
1533570 1949
1533580 1952
1533590 1952
1533600 1954
1533610 1957
1533620 1959
1533630 1959
1533640 1961
1533650 1964
1533660 1964
1533670 1967
1533680 1970
1533690 1970
1533700 1973
1533710 1974
1533720 1974
1533730 1975
1533740 1976
1533750 1976
1533760 1977
1533770 1978
1533780 1978
1533790 1979
1533800 1981
1533810 1981
1533820 1986
1533830 1993
1533840 1998
1533850 1998
1533860 2003
1533870 2007
1533880 2007
1533890 2011
1533900 2016
1533910 2016
1533920 2022
1533930 2028
1533940 2025
1533950 2031
1533960 2037
1533970 2037
1533980 2041
1533990 2047
1534000 2047
1534010 2055
1534020 2062
1534030 2070
1534040 2070
1534050 2075
1534060 2080
1534070 2080
1534080 2084
1534090 2089
1534100 2089
1534110 2094
1534120 2097
1534130 2097
1534140 2098
1534150 2096
1534160 2096
1534170 2092
1534180 2084
1534190 2084
1534200 2078
1534210 2073
1534220 2073
1534230 2067
1534240 2061
1534250 2055
1534260 2055
1534270 2050
1534280 2047
1534290 2047
1534300 2045
1534310 2040
1534320 2040
1534330 2036
1534340 2034
1534350 2034
1534360 2032
1534370 2029
1534380 2029
1534390 2025
1534400 2022
1534410 2022
1534420 2018
1534430 2014
1534440 2010
1534450 2010
1534460 2007
1534470 2004
1534480 2004
1534490 2002
1534500 1998
1534510 1998
1534520 1995
1534530 1991
1534540 1991
1534550 1988
1534560 1985
1534570 1985
1534580 1983
1534590 1981
1534600 1981
1534610 1979
1534620 1977
1534630 1977
1534640 1974
1534650 1972
1534660 1970
1534670 1970
1534680 1968
1534690 1966
1534700 1966
1534710 1964
1534720 1961
1534730 1961
1534740 1958
1534750 1954
1534760 1954
1534770 1951
1534780 1947
1534790 1947
1534800 1943
1534810 1939
1534820 1939
1534830 1935
1534840 1930
1534850 1926
1534860 1926
1534870 1922
1534880 1918
1534890 1918
1534900 1914
1534910 1910
1534920 1910
1534930 1905
1534940 1901
1534950 1901
1534960 1898
1534970 1896
1534980 1896
1534990 1895
1535000 1893
1535010 1893
1535020 1895
1535030 1896
1535040 1896
1535050 1896
1535060 1896
1535070 1895
1535080 1895
1535090 1894
1535100 1894
1535110 1894
1535120 1894
1535130 1894
1535140 1894
1535150 1894
1535160 1895
1535170 1895
1535180 1897
1535190 1900
1535200 1900
1535210 1902
1535220 1904
1535230 1904
1535240 1906
1535250 1908
1535260 1909
1535270 1909
1535280 1911
1535290 1912
1535300 1912
1535310 1915
1535320 1917
1535330 1917
1535340 1920
1535350 1923
1535360 1923
1535370 1925
1535380 1926
1535390 1926
1535400 1929
1535410 1934
1535420 1934
1535430 1941
1535440 1948
1535450 1948
1535460 1956
1535470 1962
1535480 1967
1535490 1967
1535500 1971
1535510 1975
1535520 1975
1535530 1980
1535540 1984
1535550 1984
1535560 1988
1535570 1993
1535580 1993
1535590 1998
1535600 2001
1535610 2001
1535620 2003
1535630 2006
1535640 2006
1535650 2009
1535660 2013
1535670 2015
1535680 2015
1535690 2017
1535700 2020
1535710 2020
1535720 2023
1535730 2028
1535740 2028
1535750 2034
1535760 2038
1535770 2038
1535780 2043
1535790 2048
1535800 2048
1535810 2053
1535820 2057
1535830 2057
1535840 2060
1535850 2064
1535860 2064
1535870 2066
1535880 2069
1535890 2071
1535900 2071
1535910 2072
1535920 2074
1535930 2074
1535940 2079
1535950 2083
1535960 2083
1535970 2087
1535980 2091
1535990 2091
1536000 2095
1536010 2099
1536020 2099
1536030 2105
1536040 2110
1536050 2110
1536060 2113
1536070 2116
1536080 2119
1536090 2119
1536100 2123
1536110 2127
1536120 2127
1536130 2129
1536140 2131
1536150 2131
1536160 2133
1536170 2135
1536180 2135
1536190 2138
1536200 2140
1536210 2140
1536220 2143
1536230 2145
1536240 2145
1536250 2146
1536260 2149
1536270 2149
1536280 2151
1536290 2155
1536300 2159
1536310 2159
1536320 2161
1536330 2163
1536340 2163
1536350 2165
1536360 2166
1536370 2166
1536380 2165
1536390 2164
1536400 2164
1536410 2164
1536420 2164
1536430 2164
1536440 2157
1536450 2155
1536460 2155
1536470 2155
1536480 2155
1536490 2156
1536500 2156
1536510 2156
1536520 2155
1536530 2155
1536540 2151
1536550 2151
1536560 2151
1536570 2146
1536580 2137
1536590 2137
1536600 2129
1536610 2122
1536620 2122
1536630 2118
1536640 2114
1536650 2114
1536660 2108
1536670 2103
1536680 2103
1536690 2099
1536700 2094
1536710 2089
1536720 2089
1536730 2083
1536740 2078
1536750 2078
1536760 2075
1536770 2073
1536780 2073
1536790 2070
1536800 2069
1536810 2069
1536820 2067
1536830 2067
1536840 2067
1536850 2066
1536860 2066
1536870 2066
1536880 2068
1536890 2070
1536900 2071
1536910 2071
1536920 2070
1536930 2070
1536940 2070
1536950 2068
1536960 2067
1536970 2067
1536980 2065
1536990 2063
1537000 2063
1537010 2062
1537020 2063
1537030 2063
1537040 2065
1537050 2066
1537060 2066
1537070 2066
1537080 2065
1537090 2065
1537100 2063
1537110 2062
1537120 2063
1537130 2063
1537140 2062
1537150 2061
1537160 2061
1537170 2060
1537180 2059
1537190 2059
1537200 2058
1537210 2058
1537220 2058
1537230 2059
1537240 2060
1537250 2060
1537260 2061
1537270 2062
1537280 2062
1537290 2065
1537300 2068
1537310 2071
1537320 2071
1537330 2074
1537340 2076
1537350 2076
1537360 2079
1537370 2083
1537380 2083
1537390 2087
1537400 2090
1537410 2090
1537420 2093
1537430 2095
1537440 2095
1537450 2097
1537460 2100
1537470 2100
1537480 2103
1537490 2106
1537500 2106
1537510 2108
1537520 2110
1537530 2111
1537540 2111
1537550 2106
1537560 2100
1537570 2100
1537580 2098
1537590 2094
1537600 2094
1537610 2090
1537620 2090
1537630 2090
1537640 2092
1537650 2093
1537660 2093
1537670 2089
1537680 2086
1537690 2086
1537700 2082
1537710 2077
1537720 2071
1537730 2071
1537740 2063
1537750 2059
1537760 2059
1537770 2058
1537780 2056
1537790 2056
1537800 2055
1537810 2055
1537820 2055
1537830 2057
1537840 2061
1537850 2061
1537860 2064
1537870 2066
1537880 2066
1537890 2068
1537900 2069
1537910 2069
1537920 2070
1537930 2071
1537940 2072
1537950 2072
1537960 2072
1537970 2074
1537980 2074
1537990 2077
1538000 2080
1538010 2080
1538020 2079
1538030 2078
1538040 2078
1538050 2079
1538060 2083
1538070 2083
1538080 2085
1538090 2088
1538100 2088
1538110 2091
1538120 2093
1538130 2095
1538140 2095
1538150 2096
1538160 2098
1538170 2098
1538180 2099
1538190 2101
1538200 2101
1538210 2102
1538220 2104
1538230 2104
1538240 2105
1538250 2107
1538260 2107
1538270 2110
1538280 2113
1538290 2113
1538300 2116
1538310 2119
1538320 2119
1538330 2123
1538340 2125
1538350 2124
1538360 2124
1538370 2125
1538380 2128
1538390 2128
1538400 2131
1538410 2135
1538420 2135
1538430 2139
1538440 2141
1538450 2141
1538460 2142
1538470 2144
1538480 2144
1538490 2146
1538500 2149
1538510 2149
1538520 2152
1538530 2157
1538540 2162
1538550 2162
1538560 2166
1538570 2168
1538580 2168
1538590 2172
1538600 2177
1538610 2177
1538620 2179
1538630 2182
1538640 2182
1538650 2184
1538660 2188
1538670 2188
1538680 2194
1538690 2201
1538700 2201
1538710 2207
1538720 2211
1538730 2211
1538740 2210
1538750 2203
1538760 2198
1538770 2198
1538780 2194
1538790 2191
1538800 2191
1538810 2188
1538820 2184
1538830 2186
1538840 2183
1538850 2181
1538860 2181
1538870 2180
1538880 2176
1538890 2176
1538900 2172
1538910 2168
1538920 2168
1538930 2165
1538940 2161
1538950 2157
1538960 2157
1538970 2153
1538980 2149
1538990 2149
1539000 2146
1539010 2143
1539020 2143
1539030 2141
1539040 2139
1539050 2139
1539060 2137
1539070 2135
1539080 2135
1539090 2131
1539100 2127
1539110 2127
1539120 2125
1539130 2124
1539140 2124
1539150 2121
1539160 2119
1539170 2117
1539180 2117
1539190 2114
1539200 2111
1539210 2111
1539220 2109
1539230 2106
1539240 2106
1539250 2104
1539260 2102
1539270 2102
1539280 2099
1539290 2097
1539300 2097
1539310 2095
1539320 2093
1539330 2093
1539340 2090
1539350 2087
1539360 2084
1539370 2084
1539380 2082
1539390 2079
1539400 2079
1539410 2077
1539420 2075
1539430 2075
1539440 2073
1539450 2071
1539460 2071
1539470 2070
1539480 2068
1539490 2068
1539500 2066
1539510 2065
1539520 2065
1539530 2064
1539540 2062
1539550 2062
1539560 2060
1539570 2058
1539580 2056
1539590 2056
1539600 2054
1539610 2051
1539620 2051
1539630 2049
1539640 2047
1539650 2047
1539660 2045
1539670 2043
1539680 2043
1539690 2042
1539700 2040
1539710 2040
1539720 2038
1539730 2037
1539740 2037
1539750 2035
1539760 2033
1539770 2033
1539780 2031
1539790 2029
1539800 2027
1539810 2027
1539820 2026
1539830 2023
1539840 2023
1539850 2020
1539860 2015
1539870 2015
1539880 2009
1539890 2003
1539900 2003
1539910 1997
1539920 1992
1539930 1992
1539940 1987
1539950 1982
1539960 1982
1539970 1977
1539980 1973
1539990 1970
