1520000 1988
1520010 1986
1520020 1983
1520030 1983
1520040 1981
1520050 1980
1520060 1980
1520070 1979
1520080 1977
1520090 1977
1520100 1976
1520110 1976
1520120 1975
1520130 1975
1520140 1974
1520150 1973
1520160 1973
1520170 1972
1520180 1971
1520190 1971
1520200 1970
1520210 1969
1520220 1969
1520230 1967
1520240 1966
1520250 1966
1520260 1964
1520270 1963
1520280 1963
1520290 1961
1520300 1960
1520310 1960
1520320 1958
1520330 1957
1520340 1955
1520350 1955
1520360 1953
1520370 1952
1520380 1952
1520390 1951
1520400 1950
1520410 1950
1520420 1950
1520430 1950
1520440 1950
1520450 1950
1520460 1951
1520470 1951
1520480 1951
1520490 1951
1520500 1951
1520510 1952
1520520 1952
1520530 1953
1520540 1953
1520550 1951
1520560 1952
1520570 1952
1520580 1952
1520590 1950
1520600 1950
1520610 1948
1520620 1946
1520630 1946
1520640 1948
1520650 1949
1520660 1949
1520670 1947
1520680 1946
1520690 1946
1520700 1946
1520710 1946
1520720 1946
1520730 1946
1520740 1946
1520750 1946
1520760 1946
1520770 1946
1520780 1946
1520790 1946
1520800 1945
1520810 1945
1520820 1945
1520830 1942
1520840 1939
1520850 1939
1520860 1938
1520870 1938
1520880 1938
1520890 1938
1520900 1937
1520910 1937
1520920 1936
1520930 1935
1520940 1934
1520950 1934
1520960 1932
1520970 1931
1520980 1931
1520990 1929
1521000 1928
1521010 1928
1521020 1927
1521030 1926
1521040 1926
1521050 1925
1521060 1923
1521070 1923
1521080 1922
1521090 1921
1521100 1921
1521110 1921
1521120 1920
1521130 1920
1521140 1919
1521150 1918
1521160 1918
1521170 1918
1521180 1917
1521190 1914
1521200 1914
1521210 1912
1521220 1914
1521230 1914
1521240 1913
1521250 1912
1521260 1912
1521270 1911
1521280 1911
1521290 1911
1521300 1911
1521310 1912
1521320 1912
1521330 1912
1521340 1914
1521350 1915
1521360 1915
1521370 1917
1521380 1920
1521390 1920
1521400 1923
1521410 1926
1521420 1926
1521430 1929
1521440 1933
1521450 1933
1521460 1936
1521470 1940
1521480 1940
1521490 1944
1521500 1947
1521510 1947
1521520 1950
1521530 1953
1521540 1953
1521550 1953
1521560 1953
1521570 1955
1521580 1955
1521590 1957
1521600 1958
1521610 1958
1521620 1960
1521630 1960
1521640 1960
1521650 1960
1521660 1960
1521670 1960
1521680 1961
1521690 1959
1521700 1959
1521710 1958
1521720 1957
1521730 1957
1521740 1956
1521750 1956
1521760 1956
1521770 1955
1521780 1954
1521790 1954
1521800 1954
1521810 1955
1521820 1955
1521830 1955
1521840 1954
1521850 1954
1521860 1954
1521870 1955
1521880 1956
1521890 1956
1521900 1957
1521910 1960
1521920 1960
1521930 1963
1521940 1967
1521950 1967
1521960 1970
1521970 1974
1521980 1976
1521990 1976
1522000 1978
1522010 1981
1522020 1981
1522030 1984
1522040 1984
1522050 1984
1522060 1984
1522070 1985
1522080 1985
1522090 1985
1522100 1985
1522110 1985
1522120 1984
1522130 1983
1522140 1983
1522150 1982
1522160 1979
1522170 1979
1522180 1976
1522190 1975
1522200 1974
1522210 1974
1522220 1973
1522230 1972
1522240 1972
1522250 1970
1522260 1968
1522270 1968
1522280 1968
1522290 1968
1522300 1968
1522310 1969
1522320 1969
1522330 1969
1522340 1971
1522350 1972
1522360 1972
1522370 1972
1522380 1973
1522390 1975
1522400 1975
1522410 1976
1522420 1977
1522430 1977
1522440 1977
1522450 1977
1522460 1977
1522470 1977
1522480 1977
1522490 1977
1522500 1977
1522510 1978
1522520 1978
1522530 1979
1522540 1979
1522550 1979
1522560 1979
1522570 1980
1522580 1980
1522590 1981
1522600 1982
1522610 1982
1522620 1982
1522630 1983
1522640 1984
1522650 1984
1522660 1985
1522670 1986
1522680 1986
1522690 1987
1522700 1988
1522710 1988
1522720 1988
1522730 1989
1522740 1989
1522750 1989
1522760 1990
1522770 1990
1522780 1990
1522790 1990
1522800 1991
1522810 1991
1522820 1991
1522830 1992
1522840 1992
1522850 1993
1522860 1993
1522870 1993
1522880 1993
1522890 1994
1522900 1994
1522910 1993
1522920 1993
1522930 1993
1522940 1994
1522950 1993
1522960 1993
1522970 1993
1522980 1994
1522990 1994
1523000 1995
1523010 1995
1523020 1996
1523030 1996
1523040 1997
1523050 1998
1523060 1998
1523070 2000
1523080 2001
1523090 2001
1523100 2003
1523110 2006
1523120 2006
1523130 2010
1523140 2015
1523150 2015
1523160 2019
1523170 2024
1523180 2024
1523190 2029
1523200 2034
1523210 2041
1523220 2041
1523230 2047
1523240 2054
1523250 2054
1523260 2060
1523270 2065
1523280 2065
1523290 2071
1523300 2076
1523310 2076
1523320 2082
1523330 2088
1523340 2088
1523350 2095
1523360 2100
1523370 2100
1523380 2106
1523390 2111
1523400 2111
1523410 2117
1523420 2122
1523430 2126
1523440 2126
1523450 2130
1523460 2134
1523470 2134
1523480 2137
1523490 2140
1523500 2140
1523510 2143
1523520 2146
1523530 2146
1523540 2148
1523550 2151
1523560 2151
1523570 2153
1523580 2155
1523590 2155
1523600 2157
1523610 2159
1523620 2161
1523630 2161
1523640 2163
1523650 2165
1523660 2165
1523670 2167
1523680 2169
1523690 2169
1523700 2170
1523710 2172
1523720 2172
1523730 2173
1523740 2175
1523750 2175
1523760 2176
1523770 2177
1523780 2177
1523790 2179
1523800 2180
1523810 2180
1523820 2181
1523830 2182
1523840 2183
1523850 2183
1523860 2184
1523870 2184
1523880 2184
1523890 2185
1523900 2185
1523910 2185
1523920 2186
1523930 2187
1523940 2187
1523950 2187
1523960 2188
1523970 2188
1523980 2188
1523990 2188
1524000 2188
1524010 2188
1524020 2188
1524030 2188
1524040 2188
1524050 2188
1524060 2187
1524070 2187
1524080 2186
1524090 2185
1524100 2185
1524110 2184
1524120 2183
1524130 2183
1524140 2181
1524150 2179
1524160 2179
1524170 2178
1524180 2176
1524190 2176
1524200 2175
1524210 2173
1524220 2173
1524230 2172
1524240 2170
1524250 2168
1524260 2168
1524270 2167
1524280 2165
1524290 2165
1524300 2164
1524310 2163
1524320 2163
1524330 2161
1524340 2160
1524350 2160
1524360 2160
1524370 2159
1524380 2159
1524390 2160
1524400 2160
1524410 2160
1524420 2161
1524430 2161
1524440 2162
1524450 2162
1524460 2162
1524470 2163
1524480 2163
1524490 2163
1524500 2163
1524510 2163
1524520 2163
1524530 2163
1524540 2163
1524550 2162
1524560 2161
1524570 2161
1524580 2159
1524590 2157
1524600 2157
1524610 2154
1524620 2150
1524630 2150
1524640 2147
1524650 2143
1524660 2141
1524670 2141
1524680 2138
1524690 2135
1524700 2135
1524710 2132
1524720 2129
1524730 2129
1524740 2126
1524750 2123
1524760 2123
1524770 2120
1524780 2117
1524790 2117
1524800 2114
1524810 2113
1524820 2113
1524830 2111
1524840 2110
1524850 2108
1524860 2108
1524870 2109
1524880 2110
1524890 2110
1524900 2112
1524910 2115
1524920 2115
1524930 2118
1524940 2120
1524950 2120
1524960 2123
1524970 2126
1524980 2126
1524990 2129
1525000 2132
1525010 2132
1525020 2134
1525030 2135
1525040 2135
1525050 2137
1525060 2138
1525070 2139
1525080 2139
1525090 2140
1525100 2141
1525110 2141
1525120 2143
1525130 2144
1525140 2144
1525150 2145
1525160 2146
1525170 2146
1525180 2147
1525190 2148
1525200 2148
1525210 2150
1525220 2152
1525230 2152
1525240 2152
1525250 2150
1525260 2150
1525270 2147
1525280 2144
1525290 2141
1525300 2141
1525310 2139
1525320 2139
1525330 2139
1525340 2138
1525350 2136
1525360 2136
1525370 2134
1525380 2131
1525390 2131
1525400 2128
1525410 2127
1525420 2127
1525430 2126
1525440 2125
1525450 2125
1525460 2124
1525470 2123
1525480 2122
1525490 2122
1525500 2121
1525510 2120
1525520 2120
1525530 2119
1525540 2118
1525550 2118
1525560 2117
1525570 2116
1525580 2116
1525590 2115
1525600 2115
1525610 2115
1525620 2115
1525630 2115
1525640 2115
1525650 2113
1525660 2112
1525670 2112
1525680 2111
1525690 2110
1525700 2108
1525710 2108
1525720 2107
1525730 2106
1525740 2106
1525750 2105
1525760 2103
1525770 2103
1525780 2101
1525790 2100
1525800 2104
1525810 2102
1525820 2101
1525830 2101
1525840 2099
1525850 2097
1525860 2097
1525870 2095
1525880 2094
1525890 2093
1525900 2093
1525910 2091
1525920 2090
1525930 2090
1525940 2089
1525950 2087
1525960 2087
1525970 2086
1525980 2085
1525990 2085
1526000 2083
1526010 2080
1526020 2080
1526030 2077
1526040 2072
1526050 2072
1526060 2066
1526070 2060
1526080 2060
1526090 2054
1526100 2048
1526110 2043
1526120 2043
1526130 2037
1526140 2031
1526150 2031
1526160 2026
1526170 2022
1526180 2022
1526190 2016
1526200 2007
1526210 2007
1526220 1999
1526230 1991
1526240 1991
1526250 1985
1526260 1981
1526270 1981
1526280 1977
1526290 1972
1526300 1966
1526310 1966
1526320 1961
1526330 1956
1526340 1956
1526350 1953
1526360 1951
1526370 1951
1526380 1949
1526390 1947
1526400 1947
1526410 1944
1526420 1940
1526430 1940
1526440 1935
1526450 1931
1526460 1931
1526470 1929
1526480 1927
1526490 1927
1526500 1925
1526510 1922
1526520 1919
1526530 1919
1526540 1918
1526550 1916
1526560 1916
1526570 1913
1526580 1911
1526590 1911
1526600 1909
1526610 1906
1526620 1906
1526630 1902
1526640 1899
1526650 1899
1526660 1897
1526670 1895
1526680 1895
1526690 1892
1526700 1890
1526710 1887
1526720 1887
1526730 1885
1526740 1884
1526750 1884
1526760 1883
1526770 1882
1526780 1882
1526790 1880
1526800 1878
1526810 1878
1526820 1877
1526830 1875
1526840 1875
1526850 1874
1526860 1872
1526870 1872
1526880 1871
1526890 1870
1526900 1870
1526910 1869
1526920 1867
1526930 1865
1526940 1865
1526950 1864
1526960 1862
1526970 1862
1526980 1860
1526990 1854
1527000 1854
1527010 1848
1527020 1841
1527030 1841
1527040 1835
1527050 1831
1527060 1831
1527070 1826
1527080 1822
1527090 1822
1527100 1818
1527110 1814
1527120 1809
1527130 1809
1527140 1805
1527150 1800
1527160 1800
1527170 1796
1527180 1793
1527190 1793
1527200 1789
1527210 1785
1527220 1785
1527230 1780
1527240 1775
1527250 1775
1527260 1770
1527270 1765
1527280 1765
1527290 1760
1527300 1757
1527310 1757
1527320 1754
1527330 1751
1527340 1747
1527350 1747
1527360 1743
1527370 1738
1527380 1738
1527390 1734
1527400 1731
1527410 1731
1527420 1727
1527430 1723
1527440 1723
1527450 1717
1527460 1710
1527470 1710
1527480 1703
1527490 1697
1527500 1697
1527510 1691
1527520 1686
1527530 1681
1527540 1681
1527550 1675
1527560 1670
1527570 1670
1527580 1664
1527590 1657
1527600 1657
1527610 1650
1527620 1643
1527630 1643
1527640 1637
1527650 1631
1527660 1631
1527670 1625
1527680 1621
1527690 1621
1527700 1616
1527710 1613
1527720 1613
1527730 1609
1527740 1606
1527750 1604
1527760 1604
1527770 1601
1527780 1598
1527790 1598
1527800 1600
1527810 1602
1527820 1602
1527830 1606
1527840 1608
1527850 1608
1527860 1609
1527870 1609
1527880 1609
1527890 1610
1527900 1612
1527910 1612
1527920 1613
1527930 1616
1527940 1619
1527950 1619
1527960 1622
1527970 1626
1527980 1626
1527990 1630
1528000 1635
1528010 1635
1528020 1640
1528030 1643
1528040 1643
1528050 1647
1528060 1652
1528070 1652
1528080 1657
1528090 1661
1528100 1661
1528110 1666
1528120 1671
1528130 1671
1528140 1676
1528150 1683
1528160 1691
1528170 1691
1528180 1701
1528190 1709
1528200 1709
1528210 1714
1528220 1719
1528230 1719
1528240 1724
1528250 1728
1528260 1728
1528270 1730
1528280 1734
1528290 1734
1528300 1737
1528310 1742
1528320 1742
1528330 1748
1528340 1754
1528350 1760
1528360 1760
1528370 1767
1528380 1773
1528390 1773
1528400 1779
1528410 1784
1528420 1784
1528430 1788
1528440 1791
1528450 1791
1528460 1794
1528470 1799
1528480 1799
1528490 1802
1528500 1806
1528510 1806
1528520 1809
1528530 1812
1528540 1812
1528550 1816
1528560 1821
1528570 1825
1528580 1825
1528590 1828
1528600 1831
1528610 1831
1528620 1834
1528630 1839
1528640 1839
1528650 1845
1528660 1851
1528670 1851
1528680 1855
1528690 1858
1528700 1858
1528710 1859
1528720 1858
1528730 1858
1528740 1856
1528750 1853
1528760 1853
1528770 1847
1528780 1844
1528790 1840
1528800 1840
1528810 1837
1528820 1832
1528830 1832
1528840 1826
1528850 1821
1528860 1821
1528870 1817
1528880 1814
1528890 1814
1528900 1812
1528910 1810
1528920 1810
1528930 1808
1528940 1806
1528950 1806
1528960 1803
1528970 1800
1528980 1797
1528990 1797
1529000 1795
1529010 1794
1529020 1794
1529030 1792
1529040 1790
1529050 1790
1529060 1787
1529070 1784
1529080 1784
1529090 1781
1529100 1778
1529110 1778
1529120 1774
1529130 1772
1529140 1772
1529150 1772
1529160 1776
1529170 1776
1529180 1779
1529190 1783
1529200 1786
1529210 1786
1529220 1790
1529230 1793
1529240 1793
1529250 1796
1529260 1799
1529270 1799
1529280 1802
1529290 1805
1529300 1805
1529310 1808
1529320 1812
1529330 1812
1529340 1815
1529350 1818
1529360 1818
1529370 1822
1529380 1826
1529390 1831
1529400 1831
1529410 1834
1529420 1837
1529430 1837
1529440 1840
1529450 1842
1529460 1842
1529470 1844
1529480 1847
1529490 1847
1529500 1849
1529510 1851
1529520 1851
1529530 1853
1529540 1854
1529550 1854
1529560 1855
1529570 1856
1529580 1856
1529590 1856
1529600 1855
1529610 1855
1529620 1855
1529630 1853
1529640 1853
1529650 1853
1529660 1853
1529670 1853
1529680 1853
1529690 1852
1529700 1851
1529710 1851
1529720 1850
1529730 1850
1529740 1850
1529750 1852
1529760 1855
1529770 1855
1529780 1859
1529790 1863
1529800 1867
1529810 1867
1529820 1871
1529830 1875
1529840 1875
1529850 1879
1529860 1882
1529870 1882
1529880 1885
1529890 1889
1529900 1889
1529910 1892
1529920 1896
1529930 1896
1529940 1900
1529950 1902
1529960 1902
1529970 1905
1529980 1908
1529990 1908
1530000 1912
1530010 1915
1530020 1919
1530030 1919
1530040 1923
1530050 1927
1530060 1927
1530070 1930
1530080 1934
1530090 1934
1530100 1938
1530110 1941
1530120 1941
1530130 1944
1530140 1947
1530150 1947
1530160 1950
1530170 1953
1530180 1953
1530190 1956
1530200 1960
1530210 1964
1530220 1964
1530230 1968
1530240 1971
1530250 1971
1530260 1974
1530270 1977
1530280 1977
1530290 1980
1530300 1983
1530310 1983
1530320 1985
1530330 1988
1530340 1988
1530350 1990
1530360 1993
1530370 1993
1530380 1995
1530390 1997
1530400 1997
1530410 1999
1530420 2002
1530430 2005
1530440 2005
1530450 2007
1530460 2009
1530470 2009
1530480 2011
1530490 2013
1530500 2013
1530510 2015
1530520 2016
1530530 2016
1530540 2018
1530550 2020
1530560 2020
1530570 2022
1530580 2023
1530590 2023
1530600 2025
1530610 2027
1530620 2028
1530630 2028
1530640 2030
1530650 2031
1530660 2031
1530670 2033
1530680 2035
1530690 2035
1530700 2036
1530710 2037
1530720 2037
1530730 2038
1530740 2040
1530750 2040
1530760 2041
1530770 2041
1530780 2041
1530790 2042
1530800 2042
1530810 2042
1530820 2042
1530830 2042
1530840 2042
1530850 2042
1530860 2042
1530870 2042
1530880 2042
1530890 2041
1530900 2041
1530910 2041
1530920 2041
1530930 2040
1530940 2040
1530950 2039
1530960 2038
1530970 2038
1530980 2036
1530990 2032
1531000 2032
1531010 2026
1531020 2020
1531030 2014
1531040 2014
1531050 2007
1531060 2000
1531070 2000
1531080 1995
1531090 1992
1531100 1992
1531110 1987
1531120 1982
1531130 1982
1531140 1979
1531150 1977
1531160 1977
1531170 1974
1531180 1970
1531190 1970
1531200 1965
1531210 1962
1531220 1962
1531230 1960
1531240 1956
1531250 1953
1531260 1953
1531270 1951
1531280 1948
1531290 1948
1531300 1945
1531310 1942
1531320 1942
1531330 1940
1531340 1938
1531350 1938
1531360 1936
1531370 1935
1531380 1935
1531390 1934
1531400 1933
1531410 1933
1531420 1932
1531430 1931
1531440 1931
1531450 1931
1531460 1930
1531470 1928
1531480 1928
1531490 1928
1531500 1927
1531510 1927
1531520 1924
1531530 1919
1531540 1919
1531550 1915
1531560 1911
1531570 1911
1531580 1906
1531590 1901
1531600 1901
1531610 1892
1531620 1884
1531630 1884
1531640 1876
1531650 1869
1531660 1862
1531670 1862
1531680 1853
1531690 1845
1531700 1845
1531710 1839
1531720 1832
1531730 1832
1531740 1825
1531750 1818
1531760 1818
1531770 1811
1531780 1804
1531790 1804
1531800 1797
1531810 1790
1531820 1790
1531830 1783
1531840 1777
1531850 1777
1531860 1770
1531870 1764
1531880 1758
1531890 1758
1531900 1751
1531910 1744
1531920 1744
1531930 1739
1531940 1734
1531950 1734
1531960 1730
1531970 1725
1531980 1725
1531990 1720
1532000 1715
1532010 1715
1532020 1709
1532030 1704
1532040 1704
1532050 1699
1532060 1694
1532070 1690
1532080 1690
1532090 1687
1532100 1682
1532110 1682
1532120 1678
1532130 1673
1532140 1673
1532150 1669
1532160 1664
1532170 1664
1532180 1660
1532190 1656
1532200 1656
1532210 1652
1532220 1647
1532230 1647
1532240 1643
1532250 1639
1532260 1639
1532270 1636
1532280 1633
1532290 1631
1532300 1631
1532310 1630
1532320 1630
1532330 1630
1532340 1630
1532350 1630
1532360 1630
1532370 1633
1532380 1633
1532390 1633
1532400 1634
1532410 1635
1532420 1635
1532430 1637
1532440 1638
1532450 1638
1532460 1639
1532470 1641
1532480 1643
1532490 1643
1532500 1644
1532510 1646
1532520 1646
1532530 1648
1532540 1650
1532550 1650
1532560 1653
1532570 1656
1532580 1656
1532590 1659
1532600 1662
1532610 1662
1532620 1665
1532630 1669
1532640 1669
1532650 1672
1532660 1675
1532670 1675
1532680 1678
1532690 1682
1532700 1685
1532710 1685
1532720 1689
1532730 1693
1532740 1693
1532750 1697
1532760 1701
1532770 1701
1532780 1704
1532790 1709
1532800 1709
1532810 1714
1532820 1719
1532830 1719
1532840 1723
1532850 1728
1532860 1728
1532870 1734
1532880 1740
1532890 1746
1532900 1746
1532910 1753
1532920 1760
1532930 1760
1532940 1767
1532950 1773
1532960 1773
1532970 1780
1532980 1786
1532990 1786
1533000 1791
1533010 1797
1533020 1797
1533030 1804
1533040 1809
1533050 1809
1533060 1813
1533070 1818
1533080 1818
1533090 1823
1533100 1829
1533110 1835
1533120 1835
1533130 1838
1533140 1841
1533150 1841
1533160 1846
1533170 1852
1533180 1852
1533190 1856
1533200 1860
1533210 1860
1533220 1864
1533230 1868
1533240 1868
1533250 1872
1533260 1876
1533270 1876
1533280 1881
1533290 1884
1533300 1886
1533310 1886
1533320 1889
1533330 1892
1533340 1892
1533350 1896
1533360 1899
1533370 1899
1533380 1903
1533390 1906
1533400 1906
1533410 1911
1533420 1917
1533430 1917
1533440 1921
1533450 1924
1533460 1924
1533470 1927
1533480 1931
1533490 1931
1533500 1935
1533510 1939
1533520 1942
1533530 1942
1533540 1946
1533550 1950
1533560 1950
1533570 1955
1533580 1959
1533590 1959
1533600 1964
1533610 1967
1533620 1967
1533630 1970
1533640 1973
1533650 1973
1533660 1976
1533670 1979
1533680 1979
1533690 1983
1533700 1987
1533710 1990
1533720 1990
1533730 1994
1533740 1996
1533750 1996
1533760 1997
1533770 1998
1533780 1998
1533790 1999
1533800 2001
1533810 2001
1533820 2004
1533830 2009
1533840 2009
1533850 2014
1533860 2020
1533870 2020
1533880 2026
1533890 2032
1533900 2032
1533910 2039
1533920 2046
1533930 2052
1533940 2052
1533950 2057
1533960 2061
1533970 2061
1533980 2064
1533990 2068
1534000 2068
1534010 2072
1534020 2076
1534030 2076
1534040 2079
1534050 2083
1534060 2083
1534070 2086
1534080 2090
1534090 2090
1534100 2094
1534110 2098
1534120 2099
1534130 2099
1534140 2099
1534150 2098
1534160 2098
1534170 2097
1534180 2093
1534190 2093
1534200 2090
1534210 2086
1534220 2086
1534230 2082
1534240 2078
1534250 2078
1534260 2074
1534270 2069
1534280 2069
1534290 2063
1534300 2057
1534310 2057
1534320 2052
1534330 2048
1534340 2044
1534350 2044
1534360 2041
1534370 2039
1534380 2039
1534390 2037
1534400 2034
1534410 2034
1534420 2030
1534430 2027
1534440 2027
1534450 2023
1534460 2019
1534470 2019
1534480 2016
1534490 2014
1534500 2014
1534510 2012
1534520 2009
1534530 2008
1534540 2008
1534550 2006
1534560 2004
1534570 2004
1534580 2002
1534590 2000
1534600 2000
1534610 1998
1534620 1995
1534630 1995
1534640 1993
1534650 1991
1534660 1991
1534670 1989
1534680 1986
1534690 1986
1534700 1982
1534710 1977
1534720 1977
1534730 1972
1534740 1968
1534750 1965
1534760 1965
1534770 1961
1534780 1958
1534790 1958
1534800 1955
1534810 1951
1534820 1951
1534830 1947
1534840 1944
1534850 1944
1534860 1941
1534870 1938
1534880 1938
1534890 1935
1534900 1932
1534910 1932
1534920 1928
1534930 1924
1534940 1919
1534950 1919
1534960 1914
1534970 1911
1534980 1911
1534990 1908
1535000 1904
1535010 1904
1535020 1900
1535030 1896
1535040 1896
1535050 1893
1535060 1888
1535070 1888
1535080 1885
1535090 1881
1535100 1881
1535110 1877
1535120 1874
1535130 1874
1535140 1871
1535150 1868
1535160 1866
1535170 1866
1535180 1864
1535190 1861
1535200 1861
1535210 1859
1535220 1858
1535230 1858
1535240 1857
1535250 1857
1535260 1857
1535270 1860
1535280 1864
1535290 1864
1535300 1867
1535310 1869
1535320 1869
1535330 1872
1535340 1873
1535350 1873
1535360 1875
1535370 1879
1535380 1883
1535390 1883
1535400 1886
1535410 1889
1535420 1889
1535430 1890
1535440 1894
1535450 1894
1535460 1897
1535470 1899
1535480 1899
1535490 1900
1535500 1901
1535510 1901
1535520 1904
1535530 1911
1535540 1911
1535550 1917
1535560 1922
1535570 1925
1535580 1925
1535590 1931
1535600 1934
1535610 1934
1535620 1935
1535630 1937
1535640 1937
1535650 1938
1535660 1940
1535670 1940
1535680 1941
1535690 1943
1535700 1943
1535710 1946
1535720 1950
1535730 1950
1535740 1954
1535750 1959
1535760 1959
1535770 1964
1535780 1968
1535790 1970
1535800 1970
1535810 1971
1535820 1972
1535830 1972
1535840 1973
1535850 1975
1535860 1975
1535870 1977
1535880 1979
1535890 1979
1535900 1983
1535910 1987
1535920 1987
1535930 1991
1535940 1993
1535950 1993
1535960 1996
1535970 2000
1535980 2005
1535990 2005
1536000 2009
1536010 2014
1536020 2014
1536030 2019
1536040 2024
1536050 2024
1536060 2029
1536070 2034
1536080 2034
1536090 2037
1536100 2040
1536110 2040
1536120 2041
1536130 2042
1536140 2042
1536150 2042
1536160 2042
1536170 2042
1536180 2042
1536190 2043
1536200 2043
1536210 2043
1536220 2045
1536230 2048
1536240 2048
1536250 2049
1536260 2051
1536270 2051
1536280 2052
1536290 2056
1536300 2056
1536310 2060
1536320 2064
1536330 2064
1536340 2068
1536350 2070
1536360 2070
1536370 2070
1536380 2066
1536390 2061
1536400 2061
1536410 2054
1536420 2045
1536430 2045
1536440 2037
1536450 2031
1536460 2031
1536470 2026
1536480 2024
1536490 2024
1536500 2022
1536510 2021
1536520 2021
1536530 2021
1536540 2021
1536550 2021
1536560 2018
1536570 2015
1536580 2015
1536590 2009
1536600 2004
1536610 1999
1536620 1999
1536630 1994
1536640 1991
1536650 1991
1536660 1987
1536670 1984
1536680 1984
1536690 1983
1536700 1981
1536710 1981
1536720 1979
1536730 1977
1536740 1977
1536750 1976
1536760 1974
1536770 1974
1536780 1973
1536790 1972
1536800 1972
1536810 1972
1536820 1972
1536830 1972
1536840 1972
1536850 1972
1536860 1971
1536870 1971
1536880 1971
1536890 1972
1536900 1972
1536910 1972
1536920 1971
1536930 1971
1536940 1971
1536950 1971
1536960 1971
1536970 1970
1536980 1970
1536990 1970
1537000 1970
1537010 1971
1537020 1971
1537030 1971
1537040 1970
1537050 1969
1537060 1969
1537070 1969
1537080 1968
1537090 1968
1537100 1968
1537110 1970
1537120 1970
1537130 1970
1537140 1972
1537150 1972
1537160 1973
1537170 1974
1537180 1974
1537190 1975
1537200 1975
1537210 1976
1537220 1976
1537230 1976
1537240 1976
1537250 1976
1537260 1976
1537270 1978
1537280 1978
1537290 1979
1537300 1981
1537310 1981
1537320 1984
1537330 1985
1537340 1985
1537350 1987
1537360 1989
1537370 1989
1537380 1990
1537390 1992
1537400 1992
1537410 1994
1537420 1996
1537430 1998
1537440 1998
1537450 1999
1537460 2000
1537470 2000
1537480 2000
1537490 2001
1537500 2001
1537510 2001
1537520 2002
1537530 2002
1537540 2003
1537550 2005
1537560 2005
1537570 2006
1537580 2008
1537590 2008
1537600 2009
1537610 2013
1537620 2017
1537630 2017
1537640 2020
1537650 2024
1537660 2024
1537670 2026
1537680 2027
1537690 2027
1537700 2021
1537710 2011
1537720 2011
1537730 2000
1537740 1993
1537750 1993
1537760 1986
1537770 1980
1537780 1980
1537790 1975
1537800 1971
1537810 1971
1537820 1969
1537830 1969
1537840 1970
1537850 1970
1537860 1972
1537870 1971
1537880 1971
1537890 1970
1537900 1970
1537910 1970
1537920 1969
1537930 1968
1537940 1968
1537950 1967
1537960 1970
1537970 1970
1537980 1971
1537990 1970
1538000 1970
1538010 1970
1538020 1970
1538030 1971
1538040 1971
1538050 1971
1538060 1971
1538070 1971
1538080 1969
1538090 1967
1538100 1967
1538110 1967
1538120 1971
1538130 1971
1538140 1974
1538150 1977
1538160 1977
1538170 1982
1538180 1985
1538190 1985
1538200 1988
1538210 1992
1538220 1992
1538230 1997
1538240 2002
1538250 2009
1538260 2009
1538270 2014
1538280 2017
1538290 2017
1538300 2020
1538310 2024
1538320 2024
1538330 2026
1538340 2030
1538350 2030
1538360 2033
1538370 2035
1538380 2035
1538390 2037
1538400 2042
1538410 2042
1538420 2045
1538430 2049
1538440 2054
1538450 2054
1538460 2060
1538470 2066
1538480 2066
1538490 2072
1538500 2076
1538510 2076
1538520 2081
1538530 2085
1538540 2085
1538550 2090
1538560 2092
1538570 2092
1538580 2093
1538590 2094
1538600 2094
1538610 2096
1538620 2100
1538630 2100
1538640 2104
1538650 2109
1538660 2113
1538670 2113
1538680 2115
1538690 2117
1538700 2117
1538710 2120
1538720 2124
1538730 2124
1538740 2128
1538750 2133
1538760 2133
1538770 2138
1538780 2142
1538790 2142
1538800 2145
1538810 2147
1538820 2147
1538830 2150
1538840 2152
1538850 2152
1538860 2154
1538870 2156
1538880 2157
1538890 2157
1538900 2158
1538910 2162
1538920 2162
1538930 2165
1538940 2167
1538950 2167
1538960 2168
1538970 2170
1538980 2170
1538990 2171
1539000 2172
1539010 2172
1539020 2173
1539030 2175
1539040 2173
1539050 2177
1539060 2177
1539070 2175
1539080 2175
1539090 2173
1539100 2173
1539110 2173
1539120 2179
1539130 2180
1539140 2180
1539150 2175
1539160 2170
1539170 2170
1539180 2166
1539190 2163
1539200 2163
1539210 2160
1539220 2156
1539230 2156
1539240 2152
1539250 2149
1539260 2149
1539270 2145
1539280 2142
1539290 2138
1539300 2138
1539310 2135
1539320 2131
1539330 2131
1539340 2127
1539350 2124
1539360 2124
1539370 2121
1539380 2117
1539390 2117
1539400 2112
1539410 2108
1539420 2108
1539430 2105
1539440 2101
1539450 2101
1539460 2098
1539470 2094
1539480 2090
1539490 2090
1539500 2084
1539510 2079
1539520 2079
1539530 2070
1539540 2060
1539550 2060
1539560 2054
1539570 2051
1539580 2051
1539590 2048
1539600 2047
1539610 2047
1539620 2045
1539630 2043
1539640 2043
1539650 2040
1539660 2038
1539670 2038
1539680 2037
1539690 2036
1539700 2035
1539710 2035
1539720 2034
1539730 2031
1539740 2031
1539750 2027
1539760 2024
1539770 2024
1539780 2021
1539790 2017
1539800 2017
1539810 2012
1539820 2004
1539830 2004
1539840 1999
1539850 1997
1539860 1997
1539870 1997
1539880 1996
1539890 1994
1539900 1994
1539910 1993
1539920 1991
1539930 1991
1539940 1989
1539950 1987
1539960 1987
1539970 1984
1539980 1979
1539990 1979
