1520000 1982
1520010 1980
1520020 1979
1520030 1979
1520040 1977
1520050 1976
1520060 1976
1520070 1974
1520080 1974
1520090 1974
1520100 1973
1520110 1973
1520120 1973
1520130 1972
1520140 1971
1520150 1970
1520160 1970
1520170 1970
1520180 1969
1520190 1969
1520200 1968
1520210 1967
1520220 1967
1520230 1966
1520240 1965
1520250 1965
1520260 1964
1520270 1963
1520280 1963
1520290 1962
1520300 1961
1520310 1961
1520320 1960
1520330 1958
1520340 1957
1520350 1957
1520360 1956
1520370 1955
1520380 1955
1520390 1954
1520400 1953
1520410 1953
1520420 1952
1520430 1950
1520440 1950
1520450 1949
1520460 1947
1520470 1947
1520480 1946
1520490 1945
1520500 1945
1520510 1947
1520520 1947
1520530 1947
1520540 1946
1520550 1945
1520560 1945
1520570 1945
1520580 1945
1520590 1943
1520600 1943
1520610 1943
1520620 1943
1520630 1943
1520640 1942
1520650 1940
1520660 1940
1520670 1939
1520680 1939
1520690 1939
1520700 1938
1520710 1938
1520720 1938
1520730 1938
1520740 1937
1520750 1934
1520760 1934
1520770 1932
1520780 1929
1520790 1929
1520800 1927
1520810 1928
1520820 1928
1520830 1928
1520840 1930
1520850 1930
1520860 1932
1520870 1933
1520880 1933
1520890 1934
1520900 1933
1520910 1933
1520920 1932
1520930 1931
1520940 1931
1520950 1929
1520960 1927
1520970 1925
1520980 1925
1520990 1924
1521000 1922
1521010 1922
1521020 1920
1521030 1918
1521040 1918
1521050 1915
1521060 1913
1521070 1913
1521080 1910
1521090 1907
1521100 1907
1521110 1907
1521120 1906
1521130 1906
1521140 1904
1521150 1903
1521160 1903
1521170 1901
1521180 1900
1521190 1899
1521200 1899
1521210 1898
1521220 1894
1521230 1894
1521240 1890
1521250 1893
1521260 1893
1521270 1897
1521280 1897
1521290 1897
1521300 1897
1521310 1897
1521320 1897
1521330 1897
1521340 1897
1521350 1897
1521360 1898
1521370 1900
1521380 1901
1521390 1901
1521400 1903
1521410 1904
1521420 1904
1521430 1906
1521440 1908
1521450 1908
1521460 1910
1521470 1912
1521480 1912
1521490 1915
1521500 1917
1521510 1917
1521520 1919
1521530 1920
1521540 1920
1521550 1920
1521560 1921
1521570 1921
1521580 1922
1521590 1924
1521600 1926
1521610 1926
1521620 1926
1521630 1928
1521640 1928
1521650 1929
1521660 1930
1521670 1930
1521680 1931
1521690 1932
1521700 1932
1521710 1933
1521720 1934
1521730 1934
1521740 1934
1521750 1934
1521760 1934
1521770 1934
1521780 1933
1521790 1933
1521800 1933
1521810 1932
1521820 1932
1521830 1932
1521840 1932
1521850 1932
1521860 1932
1521870 1933
1521880 1935
1521890 1935
1521900 1937
1521910 1939
1521920 1939
1521930 1941
1521940 1943
1521950 1943
1521960 1945
1521970 1948
1521980 1948
1521990 1951
1522000 1954
1522010 1957
1522020 1957
1522030 1958
1522040 1959
1522050 1959
1522060 1960
1522070 1958
1522080 1958
1522090 1957
1522100 1957
1522110 1957
1522120 1957
1522130 1957
1522140 1957
1522150 1957
1522160 1957
1522170 1957
1522180 1957
1522190 1957
1522200 1958
1522210 1958
1522220 1958
1522230 1956
1522240 1956
1522250 1956
1522260 1955
1522270 1955
1522280 1954
1522290 1953
1522300 1953
1522310 1953
1522320 1954
1522330 1954
1522340 1955
1522350 1956
1522360 1956
1522370 1957
1522380 1957
1522390 1957
1522400 1957
1522410 1957
1522420 1957
1522430 1957
1522440 1959
1522450 1961
1522460 1961
1522470 1963
1522480 1966
1522490 1966
1522500 1968
1522510 1969
1522520 1969
1522530 1971
1522540 1971
1522550 1971
1522560 1971
1522570 1972
1522580 1972
1522590 1973
1522600 1973
1522610 1974
1522620 1974
1522630 1975
1522640 1977
1522650 1977
1522660 1978
1522670 1979
1522680 1979
1522690 1979
1522700 1979
1522710 1979
1522720 1980
1522730 1981
1522740 1981
1522750 1981
1522760 1981
1522770 1981
1522780 1981
1522790 1982
1522800 1982
1522810 1982
1522820 1982
1522830 1982
1522840 1982
1522850 1983
1522860 1983
1522870 1983
1522880 1983
1522890 1983
1522900 1983
1522910 1983
1522920 1982
1522930 1982
1522940 1982
1522950 1981
1522960 1981
1522970 1982
1522980 1984
1522990 1984
1523000 1985
1523010 1986
1523020 1987
1523030 1987
1523040 1988
1523050 1990
1523060 1990
1523070 1993
1523080 1998
1523090 1998
1523100 2002
1523110 2006
1523120 2006
1523130 2011
1523140 2015
1523150 2015
1523160 2019
1523170 2024
1523180 2024
1523190 2030
1523200 2036
1523210 2036
1523220 2043
1523230 2050
1523240 2057
1523250 2058
1523260 2064
1523270 2070
1523280 2070
1523290 2075
1523300 2081
1523310 2081
1523320 2087
1523330 2094
1523340 2094
1523350 2100
1523360 2105
1523370 2105
1523380 2111
1523390 2115
1523400 2115
1523410 2120
1523420 2124
1523430 2127
1523440 2127
1523450 2130
1523460 2133
1523470 2133
1523480 2135
1523490 2138
1523500 2138
1523510 2142
1523520 2145
1523530 2145
1523540 2147
1523550 2148
1523560 2148
1523570 2150
1523580 2153
1523590 2153
1523600 2155
1523610 2156
1523620 2156
1523630 2157
1523640 2159
1523650 2161
1523660 2161
1523670 2162
1523680 2164
1523690 2164
1523700 2165
1523710 2167
1523720 2167
1523730 2168
1523740 2169
1523750 2169
1523760 2170
1523770 2171
1523780 2171
1523790 2171
1523800 2172
1523810 2172
1523820 2172
1523830 2173
1523840 2173
1523850 2173
1523860 2174
1523870 2174
1523880 2174
1523890 2175
1523900 2175
1523910 2175
1523920 2175
1523930 2176
1523940 2176
1523950 2176
1523960 2176
1523970 2176
1523980 2177
1523990 2177
1524000 2177
1524010 2177
1524020 2176
1524030 2176
1524040 2176
1524050 2176
1524060 2177
1524070 2177
1524080 2176
1524090 2175
1524100 2175
1524110 2174
1524120 2173
1524130 2173
1524140 2171
1524150 2169
1524160 2169
1524170 2167
1524180 2165
1524190 2165
1524200 2162
1524210 2160
1524220 2160
1524230 2158
1524240 2156
1524250 2156
1524260 2155
1524270 2154
1524280 2153
1524290 2153
1524300 2152
1524310 2151
1524320 2151
1524330 2151
1524340 2149
1524350 2149
1524360 2150
1524370 2151
1524380 2151
1524390 2152
1524400 2153
1524410 2153
1524420 2154
1524430 2156
1524440 2156
1524450 2157
1524460 2157
1524470 2158
1524480 2158
1524490 2159
1524500 2160
1524510 2160
1524520 2158
1524530 2155
1524540 2155
1524550 2150
1524560 2146
1524570 2146
1524580 2142
1524590 2138
1524600 2138
1524610 2134
1524620 2130
1524630 2130
1524640 2125
1524650 2120
1524660 2120
1524670 2115
1524680 2111
1524690 2106
1524700 2106
1524710 2104
1524720 2103
1524730 2103
1524740 2101
1524750 2098
1524760 2098
1524770 2097
1524780 2096
1524790 2096
1524800 2093
1524810 2092
1524820 2092
1524830 2091
1524840 2091
1524850 2091
1524860 2091
1524870 2090
1524880 2088
1524890 2088
1524900 2087
1524910 2087
1524920 2087
1524930 2088
1524940 2089
1524950 2089
1524960 2090
1524970 2091
1524980 2091
1524990 2093
1525000 2095
1525010 2095
1525020 2098
1525030 2101
1525040 2101
1525050 2104
1525060 2108
1525070 2108
1525080 2111
1525090 2115
1525100 2117
1525110 2117
1525120 2117
1525130 2117
1525140 2117
1525150 2118
1525160 2118
1525170 2118
1525180 2118
1525190 2120
1525200 2120
1525210 2121
1525220 2121
1525230 2121
1525240 2122
1525250 2121
1525260 2121
1525270 2119
1525280 2118
1525290 2117
1525300 2117
1525310 2117
1525320 2118
1525330 2118
1525340 2120
1525350 2121
1525360 2121
1525370 2121
1525380 2121
1525390 2121
1525400 2122
1525410 2121
1525420 2121
1525430 2121
1525440 2121
1525450 2121
1525460 2120
1525470 2119
1525480 2119
1525490 2118
1525500 2117
1525510 2116
1525520 2116
1525530 2115
1525540 2116
1525550 2116
1525560 2119
1525570 2121
1525580 2121
1525590 2121
1525600 2120
1525610 2120
1525620 2119
1525630 2118
1525640 2118
1525650 2116
1525660 2116
1525670 2116
1525680 2115
1525690 2116
1525700 2117
1525710 2117
1525720 2117
1525730 2118
1525740 2118
1525750 2119
1525760 2120
1525770 2120
1525780 2120
1525790 2118
1525800 2118
1525810 2115
1525820 2113
1525830 2113
1525840 2112
1525850 2112
1525860 2112
1525870 2112
1525880 2110
1525890 2110
1525900 2108
1525910 2106
1525920 2103
1525930 2103
1525940 2101
1525950 2099
1525960 2099
1525970 2098
1525980 2096
1525990 2096
1526000 2093
1526010 2090
1526020 2090
1526030 2085
1526040 2077
1526050 2077
1526060 2068
1526070 2062
1526080 2062
1526090 2059
1526100 2055
1526110 2050
1526120 2050
1526130 2045
1526140 2039
1526150 2039
1526160 2032
1526170 2024
1526180 2024
1526190 2017
1526200 2010
1526210 2010
1526220 2004
1526230 1996
1526240 1996
1526250 1987
1526260 1981
1526270 1981
1526280 1976
1526290 1971
1526300 1971
1526310 1966
1526320 1961
1526330 1954
1526340 1954
1526350 1949
1526360 1946
1526370 1946
1526380 1944
1526390 1943
1526400 1943
1526410 1939
1526420 1934
1526430 1934
1526440 1931
1526450 1928
1526460 1928
1526470 1926
1526480 1925
1526490 1925
1526500 1923
1526510 1922
1526520 1920
1526530 1920
1526540 1917
1526550 1913
1526560 1913
1526570 1906
1526580 1900
1526590 1900
1526600 1893
1526610 1888
1526620 1888
1526630 1885
1526640 1882
1526650 1882
1526660 1880
1526670 1878
1526680 1878
1526690 1876
1526700 1875
1526710 1875
1526720 1873
1526730 1871
1526740 1868
1526750 1868
1526760 1866
1526770 1864
1526780 1864
1526790 1862
1526800 1860
1526810 1860
1526820 1859
1526830 1857
1526840 1857
1526850 1856
1526860 1854
1526870 1854
1526880 1852
1526890 1848
1526900 1848
1526910 1845
1526920 1842
1526930 1839
1526940 1839
1526950 1836
1526960 1833
1526970 1833
1526980 1831
1526990 1829
1527000 1829
1527010 1827
1527020 1824
1527030 1824
1527040 1821
1527050 1817
1527060 1817
1527070 1813
1527080 1810
1527090 1810
1527100 1806
1527110 1801
1527120 1801
1527130 1797
1527140 1793
1527150 1789
1527160 1789
1527170 1785
1527180 1781
1527190 1781
1527200 1778
1527210 1775
1527220 1775
1527230 1771
1527240 1767
1527250 1767
1527260 1762
1527270 1757
1527280 1757
1527290 1753
1527300 1748
1527310 1748
1527320 1744
1527330 1741
1527340 1741
1527350 1737
1527360 1733
1527370 1728
1527380 1728
1527390 1725
1527400 1720
1527410 1720
1527420 1715
1527430 1709
1527440 1709
1527450 1704
1527460 1698
1527470 1698
1527480 1692
1527490 1688
1527500 1688
1527510 1683
1527520 1679
1527530 1679
1527540 1673
1527550 1667
1527560 1660
1527570 1660
1527580 1655
1527590 1649
1527600 1649
1527610 1644
1527620 1638
1527630 1638
1527640 1633
1527650 1627
1527660 1627
1527670 1621
1527680 1616
1527690 1616
1527700 1613
1527710 1609
1527720 1609
1527730 1606
1527740 1602
1527750 1602
1527760 1599
1527770 1596
1527780 1593
1527790 1593
1527800 1593
1527810 1595
1527820 1595
1527830 1598
1527840 1602
1527850 1602
1527860 1604
1527870 1605
1527880 1605
1527890 1606
1527900 1607
1527910 1607
1527920 1608
1527930 1610
1527940 1610
1527950 1611
1527960 1614
1527970 1619
1527980 1619
1527990 1624
1528000 1630
1528010 1630
1528020 1635
1528030 1640
1528040 1640
1528050 1645
1528060 1649
1528070 1649
1528080 1654
1528090 1658
1528100 1658
1528110 1662
1528120 1667
1528130 1667
1528140 1672
1528150 1678
1528160 1678
1528170 1685
1528180 1691
1528190 1697
1528200 1697
1528210 1703
1528220 1709
1528230 1709
1528240 1714
1528250 1720
1528260 1720
1528270 1725
1528280 1729
1528290 1729
1528300 1733
1528310 1738
1528320 1738
1528330 1743
1528340 1750
1528350 1750
1528360 1756
1528370 1762
1528380 1769
1528390 1769
1528400 1776
1528410 1783
1528420 1783
1528430 1788
1528440 1794
1528450 1794
1528460 1799
1528470 1804
1528480 1804
1528490 1809
1528500 1813
1528510 1813
1528520 1816
1528530 1820
1528540 1820
1528550 1823
1528560 1827
1528570 1827
1528580 1831
1528590 1835
1528600 1839
1528610 1839
1528620 1842
1528630 1844
1528640 1844
1528650 1846
1528660 1848
1528670 1848
1528680 1849
1528690 1850
1528700 1850
1528710 1848
1528720 1847
1528730 1847
1528740 1844
1528750 1839
1528760 1839
1528770 1835
1528780 1831
1528790 1827
1528800 1827
1528810 1824
1528820 1820
1528830 1820
1528840 1816
1528850 1812
1528860 1812
1528870 1808
1528880 1805
1528890 1805
1528900 1802
1528910 1799
1528920 1799
1528930 1797
1528940 1794
1528950 1794
1528960 1792
1528970 1789
1528980 1789
1528990 1786
1529000 1784
1529010 1782
1529020 1782
1529030 1780
1529040 1777
1529050 1777
1529060 1775
1529070 1771
1529080 1771
1529090 1768
1529100 1764
1529110 1764
1529120 1764
1529130 1763
1529140 1763
1529150 1764
1529160 1768
1529170 1768
1529180 1771
1529190 1774
1529200 1777
1529210 1777
1529220 1780
1529230 1784
1529240 1784
1529250 1787
1529260 1791
1529270 1791
1529280 1794
1529290 1798
1529300 1798
1529310 1801
1529320 1803
1529330 1803
1529340 1806
1529350 1809
1529360 1809
1529370 1812
1529380 1815
1529390 1815
1529400 1818
1529410 1821
1529420 1823
1529430 1823
1529440 1826
1529450 1827
1529460 1827
1529470 1828
1529480 1828
1529490 1828
1529500 1828
1529510 1827
1529520 1827
1529530 1826
1529540 1825
1529550 1825
1529560 1824
1529570 1823
1529580 1823
1529590 1823
1529600 1822
1529610 1823
1529620 1823
1529630 1826
1529640 1830
1529650 1830
1529660 1834
1529670 1839
1529680 1839
1529690 1843
1529700 1846
1529710 1846
1529720 1850
1529730 1853
1529740 1853
1529750 1857
1529760 1861
1529770 1861
1529780 1864
1529790 1867
1529800 1867
1529810 1871
1529820 1875
1529830 1878
1529840 1878
1529850 1882
1529860 1886
1529870 1886
1529880 1889
1529890 1892
1529900 1892
1529910 1895
1529920 1899
1529930 1899
1529940 1901
1529950 1906
1529960 1906
1529970 1911
1529980 1915
1529990 1915
1530000 1918
1530010 1921
1530020 1925
1530030 1925
1530040 1929
1530050 1933
1530060 1933
1530070 1936
1530080 1939
1530090 1939
1530100 1942
1530110 1946
1530120 1946
1530130 1949
1530140 1953
1530150 1953
1530160 1956
1530170 1960
1530180 1960
1530190 1963
1530200 1967
1530210 1967
1530220 1970
1530230 1973
1530240 1976
1530250 1976
1530260 1979
1530270 1982
1530280 1982
1530290 1985
1530300 1989
1530310 1989
1530320 1992
1530330 1994
1530340 1994
1530350 1997
1530360 2000
1530370 2000
1530380 2003
1530390 2006
1530400 2006
1530410 2009
1530420 2011
1530430 2011
1530440 2014
1530450 2016
1530460 2018
1530470 2018
1530480 2020
1530490 2022
1530500 2022
1530510 2024
1530520 2026
1530530 2026
1530540 2028
1530550 2029
1530560 2029
1530570 2031
1530580 2032
1530590 2032
1530600 2033
1530610 2035
1530620 2035
1530630 2036
1530640 2038
1530650 2039
1530660 2039
1530670 2040
1530680 2042
1530690 2042
1530700 2043
1530710 2044
1530720 2044
1530730 2046
1530740 2047
1530750 2047
1530760 2047
1530770 2048
1530780 2048
1530790 2049
1530800 2049
1530810 2049
1530820 2049
1530830 2047
1530840 2047
1530850 2044
1530860 2043
1530870 2043
1530880 2043
1530890 2042
1530900 2040
1530910 2040
1530920 2036
1530930 2030
1530940 2030
1530950 2021
1530960 2013
1530970 2013
1530980 2004
1530990 1995
1531000 1995
1531010 1989
1531020 1982
1531030 1982
1531040 1973
1531050 1965
1531060 1958
1531070 1958
1531080 1953
1531090 1948
1531100 1948
1531110 1943
1531120 1939
1531130 1939
1531140 1937
1531150 1934
1531160 1934
1531170 1932
1531180 1931
1531190 1931
1531200 1932
1531210 1931
1531220 1931
1531230 1931
1531240 1931
1531250 1931
1531260 1930
1531270 1928
1531280 1928
1531290 1928
1531300 1927
1531310 1925
1531320 1925
1531330 1923
1531340 1922
1531350 1922
1531360 1923
1531370 1924
1531380 1924
1531390 1923
1531400 1922
1531410 1922
1531420 1921
1531430 1920
1531440 1920
1531450 1919
1531460 1919
1531470 1919
1531480 1919
1531490 1918
1531500 1911
1531510 1911
1531520 1900
1531530 1888
1531540 1888
1531550 1880
1531560 1874
1531570 1874
1531580 1869
1531590 1864
1531600 1864
1531610 1860
1531620 1857
1531630 1857
1531640 1853
1531650 1848
1531660 1848
1531670 1844
1531680 1839
1531690 1832
1531700 1832
1531710 1825
1531720 1818
1531730 1818
1531740 1811
1531750 1806
1531760 1806
1531770 1799
1531780 1792
1531790 1792
1531800 1786
1531810 1779
1531820 1779
1531830 1773
1531840 1767
1531850 1767
1531860 1761
1531870 1755
1531880 1749
1531890 1749
1531900 1745
1531910 1741
1531920 1741
1531930 1736
1531940 1731
1531950 1731
1531960 1726
1531970 1720
1531980 1720
1531990 1715
1532000 1710
1532010 1710
1532020 1705
1532030 1699
1532040 1699
1532050 1694
1532060 1688
1532070 1688
1532080 1683
1532090 1679
1532100 1675
1532110 1675
1532120 1670
1532130 1666
1532140 1666
1532150 1663
1532160 1658
1532170 1658
1532180 1655
1532190 1650
1532200 1650
1532210 1646
1532220 1641
1532230 1641
1532240 1636
1532250 1632
1532260 1632
1532270 1629
1532280 1628
1532290 1628
1532300 1628
1532310 1627
1532320 1628
1532330 1628
1532340 1629
1532350 1629
1532360 1629
1532370 1630
1532380 1631
1532390 1631
1532400 1632
1532410 1633
1532420 1633
1532430 1634
1532440 1635
1532450 1635
1532460 1637
1532470 1638
1532480 1638
1532490 1640
1532500 1641
1532510 1644
1532520 1644
1532530 1647
1532540 1649
1532550 1649
1532560 1652
1532570 1656
1532580 1656
1532590 1659
1532600 1663
1532610 1663
1532620 1666
1532630 1669
1532640 1669
1532650 1672
1532660 1675
1532670 1675
1532680 1678
1532690 1681
1532700 1685
1532710 1685
1532720 1689
1532730 1693
1532740 1693
1532750 1697
1532760 1702
1532770 1702
1532780 1707
1532790 1714
1532800 1714
1532810 1719
1532820 1724
1532830 1724
1532840 1729
1532850 1733
1532860 1733
1532870 1738
1532880 1742
1532890 1742
1532900 1746
1532910 1751
1532920 1757
1532930 1757
1532940 1762
1532950 1768
1532960 1768
1532970 1771
1532980 1775
1532990 1775
1533000 1780
1533010 1785
1533020 1785
1533030 1789
1533040 1793
1533050 1793
1533060 1797
1533070 1802
1533080 1802
1533090 1806
1533100 1812
1533110 1818
1533120 1818
1533130 1823
1533140 1827
1533150 1827
1533160 1830
1533170 1836
1533180 1836
1533190 1840
1533200 1845
1533210 1845
1533220 1849
1533230 1852
1533240 1852
1533250 1854
1533260 1856
1533270 1856
1533280 1860
1533290 1863
1533300 1863
1533310 1866
1533320 1870
1533330 1872
1533340 1872
1533350 1876
1533360 1878
1533370 1878
1533380 1880
1533390 1881
1533400 1881
1533410 1882
1533420 1885
1533430 1885
1533440 1890
1533450 1894
1533460 1894
1533470 1897
1533480 1900
1533490 1900
1533500 1904
1533510 1908
1533520 1908
1533530 1913
1533540 1918
1533550 1924
1533560 1924
1533570 1930
1533580 1935
1533590 1935
1533600 1941
1533610 1947
1533620 1947
1533630 1953
1533640 1959
1533650 1959
1533660 1966
1533670 1973
1533680 1973
1533690 1980
1533700 1988
1533710 1988
1533720 1994
1533730 1999
1533740 2005
1533750 2005
1533760 2010
1533770 2016
1533780 2016
1533790 2024
1533800 2029
1533810 2029
1533820 2034
1533830 2038
1533840 2038
1533850 2044
1533860 2049
1533870 2049
1533880 2054
1533890 2059
1533900 2059
1533910 2063
1533920 2068
1533930 2068
1533940 2072
1533950 2077
1533960 2080
1533970 2080
1533980 2084
1533990 2087
1534000 2087
1534010 2092
1534020 2097
1534030 2097
1534040 2102
1534050 2108
1534060 2108
1534070 2112
1534080 2114
1534090 2114
1534100 2116
1534110 2117
1534120 2117
1534130 2117
1534140 2118
1534150 2118
1534160 2118
1534170 2116
1534180 2111
1534190 2111
1534200 2106
1534210 2101
1534220 2101
1534230 2095
1534240 2089
1534250 2089
1534260 2083
1534270 2076
1534280 2076
1534290 2068
1534300 2061
1534310 2061
1534320 2055
1534330 2048
1534340 2048
1534350 2041
1534360 2036
1534370 2033
1534380 2033
1534390 2031
1534400 2030
1534410 2030
1534420 2028
1534430 2027
1534440 2027
1534450 2026
1534460 2024
1534470 2024
1534480 2023
1534490 2021
1534500 2021
1534510 2018
1534520 2016
1534530 2016
1534540 2014
1534550 2012
1534560 2009
1534570 2009
1534580 2006
1534590 2003
1534600 2003
1534610 2001
1534620 1999
1534630 1999
1534640 1996
1534650 1991
1534660 1988
1534670 1984
1534680 1981
1534690 1981
1534700 1977
1534710 1974
1534720 1974
1534730 1971
1534740 1968
1534750 1968
1534760 1964
1534770 1960
1534780 1957
1534790 1957
1534800 1954
1534810 1950
1534820 1950
1534830 1947
1534840 1943
1534850 1943
1534860 1939
1534870 1936
1534880 1936
1534890 1933
1534900 1930
1534910 1930
1534920 1926
1534930 1922
1534940 1922
1534950 1918
1534960 1916
1534970 1912
1534980 1912
1534990 1906
1535000 1904
1535010 1904
1535020 1903
1535030 1904
1535040 1904
1535050 1903
1535060 1900
1535070 1900
1535080 1896
1535090 1891
1535100 1891
1535110 1887
1535120 1884
1535130 1884
1535140 1881
1535150 1877
1535160 1877
1535170 1874
1535180 1869
1535190 1866
1535200 1866
1535210 1863
1535220 1862
1535230 1862
1535240 1860
1535250 1858
1535260 1858
1535270 1857
1535280 1857
1535290 1857
1535300 1855
1535310 1852
1535320 1852
1535330 1853
1535340 1857
1535350 1857
1535360 1859
1535370 1861
1535380 1866
1535390 1866
1535400 1870
1535410 1873
1535420 1873
1535430 1875
1535440 1876
1535450 1876
1535460 1878
1535470 1882
1535480 1882
1535490 1887
1535500 1891
1535510 1891
1535520 1893
1535530 1897
1535540 1897
1535550 1898
1535560 1900
1535570 1900
1535580 1903
1535590 1906
1535600 1911
1535610 1911
1535620 1915
1535630 1916
1535640 1916
1535650 1917
1535660 1917
1535670 1917
1535680 1917
1535690 1921
1535700 1921
1535710 1925
1535720 1928
1535730 1928
1535740 1932
1535750 1935
1535760 1935
1535770 1940
1535780 1945
1535790 1950
1535800 1950
1535810 1953
1535820 1957
1535830 1957
1535840 1959
1535850 1960
1535860 1960
1535870 1960
1535880 1963
1535890 1963
1535900 1967
1535910 1970
1535920 1970
1535930 1971
1535940 1972
1535950 1972
1535960 1975
1535970 1978
1535980 1978
1535990 1982
1536000 1988
1536010 1994
1536020 1994
1536030 2001
1536040 2006
1536050 2006
1536060 2010
1536070 2014
1536080 2014
1536090 2017
1536100 2018
1536110 2018
1536120 2020
1536130 2021
1536140 2021
1536150 2022
1536160 2022
1536170 2022
1536180 2022
1536190 2021
1536200 2021
1536210 2021
1536220 2023
1536230 2024
1536240 2024
1536250 2024
1536260 2027
1536270 2027
1536280 2031
1536290 2036
1536300 2036
1536310 2039
1536320 2042
1536330 2042
1536340 2046
1536350 2048
1536360 2048
1536370 2050
1536380 2052
1536390 2052
1536400 2052
1536410 2052
1536420 2051
1536430 2051
1536440 2047
1536450 2040
1536460 2040
1536470 2034
1536480 2027
1536490 2027
1536500 2021
1536510 2015
1536520 2015
1536530 2009
1536540 2004
1536550 2004
1536560 2000
1536570 2000
1536580 2000
1536590 2000
1536600 2000
1536610 2000
1536620 2000
1536630 1999
1536640 1998
1536650 1998
1536660 1996
1536670 1994
1536680 1994
1536690 1992
1536700 1991
1536710 1991
1536720 1989
1536730 1988
1536740 1988
1536750 1987
1536760 1984
1536770 1984
1536780 1983
1536790 1982
1536800 1982
1536810 1981
1536820 1978
1536830 1975
1536840 1975
1536850 1973
1536860 1972
1536870 1972
1536880 1973
1536890 1971
1536900 1971
1536910 1970
1536920 1970
1536930 1970
1536940 1970
1536950 1970
1536960 1970
1536970 1970
1536980 1970
1536990 1970
1537000 1969
1537010 1967
1537020 1967
1537030 1967
1537040 1967
1537050 1967
1537060 1967
1537070 1966
1537080 1964
1537090 1964
1537100 1964
1537110 1966
1537120 1966
1537130 1966
1537140 1966
1537150 1966
1537160 1965
1537170 1964
1537180 1964
1537190 1964
1537200 1964
1537210 1964
1537220 1964
1537230 1962
1537240 1962
1537250 1962
1537260 1962
1537270 1961
1537280 1961
1537290 1960
1537300 1961
1537310 1961
1537320 1962
1537330 1963
1537340 1963
1537350 1964
1537360 1966
1537370 1966
1537380 1968
1537390 1970
1537400 1970
1537410 1971
1537420 1974
1537430 1974
1537440 1977
1537450 1979
1537460 1981
1537470 1981
1537480 1983
1537490 1985
1537500 1985
1537510 1987
1537520 1989
1537530 1989
1537540 1991
1537550 1992
1537560 1992
1537570 1993
1537580 1995
1537590 1995
1537600 1997
1537610 2000
1537620 2000
1537630 2003
1537640 2007
1537650 2010
1537660 2010
1537670 2014
1537680 2017
1537690 2017
1537700 2020
1537710 2016
1537720 2016
1537730 2007
1537740 1999
1537750 1999
1537760 1991
1537770 1984
1537780 1984
1537790 1978
1537800 1971
1537810 1971
1537820 1966
1537830 1961
1537840 1961
1537850 1957
1537860 1956
1537870 1954
1537880 1954
1537890 1954
1537900 1956
1537910 1956
1537920 1957
1537930 1957
1537940 1957
1537950 1955
1537960 1954
1537970 1954
1537980 1952
1537990 1950
1538000 1950
1538010 1949
1538020 1950
1538030 1950
1538040 1950
1538050 1949
1538060 1948
1538070 1948
1538080 1949
1538090 1949
1538100 1949
1538110 1949
1538120 1956
1538130 1956
1538140 1961
1538150 1965
1538160 1965
1538170 1968
1538180 1970
1538190 1970
1538200 1973
1538210 1979
1538220 1979
1538230 1984
1538240 1987
1538250 1987
1538260 1989
1538270 1992
1538280 1994
1538290 1994
1538300 1995
1538310 1996
1538320 1996
1538330 1998
1538340 2002
1538350 2002
1538360 2007
1538370 2012
1538380 2012
1538390 2017
1538400 2022
1538410 2022
1538420 2027
1538430 2033
1538440 2033
1538450 2040
1538460 2046
1538470 2053
1538480 2053
1538490 2055
1538500 2055
1538510 2055
1538520 2056
1538530 2058
1538540 2058
1538550 2060
1538560 2063
1538570 2063
1538580 2065
1538590 2068
1538600 2068
1538610 2072
1538620 2077
1538630 2077
1538640 2081
1538650 2082
1538660 2082
1538670 2083
1538680 2086
1538690 2090
1538700 2090
1538710 2094
1538720 2098
1538730 2098
1538740 2102
1538750 2106
1538760 2106
1538770 2110
1538780 2114
1538790 2114
1538800 2118
1538810 2122
1538820 2122
1538830 2125
1538840 2128
1538850 2128
1538860 2132
1538870 2134
1538880 2136
1538890 2136
1538900 2137
1538910 2139
1538920 2139
1538930 2140
1538940 2141
1538950 2141
1538960 2145
1538970 2149
1538980 2149
1538990 2152
1539000 2155
1539010 2155
1539020 2159
1539030 2160
1539040 2160
1539050 2163
1539060 2166
1539070 2166
1539080 2169
1539090 2171
1539100 2172
1539110 2172
1539120 2171
1539130 2172
1539140 2172
1539150 2173
1539160 2171
1539170 2171
1539180 2169
1539190 2170
1539200 2170
1539210 2168
1539220 2165
1539230 2165
1539240 2162
1539250 2160
1539260 2160
1539270 2155
1539280 2151
1539290 2147
1539300 2147
1539310 2143
1539320 2140
1539330 2140
1539340 2136
1539350 2132
1539360 2132
1539370 2127
1539380 2121
1539390 2121
1539400 2114
1539410 2106
1539420 2106
1539430 2097
1539440 2087
1539450 2087
1539460 2076
1539470 2063
1539480 2055
1539490 2046
1539500 2035
1539510 2027
1539520 2027
1539530 2022
1539540 2019
1539550 2019
1539560 2016
1539570 2014
1539580 2014
1539590 2012
1539600 2011
1539610 2011
1539620 2009
1539630 2007
1539640 2007
1539650 2006
1539660 2005
1539670 2005
1539680 2004
1539690 2002
1539700 2002
1539710 2000
1539720 1999
1539730 1998
1539740 1998
1539750 1996
1539760 1994
1539770 1994
1539780 1992
1539790 1990
1539800 1990
1539810 1990
1539820 1989
1539830 1989
1539840 1988
1539850 1987
1539860 1987
1539870 1986
1539880 1984
1539890 1984
1539900 1983
1539910 1982
1539920 1981
1539930 1981
1539940 1980
1539950 1979
1539960 1979
1539970 1977
1539980 1975
1539990 1975
