1520000 1981
1520010 1979
1520020 1977
1520030 1977
1520040 1975
1520050 1973
1520060 1973
1520070 1971
1520080 1969
1520090 1969
1520100 1967
1520110 1966
1520120 1966
1520130 1965
1520140 1965
1520150 1965
1520160 1965
1520170 1965
1520180 1964
1520190 1964
1520200 1964
1520210 1964
1520220 1964
1520230 1964
1520240 1963
1520250 1963
1520260 1962
1520270 1961
1520280 1961
1520290 1960
1520300 1959
1520310 1959
1520320 1958
1520330 1958
1520340 1958
1520350 1957
1520360 1956
1520370 1955
1520380 1955
1520390 1954
1520400 1952
1520410 1952
1520420 1951
1520430 1949
1520440 1949
1520450 1949
1520460 1948
1520470 1948
1520480 1947
1520490 1946
1520500 1946
1520510 1945
1520520 1943
1520530 1943
1520540 1942
1520550 1940
1520560 1940
1520570 1939
1520580 1937
1520590 1936
1520600 1936
1520610 1934
1520620 1933
1520630 1933
1520640 1932
1520650 1931
1520660 1931
1520670 1930
1520680 1930
1520690 1930
1520700 1929
1520710 1928
1520720 1928
1520730 1926
1520740 1924
1520750 1924
1520760 1923
1520770 1921
1520780 1919
1520790 1919
1520800 1917
1520810 1915
1520820 1915
1520830 1913
1520840 1911
1520850 1911
1520860 1910
1520870 1910
1520880 1910
1520890 1910
1520900 1910
1520910 1910
1520920 1909
1520930 1908
1520940 1908
1520950 1907
1520960 1905
1520970 1905
1520980 1904
1520990 1902
1521000 1900
1521010 1900
1521020 1897
1521030 1895
1521040 1895
1521050 1893
1521060 1892
1521070 1892
1521080 1892
1521090 1892
1521100 1892
1521110 1892
1521120 1890
1521130 1890
1521140 1886
1521150 1883
1521160 1883
1521170 1879
1521180 1876
1521190 1872
1521200 1872
1521210 1868
1521220 1864
1521230 1864
1521240 1863
1521250 1865
1521260 1865
1521270 1868
1521280 1869
1521290 1869
1521300 1869
1521310 1869
1521320 1869
1521330 1870
1521340 1870
1521350 1870
1521360 1870
1521370 1870
1521380 1870
1521390 1870
1521400 1870
1521410 1870
1521420 1870
1521430 1870
1521440 1871
1521450 1871
1521460 1871
1521470 1869
1521480 1869
1521490 1870
1521500 1871
1521510 1871
1521520 1873
1521530 1874
1521540 1874
1521550 1876
1521560 1876
1521570 1876
1521580 1877
1521590 1880
1521600 1882
1521610 1882
1521620 1882
1521630 1883
1521640 1883
1521650 1883
1521660 1884
1521670 1884
1521680 1887
1521690 1888
1521700 1888
1521710 1888
1521720 1888
1521730 1888
1521740 1888
1521750 1888
1521760 1888
1521770 1889
1521780 1890
1521790 1890
1521800 1891
1521810 1891
1521820 1893
1521830 1893
1521840 1897
1521850 1900
1521860 1900
1521870 1903
1521880 1906
1521890 1906
1521900 1907
1521910 1907
1521920 1907
1521930 1908
1521940 1908
1521950 1908
1521960 1908
1521970 1910
1521980 1910
1521990 1911
1522000 1912
1522010 1912
1522020 1914
1522030 1915
1522040 1916
1522050 1916
1522060 1917
1522070 1919
1522080 1919
1522090 1921
1522100 1921
1522110 1921
1522120 1921
1522130 1922
1522140 1922
1522150 1923
1522160 1924
1522170 1924
1522180 1924
1522190 1925
1522200 1925
1522210 1926
1522220 1926
1522230 1927
1522240 1927
1522250 1927
1522260 1927
1522270 1927
1522280 1928
1522290 1929
1522300 1929
1522310 1930
1522320 1930
1522330 1930
1522340 1928
1522350 1932
1522360 1932
1522370 1935
1522380 1937
1522390 1937
1522400 1939
1522410 1941
1522420 1941
1522430 1942
1522440 1943
1522450 1945
1522460 1945
1522470 1947
1522480 1948
1522490 1948
1522500 1949
1522510 1950
1522520 1950
1522530 1951
1522540 1952
1522550 1952
1522560 1953
1522570 1954
1522580 1954
1522590 1955
1522600 1955
1522610 1955
1522620 1955
1522630 1956
1522640 1956
1522650 1956
1522660 1957
1522670 1958
1522680 1958
1522690 1958
1522700 1958
1522710 1958
1522720 1958
1522730 1959
1522740 1959
1522750 1959
1522760 1959
1522770 1959
1522780 1958
1522790 1955
1522800 1955
1522810 1955
1522820 1955
1522830 1955
1522840 1955
1522850 1956
1522860 1957
1522870 1957
1522880 1958
1522890 1959
1522900 1959
1522910 1961
1522920 1963
1522930 1963
1522940 1966
1522950 1969
1522960 1969
1522970 1973
1522980 1977
1522990 1977
1523000 1981
1523010 1985
1523020 1985
1523030 1989
1523040 1992
1523050 1996
1523060 1996
1523070 2001
1523080 2005
1523090 2005
1523100 2010
1523110 2015
1523120 2015
1523130 2020
1523140 2026
1523150 2026
1523160 2032
1523170 2037
1523180 2037
1523190 2043
1523200 2049
1523210 2049
1523220 2055
1523230 2061
1523240 2061
1523250 2066
1523260 2071
1523270 2076
1523280 2076
1523290 2081
1523300 2086
1523310 2086
1523320 2093
1523330 2099
1523340 2099
1523350 2105
1523360 2110
1523370 2110
1523380 2115
1523390 2120
1523400 2120
1523410 2124
1523420 2127
1523430 2127
1523440 2130
1523450 2132
1523460 2134
1523470 2134
1523480 2136
1523490 2137
1523500 2137
1523510 2139
1523520 2141
1523530 2141
1523540 2143
1523550 2144
1523560 2144
1523570 2144
1523580 2144
1523590 2144
1523600 2142
1523610 2138
1523620 2138
1523630 2136
1523640 2138
1523650 2138
1523660 2138
1523670 2138
1523680 2137
1523690 2137
1523700 2137
1523710 2138
1523720 2138
1523730 2134
1523740 2127
1523750 2127
1523760 2122
1523770 2126
1523780 2126
1523790 2127
1523800 2126
1523810 2126
1523820 2122
1523830 2118
1523840 2118
1523850 2118
1523860 2115
1523870 2113
1523880 2113
1523890 2113
1523900 2114
1523910 2114
1523920 2115
1523930 2113
1523940 2113
1523950 2116
1523960 2116
1523970 2116
1523980 2116
1523990 2114
1524000 2114
1524010 2112
1524020 2106
1524030 2106
1524040 2106
1524050 2109
1524060 2109
1524070 2108
1524080 2112
1524090 2116
1524100 2116
1524110 2117
1524120 2121
1524130 2121
1524140 2126
1524150 2128
1524160 2128
1524170 2129
1524180 2127
1524190 2127
1524200 2130
1524210 2136
1524220 2136
1524230 2141
1524240 2144
1524250 2144
1524260 2144
1524270 2144
1524280 2143
1524290 2143
1524300 2142
1524310 2141
1524320 2141
1524330 2140
1524340 2139
1524350 2139
1524360 2137
1524370 2135
1524380 2135
1524390 2135
1524400 2136
1524410 2136
1524420 2137
1524430 2136
1524440 2136
1524450 2136
1524460 2134
1524470 2134
1524480 2131
1524490 2125
1524500 2120
1524510 2120
1524520 2114
1524530 2107
1524540 2107
1524550 2100
1524560 2093
1524570 2093
1524580 2088
1524590 2084
1524600 2084
1524610 2081
1524620 2077
1524630 2077
1524640 2075
1524650 2074
1524660 2074
1524670 2073
1524680 2071
1524690 2071
1524700 2070
1524710 2069
1524720 2070
1524730 2070
1524740 2071
1524750 2070
1524760 2070
1524770 2071
1524780 2072
1524790 2072
1524800 2072
1524810 2071
1524820 2071
1524830 2070
1524840 2070
1524850 2070
1524860 2069
1524870 2067
1524880 2067
1524890 2066
1524900 2065
1524910 2064
1524920 2064
1524930 2064
1524940 2063
1524950 2063
1524960 2063
1524970 2062
1524980 2062
1524990 2062
1525000 2062
1525010 2062
1525020 2062
1525030 2061
1525040 2061
1525050 2061
1525060 2061
1525070 2061
1525080 2060
1525090 2059
1525100 2059
1525110 2057
1525120 2054
1525130 2052
1525140 2052
1525150 2049
1525160 2048
1525170 2048
1525180 2047
1525190 2047
1525200 2047
1525210 2047
1525220 2047
1525230 2047
1525240 2048
1525250 2048
1525260 2048
1525270 2049
1525280 2050
1525290 2050
1525300 2055
1525310 2058
1525320 2059
1525330 2059
1525340 2058
1525350 2057
1525360 2057
1525370 2055
1525380 2052
1525390 2052
1525400 2053
1525410 2056
1525420 2056
1525430 2060
1525440 2064
1525450 2064
1525460 2066
1525470 2066
1525480 2066
1525490 2064
1525500 2063
1525510 2063
1525520 2065
1525530 2066
1525540 2066
1525550 2066
1525560 2064
1525570 2062
1525580 2062
1525590 2061
1525600 2058
1525610 2058
1525620 2058
1525630 2055
1525640 2055
1525650 2052
1525660 2050
1525670 2050
1525680 2050
1525690 2051
1525700 2051
1525710 2053
1525720 2055
1525730 2055
1525740 2055
1525750 2056
1525760 2059
1525770 2059
1525780 2062
1525790 2065
1525800 2065
1525810 2068
1525820 2071
1525830 2071
1525840 2073
1525850 2072
1525860 2072
1525870 2072
1525880 2073
1525890 2073
1525900 2076
1525910 2079
1525920 2079
1525930 2078
1525940 2077
1525950 2076
1525960 2076
1525970 2074
1525980 2073
1525990 2073
1526000 2071
1526010 2069
1526020 2069
1526030 2067
1526040 2065
1526050 2065
1526060 2063
1526070 2061
1526080 2061
1526090 2058
1526100 2054
1526110 2054
1526120 2050
1526130 2043
1526140 2035
1526150 2035
1526160 2028
1526170 2020
1526180 2020
1526190 2013
1526200 2006
1526210 2006
1526220 1999
1526230 1993
1526240 1993
1526250 1987
1526260 1980
1526270 1980
1526280 1974
1526290 1969
1526300 1969
1526310 1964
1526320 1959
1526330 1959
1526340 1955
1526350 1954
1526360 1953
1526370 1953
1526380 1953
1526390 1952
1526400 1952
1526410 1950
1526420 1945
1526430 1945
1526440 1938
1526450 1931
1526460 1931
1526470 1925
1526480 1920
1526490 1920
1526500 1915
1526510 1910
1526520 1910
1526530 1905
1526540 1899
1526550 1895
1526560 1895
1526570 1891
1526580 1887
1526590 1887
1526600 1883
1526610 1878
1526620 1878
1526630 1874
1526640 1871
1526650 1871
1526660 1869
1526670 1867
1526680 1867
1526690 1865
1526700 1863
1526710 1863
1526720 1861
1526730 1859
1526740 1859
1526750 1857
1526760 1855
1526770 1853
1526780 1853
1526790 1851
1526800 1849
1526810 1849
1526820 1847
1526830 1844
1526840 1844
1526850 1842
1526860 1840
1526870 1840
1526880 1838
1526890 1835
1526900 1835
1526910 1833
1526920 1829
1526930 1829
1526940 1826
1526950 1824
1526960 1821
1526970 1821
1526980 1819
1526990 1817
1527000 1817
1527010 1815
1527020 1811
1527030 1811
1527040 1808
1527050 1805
1527060 1805
1527070 1801
1527080 1797
1527090 1797
1527100 1793
1527110 1788
1527120 1788
1527130 1783
1527140 1781
1527150 1781
1527160 1779
1527170 1777
1527180 1774
1527190 1774
1527200 1770
1527210 1765
1527220 1765
1527230 1761
1527240 1756
1527250 1756
1527260 1749
1527270 1742
1527280 1742
1527290 1736
1527300 1730
1527310 1730
1527320 1727
1527330 1721
1527340 1721
1527350 1714
1527360 1709
1527370 1709
1527380 1704
1527390 1698
1527400 1694
1527410 1694
1527420 1692
1527430 1688
1527440 1688
1527450 1683
1527460 1676
1527470 1676
1527480 1669
1527490 1665
1527500 1665
1527510 1661
1527520 1656
1527530 1656
1527540 1651
1527550 1646
1527560 1646
1527570 1641
1527580 1636
1527590 1632
1527600 1632
1527610 1628
1527620 1623
1527630 1623
1527640 1619
1527650 1615
1527660 1615
1527670 1611
1527680 1608
1527690 1608
1527700 1605
1527710 1602
1527720 1602
1527730 1599
1527740 1596
1527750 1596
1527760 1593
1527770 1590
1527780 1590
1527790 1586
1527800 1583
1527810 1582
1527820 1582
1527830 1585
1527840 1588
1527850 1588
1527860 1591
1527870 1593
1527880 1593
1527890 1596
1527900 1598
1527910 1598
1527920 1599
1527930 1602
1527940 1602
1527950 1606
1527960 1612
1527970 1612
1527980 1618
1527990 1623
1528000 1628
1528010 1628
1528020 1633
1528030 1638
1528040 1638
1528050 1643
1528060 1647
1528070 1647
1528080 1652
1528090 1657
1528100 1657
1528110 1661
1528120 1665
1528130 1665
1528140 1670
1528150 1676
1528160 1676
1528170 1683
1528180 1690
1528190 1690
1528200 1696
1528210 1703
1528220 1710
1528230 1710
1528240 1715
1528250 1722
1528260 1722
1528270 1727
1528280 1735
1528290 1735
1528300 1744
1528310 1752
1528320 1752
1528330 1761
1528340 1769
1528350 1769
1528360 1776
1528370 1782
1528380 1782
1528390 1787
1528400 1791
1528410 1796
1528420 1796
1528430 1800
1528440 1805
1528450 1805
1528460 1809
1528470 1814
1528480 1814
1528490 1818
1528500 1822
1528510 1822
1528520 1826
1528530 1830
1528540 1830
1528550 1834
1528560 1837
1528570 1837
1528580 1839
1528590 1840
1528600 1840
1528610 1841
1528620 1840
1528630 1839
1528640 1839
1528650 1837
1528660 1835
1528670 1835
1528680 1833
1528690 1830
1528700 1830
1528710 1826
1528720 1822
1528730 1822
1528740 1819
1528750 1816
1528760 1816
1528770 1812
1528780 1809
1528790 1809
1528800 1805
1528810 1801
1528820 1797
1528830 1797
1528840 1794
1528850 1792
1528860 1792
1528870 1789
1528880 1785
1528890 1785
1528900 1781
1528910 1777
1528920 1777
1528930 1774
1528940 1771
1528950 1771
1528960 1768
1528970 1764
1528980 1764
1528990 1763
1529000 1761
1529010 1761
1529020 1760
1529030 1758
1529040 1755
1529050 1755
1529060 1753
1529070 1751
1529080 1751
1529090 1750
1529100 1751
1529110 1751
1529120 1752
1529130 1753
1529140 1753
1529150 1754
1529160 1757
1529170 1757
1529180 1761
1529190 1765
1529200 1765
1529210 1769
1529220 1772
1529230 1775
1529240 1775
1529250 1777
1529260 1780
1529270 1780
1529280 1783
1529290 1785
1529300 1785
1529310 1788
1529320 1790
1529330 1790
1529340 1792
1529350 1794
1529360 1794
1529370 1795
1529380 1796
1529390 1796
1529400 1795
1529410 1795
1529420 1795
1529430 1793
1529440 1791
1529450 1792
1529460 1792
1529470 1794
1529480 1796
1529490 1796
1529500 1800
1529510 1805
1529520 1805
1529530 1809
1529540 1813
1529550 1813
1529560 1818
1529570 1822
1529580 1822
1529590 1826
1529600 1829
1529610 1829
1529620 1832
1529630 1837
1529640 1841
1529650 1841
1529660 1845
1529670 1850
1529680 1850
1529690 1853
1529700 1857
1529710 1857
1529720 1861
1529730 1865
1529740 1865
1529750 1869
1529760 1873
1529770 1873
1529780 1877
1529790 1881
1529800 1881
1529810 1885
1529820 1890
1529830 1890
1529840 1894
1529850 1898
1529860 1902
1529870 1902
1529880 1906
1529890 1909
1529900 1909
1529910 1913
1529920 1916
1529930 1916
1529940 1919
1529950 1923
1529960 1923
1529970 1926
1529980 1929
1529990 1929
1530000 1932
1530010 1935
1530020 1935
1530030 1938
1530040 1941
1530050 1944
1530060 1944
1530070 1947
1530080 1951
1530090 1951
1530100 1954
1530110 1958
1530120 1958
1530130 1962
1530140 1965
1530150 1965
1530160 1968
1530170 1972
1530180 1972
1530190 1975
1530200 1978
1530210 1978
1530220 1981
1530230 1984
1530240 1984
1530250 1987
1530260 1991
1530270 1994
1530280 1994
1530290 1997
1530300 1999
1530310 1999
1530320 2002
1530330 2005
1530340 2005
1530350 2008
1530360 2010
1530370 2010
1530380 2012
1530390 2014
1530400 2014
1530410 2017
1530420 2020
1530430 2020
1530440 2022
1530450 2024
1530460 2024
1530470 2026
1530480 2028
1530490 2030
1530500 2030
1530510 2032
1530520 2035
1530530 2035
1530540 2036
1530550 2038
1530560 2038
1530570 2039
1530580 2041
1530590 2041
1530600 2042
1530610 2043
1530620 2044
1530630 2046
1530640 2047
1530650 2047
1530660 2049
1530670 2051
1530680 2052
1530690 2052
1530700 2053
1530710 2054
1530720 2054
1530730 2055
1530740 2056
1530750 2056
1530760 2056
1530770 2057
1530780 2057
1530790 2056
1530800 2054
1530810 2054
1530820 2051
1530830 2046
1530840 2046
1530850 2042
1530860 2035
1530870 2035
1530880 2027
1530890 2019
1530900 2013
1530910 2013
1530920 2006
1530930 1998
1530940 1998
1530950 1990
1530960 1980
1530970 1980
1530980 1973
1530990 1966
1531000 1966
1531010 1959
1531020 1953
1531030 1953
1531040 1947
1531050 1942
1531060 1942
1531070 1937
1531080 1933
1531090 1928
1531100 1928
1531110 1924
1531120 1919
1531130 1919
1531140 1917
1531150 1916
1531160 1916
1531170 1915
1531180 1913
1531190 1913
1531200 1911
1531210 1907
1531220 1907
1531230 1903
1531240 1902
1531250 1902
1531260 1901
1531270 1900
1531280 1900
1531290 1899
1531300 1899
1531310 1898
1531320 1898
1531330 1898
1531340 1897
1531350 1897
1531360 1897
1531370 1896
1531380 1896
1531390 1895
1531400 1894
1531410 1894
1531420 1893
1531430 1891
1531440 1891
1531450 1890
1531460 1887
1531470 1887
1531480 1884
1531490 1882
1531500 1878
1531510 1878
1531520 1875
1531530 1871
1531540 1871
1531550 1866
1531560 1861
1531570 1861
1531580 1856
1531590 1852
1531600 1852
1531610 1845
1531620 1838
1531630 1838
1531640 1831
1531650 1825
1531660 1825
1531670 1821
1531680 1816
1531690 1816
1531700 1811
1531710 1805
1531720 1801
1531730 1801
1531740 1793
1531750 1784
1531760 1784
1531770 1776
1531780 1769
1531790 1769
1531800 1763
1531810 1759
1531820 1759
1531830 1756
1531840 1753
1531850 1753
1531860 1749
1531870 1745
1531880 1745
1531890 1741
1531900 1737
1531910 1732
1531920 1732
1531930 1728
1531940 1723
1531950 1723
1531960 1717
1531970 1711
1531980 1711
1531990 1706
1532000 1701
1532010 1701
1532020 1696
1532030 1691
1532040 1691
1532050 1686
1532060 1681
1532070 1681
1532080 1676
1532090 1672
1532100 1672
1532110 1667
1532120 1663
1532130 1659
1532140 1659
1532150 1655
1532160 1650
1532170 1650
1532180 1645
1532190 1640
1532200 1640
1532210 1635
1532220 1631
1532230 1631
1532240 1628
1532250 1625
1532260 1625
1532270 1624
1532280 1624
1532290 1624
1532300 1625
1532310 1627
1532320 1628
1532330 1628
1532340 1628
1532350 1630
1532360 1630
1532370 1631
1532380 1633
1532390 1633
1532400 1634
1532410 1636
1532420 1636
1532430 1637
1532440 1639
1532450 1639
1532460 1641
1532470 1643
1532480 1643
1532490 1645
1532500 1647
1532510 1647
1532520 1649
1532530 1651
1532540 1653
1532550 1653
1532560 1656
1532570 1658
1532580 1658
1532590 1660
1532600 1663
1532610 1663
1532620 1665
1532630 1668
1532640 1668
1532650 1670
1532660 1673
1532670 1673
1532680 1677
1532690 1680
1532700 1680
1532710 1683
1532720 1686
1532730 1686
1532740 1689
1532750 1692
1532760 1697
1532770 1697
1532780 1702
1532790 1708
1532800 1708
1532810 1714
1532820 1721
1532830 1721
1532840 1725
1532850 1730
1532860 1730
1532870 1735
1532880 1738
1532890 1738
1532900 1742
1532910 1746
1532920 1746
1532930 1749
1532940 1752
1532950 1751
1532960 1751
1532970 1748
1532980 1747
1532990 1747
1533000 1751
1533010 1756
1533020 1756
1533030 1762
1533040 1768
1533050 1768
1533060 1775
1533070 1781
1533080 1781
1533090 1789
1533100 1795
1533110 1795
1533120 1801
1533130 1807
1533140 1807
1533150 1813
1533160 1818
1533170 1823
1533180 1823
1533190 1828
1533200 1833
1533210 1833
1533220 1837
1533230 1842
1533240 1842
1533250 1847
1533260 1852
1533270 1852
1533280 1857
1533290 1862
1533300 1865
1533310 1870
1533320 1874
1533330 1874
1533340 1877
1533350 1881
1533360 1884
1533370 1884
1533380 1888
1533390 1893
1533400 1893
1533410 1899
1533420 1904
1533430 1904
1533440 1907
1533450 1910
1533460 1910
1533470 1913
1533480 1916
1533490 1916
1533500 1919
1533510 1924
1533520 1924
1533530 1930
1533540 1937
1533550 1937
1533560 1943
1533570 1949
1533580 1955
1533590 1955
1533600 1961
1533610 1967
1533620 1967
1533630 1974
1533640 1981
1533650 1981
1533660 1988
1533670 1994
1533680 1994
1533690 2001
1533700 2008
1533710 2008
1533720 2015
1533730 2023
1533740 2023
1533750 2030
1533760 2036
1533770 2042
1533780 2042
1533790 2048
1533800 2054
1533810 2054
1533820 2059
1533830 2064
1533840 2064
1533850 2070
1533860 2075
1533870 2075
1533880 2080
1533890 2085
1533900 2085
1533910 2089
1533920 2093
1533930 2093
1533940 2097
1533950 2101
1533960 2101
1533970 2106
1533980 2111
1533990 2116
1534000 2116
1534010 2120
1534020 2121
1534030 2121
1534040 2122
1534050 2122
1534060 2122
1534070 2122
1534080 2123
1534090 2123
1534100 2124
1534110 2123
1534120 2123
1534130 2122
1534140 2121
1534150 2121
1534160 2120
1534170 2118
1534180 2116
1534190 2116
1534200 2114
1534210 2111
1534220 2111
1534230 2108
1534240 2104
1534250 2104
1534260 2100
1534270 2096
1534280 2096
1534290 2090
1534300 2083
1534310 2083
1534320 2073
1534330 2065
1534340 2065
1534350 2058
1534360 2052
1534370 2052
1534380 2046
1534390 2040
1534400 2036
1534410 2036
1534420 2034
1534430 2032
1534440 2032
1534450 2029
1534460 2026
1534470 2026
1534480 2024
1534490 2022
1534500 2022
1534510 2020
1534520 2018
1534530 2018
1534540 2016
1534550 2015
1534560 2015
1534570 2014
1534580 2013
1534590 2012
1534600 2012
1534610 2010
1534620 2007
1534630 2007
1534640 2005
1534650 2003
1534660 2003
1534670 2001
1534680 2000
1534690 2000
1534700 1997
1534710 1994
1534720 1994
1534730 1991
1534740 1987
1534750 1987
1534760 1984
1534770 1982
1534780 1982
1534790 1977
1534800 1969
1534810 1963
1534820 1963
1534830 1960
1534840 1957
1534850 1957
1534860 1955
1534870 1952
1534880 1952
1534890 1950
1534900 1947
1534910 1947
1534920 1943
1534930 1940
1534940 1940
1534950 1937
1534960 1934
1534970 1934
1534980 1931
1534990 1927
1535000 1922
1535010 1922
1535020 1917
1535030 1912
1535040 1912
1535050 1907
1535060 1904
1535070 1904
1535080 1900
1535090 1897
1535100 1897
1535110 1895
1535120 1892
1535130 1892
1535140 1888
1535150 1885
1535160 1885
1535170 1880
1535180 1876
1535190 1876
1535200 1872
1535210 1868
1535220 1864
1535230 1864
1535240 1862
1535250 1861
1535260 1861
1535270 1860
1535280 1859
1535290 1859
1535300 1858
1535310 1856
1535320 1856
1535330 1856
1535340 1852
1535350 1852
1535360 1845
1535370 1840
1535380 1840
1535390 1843
1535400 1845
1535410 1845
1535420 1848
1535430 1850
1535440 1854
1535450 1854
1535460 1857
1535470 1860
1535480 1860
1535490 1863
1535500 1866
1535510 1866
1535520 1868
1535530 1871
1535540 1871
1535550 1873
1535560 1876
1535570 1876
1535580 1879
1535590 1883
1535600 1883
1535610 1887
1535620 1887
1535630 1890
1535640 1890
1535650 1893
1535660 1895
1535670 1895
1535680 1897
1535690 1899
1535700 1899
1535710 1900
1535720 1903
1535730 1903
1535740 1907
1535750 1911
1535760 1911
1535770 1917
1535780 1921
1535790 1921
1535800 1925
1535810 1928
1535820 1928
1535830 1932
1535840 1934
1535850 1937
1535860 1937
1535870 1940
1535880 1943
1535890 1943
1535900 1945
1535910 1947
1535920 1947
1535930 1947
1535940 1949
1535950 1949
1535960 1952
1535970 1955
1535980 1955
1535990 1959
1536000 1963
1536010 1963
1536020 1968
1536030 1973
1536040 1978
1536050 1978
1536060 1982
1536070 1986
1536080 1986
1536090 1991
1536100 1997
1536110 1997
1536120 2002
1536130 2005
1536140 2005
1536150 2006
1536160 2006
1536170 2006
1536180 2006
1536190 2007
1536200 2007
1536210 2011
1536220 2017
1536230 2017
1536240 2021
1536250 2025
1536260 2028
1536270 2028
1536280 2029
1536290 2030
1536300 2030
1536310 2034
1536320 2037
1536330 2037
1536340 2041
1536350 2044
1536360 2044
1536370 2049
1536380 2054
1536390 2054
1536400 2060
1536410 2064
1536420 2064
1536430 2068
1536440 2069
1536450 2067
1536460 2067
1536470 2061
1536480 2054
1536490 2054
1536500 2050
1536510 2046
1536520 2046
1536530 2042
1536540 2041
1536550 2041
1536560 2043
1536570 2043
1536580 2043
1536590 2042
1536600 2040
1536610 2040
1536620 2037
1536630 2036
1536640 2036
1536650 2034
1536660 2031
1536670 2028
1536680 2028
1536690 2024
1536700 2021
1536710 2021
1536720 2018
1536730 2015
1536740 2015
1536750 2012
1536760 2009
1536770 2009
1536780 2007
1536790 2004
1536800 2004
1536810 2001
1536820 1998
1536830 1998
1536840 1995
1536850 1992
1536860 1989
1536870 1989
1536880 1986
1536890 1983
1536900 1983
1536910 1981
1536920 1980
1536930 1980
1536940 1979
1536950 1978
1536960 1978
1536970 1978
1536980 1976
1536990 1976
1537000 1974
1537010 1972
1537020 1972
1537030 1970
1537040 1968
1537050 1968
1537060 1967
1537070 1965
1537080 1963
1537090 1963
1537100 1962
1537110 1961
1537120 1961
1537130 1961
1537140 1962
1537150 1962
1537160 1962
1537170 1961
1537180 1961
1537190 1959
1537200 1957
1537210 1957
1537220 1954
1537230 1953
1537240 1953
1537250 1951
1537260 1949
1537270 1948
1537280 1948
1537290 1947
1537300 1946
1537310 1946
1537320 1945
1537330 1943
1537340 1943
1537350 1939
1537360 1937
1537370 1937
1537380 1940
1537390 1943
1537400 1943
1537410 1945
1537420 1946
1537430 1946
1537440 1948
1537450 1950
1537460 1950
1537470 1951
1537480 1954
1537490 1956
1537500 1956
1537510 1957
1537520 1960
1537530 1960
1537540 1963
1537550 1967
1537560 1967
1537570 1971
1537580 1974
1537590 1974
1537600 1977
1537610 1980
1537620 1980
1537630 1982
1537640 1983
1537650 1983
1537660 1986
1537670 1990
1537680 1993
1537690 1993
1537700 1994
1537710 1997
1537720 1997
1537730 2003
1537740 2005
1537750 2005
1537760 2004
1537770 1999
1537780 1999
1537790 1993
1537800 1987
1537810 1987
1537820 1978
1537830 1969
1537840 1969
1537850 1958
1537860 1950
1537870 1950
1537880 1943
1537890 1937
1537900 1932
1537910 1932
1537920 1930
1537930 1928
1537940 1928
1537950 1926
1537960 1926
1537970 1926
1537980 1929
1537990 1931
1538000 1931
1538010 1928
1538020 1927
1538030 1927
1538040 1926
1538050 1926
1538060 1926
1538070 1926
1538080 1924
1538090 1926
1538100 1926
1538110 1927
1538120 1928
1538130 1928
1538140 1932
1538150 1935
1538160 1935
1538170 1938
1538180 1939
1538190 1939
1538200 1941
1538210 1943
1538220 1943
1538230 1945
1538240 1949
1538250 1944
1538260 1948
1538270 1951
1538280 1951
1538290 1953
1538300 1953
1538310 1953
1538320 1953
1538330 1955
1538340 1957
1538350 1957
1538360 1960
1538370 1964
1538380 1964
1538390 1969
1538400 1976
1538410 1976
1538420 1981
1538430 1984
1538440 1984
1538450 1989
1538460 1994
1538470 1994
1538480 2000
1538490 2008
1538500 2008
1538510 2014
1538520 2017
1538530 2021
1538540 2021
1538550 2026
1538560 2030
1538570 2030
1538580 2033
1538590 2037
1538600 2037
1538610 2041
1538620 2045
1538630 2045
1538640 2049
1538650 2054
1538660 2054
1538670 2057
1538680 2059
1538690 2059
1538700 2061
1538710 2064
1538720 2068
1538730 2068
1538740 2071
1538750 2073
1538760 2073
1538770 2076
1538780 2079
1538790 2079
1538800 2083
1538810 2087
1538820 2087
1538830 2090
1538840 2094
1538850 2094
1538860 2099
1538870 2103
1538880 2103
1538890 2106
1538900 2108
1538910 2108
1538920 2110
1538930 2112
1538940 2114
1538950 2114
1538960 2115
1538970 2116
1538980 2116
1538990 2117
1539000 2119
1539010 2119
1539020 2120
1539030 2120
1539040 2120
1539050 2119
1539060 2120
1539070 2120
1539080 2123
1539090 2126
1539100 2126
1539110 2130
1539120 2132
1539130 2136
1539140 2136
1539150 2140
1539160 2143
1539170 2143
1539180 2145
1539190 2151
1539200 2151
1539210 2157
1539220 2160
1539230 2160
1539240 2160
1539250 2158
1539260 2158
1539270 2151
1539280 2144
1539290 2144
1539300 2136
1539310 2128
1539320 2128
1539330 2121
1539340 2115
1539350 2109
1539360 2109
1539370 2102
1539380 2095
1539390 2095
1539400 2088
1539410 2077
1539420 2077
1539430 2061
1539440 2050
1539450 2050
1539460 2042
1539470 2036
1539480 2036
1539490 2031
1539500 2025
1539510 2025
1539520 2020
1539530 2014
1539540 2009
1539550 2009
1539560 2003
1539570 1998
1539580 1998
1539590 1994
1539600 1991
1539610 1991
1539620 1989
1539630 1988
1539640 1988
1539650 1987
1539660 1986
1539670 1986
1539680 1986
1539690 1985
1539700 1985
1539710 1984
1539720 1984
1539730 1984
1539740 1983
1539750 1983
1539760 1984
1539770 1984
1539780 1985
1539790 1985
1539800 1985
1539810 1985
1539820 1986
1539830 1986
1539840 1987
1539850 1987
1539860 1987
1539870 1989
1539880 1990
1539890 1990
1539900 1992
1539910 1993
1539920 1993
1539930 1994
1539940 1994
1539950 1995
1539960 1995
1539970 1995
1539980 1994
1539990 1994
