1520000 1982
1520010 1980
1520020 1977
1520030 1977
1520040 1975
1520050 1974
1520060 1974
1520070 1972
1520080 1971
1520090 1971
1520100 1970
1520110 1970
1520120 1970
1520130 1970
1520140 1969
1520150 1968
1520160 1968
1520170 1968
1520180 1967
1520190 1967
1520200 1967
1520210 1966
1520220 1966
1520230 1966
1520240 1965
1520250 1965
1520260 1964
1520270 1963
1520280 1963
1520290 1962
1520300 1961
1520310 1961
1520320 1960
1520330 1959
1520340 1959
1520350 1957
1520360 1956
1520370 1954
1520380 1954
1520390 1953
1520400 1952
1520410 1952
1520420 1951
1520430 1950
1520440 1950
1520450 1949
1520460 1948
1520470 1948
1520480 1946
1520490 1945
1520500 1945
1520510 1943
1520520 1942
1520530 1942
1520540 1940
1520550 1939
1520560 1939
1520570 1939
1520580 1939
1520590 1939
1520600 1939
1520610 1939
1520620 1939
1520630 1939
1520640 1938
1520650 1935
1520660 1935
1520670 1931
1520680 1930
1520690 1930
1520700 1928
1520710 1926
1520720 1926
1520730 1925
1520740 1924
1520750 1924
1520760 1923
1520770 1923
1520780 1923
1520790 1923
1520800 1924
1520810 1922
1520820 1922
1520830 1921
1520840 1920
1520850 1920
1520860 1919
1520870 1920
1520880 1920
1520890 1920
1520900 1920
1520910 1920
1520920 1921
1520930 1921
1520940 1921
1520950 1921
1520960 1921
1520970 1921
1520980 1921
1520990 1919
1521000 1917
1521010 1917
1521020 1914
1521030 1912
1521040 1912
1521050 1909
1521060 1906
1521070 1906
1521080 1904
1521090 1902
1521100 1902
1521110 1900
1521120 1898
1521130 1898
1521140 1895
1521150 1892
1521160 1892
1521170 1889
1521180 1886
1521190 1884
1521200 1884
1521210 1883
1521220 1882
1521230 1882
1521240 1880
1521250 1881
1521260 1881
1521270 1883
1521280 1883
1521290 1883
1521300 1883
1521310 1884
1521320 1884
1521330 1885
1521340 1884
1521350 1884
1521360 1884
1521370 1883
1521380 1883
1521390 1884
1521400 1885
1521410 1885
1521420 1885
1521430 1886
1521440 1888
1521450 1888
1521460 1889
1521470 1890
1521480 1890
1521490 1892
1521500 1895
1521510 1895
1521520 1897
1521530 1899
1521540 1899
1521550 1901
1521560 1902
1521570 1902
1521580 1904
1521590 1906
1521600 1908
1521610 1908
1521620 1909
1521630 1912
1521640 1912
1521650 1915
1521660 1917
1521670 1917
1521680 1917
1521690 1917
1521700 1917
1521710 1917
1521720 1917
1521730 1917
1521740 1918
1521750 1918
1521760 1912
1521770 1911
1521780 1910
1521790 1910
1521800 1910
1521810 1910
1521820 1911
1521830 1911
1521840 1911
1521850 1913
1521860 1913
1521870 1916
1521880 1919
1521890 1919
1521900 1921
1521910 1921
1521920 1921
1521930 1922
1521940 1922
1521950 1922
1521960 1922
1521970 1923
1521980 1923
1521990 1925
1522000 1927
1522010 1929
1522020 1929
1522030 1930
1522040 1931
1522050 1931
1522060 1933
1522070 1934
1522080 1934
1522090 1934
1522100 1935
1522110 1935
1522120 1935
1522130 1936
1522140 1936
1522150 1936
1522160 1936
1522170 1936
1522180 1937
1522190 1938
1522200 1938
1522210 1938
1522220 1938
1522230 1938
1522240 1938
1522250 1938
1522260 1939
1522270 1939
1522280 1939
1522290 1939
1522300 1939
1522310 1940
1522320 1940
1522330 1940
1522340 1939
1522350 1937
1522360 1937
1522370 1941
1522380 1944
1522390 1944
1522400 1946
1522410 1948
1522420 1950
1522430 1950
1522440 1952
1522450 1953
1522460 1953
1522470 1954
1522480 1956
1522490 1956
1522500 1957
1522510 1958
1522520 1958
1522530 1959
1522540 1961
1522550 1961
1522560 1961
1522570 1962
1522580 1962
1522590 1962
1522600 1963
1522610 1963
1522620 1964
1522630 1964
1522640 1965
1522650 1965
1522660 1965
1522670 1965
1522680 1965
1522690 1965
1522700 1967
1522710 1967
1522720 1967
1522730 1968
1522740 1968
1522750 1968
1522760 1969
1522770 1969
1522780 1968
1522790 1968
1522800 1968
1522810 1967
1522820 1967
1522830 1968
1522840 1968
1522850 1967
1522860 1968
1522870 1968
1522880 1968
1522890 1967
1522900 1967
1522910 1967
1522920 1968
1522930 1968
1522940 1968
1522950 1970
1522960 1970
1522970 1972
1522980 1973
1522990 1973
1523000 1977
1523010 1980
1523020 1980
1523030 1985
1523040 1989
1523050 1993
1523060 1993
1523070 1997
1523080 2001
1523090 2001
1523100 2005
1523110 2009
1523120 2009
1523130 2014
1523140 2020
1523150 2020
1523160 2026
1523170 2032
1523180 2032
1523190 2038
1523200 2044
1523210 2044
1523220 2050
1523230 2056
1523240 2062
1523250 2062
1523260 2068
1523270 2073
1523280 2073
1523290 2079
1523300 2084
1523310 2084
1523320 2089
1523330 2096
1523340 2096
1523350 2102
1523360 2108
1523370 2108
1523380 2113
1523390 2117
1523400 2117
1523410 2121
1523420 2125
1523430 2125
1523440 2128
1523450 2130
1523460 2132
1523470 2132
1523480 2135
1523490 2138
1523500 2138
1523510 2140
1523520 2143
1523530 2143
1523540 2145
1523550 2146
1523560 2146
1523570 2148
1523580 2149
1523590 2149
1523600 2150
1523610 2152
1523620 2152
1523630 2152
1523640 2153
1523650 2154
1523660 2154
1523670 2155
1523680 2157
1523690 2157
1523700 2159
1523710 2160
1523720 2160
1523730 2161
1523740 2162
1523750 2162
1523760 2162
1523770 2163
1523780 2163
1523790 2162
1523800 2161
1523810 2161
1523820 2161
1523830 2160
1523840 2160
1523850 2157
1523860 2153
1523870 2151
1523880 2151
1523890 2151
1523900 2151
1523910 2151
1523920 2152
1523930 2152
1523940 2152
1523950 2153
1523960 2152
1523970 2152
1523980 2149
1523990 2144
1524000 2144
1524010 2139
1524020 2137
1524030 2137
1524040 2139
1524050 2148
1524060 2148
1524070 2149
1524080 2152
1524090 2155
1524100 2155
1524110 2155
1524120 2155
1524130 2155
1524140 2155
1524150 2155
1524160 2155
1524170 2156
1524180 2155
1524190 2155
1524200 2154
1524210 2153
1524220 2153
1524230 2151
1524240 2149
1524250 2149
1524260 2147
1524270 2147
1524280 2146
1524290 2146
1524300 2146
1524310 2145
1524320 2145
1524330 2144
1524340 2143
1524350 2143
1524360 2143
1524370 2144
1524380 2144
1524390 2144
1524400 2145
1524410 2145
1524420 2146
1524430 2147
1524440 2147
1524450 2148
1524460 2149
1524470 2149
1524480 2148
1524490 2145
1524500 2138
1524510 2138
1524520 2131
1524530 2124
1524540 2124
1524550 2119
1524560 2114
1524570 2114
1524580 2110
1524590 2106
1524600 2106
1524610 2102
1524620 2098
1524630 2098
1524640 2095
1524650 2091
1524660 2091
1524670 2089
1524680 2086
1524690 2084
1524700 2084
1524710 2083
1524720 2082
1524730 2082
1524740 2081
1524750 2081
1524760 2081
1524770 2081
1524780 2080
1524790 2080
1524800 2079
1524810 2078
1524820 2078
1524830 2076
1524840 2074
1524850 2074
1524860 2072
1524870 2071
1524880 2071
1524890 2071
1524900 2072
1524910 2072
1524920 2072
1524930 2070
1524940 2068
1524950 2068
1524960 2068
1524970 2068
1524980 2068
1524990 2068
1525000 2068
1525010 2068
1525020 2066
1525030 2066
1525040 2066
1525050 2066
1525060 2067
1525070 2067
1525080 2068
1525090 2068
1525100 2069
1525110 2069
1525120 2069
1525130 2069
1525140 2069
1525150 2069
1525160 2071
1525170 2071
1525180 2073
1525190 2075
1525200 2075
1525210 2077
1525220 2077
1525230 2077
1525240 2077
1525250 2078
1525260 2078
1525270 2079
1525280 2078
1525290 2078
1525300 2077
1525310 2076
1525320 2075
1525330 2075
1525340 2075
1525350 2078
1525360 2078
1525370 2082
1525380 2083
1525390 2083
1525400 2082
1525410 2081
1525420 2081
1525430 2082
1525440 2082
1525450 2082
1525460 2082
1525470 2082
1525480 2082
1525490 2083
1525500 2083
1525510 2082
1525520 2082
1525530 2082
1525540 2082
1525550 2082
1525560 2082
1525570 2083
1525580 2083
1525590 2083
1525600 2083
1525610 2083
1525620 2080
1525630 2079
1525640 2079
1525650 2080
1525660 2081
1525670 2081
1525680 2080
1525690 2080
1525700 2080
1525710 2084
1525720 2088
1525730 2091
1525740 2091
1525750 2094
1525760 2096
1525770 2096
1525780 2098
1525790 2099
1525800 2099
1525810 2099
1525820 2097
1525830 2097
1525840 2095
1525850 2095
1525860 2095
1525870 2094
1525880 2093
1525890 2093
1525900 2092
1525910 2091
1525920 2090
1525930 2090
1525940 2089
1525950 2087
1525960 2087
1525970 2085
1525980 2083
1525990 2083
1526000 2081
1526010 2078
1526020 2078
1526030 2076
1526040 2073
1526050 2073
1526060 2070
1526070 2064
1526080 2064
1526090 2057
1526100 2052
1526110 2052
1526120 2048
1526130 2045
1526140 2040
1526150 2040
1526160 2032
1526170 2024
1526180 2024
1526190 2016
1526200 2007
1526210 2007
1526220 1999
1526230 1993
1526240 1993
1526250 1989
1526260 1983
1526270 1983
1526280 1977
1526290 1971
1526300 1971
1526310 1966
1526320 1961
1526330 1956
1526340 1956
1526350 1953
1526360 1950
1526370 1950
1526380 1946
1526390 1942
1526400 1942
1526410 1937
1526420 1933
1526430 1933
1526440 1928
1526450 1924
1526460 1924
1526470 1922
1526480 1920
1526490 1920
1526500 1918
1526510 1915
1526520 1915
1526530 1911
1526540 1906
1526550 1902
1526560 1902
1526570 1896
1526580 1889
1526590 1889
1526600 1884
1526610 1880
1526620 1880
1526630 1876
1526640 1873
1526650 1873
1526660 1871
1526670 1871
1526680 1871
1526690 1869
1526700 1867
1526710 1867
1526720 1866
1526730 1864
1526740 1862
1526750 1862
1526760 1860
1526770 1858
1526780 1858
1526790 1856
1526800 1854
1526810 1854
1526820 1851
1526830 1850
1526840 1850
1526850 1849
1526860 1846
1526870 1846
1526880 1844
1526890 1840
1526900 1840
1526910 1836
1526920 1833
1526930 1833
1526940 1830
1526950 1826
1526960 1824
1526970 1824
1526980 1823
1526990 1821
1527000 1821
1527010 1819
1527020 1817
1527030 1817
1527040 1814
1527050 1809
1527060 1809
1527070 1803
1527080 1799
1527090 1799
1527100 1795
1527110 1791
1527120 1791
1527130 1787
1527140 1784
1527150 1784
1527160 1782
1527170 1778
1527180 1774
1527190 1774
1527200 1771
1527210 1768
1527220 1768
1527230 1764
1527240 1760
1527250 1760
1527260 1756
1527270 1752
1527280 1752
1527290 1747
1527300 1742
1527310 1742
1527320 1737
1527330 1732
1527340 1732
1527350 1728
1527360 1725
1527370 1722
1527380 1722
1527390 1717
1527400 1711
1527410 1711
1527420 1704
1527430 1698
1527440 1698
1527450 1692
1527460 1685
1527470 1685
1527480 1679
1527490 1674
1527500 1674
1527510 1669
1527520 1665
1527530 1665
1527540 1661
1527550 1656
1527560 1656
1527570 1651
1527580 1646
1527590 1641
1527600 1641
1527610 1636
1527620 1631
1527630 1631
1527640 1625
1527650 1621
1527660 1621
1527670 1616
1527680 1612
1527690 1612
1527700 1609
1527710 1605
1527720 1605
1527730 1602
1527740 1599
1527750 1599
1527760 1596
1527770 1593
1527780 1591
1527790 1591
1527800 1589
1527810 1587
1527820 1587
1527830 1591
1527840 1595
1527850 1595
1527860 1598
1527870 1599
1527880 1599
1527890 1600
1527900 1600
1527910 1600
1527920 1601
1527930 1603
1527940 1603
1527950 1607
1527960 1612
1527970 1612
1527980 1617
1527990 1622
1528000 1627
1528010 1627
1528020 1633
1528030 1638
1528040 1638
1528050 1643
1528060 1648
1528070 1648
1528080 1653
1528090 1658
1528100 1658
1528110 1662
1528120 1666
1528130 1666
1528140 1670
1528150 1675
1528160 1675
1528170 1681
1528180 1688
1528190 1695
1528200 1695
1528210 1701
1528220 1707
1528230 1707
1528240 1713
1528250 1720
1528260 1720
1528270 1727
1528280 1732
1528290 1732
1528300 1739
1528310 1745
1528320 1745
1528330 1752
1528340 1759
1528350 1759
1528360 1765
1528370 1771
1528380 1771
1528390 1776
1528400 1783
1528410 1789
1528420 1789
1528430 1795
1528440 1800
1528450 1800
1528460 1806
1528470 1812
1528480 1812
1528490 1817
1528500 1822
1528510 1822
1528520 1827
1528530 1830
1528540 1830
1528550 1832
1528560 1834
1528570 1834
1528580 1837
1528590 1840
1528600 1842
1528610 1842
1528620 1843
1528630 1844
1528640 1844
1528650 1844
1528660 1843
1528670 1843
1528680 1841
1528690 1839
1528700 1839
1528710 1837
1528720 1834
1528730 1834
1528740 1830
1528750 1825
1528760 1825
1528770 1821
1528780 1818
1528790 1818
1528800 1814
1528810 1811
1528820 1807
1528830 1807
1528840 1804
1528850 1801
1528860 1801
1528870 1797
1528880 1793
1528890 1793
1528900 1790
1528910 1787
1528920 1787
1528930 1784
1528940 1781
1528950 1781
1528960 1778
1528970 1776
1528980 1776
1528990 1774
1529000 1771
1529010 1770
1529020 1770
1529030 1768
1529040 1767
1529050 1767
1529060 1765
1529070 1762
1529080 1762
1529090 1759
1529100 1756
1529110 1756
1529120 1755
1529130 1756
1529140 1756
1529150 1758
1529160 1760
1529170 1760
1529180 1763
1529190 1767
1529200 1767
1529210 1770
1529220 1773
1529230 1777
1529240 1777
1529250 1781
1529260 1784
1529270 1784
1529280 1787
1529290 1790
1529300 1790
1529310 1793
1529320 1796
1529330 1796
1529340 1798
1529350 1801
1529360 1801
1529370 1804
1529380 1806
1529390 1806
1529400 1808
1529410 1810
1529420 1810
1529430 1810
1529440 1810
1529450 1809
1529460 1809
1529470 1808
1529480 1807
1529490 1807
1529500 1806
1529510 1806
1529520 1806
1529530 1805
1529540 1807
1529550 1807
1529560 1810
1529570 1814
1529580 1814
1529590 1818
1529600 1823
1529610 1823
1529620 1827
1529630 1831
1529640 1835
1529650 1835
1529660 1839
1529670 1843
1529680 1843
1529690 1847
1529700 1851
1529710 1851
1529720 1855
1529730 1858
1529740 1858
1529750 1862
1529760 1866
1529770 1866
1529780 1870
1529790 1875
1529800 1875
1529810 1878
1529820 1882
1529830 1882
1529840 1886
1529850 1890
1529860 1894
1529870 1894
1529880 1897
1529890 1900
1529900 1900
1529910 1903
1529920 1907
1529930 1907
1529940 1911
1529950 1915
1529960 1915
1529970 1919
1529980 1922
1529990 1922
1530000 1926
1530010 1929
1530020 1929
1530030 1932
1530040 1935
1530050 1939
1530060 1939
1530070 1942
1530080 1945
1530090 1945
1530100 1949
1530110 1952
1530120 1952
1530130 1955
1530140 1959
1530150 1959
1530160 1963
1530170 1966
1530180 1966
1530190 1969
1530200 1972
1530210 1972
1530220 1975
1530230 1978
1530240 1978
1530250 1981
1530260 1984
1530270 1988
1530280 1988
1530290 1991
1530300 1994
1530310 1994
1530320 1998
1530330 2001
1530340 2001
1530350 2004
1530360 2006
1530370 2006
1530380 2009
1530390 2013
1530400 2013
1530410 2015
1530420 2018
1530430 2018
1530440 2021
1530450 2022
1530460 2024
1530470 2024
1530480 2026
1530490 2028
1530500 2028
1530510 2030
1530520 2032
1530530 2032
1530540 2034
1530550 2035
1530560 2035
1530570 2037
1530580 2038
1530590 2038
1530600 2040
1530610 2041
1530620 2041
1530630 2042
1530640 2043
1530650 2043
1530660 2045
1530670 2046
1530680 2048
1530690 2048
1530700 2050
1530710 2051
1530720 2051
1530730 2052
1530740 2053
1530750 2053
1530760 2053
1530770 2054
1530780 2054
1530790 2054
1530800 2055
1530810 2055
1530820 2054
1530830 2051
1530840 2051
1530850 2044
1530860 2040
1530870 2038
1530880 2038
1530890 2035
1530900 2031
1530910 2031
1530920 2026
1530930 2020
1530940 2020
1530950 2011
1530960 2000
1530970 2000
1530980 1990
1530990 1979
1531000 1979
1531010 1971
1531020 1964
1531030 1964
1531040 1955
1531050 1948
1531060 1948
1531070 1942
1531080 1936
1531090 1932
1531100 1932
1531110 1929
1531120 1926
1531130 1926
1531140 1925
1531150 1923
1531160 1923
1531170 1919
1531180 1915
1531190 1915
1531200 1912
1531210 1911
1531220 1911
1531230 1914
1531240 1912
1531250 1912
1531260 1910
1531270 1909
1531280 1908
1531290 1908
1531300 1908
1531310 1909
1531320 1909
1531330 1908
1531340 1908
1531350 1908
1531360 1908
1531370 1907
1531380 1907
1531390 1907
1531400 1907
1531410 1907
1531420 1906
1531430 1907
1531440 1907
1531450 1907
1531460 1905
1531470 1905
1531480 1902
1531490 1896
1531500 1890
1531510 1890
1531520 1879
1531530 1871
1531540 1871
1531550 1866
1531560 1860
1531570 1860
1531580 1855
1531590 1850
1531600 1850
1531610 1846
1531620 1841
1531630 1841
1531640 1837
1531650 1833
1531660 1833
1531670 1829
1531680 1825
1531690 1820
1531700 1820
1531710 1815
1531720 1807
1531730 1807
1531740 1802
1531750 1794
1531760 1794
1531770 1787
1531780 1780
1531790 1780
1531800 1773
1531810 1767
1531820 1767
1531830 1760
1531840 1755
1531850 1755
1531860 1752
1531870 1748
1531880 1748
1531890 1745
1531900 1741
1531910 1737
1531920 1737
1531930 1731
1531940 1726
1531950 1726
1531960 1721
1531970 1716
1531980 1716
1531990 1711
1532000 1706
1532010 1706
1532020 1701
1532030 1696
1532040 1696
1532050 1691
1532060 1686
1532070 1686
1532080 1680
1532090 1673
1532100 1667
1532110 1667
1532120 1662
1532130 1657
1532140 1657
1532150 1654
1532160 1650
1532170 1650
1532180 1646
1532190 1642
1532200 1642
1532210 1638
1532220 1634
1532230 1634
1532240 1631
1532250 1627
1532260 1627
1532270 1625
1532280 1625
1532290 1625
1532300 1626
1532310 1626
1532320 1628
1532330 1628
1532340 1629
1532350 1629
1532360 1629
1532370 1631
1532380 1632
1532390 1632
1532400 1633
1532410 1635
1532420 1635
1532430 1636
1532440 1638
1532450 1638
1532460 1639
1532470 1641
1532480 1641
1532490 1643
1532500 1644
1532510 1644
1532520 1646
1532530 1648
1532540 1650
1532550 1650
1532560 1652
1532570 1654
1532580 1654
1532590 1656
1532600 1659
1532610 1659
1532620 1661
1532630 1664
1532640 1664
1532650 1667
1532660 1672
1532670 1672
1532680 1676
1532690 1680
1532700 1680
1532710 1684
1532720 1688
1532730 1692
1532740 1692
1532750 1696
1532760 1701
1532770 1701
1532780 1707
1532790 1714
1532800 1714
1532810 1720
1532820 1725
1532830 1725
1532840 1730
1532850 1735
1532860 1735
1532870 1738
1532880 1742
1532890 1742
1532900 1747
1532910 1752
1532920 1752
1532930 1757
1532940 1762
1532950 1766
1532960 1766
1532970 1768
1532980 1771
1532990 1771
1533000 1772
1533010 1773
1533020 1773
1533030 1775
1533040 1777
1533050 1777
1533060 1779
1533070 1780
1533080 1780
1533090 1782
1533100 1783
1533110 1783
1533120 1788
1533130 1794
1533140 1799
1533150 1799
1533160 1803
1533170 1807
1533180 1807
1533190 1811
1533200 1815
1533210 1815
1533220 1819
1533230 1823
1533240 1823
1533250 1827
1533260 1831
1533270 1831
1533280 1836
1533290 1840
1533300 1840
1533310 1845
1533320 1850
1533330 1850
1533340 1856
1533350 1859
1533360 1862
1533370 1862
1533380 1867
1533390 1873
1533400 1873
1533410 1878
1533420 1884
1533430 1884
1533440 1890
1533450 1896
1533460 1896
1533470 1902
1533480 1909
1533490 1909
1533500 1914
1533510 1919
1533520 1920
1533530 1924
1533540 1928
1533550 1933
1533560 1933
1533570 1939
1533580 1945
1533590 1945
1533600 1951
1533610 1959
1533620 1959
1533630 1967
1533640 1974
1533650 1974
1533660 1980
1533670 1988
1533680 1988
1533690 1995
1533700 2003
1533710 2003
1533720 2010
1533730 2017
1533740 2017
1533750 2023
1533760 2028
1533770 2034
1533780 2034
1533790 2040
1533800 2045
1533810 2045
1533820 2050
1533830 2055
1533840 2055
1533850 2060
1533860 2065
1533870 2065
1533880 2070
1533890 2075
1533900 2075
1533910 2079
1533920 2084
1533930 2084
1533940 2088
1533950 2092
1533960 2097
1533970 2097
1533980 2103
1533990 2107
1534000 2107
1534010 2111
1534020 2114
1534030 2114
1534040 2116
1534050 2118
1534060 2118
1534070 2120
1534080 2121
1534090 2121
1534100 2121
1534110 2120
1534120 2120
1534130 2119
1534140 2117
1534150 2117
1534160 2116
1534170 2114
1534180 2111
1534190 2111
1534200 2108
1534210 2104
1534220 2104
1534230 2099
1534240 2093
1534250 2093
1534260 2086
1534270 2081
1534280 2081
1534290 2076
1534300 2070
1534310 2070
1534320 2063
1534330 2057
1534340 2057
1534350 2051
1534360 2045
1534370 2040
1534380 2040
1534390 2037
1534400 2035
1534410 2035
1534420 2033
1534430 2031
1534440 2031
1534450 2028
1534460 2026
1534470 2026
1534480 2024
1534490 2021
1534500 2021
1534510 2019
1534520 2016
1534530 2016
1534540 2014
1534550 2014
1534560 2014
1534570 2013
1534580 2011
1534590 2009
1534600 2009
1534610 2007
1534620 2004
1534630 2004
1534640 2000
1534650 1996
1534660 1996
1534670 1993
1534680 1991
1534690 1991
1534700 1989
1534710 1987
1534720 1987
1534730 1984
1534740 1980
1534750 1980
1534760 1976
1534770 1972
1534780 1970
1534790 1970
1534800 1966
1534810 1960
1534820 1960
1534830 1955
1534840 1951
1534850 1951
1534860 1949
1534870 1946
1534880 1946
1534890 1943
1534900 1941
1534910 1941
1534920 1938
1534930 1935
1534940 1935
1534950 1932
1534960 1929
1534970 1929
1534980 1928
1534990 1925
1535000 1920
1535010 1920
1535020 1915
1535030 1909
1535040 1909
1535050 1904
1535060 1899
1535070 1899
1535080 1895
1535090 1891
1535100 1891
1535110 1887
1535120 1885
1535130 1885
1535140 1883
1535150 1881
1535160 1881
1535170 1878
1535180 1874
1535190 1870
1535200 1870
1535210 1865
1535220 1862
1535230 1862
1535240 1859
1535250 1857
1535260 1857
1535270 1856
1535280 1857
1535290 1857
1535300 1858
1535310 1858
1535320 1858
1535330 1853
1535340 1846
1535350 1846
1535360 1845
1535370 1850
1535380 1850
1535390 1853
1535400 1856
1535410 1859
1535420 1859
1535430 1862
1535440 1865
1535450 1865
1535460 1867
1535470 1870
1535480 1870
1535490 1872
1535500 1875
1535510 1875
1535520 1878
1535530 1882
1535540 1882
1535550 1886
1535560 1889
1535570 1889
1535580 1892
1535590 1895
1535600 1895
1535610 1896
1535620 1898
1535630 1901
1535640 1901
1535650 1903
1535660 1906
1535670 1906
1535680 1908
1535690 1909
1535700 1909
1535710 1911
1535720 1915
1535730 1915
1535740 1919
1535750 1923
1535760 1923
1535770 1927
1535780 1930
1535790 1930
1535800 1933
1535810 1937
1535820 1942
1535830 1942
1535840 1945
1535850 1948
1535860 1948
1535870 1952
1535880 1955
1535890 1955
1535900 1957
1535910 1956
1535920 1956
1535930 1958
1535940 1960
1535950 1960
1535960 1962
1535970 1967
1535980 1967
1535990 1972
1536000 1977
1536010 1977
1536020 1982
1536030 1986
1536040 1987
1536050 1987
1536060 1992
1536070 1997
1536080 1997
1536090 2001
1536100 2004
1536110 2004
1536120 2006
1536130 2008
1536140 2008
1536150 2009
1536160 2010
1536170 2010
1536180 2010
1536190 2010
1536200 2010
1536210 2013
1536220 2018
1536230 2021
1536240 2021
1536250 2021
1536260 2025
1536270 2025
1536280 2029
1536290 2032
1536300 2032
1536310 2035
1536320 2039
1536330 2039
1536340 2042
1536350 2046
1536360 2046
1536370 2048
1536380 2052
1536390 2052
1536400 2056
1536410 2060
1536420 2060
1536430 2058
1536440 2054
1536450 2051
1536460 2051
1536470 2047
1536480 2042
1536490 2042
1536500 2041
1536510 2041
1536520 2041
1536530 2037
1536540 2034
1536550 2034
1536560 2031
1536570 2028
1536580 2028
1536590 2026
1536600 2024
1536610 2024
1536620 2022
1536630 2019
1536640 2016
1536650 2016
1536660 2013
1536670 2009
1536680 2009
1536690 2005
1536700 2002
1536710 2002
1536720 1999
1536730 1997
1536740 1997
1536750 1995
1536760 1994
1536770 1994
1536780 1992
1536790 1989
1536800 1989
1536810 1987
1536820 1985
1536830 1985
1536840 1983
1536850 1981
1536860 1980
1536870 1980
1536880 1980
1536890 1979
1536900 1979
1536910 1978
1536920 1977
1536930 1977
1536940 1975
1536950 1973
1536960 1973
1536970 1971
1536980 1969
1536990 1969
1537000 1968
1537010 1966
1537020 1966
1537030 1964
1537040 1964
1537050 1964
1537060 1964
1537070 1964
1537080 1963
1537090 1963
1537100 1963
1537110 1962
1537120 1962
1537130 1962
1537140 1963
1537150 1963
1537160 1964
1537170 1963
1537180 1963
1537190 1961
1537200 1960
1537210 1960
1537220 1960
1537230 1959
1537240 1959
1537250 1958
1537260 1954
1537270 1952
1537280 1952
1537290 1951
1537300 1950
1537310 1950
1537320 1949
1537330 1948
1537340 1948
1537350 1949
1537360 1950
1537370 1950
1537380 1952
1537390 1954
1537400 1954
1537410 1956
1537420 1958
1537430 1958
1537440 1959
1537450 1961
1537460 1963
1537470 1963
1537480 1964
1537490 1967
1537500 1967
1537510 1971
1537520 1974
1537530 1974
1537540 1977
1537550 1980
1537560 1980
1537570 1983
1537580 1985
1537590 1985
1537600 1988
1537610 1991
1537620 1991
1537630 1995
1537640 1997
1537650 1997
1537660 1999
1537670 2002
1537680 2006
1537690 2006
1537700 2009
1537710 2012
1537720 2012
1537730 2010
1537740 2004
1537750 2004
1537760 1999
1537770 1992
1537780 1992
1537790 1985
1537800 1978
1537810 1978
1537820 1971
1537830 1963
1537840 1963
1537850 1957
1537860 1951
1537870 1946
1537880 1946
1537890 1942
1537900 1940
1537910 1940
1537920 1938
1537930 1938
1537940 1938
1537950 1938
1537960 1939
1537970 1939
1537980 1939
1537990 1937
1538000 1937
1538010 1936
1538020 1936
1538030 1936
1538040 1938
1538050 1938
1538060 1938
1538070 1936
1538080 1935
1538090 1935
1538100 1935
1538110 1935
1538120 1940
1538130 1940
1538140 1944
1538150 1948
1538160 1948
1538170 1951
1538180 1953
1538190 1953
1538200 1957
1538210 1962
1538220 1962
1538230 1965
1538240 1966
1538250 1966
1538260 1967
1538270 1973
1538280 1973
1538290 1975
1538300 1976
1538310 1978
1538320 1978
1538330 1980
1538340 1980
1538350 1980
1538360 1982
1538370 1986
1538380 1986
1538390 1992
1538400 1996
1538410 1996
1538420 2002
1538430 2008
1538440 2008
1538450 2009
1538460 2014
1538470 2014
1538480 2018
1538490 2023
1538500 2027
1538510 2027
1538520 2031
1538530 2036
1538540 2036
1538550 2043
1538560 2050
1538570 2050
1538580 2054
1538590 2056
1538600 2056
1538610 2058
1538620 2060
1538630 2060
1538640 2062
1538650 2065
1538660 2065
1538670 2069
1538680 2072
1538690 2072
1538700 2075
1538710 2077
1538720 2080
1538730 2080
1538740 2084
1538750 2087
1538760 2087
1538770 2091
1538780 2095
1538790 2095
1538800 2098
1538810 2102
1538820 2102
1538830 2105
1538840 2108
1538850 2108
1538860 2111
1538870 2114
1538880 2114
1538890 2117
1538900 2119
1538910 2121
1538920 2121
1538930 2122
1538940 2122
1538950 2122
1538960 2123
1538970 2123
1538980 2123
1538990 2123
1539000 2123
1539010 2123
1539020 2124
1539030 2127
1539040 2127
1539050 2131
1539060 2135
1539070 2135
1539080 2140
1539090 2145
1539100 2145
1539110 2149
1539120 2152
1539130 2157
1539140 2157
1539150 2162
1539160 2162
1539170 2162
1539180 2161
1539190 2164
1539200 2164
1539210 2166
1539220 2165
1539230 2165
1539240 2164
1539250 2161
1539260 2161
1539270 2157
1539280 2151
1539290 2151
1539300 2145
1539310 2138
1539320 2131
1539330 2131
1539340 2126
1539350 2122
1539360 2122
1539370 2112
1539380 2104
1539390 2104
1539400 2098
1539410 2086
1539420 2086
1539430 2072
1539440 2061
1539450 2061
1539460 2045
1539470 2038
1539480 2038
1539490 2032
1539500 2027
1539510 2027
1539520 2022
1539530 2015
1539540 2009
1539550 2009
1539560 2003
1539570 1999
1539580 1999
1539590 1997
1539600 1997
1539610 1997
1539620 1997
1539630 1997
1539640 1997
1539650 1996
1539660 1995
1539670 1995
1539680 1994
1539690 1993
1539700 1993
1539710 1991
1539720 1990
1539730 1989
1539740 1989
1539750 1987
1539760 1985
1539770 1985
1539780 1984
1539790 1983
1539800 1983
1539810 1983
1539820 1983
1539830 1983
1539840 1982
1539850 1982
1539860 1982
1539870 1981
1539880 1982
1539890 1982
1539900 1982
1539910 1982
1539920 1982
1539930 1982
1539940 1982
1539950 1982
1539960 1982
1539970 1982
1539980 1982
1539990 1982
