1520000 1735
1520010 1735
1520020 1737
1520030 1739
1520040 1739
1520050 1741
1520060 1744
1520070 1744
1520080 1746
1520090 1748
1520100 1748
1520110 1750
1520120 1753
1520130 1753
1520140 1755
1520150 1756
1520160 1756
1520170 1756
1520180 1757
1520190 1757
1520200 1757
1520210 1758
1520220 1759
1520230 1759
1520240 1759
1520250 1758
1520260 1758
1520270 1757
1520280 1757
1520290 1757
1520300 1755
1520310 1753
1520320 1753
1520330 1752
1520340 1753
1520350 1753
1520360 1757
1520370 1759
1520380 1758
1520390 1758
1520400 1753
1520410 1748
1520420 1748
1520430 1743
1520440 1739
1520450 1739
1520460 1738
1520470 1737
1520480 1737
1520490 1736
1520500 1735
1520510 1735
1520520 1736
1520530 1740
1520540 1740
1520550 1745
1520560 1751
1520570 1751
1520580 1757
1520590 1763
1520600 1764
1520610 1764
1520620 1763
1520630 1764
1520640 1764
1520650 1764
1520660 1765
1520670 1765
1520680 1765
1520690 1766
1520700 1766
1520710 1766
1520720 1766
1520730 1766
1520740 1766
1520750 1766
1520760 1766
1520770 1766
1520780 1766
1520790 1766
1520800 1766
1520810 1766
1520820 1765
1520830 1765
1520840 1765
1520850 1765
1520860 1765
1520870 1764
1520880 1764
1520890 1764
1520900 1764
1520910 1764
1520920 1764
1520930 1764
1520940 1763
1520950 1763
1520960 1762
1520970 1759
1520980 1759
1520990 1757
1521000 1756
1521010 1755
1521020 1755
1521030 1754
1521040 1752
1521050 1752
1521060 1751
1521070 1750
1521080 1750
1521090 1749
1521100 1747
1521110 1747
1521120 1745
1521130 1743
1521140 1743
1521150 1741
1521160 1736
1521170 1736
1521180 1730
1521190 1723
1521200 1723
1521210 1715
1521220 1709
1521230 1706
1521240 1706
1521250 1704
1521260 1709
1521270 1709
1521280 1717
1521290 1722
1521300 1722
1521310 1726
1521320 1729
1521330 1729
1521340 1732
1521350 1735
1521360 1735
1521370 1736
1521380 1739
1521390 1739
1521400 1741
1521410 1745
1521420 1745
1521430 1748
1521440 1750
1521450 1752
1521460 1752
1521470 1754
1521480 1756
1521490 1756
1521500 1758
1521510 1760
1521520 1760
1521530 1762
1521540 1765
1521550 1765
1521560 1768
1521570 1769
1521580 1769
1521590 1772
1521600 1774
1521610 1774
1521620 1775
1521630 1778
1521640 1780
1521650 1780
1521660 1783
1521670 1785
1521680 1785
1521690 1787
1521700 1788
1521710 1788
1521720 1790
1521730 1792
1521740 1792
1521750 1794
1521760 1796
1521770 1796
1521780 1797
1521790 1799
1521800 1799
1521810 1801
1521820 1803
1521830 1803
1521840 1804
1521850 1806
1521860 1807
1521870 1807
1521880 1809
1521890 1811
1521900 1811
1521910 1813
1521920 1815
1521930 1815
1521940 1816
1521950 1818
1521960 1818
1521970 1819
1521980 1821
1521990 1821
1522000 1822
1522010 1824
1522020 1824
1522030 1825
1522040 1826
1522050 1828
1522060 1828
1522070 1830
1522080 1831
1522090 1831
1522100 1832
1522110 1834
1522120 1834
1522130 1835
1522140 1836
1522150 1836
1522160 1837
1522170 1839
1522180 1839
1522190 1840
1522200 1841
1522210 1841
1522220 1842
1522230 1843
1522240 1843
1522250 1844
1522260 1845
1522270 1845
1522280 1845
1522290 1846
1522300 1846
1522310 1846
1522320 1847
1522330 1847
1522340 1847
1522350 1847
1522360 1846
1522370 1846
1522380 1846
1522390 1846
1522400 1846
1522410 1845
1522420 1845
1522430 1845
1522440 1844
1522450 1843
1522460 1843
1522470 1842
1522480 1841
1522490 1840
1522500 1840
1522510 1838
1522520 1836
1522530 1836
1522540 1834
1522550 1832
1522560 1832
1522570 1829
1522580 1826
1522590 1826
1522600 1823
1522610 1820
1522620 1820
1522630 1817
1522640 1815
1522650 1815
1522660 1812
1522670 1810
1522680 1808
1522690 1808
1522700 1805
1522710 1804
1522720 1804
1522730 1801
1522740 1796
1522750 1796
1522760 1791
1522770 1785
1522780 1785
1522790 1780
1522800 1775
1522810 1775
1522820 1770
1522830 1765
1522840 1765
1522850 1759
1522860 1753
1522870 1753
1522880 1748
1522890 1742
1522900 1737
1522910 1737
1522920 1731
1522930 1726
1522940 1726
1522950 1721
1522960 1716
1522970 1716
1522980 1712
1522990 1708
1523000 1708
1523010 1704
1523020 1701
1523030 1701
1523040 1697
1523050 1694
1523060 1694
1523070 1690
1523080 1685
1523090 1680
1523100 1680
1523110 1677
1523120 1673
1523130 1673
1523140 1669
1523150 1666
1523160 1666
1523170 1663
1523180 1661
1523190 1661
1523200 1658
1523210 1656
1523220 1656
1523230 1654
1523240 1651
1523250 1651
1523260 1649
1523270 1646
1523280 1646
1523290 1642
1523300 1640
1523310 1637
1523320 1637
1523330 1634
1523340 1631
1523350 1631
1523360 1627
1523370 1627
1523380 1627
1523390 1622
1523400 1618
1523410 1618
1523420 1616
1523430 1615
1523440 1615
1523450 1613
1523460 1612
1523470 1612
1523480 1611
1523490 1610
1523500 1610
1523510 1609
1523520 1608
1523530 1606
1523540 1606
1523550 1606
1523560 1606
1523570 1606
1523580 1607
1523590 1610
1523600 1610
1523610 1612
1523620 1612
1523630 1612
1523640 1613
1523650 1614
1523660 1614
1523670 1613
1523680 1614
1523690 1614
1523700 1617
1523710 1619
1523720 1620
1523730 1620
1523740 1621
1523750 1623
1523760 1623
1523770 1624
1523780 1625
1523790 1625
1523800 1626
1523810 1627
1523820 1627
1523830 1628
1523840 1628
1523850 1628
1523860 1628
1523870 1628
1523880 1628
1523890 1627
1523900 1627
1523910 1627
1523920 1627
1523930 1630
1523940 1635
1523950 1635
1523960 1639
1523970 1642
1523980 1642
1523990 1645
1524000 1648
1524010 1648
1524020 1651
1524030 1655
1524040 1655
1524050 1658
1524060 1660
1524070 1660
1524080 1662
1524090 1664
1524100 1664
1524110 1667
1524120 1669
1524130 1669
1524140 1673
1524150 1676
1524160 1678
1524170 1678
1524180 1681
1524190 1683
1524200 1683
1524210 1686
1524220 1688
1524230 1688
1524240 1690
1524250 1692
1524260 1692
1524270 1696
1524280 1698
1524290 1698
1524300 1701
1524310 1703
1524320 1703
1524330 1705
1524340 1708
1524350 1710
1524360 1710
1524370 1713
1524380 1717
1524390 1717
1524400 1721
1524410 1724
1524420 1724
1524430 1727
1524440 1730
1524450 1730
1524460 1732
1524470 1734
1524480 1734
1524490 1736
1524500 1739
1524510 1739
1524520 1744
1524530 1747
1524540 1747
1524550 1752
1524560 1755
1524570 1756
1524580 1756
1524590 1759
1524600 1763
1524610 1763
1524620 1766
1524630 1769
1524640 1769
1524650 1773
1524660 1776
1524670 1776
1524680 1779
1524690 1782
1524700 1782
1524710 1786
1524720 1789
1524730 1789
1524740 1791
1524750 1793
1524760 1796
1524770 1796
1524780 1800
1524790 1803
1524800 1803
1524810 1806
1524820 1809
1524830 1809
1524840 1810
1524850 1810
1524860 1810
1524870 1810
1524880 1810
1524890 1810
1524900 1810
1524910 1810
1524920 1810
1524930 1810
1524940 1810
1524950 1810
1524960 1810
1524970 1811
1524980 1811
1524990 1811
1525000 1812
1525010 1813
1525020 1813
1525030 1814
1525040 1815
1525050 1815
1525060 1816
1525070 1816
1525080 1816
1525090 1817
1525100 1818
1525110 1818
1525120 1820
1525130 1821
1525140 1821
1525150 1823
1525160 1825
1525170 1825
1525180 1826
1525190 1827
1525200 1828
1525210 1828
1525220 1831
1525230 1832
1525240 1832
1525250 1832
1525260 1831
1525270 1831
1525280 1829
1525290 1827
1525300 1827
1525310 1826
1525320 1822
1525330 1822
1525340 1818
1525350 1814
1525360 1814
1525370 1810
1525380 1806
1525390 1803
1525400 1803
1525410 1799
1525420 1796
1525430 1796
1525440 1792
1525450 1787
1525460 1787
1525470 1782
1525480 1777
1525490 1777
1525500 1773
1525510 1768
1525520 1768
1525530 1764
1525540 1759
1525550 1759
1525560 1756
1525570 1753
1525580 1753
1525590 1749
1525600 1746
1525610 1743
1525620 1743
1525630 1740
1525640 1737
1525650 1737
1525660 1735
1525670 1733
1525680 1733
1525690 1731
1525700 1729
1525710 1729
1525720 1727
1525730 1726
1525740 1726
1525750 1724
1525760 1722
1525770 1722
1525780 1720
1525790 1717
1525800 1717
1525810 1713
1525820 1710
1525830 1708
1525840 1708
1525850 1704
1525860 1701
1525870 1701
1525880 1699
1525890 1696
1525900 1696
1525910 1693
1525920 1691
1525930 1691
1525940 1688
1525950 1685
1525960 1685
1525970 1683
1525980 1681
1525990 1681
1526000 1678
1526010 1674
1526020 1670
1526030 1670
1526040 1667
1526050 1664
1526060 1664
1526070 1662
1526080 1659
1526090 1659
1526100 1657
1526110 1656
1526120 1656
1526130 1653
1526140 1650
1526150 1650
1526160 1648
1526170 1645
1526180 1645
1526190 1643
1526200 1640
1526210 1640
1526220 1637
1526230 1634
1526240 1631
1526250 1631
1526260 1628
1526270 1625
1526280 1625
1526290 1622
1526300 1619
1526310 1619
1526320 1615
1526330 1611
1526340 1611
1526350 1608
1526360 1606
1526370 1606
1526380 1603
1526390 1601
1526400 1601
1526410 1599
1526420 1593
1526430 1592
1526440 1592
1526450 1592
1526460 1591
1526470 1591
1526480 1590
1526490 1588
1526500 1588
1526510 1584
1526520 1582
1526530 1582
1526540 1579
1526550 1576
1526560 1576
1526570 1571
1526580 1567
1526590 1567
1526600 1563
1526610 1558
1526620 1558
1526630 1554
1526640 1551
1526650 1548
1526660 1548
1526670 1545
1526680 1538
1526690 1538
1526700 1530
1526710 1525
1526720 1525
1526730 1525
1526740 1529
1526750 1529
1526760 1532
1526770 1534
1526780 1534
1526790 1534
1526800 1533
1526810 1533
1526820 1531
1526830 1529
1526840 1529
1526850 1527
1526860 1523
1526870 1520
1526880 1520
1526890 1518
1526900 1516
1526910 1516
1526920 1515
1526930 1513
1526940 1513
1526950 1511
1526960 1508
1526970 1508
1526980 1505
1526990 1502
1527000 1502
1527010 1498
1527020 1494
1527030 1494
1527040 1490
1527050 1488
1527060 1488
1527070 1488
1527080 1487
1527090 1487
1527100 1487
1527110 1486
1527120 1486
1527130 1486
1527140 1484
1527150 1482
1527160 1482
1527170 1481
1527180 1478
1527190 1478
1527200 1475
1527210 1472
1527220 1472
1527230 1469
1527240 1468
1527250 1468
1527260 1467
1527270 1464
1527280 1462
1527290 1462
1527300 1460
1527310 1457
1527320 1457
1527330 1452
1527340 1448
1527350 1448
1527360 1445
1527370 1444
1527380 1444
1527390 1444
1527400 1445
1527410 1445
1527420 1445
1527430 1445
1527440 1445
1527450 1446
1527460 1448
1527470 1448
1527480 1449
1527490 1451
1527500 1454
1527510 1454
1527520 1459
1527530 1464
1527540 1464
1527550 1468
1527560 1472
1527570 1472
1527580 1475
1527590 1479
1527600 1479
1527610 1483
1527620 1487
1527630 1487
1527640 1491
1527650 1495
1527660 1495
1527670 1499
1527680 1503
1527690 1507
1527700 1507
1527710 1512
1527720 1516
1527730 1516
1527740 1522
1527750 1527
1527760 1527
1527770 1533
1527780 1540
1527790 1540
1527800 1546
1527810 1552
1527820 1552
1527830 1558
1527840 1563
1527850 1563
1527860 1569
1527870 1574
1527880 1574
1527890 1580
1527900 1587
1527910 1593
1527920 1593
1527930 1600
1527940 1607
1527950 1607
1527960 1614
1527970 1622
1527980 1622
1527990 1630
1528000 1638
1528010 1638
1528020 1646
1528030 1654
1528040 1654
1528050 1661
1528060 1668
1528070 1668
1528080 1674
1528090 1680
1528100 1686
1528110 1686
1528120 1694
1528130 1701
1528140 1701
1528150 1709
1528160 1717
1528170 1717
1528180 1724
1528190 1730
1528200 1730
1528210 1735
1528220 1739
1528230 1739
1528240 1742
1528250 1745
1528260 1745
1528270 1746
1528280 1747
1528290 1747
1528300 1749
1528310 1749
1528320 1750
1528330 1750
1528340 1749
1528350 1749
1528360 1749
1528370 1747
1528380 1746
1528390 1746
1528400 1744
1528410 1742
1528420 1742
1528430 1739
1528440 1738
1528450 1738
1528460 1736
1528470 1734
1528480 1734
1528490 1733
1528500 1732
1528510 1732
1528520 1733
1528530 1732
1528540 1732
1528550 1732
1528560 1732
1528570 1732
1528580 1732
1528590 1732
1528600 1731
1528610 1731
1528620 1731
1528630 1731
1528640 1731
1528650 1731
1528660 1731
1528670 1731
1528680 1731
1528690 1731
1528700 1731
1528710 1731
1528720 1732
1528730 1732
1528740 1732
1528750 1732
1528760 1732
1528770 1732
1528780 1732
1528790 1733
1528800 1733
1528810 1733
1528820 1733
1528830 1733
1528840 1733
1528850 1733
1528860 1733
1528870 1733
1528880 1732
1528890 1732
1528900 1732
1528910 1731
1528920 1731
1528930 1730
1528940 1727
1528950 1724
1528960 1724
1528970 1721
1528980 1718
1528990 1718
1529000 1715
1529010 1714
1529020 1714
1529030 1712
1529040 1712
1529050 1712
1529060 1713
1529070 1712
1529080 1712
1529090 1713
1529100 1716
1529110 1716
1529120 1718
1529130 1722
1529140 1727
1529150 1727
1529160 1732
1529170 1736
1529180 1736
1529190 1741
1529200 1746
1529210 1746
1529220 1750
1529230 1754
1529240 1754
1529250 1758
1529260 1762
1529270 1762
1529280 1766
1529290 1770
1529300 1770
1529310 1773
1529320 1775
1529330 1775
1529340 1777
1529350 1780
1529360 1781
1529370 1781
1529380 1783
1529390 1786
1529400 1786
1529410 1788
1529420 1790
1529430 1789
1529440 1791
1529450 1793
1529460 1793
1529470 1794
1529480 1796
1529490 1796
1529500 1798
1529510 1799
1529520 1799
1529530 1800
1529540 1801
1529550 1801
1529560 1802
1529570 1803
1529580 1804
1529590 1804
1529600 1805
1529610 1805
1529620 1805
1529630 1806
1529640 1807
1529650 1807
1529660 1807
1529670 1808
1529680 1808
1529690 1809
1529700 1809
1529710 1809
1529720 1810
1529730 1810
1529740 1810
1529750 1811
1529760 1812
1529770 1814
1529780 1814
1529790 1815
1529800 1815
1529810 1815
1529820 1815
1529830 1816
1529840 1816
1529850 1817
1529860 1817
1529870 1817
1529880 1817
1529890 1817
1529900 1817
1529910 1818
1529920 1818
1529930 1818
1529940 1818
1529950 1818
1529960 1818
1529970 1817
1529980 1817
1529990 1817
1530000 1817
1530010 1817
1530020 1817
1530030 1817
1530040 1817
1530050 1818
1530060 1818
1530070 1818
1530080 1818
1530090 1818
1530100 1818
1530110 1818
1530120 1818
1530130 1817
1530140 1816
1530150 1816
1530160 1816
1530170 1816
1530180 1816
1530190 1816
1530200 1815
1530210 1815
1530220 1815
1530230 1814
1530240 1812
1530250 1812
1530260 1810
1530270 1809
1530280 1809
1530290 1806
1530300 1803
1530310 1803
1530320 1799
1530330 1794
1530340 1794
1530350 1789
1530360 1785
1530370 1785
1530380 1781
1530390 1778
1530400 1777
1530410 1777
1530420 1779
1530430 1782
1530440 1782
1530450 1783
1530460 1782
1530470 1782
1530480 1783
1530490 1786
1530500 1786
1530510 1790
1530520 1794
1530530 1794
1530540 1798
1530550 1802
1530560 1802
1530570 1806
1530580 1810
1530590 1810
1530600 1814
1530610 1817
1530620 1820
1530630 1820
1530640 1824
1530650 1827
1530660 1827
1530670 1829
1530680 1829
1530690 1829
1530700 1825
1530710 1821
1530720 1821
1530730 1818
1530740 1818
1530750 1818
1530760 1819
1530770 1820
1530780 1820
1530790 1823
1530800 1826
1530810 1826
1530820 1826
1530830 1824
1530840 1820
1530850 1820
1530860 1815
1530870 1811
1530880 1811
1530890 1805
1530900 1800
1530910 1800
1530920 1796
1530930 1791
1530940 1791
1530950 1785
1530960 1779
1530970 1779
1530980 1774
1530990 1771
1531000 1771
1531010 1768
1531020 1764
1531030 1759
1531040 1759
1531050 1755
1531060 1751
1531070 1751
1531080 1747
1531090 1744
1531100 1744
1531110 1739
1531120 1734
1531130 1734
1531140 1729
1531150 1724
1531160 1724
1531170 1718
1531180 1714
1531190 1714
1531200 1710
1531210 1705
1531220 1705
1531230 1700
1531240 1695
1531250 1689
1531260 1689
1531270 1684
1531280 1677
1531290 1677
1531300 1671
1531310 1665
1531320 1665
1531330 1659
1531340 1652
1531350 1652
1531360 1647
1531370 1642
1531380 1642
1531390 1637
1531400 1631
1531410 1631
1531420 1626
1531430 1622
1531440 1618
1531450 1618
1531460 1614
1531470 1611
1531480 1611
1531490 1606
1531500 1603
1531510 1603
1531520 1599
1531530 1595
1531540 1595
1531550 1591
1531560 1587
1531570 1587
1531580 1584
1531590 1580
1531600 1580
1531610 1577
1531620 1574
1531630 1574
1531640 1571
1531650 1570
1531660 1569
1531670 1569
1531680 1570
1531690 1571
1531700 1571
1531710 1573
1531720 1574
1531730 1574
1531740 1576
1531750 1577
1531760 1577
1531770 1578
1531780 1580
1531790 1580
1531800 1581
1531810 1583
1531820 1583
1531830 1585
1531840 1587
1531850 1587
1531860 1589
1531870 1591
1531880 1593
1531890 1593
1531900 1595
1531910 1598
1531920 1598
1531930 1601
1531940 1603
1531950 1603
1531960 1606
1531970 1610
1531980 1610
1531990 1614
1532000 1618
1532010 1618
1532020 1622
1532030 1625
1532040 1625
1532050 1629
1532060 1633
1532070 1637
1532080 1637
1532090 1642
1532100 1646
1532110 1646
1532120 1650
1532130 1654
1532140 1654
1532150 1659
1532160 1663
1532170 1665
1532180 1669
1532190 1673
1532200 1673
1532210 1677
1532220 1680
1532230 1680
1532240 1684
1532250 1687
1532260 1687
1532270 1691
1532280 1694
1532290 1697
1532300 1697
1532310 1698
1532320 1698
1532330 1698
1532340 1700
1532350 1703
1532360 1703
1532370 1706
1532380 1709
1532390 1709
1532400 1712
1532410 1715
1532420 1715
1532430 1718
1532440 1721
1532450 1721
1532460 1724
1532470 1727
1532480 1730
1532490 1730
1532500 1736
1532510 1741
1532520 1741
1532530 1747
1532540 1752
1532550 1752
1532560 1755
1532570 1758
1532580 1758
1532590 1760
1532600 1761
1532610 1761
1532620 1764
1532630 1770
1532640 1770
1532650 1776
1532660 1782
1532670 1782
1532680 1788
1532690 1793
1532700 1798
1532710 1798
1532720 1803
1532730 1809
1532740 1809
1532750 1814
1532760 1820
1532770 1820
1532780 1825
1532790 1830
1532800 1830
1532810 1835
1532820 1841
1532830 1841
1532840 1846
1532850 1850
1532860 1850
1532870 1855
1532880 1861
1532890 1861
1532900 1866
1532910 1871
1532920 1875
1532930 1875
1532940 1880
1532950 1886
1532960 1886
1532970 1891
1532980 1895
1532990 1895
1533000 1900
1533010 1904
1533020 1904
1533030 1909
1533040 1914
1533050 1914
1533060 1920
1533070 1926
1533080 1926
1533090 1931
1533100 1937
1533110 1943
1533120 1943
1533130 1949
1533140 1955
1533150 1955
1533160 1958
1533170 1961
1533180 1961
1533190 1965
1533200 1970
1533210 1970
1533220 1974
1533230 1979
1533240 1979
1533250 1985
1533260 1991
1533270 1991
1533280 1996
1533290 2001
1533300 2001
1533310 2006
1533320 2012
1533330 2018
1533340 2018
1533350 2023
1533360 2030
1533370 2030
1533380 2037
1533390 2045
1533400 2045
1533410 2053
1533420 2060
1533430 2060
1533440 2066
1533450 2071
1533460 2071
1533470 2076
1533480 2081
1533490 2081
1533500 2085
1533510 2090
1533520 2090
1533530 2095
1533540 2100
1533550 2105
1533560 2105
1533570 2109
1533580 2113
1533590 2113
1533600 2117
1533610 2120
1533620 2120
1533630 2124
1533640 2127
1533650 2127
1533660 2130
1533670 2133
1533680 2133
1533690 2135
1533700 2138
1533710 2138
1533720 2142
1533730 2144
1533740 2146
1533750 2146
1533760 2149
1533770 2154
1533780 2154
1533790 2159
1533800 2164
1533810 2164
1533820 2169
1533830 2172
1533840 2172
1533850 2174
1533860 2173
1533870 2173
1533880 2167
1533890 2158
1533900 2158
1533910 2149
1533920 2140
1533930 2140
1533940 2127
1533950 2119
1533960 2114
1533970 2114
1533980 2107
1533990 2099
1534000 2099
1534010 2090
1534020 2082
1534030 2082
1534040 2075
1534050 2067
1534060 2067
1534070 2060
1534080 2055
1534090 2055
1534100 2050
1534110 2043
1534120 2043
1534130 2037
1534140 2032
1534150 2028
1534160 2028
1534170 2025
1534180 2022
1534190 2022
1534200 2019
1534210 2015
1534220 2015
1534230 2012
1534240 2008
1534250 2008
1534260 2002
1534270 1997
1534280 1997
1534290 1995
1534300 1995
1534310 1995
1534320 1994
1534330 1992
1534340 1992
1534350 1990
1534360 1988
1534370 1986
1534380 1986
1534390 1985
1534400 1982
1534410 1982
1534420 1980
1534430 1975
1534440 1975
1534450 1971
1534460 1966
1534470 1966
1534480 1963
1534490 1962
1534500 1962
1534510 1960
1534520 1957
1534530 1957
1534540 1955
1534550 1953
1534560 1953
1534570 1950
1534580 1948
1534590 1949
1534600 1949
1534610 1951
1534620 1951
1534630 1951
1534640 1950
1534650 1949
1534660 1949
1534670 1949
1534680 1950
1534690 1950
1534700 1952
1534710 1956
1534720 1956
1534730 1958
1534740 1961
1534750 1961
1534760 1961
1534770 1966
1534780 1971
1534790 1971
1534800 1977
1534810 1984
1534820 1984
1534830 1992
1534840 2000
1534850 2000
1534860 2007
1534870 2013
1534880 2013
1534890 2018
1534900 2023
1534910 2023
1534920 2029
1534930 2035
1534940 2035
1534950 2041
1534960 2047
1534970 2047
1534980 2051
1534990 2053
1535000 2054
1535010 2054
1535020 2057
1535030 2062
1535040 2062
1535050 2066
1535060 2066
1535070 2066
1535080 2064
1535090 2060
1535100 2060
1535110 2055
1535120 2047
1535130 2047
1535140 2041
1535150 2035
1535160 2035
1535170 2030
1535180 2026
1535190 2026
1535200 2021
1535210 2016
1535220 2009
1535230 2009
1535240 2002
1535250 1995
1535260 1995
1535270 1988
1535280 1981
1535290 1981
1535300 1974
1535310 1968
1535320 1968
1535330 1962
1535340 1954
1535350 1954
1535360 1944
1535370 1936
1535380 1936
1535390 1929
1535400 1921
1535410 1914
1535420 1914
1535430 1908
1535440 1903
1535450 1903
1535460 1898
1535470 1893
1535480 1893
1535490 1887
1535500 1882
1535510 1882
1535520 1877
1535530 1873
1535540 1873
1535550 1869
1535560 1865
1535570 1865
1535580 1862
1535590 1858
1535600 1858
1535610 1856
1535620 1854
1535630 1852
1535640 1852
1535650 1850
1535660 1848
1535670 1848
1535680 1845
1535690 1843
1535700 1843
1535710 1842
1535720 1839
1535730 1839
1535740 1836
1535750 1831
1535760 1831
1535770 1827
1535780 1827
1535790 1827
1535800 1827
1535810 1828
1535820 1829
1535830 1829
1535840 1830
1535850 1828
1535860 1828
1535870 1822
1535880 1814
1535890 1814
1535900 1806
1535910 1798
1535920 1798
1535930 1791
1535940 1784
1535950 1784
1535960 1778
1535970 1774
1535980 1774
1535990 1771
1536000 1768
1536010 1768
1536020 1765
1536030 1760
1536040 1756
1536050 1756
1536060 1752
1536070 1747
1536080 1747
1536090 1742
1536100 1735
1536110 1735
1536120 1729
1536130 1723
1536140 1723
1536150 1719
1536160 1715
1536170 1715
1536180 1710
1536190 1706
1536200 1706
1536210 1701
1536220 1695
1536230 1695
1536240 1689
1536250 1684
1536260 1679
1536270 1679
1536280 1675
1536290 1673
1536300 1673
1536310 1673
1536320 1671
1536330 1671
1536340 1668
1536350 1665
1536360 1665
1536370 1662
1536380 1660
1536390 1660
1536400 1658
1536410 1657
1536420 1657
1536430 1655
1536440 1655
1536450 1656
1536460 1656
1536470 1656
1536480 1657
1536490 1657
1536500 1659
1536510 1662
1536520 1662
1536530 1666
1536540 1670
1536550 1670
1536560 1675
1536570 1680
1536580 1680
1536590 1683
1536600 1687
1536610 1687
1536620 1692
1536630 1697
1536640 1697
1536650 1702
1536660 1705
1536670 1710
1536680 1710
1536690 1715
1536700 1720
1536710 1720
1536720 1725
1536730 1731
1536740 1731
1536750 1736
1536760 1741
1536770 1741
1536780 1747
1536790 1752
1536800 1752
1536810 1757
1536820 1763
1536830 1763
1536840 1770
1536850 1776
1536860 1780
1536870 1780
1536880 1785
1536890 1790
1536900 1790
1536910 1795
1536920 1800
1536930 1800
1536940 1805
1536950 1811
1536960 1811
1536970 1818
1536980 1827
1536990 1827
1537000 1834
1537010 1839
1537020 1839
1537030 1844
1537040 1849
1537050 1849
1537060 1853
1537070 1857
1537080 1860
1537090 1860
1537100 1861
1537110 1861
1537120 1861
1537130 1861
1537140 1864
1537150 1864
1537160 1861
1537170 1858
1537180 1858
1537190 1855
1537200 1852
1537210 1852
1537220 1850
1537230 1848
1537240 1848
1537250 1846
1537260 1845
1537270 1845
1537280 1843
1537290 1841
1537300 1839
1537310 1839
1537320 1836
1537330 1833
1537340 1833
1537350 1830
1537360 1826
1537370 1826
1537380 1821
1537390 1817
1537400 1817
1537410 1812
1537420 1807
1537430 1807
1537440 1802
1537450 1798
1537460 1798
1537470 1793
1537480 1789
1537490 1784
1537500 1784
1537510 1780
1537520 1776
1537530 1776
1537540 1772
1537550 1768
1537560 1768
1537570 1764
1537580 1760
1537590 1760
1537600 1756
1537610 1752
1537620 1752
1537630 1750
1537640 1746
1537650 1746
1537660 1743
1537670 1739
1537680 1739
1537690 1734
1537700 1729
1537710 1724
1537720 1724
1537730 1719
1537740 1715
1537750 1715
1537760 1710
1537770 1705
1537780 1705
1537790 1701
1537800 1696
1537810 1696
1537820 1691
1537830 1685
1537840 1685
1537850 1683
1537860 1680
1537870 1680
1537880 1678
1537890 1674
1537900 1674
1537910 1670
1537920 1665
1537930 1661
1537940 1661
1537950 1656
1537960 1650
1537970 1650
1537980 1644
1537990 1639
1538000 1639
1538010 1634
1538020 1628
1538030 1628
1538040 1622
1538050 1618
1538060 1618
1538070 1613
1538080 1607
1538090 1607
1538100 1602
1538110 1598
1538120 1593
1538130 1593
1538140 1588
1538150 1583
1538160 1583
1538170 1578
1538180 1574
1538190 1574
1538200 1568
1538210 1562
1538220 1562
1538230 1558
1538240 1555
1538250 1555
1538260 1552
1538270 1547
1538280 1547
1538290 1543
1538300 1539
1538310 1539
1538320 1535
1538330 1529
1538340 1524
1538350 1524
1538360 1518
1538370 1512
1538380 1512
1538390 1506
1538400 1507
1538410 1507
1538420 1513
1538430 1520
1538440 1520
1538450 1525
1538460 1529
1538470 1529
1538480 1531
1538490 1535
1538500 1535
1538510 1539
1538520 1543
1538530 1546
1538540 1546
1538550 1548
1538560 1550
1538570 1550
1538580 1553
1538590 1555
1538600 1555
1538610 1557
1538620 1560
1538630 1560
1538640 1561
1538650 1563
1538660 1563
1538670 1563
1538680 1564
1538690 1564
1538700 1566
1538710 1569
1538720 1569
1538730 1569
1538740 1568
1538750 1570
1538760 1570
1538770 1571
1538780 1572
1538790 1572
1538800 1572
1538810 1572
1538820 1572
1538830 1575
1538840 1578
1538850 1578
1538860 1580
1538870 1581
1538880 1581
1538890 1583
1538900 1586
1538910 1586
1538920 1589
1538930 1592
1538940 1592
1538950 1596
1538960 1601
1538970 1605
1538980 1605
1538990 1610
1539000 1615
1539010 1615
1539020 1619
1539030 1624
1539040 1624
1539050 1629
1539060 1633
1539070 1633
1539080 1637
1539090 1642
1539100 1642
1539110 1646
1539120 1651
1539130 1651
1539140 1655
1539150 1660
1539160 1664
1539170 1664
1539180 1668
1539190 1670
1539200 1670
1539210 1671
1539220 1671
1539230 1671
1539240 1672
1539250 1674
1539260 1674
1539270 1676
1539280 1678
1539290 1678
1539300 1680
1539310 1681
1539320 1681
1539330 1681
1539340 1683
1539350 1683
1539360 1685
1539370 1686
1539380 1687
1539390 1687
1539400 1687
1539410 1684
1539420 1684
1539430 1687
1539440 1691
1539450 1691
1539460 1694
1539470 1698
1539480 1698
1539490 1702
1539500 1707
1539510 1707
1539520 1711
1539530 1716
1539540 1716
1539550 1721
1539560 1725
1539570 1725
1539580 1728
1539590 1732
1539600 1736
1539610 1736
1539620 1740
1539630 1744
1539640 1744
1539650 1747
1539660 1752
1539670 1752
1539680 1756
1539690 1763
1539700 1763
1539710 1768
1539720 1773
1539730 1773
1539740 1775
1539750 1776
1539760 1776
1539770 1778
1539780 1781
1539790 1784
1539800 1784
1539810 1787
1539820 1788
1539830 1788
1539840 1789
1539850 1791
1539860 1791
1539870 1794
1539880 1796
1539890 1796
1539900 1798
1539910 1800
1539920 1800
1539930 1802
1539940 1805
1539950 1805
1539960 1807
1539970 1809
1539980 1809
1539990 1812
