1520000 1909
1520010 1907
1520020 1907
1520030 1905
1520040 1902
1520050 1902
1520060 1899
1520070 1897
1520080 1896
1520090 1896
1520100 1894
1520110 1892
1520120 1892
1520130 1890
1520140 1887
1520150 1887
1520160 1885
1520170 1882
1520180 1882
1520190 1880
1520200 1877
1520210 1877
1520220 1876
1520230 1874
1520240 1874
1520250 1872
1520260 1869
1520270 1869
1520280 1867
1520290 1865
1520300 1862
1520310 1862
1520320 1860
1520330 1857
1520340 1857
1520350 1855
1520360 1852
1520370 1852
1520380 1850
1520390 1847
1520400 1847
1520410 1844
1520420 1842
1520430 1842
1520440 1840
1520450 1838
1520460 1838
1520470 1835
1520480 1833
1520490 1833
1520500 1831
1520510 1828
1520520 1825
1520530 1825
1520540 1823
1520550 1822
1520560 1822
1520570 1821
1520580 1820
1520590 1820
1520600 1818
1520610 1817
1520620 1817
1520630 1815
1520640 1814
1520650 1814
1520660 1812
1520670 1810
1520680 1810
1520690 1809
1520700 1807
1520710 1807
1520720 1806
1520730 1804
1520740 1803
1520750 1803
1520760 1802
1520770 1800
1520780 1800
1520790 1799
1520800 1798
1520810 1798
1520820 1796
1520830 1795
1520840 1795
1520850 1794
1520860 1792
1520870 1792
1520880 1791
1520890 1789
1520900 1789
1520910 1788
1520920 1787
1520930 1786
1520940 1786
1520950 1785
1520960 1784
1520970 1784
1520980 1783
1520990 1782
1521000 1782
1521010 1781
1521020 1780
1521030 1780
1521040 1780
1521050 1779
1521060 1779
1521070 1778
1521080 1777
1521090 1777
1521100 1777
1521110 1776
1521120 1776
1521130 1776
1521140 1775
1521150 1771
1521160 1771
1521170 1769
1521180 1764
1521190 1764
1521200 1762
1521210 1762
1521220 1762
1521230 1763
1521240 1766
1521250 1766
1521260 1767
1521270 1766
1521280 1766
1521290 1765
1521300 1764
1521310 1764
1521320 1763
1521330 1763
1521340 1763
1521350 1762
1521360 1760
1521370 1759
1521380 1759
1521390 1758
1521400 1756
1521410 1756
1521420 1755
1521430 1753
1521440 1753
1521450 1752
1521460 1751
1521470 1751
1521480 1750
1521490 1748
1521500 1748
1521510 1746
1521520 1743
1521530 1743
1521540 1740
1521550 1739
1521560 1738
1521570 1738
1521580 1737
1521590 1736
1521600 1736
1521610 1735
1521620 1733
1521630 1733
1521640 1732
1521650 1730
1521660 1730
1521670 1728
1521680 1726
1521690 1726
1521700 1725
1521710 1723
1521720 1723
1521730 1721
1521740 1719
1521750 1719
1521760 1718
1521770 1717
1521780 1717
1521790 1717
1521800 1717
1521810 1716
1521820 1716
1521830 1716
1521840 1716
1521850 1716
1521860 1715
1521870 1715
1521880 1715
1521890 1714
1521900 1713
1521910 1713
1521920 1712
1521930 1712
1521940 1712
1521950 1712
1521960 1711
1521970 1711
1521980 1710
1521990 1709
1522000 1707
1522010 1707
1522020 1706
1522030 1706
1522040 1706
1522050 1706
1522060 1707
1522070 1707
1522080 1707
1522090 1707
1522100 1707
1522110 1707
1522120 1707
1522130 1707
1522140 1706
1522150 1706
1522160 1706
1522170 1705
1522180 1704
1522190 1703
1522200 1703
1522210 1701
1522220 1697
1522230 1697
1522240 1692
1522250 1689
1522260 1689
1522270 1689
1522280 1690
1522290 1690
1522300 1692
1522310 1694
1522320 1694
1522330 1695
1522340 1696
1522350 1696
1522360 1697
1522370 1699
1522380 1699
1522390 1701
1522400 1702
1522410 1703
1522420 1703
1522430 1704
1522440 1705
1522450 1705
1522460 1706
1522470 1706
1522480 1706
1522490 1707
1522500 1708
1522510 1708
1522520 1709
1522530 1710
1522540 1710
1522550 1710
1522560 1711
1522570 1711
1522580 1712
1522590 1713
1522600 1713
1522610 1714
1522620 1715
1522630 1716
1522640 1716
1522650 1717
1522660 1718
1522670 1718
1522680 1719
1522690 1720
1522700 1720
1522710 1722
1522720 1723
1522730 1723
1522740 1724
1522750 1726
1522760 1726
1522770 1728
1522780 1729
1522790 1729
1522800 1731
1522810 1733
1522820 1734
1522830 1734
1522840 1736
1522850 1738
1522860 1738
1522870 1739
1522880 1741
1522890 1741
1522900 1743
1522910 1745
1522920 1745
1522930 1747
1522940 1748
1522950 1748
1522960 1749
1522970 1751
1522980 1751
1522990 1753
1523000 1755
1523010 1755
1523020 1756
1523030 1758
1523040 1759
1523050 1759
1523060 1761
1523070 1763
1523080 1763
1523090 1765
1523100 1766
1523110 1766
1523120 1768
1523130 1769
1523140 1769
1523150 1771
1523160 1773
1523170 1773
1523180 1774
1523190 1775
1523200 1775
1523210 1777
1523220 1778
1523230 1778
1523240 1780
1523250 1781
1523260 1783
1523270 1783
1523280 1784
1523290 1786
1523300 1786
1523310 1787
1523320 1789
1523330 1789
1523340 1790
1523350 1791
1523360 1791
1523370 1792
1523380 1794
1523390 1794
1523400 1795
1523410 1796
1523420 1796
1523430 1797
1523440 1798
1523450 1799
1523460 1799
1523470 1799
1523480 1800
1523490 1800
1523500 1800
1523510 1801
1523520 1801
1523530 1803
1523540 1804
1523550 1804
1523560 1805
1523570 1807
1523580 1807
1523590 1807
1523600 1808
1523610 1808
1523620 1808
1523630 1807
1523640 1807
1523650 1807
1523660 1807
1523670 1807
1523680 1807
1523690 1807
1523700 1807
1523710 1807
1523720 1807
1523730 1807
1523740 1807
1523750 1808
1523760 1808
1523770 1808
1523780 1808
1523790 1808
1523800 1808
1523810 1808
1523820 1808
1523830 1808
1523840 1806
1523850 1805
1523860 1805
1523870 1803
1523880 1802
1523890 1800
1523900 1800
1523910 1799
1523920 1798
1523930 1798
1523940 1796
1523950 1795
1523960 1795
1523970 1794
1523980 1793
1523990 1793
1524000 1792
1524010 1791
1524020 1791
1524030 1791
1524040 1791
1524050 1791
1524060 1790
1524070 1789
1524080 1787
1524090 1787
1524100 1786
1524110 1784
1524120 1784
1524130 1782
1524140 1781
1524150 1781
1524160 1781
1524170 1780
1524180 1780
1524190 1780
1524200 1779
1524210 1779
1524220 1778
1524230 1778
1524240 1778
1524250 1777
1524260 1777
1524270 1777
1524280 1775
1524290 1774
1524300 1773
1524310 1773
1524320 1772
1524330 1771
1524340 1771
1524350 1769
1524360 1767
1524370 1767
1524380 1766
1524390 1764
1524400 1764
1524410 1762
1524420 1760
1524430 1760
1524440 1758
1524450 1756
1524460 1756
1524470 1753
1524480 1751
1524490 1751
1524500 1748
1524510 1745
1524520 1742
1524530 1742
1524540 1740
1524550 1736
1524560 1736
1524570 1732
1524580 1729
1524590 1729
1524600 1726
1524610 1723
1524620 1723
1524630 1720
1524640 1717
1524650 1717
1524660 1713
1524670 1709
1524680 1709
1524690 1704
1524700 1701
1524710 1697
1524720 1697
1524730 1695
1524740 1692
1524750 1692
1524760 1688
1524770 1689
1524780 1689
1524790 1685
1524800 1682
1524810 1682
1524820 1679
1524830 1675
1524840 1675
1524850 1671
1524860 1666
1524870 1666
1524880 1663
1524890 1659
1524900 1659
1524910 1657
1524920 1653
1524930 1648
1524940 1648
1524950 1643
1524960 1639
1524970 1639
1524980 1636
1524990 1632
1525000 1632
1525010 1629
1525020 1626
1525030 1626
1525040 1623
1525050 1621
1525060 1621
1525070 1618
1525080 1615
1525090 1615
1525100 1612
1525110 1608
1525120 1608
1525130 1604
1525140 1601
1525150 1598
1525160 1598
1525170 1594
1525180 1592
1525190 1592
1525200 1589
1525210 1586
1525220 1586
1525230 1583
1525240 1580
1525250 1580
1525260 1577
1525270 1574
1525280 1574
1525290 1571
1525300 1568
1525310 1568
1525320 1564
1525330 1559
1525340 1555
1525350 1555
1525360 1551
1525370 1546
1525380 1546
1525390 1541
1525400 1536
1525410 1536
1525420 1532
1525430 1528
1525440 1528
1525450 1524
1525460 1520
1525470 1520
1525480 1515
1525490 1510
1525500 1510
1525510 1505
1525520 1502
1525530 1502
1525540 1498
1525550 1496
1525560 1493
1525570 1493
1525580 1489
1525590 1484
1525600 1484
1525610 1480
1525620 1475
1525630 1475
1525640 1471
1525650 1467
1525660 1467
1525670 1462
1525680 1459
1525690 1459
1525700 1454
1525710 1451
1525720 1451
1525730 1447
1525740 1443
1525750 1443
1525760 1438
1525770 1435
1525780 1430
1525790 1430
1525800 1426
1525810 1421
1525820 1421
1525830 1417
1525840 1413
1525850 1413
1525860 1410
1525870 1405
1525880 1405
1525890 1400
1525900 1395
1525910 1395
1525920 1391
1525930 1387
1525940 1387
1525950 1382
1525960 1377
1525970 1377
1525980 1373
1525990 1369
1526000 1366
1526010 1366
1526020 1363
1526030 1362
1526040 1362
1526050 1357
1526060 1352
1526070 1352
1526080 1349
1526090 1349
1526100 1349
1526110 1349
1526120 1347
1526130 1347
1526140 1348
1526150 1349
1526160 1349
1526170 1354
1526180 1360
1526190 1363
1526200 1363
1526210 1363
1526220 1361
1526230 1361
1526240 1359
1526250 1356
1526260 1356
1526270 1354
1526280 1351
1526290 1351
1526300 1348
1526310 1347
1526320 1347
1526330 1344
1526340 1341
1526350 1341
1526360 1338
1526370 1335
1526380 1335
1526390 1333
1526400 1331
1526410 1330
1526420 1330
1526430 1330
1526440 1330
1526450 1330
1526460 1330
1526470 1330
1526480 1330
1526490 1330
1526500 1331
1526510 1331
1526520 1331
1526530 1331
1526540 1331
1526550 1330
1526560 1330
1526570 1330
1526580 1329
1526590 1329
1526600 1329
1526610 1335
1526620 1342
1526630 1351
1526640 1351
1526650 1357
1526660 1363
1526670 1363
1526680 1371
1526690 1378
1526700 1378
1526710 1385
1526720 1391
1526730 1391
1526740 1395
1526750 1400
1526760 1400
1526770 1404
1526780 1408
1526790 1408
1526800 1411
1526810 1414
1526820 1417
1526830 1417
1526840 1420
1526850 1424
1526860 1424
1526870 1428
1526880 1431
1526890 1431
1526900 1435
1526910 1439
1526920 1439
1526930 1443
1526940 1445
1526950 1445
1526960 1448
1526970 1452
1526980 1452
1526990 1455
1527000 1459
1527010 1459
1527020 1461
1527030 1464
1527040 1465
1527050 1465
1527060 1467
1527070 1469
1527080 1469
1527090 1472
1527100 1474
1527110 1474
1527120 1475
1527130 1477
1527140 1477
1527150 1478
1527160 1479
1527170 1479
1527180 1480
1527190 1481
1527200 1481
1527210 1482
1527220 1483
1527230 1483
1527240 1485
1527250 1487
1527260 1488
1527270 1488
1527280 1489
1527290 1490
1527300 1490
1527310 1489
1527320 1487
1527330 1487
1527340 1490
1527350 1492
1527360 1492
1527370 1494
1527380 1497
1527390 1497
1527400 1502
1527410 1506
1527420 1506
1527430 1509
1527440 1510
1527450 1511
1527460 1511
1527470 1513
1527480 1516
1527490 1516
1527500 1519
1527510 1521
1527520 1521
1527530 1524
1527540 1527
1527550 1527
1527560 1531
1527570 1534
1527580 1534
1527590 1536
1527600 1539
1527610 1539
1527620 1541
1527630 1543
1527640 1543
1527650 1545
1527660 1547
1527670 1549
1527680 1549
1527690 1552
1527700 1554
1527710 1554
1527720 1556
1527730 1558
1527740 1558
1527750 1559
1527760 1561
1527770 1561
1527780 1562
1527790 1564
1527800 1564
1527810 1570
1527820 1571
1527830 1571
1527840 1572
1527850 1573
1527860 1573
1527870 1574
1527880 1575
1527890 1576
1527900 1576
1527910 1578
1527920 1579
1527930 1579
1527940 1581
1527950 1584
1527960 1584
1527970 1587
1527980 1590
1527990 1590
1528000 1593
1528010 1595
1528020 1595
1528030 1597
1528040 1599
1528050 1599
1528060 1602
1528070 1603
1528080 1605
1528090 1605
1528100 1606
1528110 1608
1528120 1608
1528130 1609
1528140 1611
1528150 1611
1528160 1612
1528170 1611
1528180 1611
1528190 1611
1528200 1612
1528210 1612
1528220 1616
1528230 1622
1528240 1622
1528250 1626
1528260 1629
1528270 1629
1528280 1632
1528290 1635
1528300 1638
1528310 1638
1528320 1642
1528330 1645
1528340 1645
1528350 1649
1528360 1653
1528370 1653
1528380 1656
1528390 1660
1528400 1660
1528410 1664
1528420 1667
1528430 1667
1528440 1670
1528450 1673
1528460 1673
1528470 1679
1528480 1682
1528490 1682
1528500 1682
1528510 1682
1528520 1683
1528530 1683
1528540 1684
1528550 1685
1528560 1685
1528570 1687
1528580 1689
1528590 1689
1528600 1691
1528610 1693
1528620 1693
1528630 1695
1528640 1698
1528650 1698
1528660 1701
1528670 1702
1528680 1702
1528690 1705
1528700 1709
1528710 1711
1528720 1711
1528730 1715
1528740 1720
1528750 1720
1528760 1725
1528770 1730
1528780 1730
1528790 1733
1528800 1735
1528810 1735
1528820 1738
1528830 1742
1528840 1742
1528850 1744
1528860 1745
1528870 1745
1528880 1746
1528890 1746
1528900 1746
1528910 1746
1528920 1745
1528930 1745
1528940 1745
1528950 1745
1528960 1745
1528970 1745
1528980 1745
1528990 1745
1529000 1745
1529010 1744
1529020 1742
1529030 1742
1529040 1740
1529050 1738
1529060 1738
1529070 1737
1529080 1736
1529090 1736
1529100 1735
1529110 1734
1529120 1734
1529130 1734
1529140 1733
1529150 1732
1529160 1732
1529170 1731
1529180 1731
1529190 1731
1529200 1731
1529210 1732
1529220 1732
1529230 1733
1529240 1732
1529250 1732
1529260 1732
1529270 1731
1529280 1731
1529290 1731
1529300 1730
1529310 1730
1529320 1729
1529330 1727
1529340 1727
1529350 1727
1529360 1726
1529370 1725
1529380 1725
1529390 1722
1529400 1720
1529410 1720
1529420 1718
1529430 1718
1529440 1718
1529450 1718
1529460 1718
1529470 1718
1529480 1717
1529490 1718
1529500 1718
1529510 1719
1529520 1721
1529530 1721
1529540 1722
1529550 1725
1529560 1726
1529570 1726
1529580 1727
1529590 1732
1529600 1732
1529610 1737
1529620 1741
1529630 1741
1529640 1744
1529650 1746
1529660 1746
1529670 1747
1529680 1749
1529690 1749
1529700 1750
1529710 1751
1529720 1751
1529730 1753
1529740 1754
1529750 1754
1529760 1755
1529770 1756
1529780 1757
1529790 1757
1529800 1757
1529810 1758
1529820 1758
1529830 1758
1529840 1759
1529850 1759
1529860 1761
1529870 1762
1529880 1762
1529890 1763
1529900 1764
1529910 1764
1529920 1765
1529930 1766
1529940 1766
1529950 1767
1529960 1769
1529970 1769
1529980 1770
1529990 1772
1530000 1774
1530010 1774
1530020 1775
1530030 1777
1530040 1777
1530050 1778
1530060 1779
1530070 1779
1530080 1781
1530090 1782
1530100 1782
1530110 1783
1530120 1784
1530130 1784
1530140 1785
1530150 1787
1530160 1787
1530170 1789
1530180 1790
1530190 1791
1530200 1791
1530210 1793
1530220 1795
1530230 1795
1530240 1798
1530250 1800
1530260 1800
1530270 1803
1530280 1805
1530290 1805
1530300 1807
1530310 1808
1530320 1808
1530330 1810
1530340 1812
1530350 1812
1530360 1814
1530370 1817
1530380 1817
1530390 1821
1530400 1825
1530410 1828
1530420 1828
1530430 1829
1530440 1831
1530450 1831
1530460 1833
1530470 1836
1530480 1836
1530490 1838
1530500 1842
1530510 1842
1530520 1846
1530530 1850
1530540 1850
1530550 1853
1530560 1856
1530570 1856
1530580 1859
1530590 1862
1530600 1862
1530610 1863
1530620 1863
1530630 1865
1530640 1865
1530650 1868
1530660 1868
1530670 1868
1530680 1869
1530690 1871
1530700 1871
1530710 1873
1530720 1875
1530730 1875
1530740 1878
1530750 1879
1530760 1879
1530770 1879
1530780 1880
1530790 1880
1530800 1881
1530810 1882
1530820 1883
1530830 1883
1530840 1884
1530850 1885
1530860 1885
1530870 1886
1530880 1888
1530890 1888
1530900 1891
1530910 1894
1530920 1894
1530930 1895
1530940 1897
1530950 1897
1530960 1900
1530970 1902
1530980 1902
1530990 1904
1531000 1906
1531010 1906
1531020 1906
1531030 1906
1531040 1906
1531050 1906
1531060 1906
1531070 1906
1531080 1906
1531090 1908
1531100 1909
1531110 1909
1531120 1910
1531130 1910
1531140 1910
1531150 1911
1531160 1911
1531170 1911
1531180 1913
1531190 1914
1531200 1914
1531210 1916
1531220 1919
1531230 1919
1531240 1923
1531250 1925
1531260 1928
1531270 1928
1531280 1932
1531290 1934
1531300 1934
1531310 1935
1531320 1937
1531330 1937
1531340 1940
1531350 1942
1531360 1942
1531370 1943
1531380 1942
1531390 1942
1531400 1942
1531410 1943
1531420 1943
1531430 1945
1531440 1946
1531450 1948
1531460 1948
1531470 1949
1531480 1951
1531490 1951
1531500 1954
1531510 1958
1531520 1958
1531530 1961
1531540 1961
1531550 1961
1531560 1963
1531570 1964
1531580 1964
1531590 1964
1531600 1965
1531610 1965
1531620 1962
1531630 1959
1531640 1959
1531650 1958
1531660 1958
1531670 1960
1531680 1960
1531690 1963
1531700 1964
1531710 1964
1531720 1964
1531730 1965
1531740 1965
1531750 1966
1531760 1967
1531770 1967
1531780 1968
1531790 1970
1531800 1970
1531810 1972
1531820 1974
1531830 1974
1531840 1976
1531850 1978
1531860 1978
1531870 1980
1531880 1981
1531890 1982
1531900 1982
1531910 1983
1531920 1983
1531930 1983
1531940 1984
1531950 1985
1531960 1985
1531970 1987
1531980 1987
1531990 1987
1532000 1988
1532010 1990
1532020 1990
1532030 1992
1532040 1995
1532050 1995
1532060 2000
1532070 2004
1532080 2003
1532090 2003
1532100 2002
1532110 1999
1532120 1999
1532130 1998
1532140 1997
1532150 1997
1532160 1995
1532170 1994
1532180 1994
1532190 1991
1532200 1991
1532210 1991
1532220 1991
1532230 1993
1532240 1993
1532250 1995
1532260 1992
1532270 1992
1532280 1985
1532290 1980
1532300 1977
1532310 1977
1532320 1974
1532330 1968
1532340 1968
1532350 1964
1532360 1962
1532370 1962
1532380 1961
1532390 1963
1532400 1963
1532410 1966
1532420 1964
1532430 1964
1532440 1959
1532450 1951
1532460 1951
1532470 1943
1532480 1935
1532490 1935
1532500 1928
1532510 1928
1532520 1926
1532530 1926
1532540 1923
1532550 1922
1532560 1922
1532570 1919
1532580 1918
1532590 1918
1532600 1918
1532610 1920
1532620 1920
1532630 1919
1532640 1917
1532650 1917
1532660 1920
1532670 1921
1532680 1921
1532690 1923
1532700 1925
1532710 1928
1532720 1928
1532730 1933
1532740 1935
1532750 1935
1532760 1937
1532770 1939
1532780 1939
1532790 1942
1532800 1945
1532810 1945
1532820 1946
1532830 1947
1532840 1947
1532850 1952
1532860 1957
1532870 1957
1532880 1964
1532890 1973
1532900 1973
1532910 1982
1532920 1985
1532930 1988
1532940 1988
1532950 1995
1532960 1999
1532970 1999
1532980 2003
1532990 2006
1533000 2006
1533010 2006
1533020 2005
1533030 2005
1533040 2004
1533050 2004
1533060 2004
1533070 2002
1533080 1998
1533090 1998
1533100 1997
1533110 1999
1533120 1999
1533130 1999
1533140 1999
1533150 1999
1533160 1999
1533170 1999
1533180 1999
1533190 1999
1533200 2000
1533210 1999
1533220 1999
1533230 1998
1533240 1997
1533250 1997
1533260 1995
1533270 1993
1533280 1993
1533290 1991
1533300 1991
1533310 1991
1533320 1986
1533330 1986
1533340 1986
1533350 1986
1533360 1985
1533370 1985
1533380 1985
1533390 1984
1533400 1983
1533410 1983
1533420 1983
1533430 1982
1533440 1982
1533450 1982
1533460 1982
1533470 1982
1533480 1982
1533490 1982
1533500 1982
1533510 1981
1533520 1979
1533530 1979
1533540 1975
1533550 1971
1533560 1965
1533570 1965
1533580 1958
1533590 1950
1533600 1950
1533610 1943
1533620 1935
1533630 1935
1533640 1927
1533650 1921
1533660 1921
1533670 1917
1533680 1914
1533690 1914
1533700 1911
1533710 1906
1533720 1906
1533730 1899
1533740 1892
1533750 1892
1533760 1886
1533770 1880
1533780 1874
1533790 1874
1533800 1866
1533810 1860
1533820 1860
1533830 1855
1533840 1851
1533850 1851
1533860 1848
1533870 1846
1533880 1846
1533890 1844
1533900 1843
1533910 1843
1533920 1842
1533930 1841
1533940 1841
1533950 1837
1533960 1835
1533970 1835
1533980 1833
1533990 1832
1534000 1831
1534010 1831
1534020 1829
1534030 1828
1534040 1828
1534050 1827
1534060 1825
1534070 1825
1534080 1824
1534090 1823
1534100 1823
1534110 1823
1534120 1823
1534130 1823
1534140 1822
1534150 1821
1534160 1821
1534170 1820
1534180 1819
1534190 1818
1534200 1818
1534210 1816
1534220 1816
1534230 1816
1534240 1816
1534250 1815
1534260 1815
1534270 1816
1534280 1817
1534290 1817
1534300 1817
1534310 1818
1534320 1818
1534330 1818
1534340 1819
1534350 1819
1534360 1820
1534370 1821
1534380 1821
1534390 1821
1534400 1819
1534410 1817
1534420 1817
1534430 1814
1534440 1812
1534450 1812
1534460 1809
1534470 1805
1534480 1805
1534490 1802
1534500 1798
1534510 1798
1534520 1794
1534530 1789
1534540 1789
1534550 1784
1534560 1780
1534570 1780
1534580 1776
1534590 1774
1534600 1774
1534610 1771
1534620 1768
1534630 1765
1534640 1765
1534650 1763
1534660 1762
1534670 1762
1534680 1760
1534690 1756
1534700 1756
1534710 1753
1534720 1750
1534730 1750
1534740 1746
1534750 1742
1534760 1742
1534770 1738
1534780 1734
1534790 1734
1534800 1730
1534810 1726
1534820 1722
1534830 1722
1534840 1718
1534850 1714
1534860 1714
1534870 1715
1534880 1716
1534890 1716
1534900 1716
1534910 1716
1534920 1716
1534930 1716
1534940 1717
1534950 1717
1534960 1720
1534970 1722
1534980 1722
1534990 1725
1535000 1728
1535010 1728
1535020 1731
1535030 1733
1535040 1734
1535050 1734
1535060 1736
1535070 1738
1535080 1738
1535090 1740
1535100 1742
1535110 1742
1535120 1744
1535130 1745
1535140 1745
1535150 1747
1535160 1749
1535170 1749
1535180 1749
1535190 1751
1535200 1751
1535210 1752
1535220 1753
1535230 1753
1535240 1754
1535250 1755
1535260 1756
1535270 1756
1535280 1757
1535290 1758
1535300 1758
1535310 1760
1535320 1763
1535330 1763
1535340 1766
1535350 1769
1535360 1769
1535370 1771
1535380 1774
1535390 1774
1535400 1777
1535410 1780
1535420 1780
1535430 1782
1535440 1785
1535450 1788
1535460 1788
1535470 1790
1535480 1793
1535490 1793
1535500 1795
1535510 1794
1535520 1794
1535530 1793
1535540 1789
1535550 1789
1535560 1786
1535570 1782
1535580 1782
1535590 1778
1535600 1773
1535610 1773
1535620 1769
1535630 1766
1535640 1766
1535650 1763
1535660 1760
1535670 1757
1535680 1757
1535690 1754
1535700 1752
1535710 1752
1535720 1749
1535730 1745
1535740 1745
1535750 1742
1535760 1739
1535770 1739
1535780 1736
1535790 1734
1535800 1734
1535810 1731
1535820 1729
1535830 1729
1535840 1727
1535850 1729
1535860 1729
1535870 1727
1535880 1725
1535890 1723
1535900 1723
1535910 1721
1535920 1719
1535930 1719
1535940 1718
1535950 1716
1535960 1716
1535970 1714
1535980 1712
1535990 1712
1536000 1710
1536010 1709
1536020 1709
1536030 1707
1536040 1706
1536050 1706
1536060 1705
1536070 1703
1536080 1701
1536090 1701
1536100 1699
1536110 1698
1536120 1698
1536130 1696
1536140 1695
1536150 1695
1536160 1694
1536170 1692
1536180 1692
1536190 1690
1536200 1688
1536210 1688
1536220 1687
1536230 1684
1536240 1684
1536250 1678
1536260 1673
1536270 1673
1536280 1671
1536290 1668
1536300 1664
1536310 1664
1536320 1659
1536330 1656
1536340 1656
1536350 1651
1536360 1645
1536370 1645
1536380 1639
1536390 1630
1536400 1630
1536410 1622
1536420 1617
1536430 1617
1536440 1610
1536450 1605
1536460 1605
1536470 1599
1536480 1594
1536490 1594
1536500 1589
1536510 1585
1536520 1583
1536530 1583
1536540 1579
1536550 1576
1536560 1576
1536570 1573
1536580 1569
1536590 1569
1536600 1566
1536610 1562
1536620 1562
1536630 1559
1536640 1555
1536650 1555
1536660 1551
1536670 1547
1536680 1547
1536690 1544
1536700 1540
1536710 1537
1536720 1537
1536730 1533
1536740 1530
1536750 1530
1536760 1526
1536770 1522
1536780 1522
1536790 1519
1536800 1514
1536810 1514
1536820 1512
1536830 1509
1536840 1509
1536850 1506
1536860 1505
1536870 1505
1536880 1504
1536890 1504
1536900 1504
1536910 1507
1536920 1511
1536930 1514
1536940 1514
1536950 1516
1536960 1518
1536970 1518
1536980 1519
1536990 1521
1537000 1521
1537010 1523
1537020 1525
1537030 1525
1537040 1527
1537050 1528
1537060 1528
1537070 1529
1537080 1530
1537090 1530
1537100 1532
1537110 1533
1537120 1533
1537130 1534
1537140 1535
1537150 1536
1537160 1536
1537170 1536
1537180 1538
1537190 1538
1537200 1539
1537210 1539
1537220 1539
1537230 1540
1537240 1540
1537250 1540
1537260 1539
1537270 1540
1537280 1540
1537290 1541
1537300 1541
1537310 1541
1537320 1541
1537330 1542
1537340 1542
1537350 1542
1537360 1541
1537370 1541
1537380 1541
1537390 1541
1537400 1540
1537410 1540
1537420 1539
1537430 1539
1537440 1539
1537450 1538
1537460 1537
1537470 1537
1537480 1536
1537490 1534
1537500 1534
1537510 1531
1537520 1529
1537530 1529
1537540 1527
1537550 1525
1537560 1524
1537570 1524
1537580 1522
1537590 1519
1537600 1519
1537610 1517
1537620 1516
1537630 1516
1537640 1515
1537650 1514
1537660 1514
1537670 1513
1537680 1512
1537690 1512
1537700 1511
1537710 1509
1537720 1509
1537730 1506
1537740 1503
1537750 1503
1537760 1501
1537770 1500
1537780 1499
1537790 1499
1537800 1498
1537810 1497
1537820 1497
1537830 1496
1537840 1494
1537850 1494
1537860 1493
1537870 1491
1537880 1491
1537890 1489
1537900 1486
1537910 1486
1537920 1484
1537930 1483
1537940 1483
1537950 1481
1537960 1480
1537970 1480
1537980 1478
1537990 1476
1538000 1474
1538010 1474
1538020 1473
1538030 1472
1538040 1472
1538050 1472
1538060 1471
1538070 1471
1538080 1471
1538090 1470
1538100 1470
1538110 1469
1538120 1467
1538130 1467
1538140 1465
1538150 1462
1538160 1462
1538170 1460
1538180 1458
1538190 1457
1538200 1457
1538210 1456
1538220 1457
1538230 1457
1538240 1457
1538250 1457
1538260 1457
1538270 1452
1538280 1448
1538290 1448
1538300 1444
1538310 1442
1538320 1442
1538330 1440
1538340 1439
1538350 1439
1538360 1440
1538370 1440
1538380 1440
1538390 1440
1538400 1441
1538410 1440
1538420 1440
1538430 1439
1538440 1438
1538450 1438
1538460 1438
1538470 1437
1538480 1437
1538490 1436
1538500 1435
1538510 1435
1538520 1434
1538530 1433
1538540 1433
1538550 1432
1538560 1431
1538570 1431
1538580 1430
1538590 1428
1538600 1428
1538610 1425
1538620 1422
1538630 1420
1538640 1420
1538650 1419
1538660 1417
1538670 1417
1538680 1415
1538690 1412
1538700 1412
1538710 1410
1538720 1408
1538730 1408
1538740 1406
1538750 1404
1538760 1404
1538770 1403
1538780 1400
1538790 1400
1538800 1397
1538810 1395
1538820 1392
1538830 1392
1538840 1390
1538850 1388
1538860 1388
1538870 1386
1538880 1383
1538890 1383
1538900 1381
1538910 1377
1538920 1377
1538930 1372
1538940 1366
1538950 1366
1538960 1360
1538970 1353
1538980 1353
1538990 1348
1539000 1347
1539010 1347
1539020 1349
1539030 1352
1539040 1357
1539050 1357
1539060 1361
1539070 1365
1539080 1365
1539090 1368
1539100 1369
1539110 1369
1539120 1371
1539130 1372
1539140 1372
1539150 1373
1539160 1375
1539170 1375
1539180 1377
1539190 1378
1539200 1378
1539210 1380
1539220 1381
1539230 1381
1539240 1383
1539250 1385
1539260 1386
1539270 1386
1539280 1388
1539290 1389
1539300 1389
1539310 1391
1539320 1392
1539330 1392
1539340 1394
1539350 1396
1539360 1396
1539370 1397
1539380 1399
1539390 1399
1539400 1399
1539410 1400
1539420 1400
1539430 1401
1539440 1402
1539450 1404
1539460 1404
1539470 1405
1539480 1407
1539490 1407
1539500 1410
1539510 1412
1539520 1412
1539530 1415
1539540 1416
1539550 1416
1539560 1418
1539570 1418
1539580 1418
1539590 1418
1539600 1417
1539610 1417
1539620 1415
1539630 1416
1539640 1416
1539650 1414
1539660 1411
1539670 1407
1539680 1407
1539690 1403
1539700 1406
1539710 1406
1539720 1411
1539730 1419
1539740 1419
1539750 1428
1539760 1437
1539770 1437
1539780 1443
1539790 1449
1539800 1449
1539810 1455
1539820 1461
1539830 1461
1539840 1466
1539850 1472
1539860 1472
1539870 1476
1539880 1482
1539890 1487
1539900 1487
1539910 1493
1539920 1498
1539930 1498
1539940 1504
1539950 1509
1539960 1509
1539970 1514
1539980 1520
1539990 1520
