1520000 1920
1520010 1920
1520020 1914
1520030 1908
1520040 1908
1520050 1903
1520060 1898
1520070 1893
1520080 1893
1520090 1889
1520100 1885
1520110 1885
1520120 1881
1520130 1876
1520140 1876
1520150 1870
1520160 1864
1520170 1864
1520180 1858
1520190 1852
1520200 1852
1520210 1847
1520220 1841
1520230 1841
1520240 1836
1520250 1830
1520260 1830
1520270 1825
1520280 1820
1520290 1816
1520300 1816
1520310 1811
1520320 1806
1520330 1806
1520340 1800
1520350 1796
1520360 1796
1520370 1792
1520380 1788
1520390 1788
1520400 1785
1520410 1782
1520420 1782
1520430 1778
1520440 1774
1520450 1774
1520460 1770
1520470 1766
1520480 1766
1520490 1761
1520500 1756
1520510 1751
1520520 1751
1520530 1747
1520540 1743
1520550 1743
1520560 1740
1520570 1736
1520580 1736
1520590 1733
1520600 1730
1520610 1730
1520620 1727
1520630 1724
1520640 1724
1520650 1720
1520660 1717
1520670 1717
1520680 1713
1520690 1709
1520700 1705
1520710 1705
1520720 1701
1520730 1698
1520740 1698
1520750 1695
1520760 1693
1520770 1693
1520780 1690
1520790 1687
1520800 1687
1520810 1683
1520820 1682
1520830 1682
1520840 1679
1520850 1678
1520860 1678
1520870 1677
1520880 1675
1520890 1675
1520900 1674
1520910 1673
1520920 1672
1520930 1672
1520940 1671
1520950 1669
1520960 1669
1520970 1666
1520980 1661
1520990 1661
1521000 1658
1521010 1657
1521020 1657
1521030 1654
1521040 1652
1521050 1652
1521060 1650
1521070 1647
1521080 1647
1521090 1644
1521100 1640
1521110 1640
1521120 1635
1521130 1631
1521140 1628
1521150 1628
1521160 1623
1521170 1620
1521180 1620
1521190 1616
1521200 1612
1521210 1612
1521220 1608
1521230 1603
1521240 1603
1521250 1597
1521260 1594
1521270 1594
1521280 1594
1521290 1597
1521300 1597
1521310 1598
1521320 1600
1521330 1600
1521340 1600
1521350 1601
1521360 1602
1521370 1602
1521380 1603
1521390 1603
1521400 1603
1521410 1604
1521420 1605
1521430 1605
1521440 1606
1521450 1607
1521460 1607
1521470 1607
1521480 1608
1521490 1608
1521500 1608
1521510 1607
1521520 1607
1521530 1607
1521540 1608
1521550 1609
1521560 1609
1521570 1611
1521580 1613
1521590 1613
1521600 1614
1521610 1616
1521620 1616
1521630 1617
1521640 1618
1521650 1618
1521660 1620
1521670 1620
1521680 1620
1521690 1622
1521700 1624
1521710 1624
1521720 1625
1521730 1626
1521740 1626
1521750 1628
1521760 1630
1521770 1631
1521780 1631
1521790 1632
1521800 1633
1521810 1633
1521820 1634
1521830 1635
1521840 1635
1521850 1636
1521860 1637
1521870 1637
1521880 1638
1521890 1639
1521900 1639
1521910 1639
1521920 1640
1521930 1640
1521940 1640
1521950 1640
1521960 1640
1521970 1641
1521980 1641
1521990 1641
1522000 1641
1522010 1641
1522020 1640
1522030 1640
1522040 1640
1522050 1640
1522060 1640
1522070 1639
1522080 1638
1522090 1638
1522100 1637
1522110 1636
1522120 1636
1522130 1635
1522140 1634
1522150 1634
1522160 1633
1522170 1631
1522180 1629
1522190 1629
1522200 1626
1522210 1624
1522220 1624
1522230 1622
1522240 1620
1522250 1620
1522260 1617
1522270 1614
1522280 1614
1522290 1611
1522300 1608
1522310 1608
1522320 1604
1522330 1601
1522340 1601
1522350 1598
1522360 1596
1522370 1596
1522380 1595
1522390 1593
1522400 1592
1522410 1592
1522420 1589
1522430 1587
1522440 1587
1522450 1584
1522460 1581
1522470 1581
1522480 1584
1522490 1585
1522500 1585
1522510 1588
1522520 1589
1522530 1589
1522540 1590
1522550 1591
1522560 1591
1522570 1592
1522580 1593
1522590 1593
1522600 1595
1522610 1596
1522620 1597
1522630 1597
1522640 1599
1522650 1600
1522660 1600
1522670 1601
1522680 1602
1522690 1602
1522700 1603
1522710 1604
1522720 1604
1522730 1605
1522740 1608
1522750 1608
1522760 1609
1522770 1611
1522780 1611
1522790 1613
1522800 1615
1522810 1617
1522820 1617
1522830 1619
1522840 1622
1522850 1622
1522860 1624
1522870 1627
1522880 1627
1522890 1629
1522900 1630
1522910 1630
1522920 1632
1522930 1634
1522940 1634
1522950 1636
1522960 1637
1522970 1637
1522980 1640
1522990 1642
1523000 1642
1523010 1645
1523020 1647
1523030 1650
1523040 1650
1523050 1652
1523060 1654
1523070 1654
1523080 1655
1523090 1657
1523100 1657
1523110 1659
1523120 1661
1523130 1661
1523140 1663
1523150 1665
1523160 1665
1523170 1667
1523180 1669
1523190 1669
1523200 1670
1523210 1672
1523220 1672
1523230 1674
1523240 1673
1523250 1675
1523260 1675
1523270 1676
1523280 1677
1523290 1677
1523300 1679
1523310 1680
1523320 1680
1523330 1682
1523340 1683
1523350 1683
1523360 1684
1523370 1686
1523380 1686
1523390 1687
1523400 1688
1523410 1688
1523420 1689
1523430 1690
1523440 1690
1523450 1691
1523460 1692
1523470 1693
1523480 1693
1523490 1694
1523500 1695
1523510 1695
1523520 1696
1523530 1697
1523540 1697
1523550 1699
1523560 1699
1523570 1699
1523580 1699
1523590 1700
1523600 1700
1523610 1701
1523620 1701
1523630 1701
1523640 1702
1523650 1702
1523660 1702
1523670 1702
1523680 1702
1523690 1702
1523700 1702
1523710 1702
1523720 1702
1523730 1702
1523740 1701
1523750 1701
1523760 1701
1523770 1701
1523780 1700
1523790 1700
1523800 1700
1523810 1700
1523820 1700
1523830 1700
1523840 1699
1523850 1699
1523860 1699
1523870 1698
1523880 1697
1523890 1697
1523900 1697
1523910 1695
1523920 1695
1523930 1693
1523940 1692
1523950 1692
1523960 1692
1523970 1691
1523980 1691
1523990 1690
1524000 1688
1524010 1688
1524020 1687
1524030 1686
1524040 1686
1524050 1685
1524060 1684
1524070 1684
1524080 1683
1524090 1681
1524100 1680
1524110 1680
1524120 1678
1524130 1677
1524140 1677
1524150 1675
1524160 1674
1524170 1674
1524180 1671
1524190 1669
1524200 1669
1524210 1667
1524220 1665
1524230 1665
1524240 1664
1524250 1662
1524260 1662
1524270 1660
1524280 1658
1524290 1655
1524300 1655
1524310 1653
1524320 1649
1524330 1649
1524340 1645
1524350 1640
1524360 1640
1524370 1635
1524380 1632
1524390 1632
1524400 1628
1524410 1624
1524420 1624
1524430 1621
1524440 1617
1524450 1617
1524460 1614
1524470 1611
1524480 1611
1524490 1609
1524500 1607
1524510 1606
1524520 1606
1524530 1604
1524540 1601
1524550 1601
1524560 1598
1524570 1594
1524580 1594
1524590 1589
1524600 1584
1524610 1584
1524620 1579
1524630 1576
1524640 1576
1524650 1574
1524660 1573
1524670 1573
1524680 1572
1524690 1573
1524700 1573
1524710 1574
1524720 1575
1524730 1576
1524740 1576
1524750 1577
1524760 1578
1524770 1578
1524780 1579
1524790 1580
1524800 1580
1524810 1580
1524820 1581
1524830 1581
1524840 1581
1524850 1580
1524860 1580
1524870 1580
1524880 1579
1524890 1579
1524900 1578
1524910 1576
1524920 1576
1524930 1575
1524940 1574
1524950 1573
1524960 1573
1524970 1571
1524980 1570
1524990 1570
1525000 1570
1525010 1569
1525020 1569
1525030 1570
1525040 1570
1525050 1570
1525060 1570
1525070 1570
1525080 1570
1525090 1570
1525100 1570
1525110 1570
1525120 1570
1525130 1569
1525140 1569
1525150 1569
1525160 1568
1525170 1566
1525180 1566
1525190 1566
1525200 1565
1525210 1565
1525220 1565
1525230 1565
1525240 1565
1525250 1565
1525260 1564
1525270 1564
1525280 1564
1525290 1563
1525300 1563
1525310 1563
1525320 1562
1525330 1562
1525340 1562
1525350 1561
1525360 1560
1525370 1560
1525380 1559
1525390 1557
1525400 1557
1525410 1554
1525420 1552
1525430 1552
1525440 1547
1525450 1543
1525460 1543
1525470 1536
1525480 1529
1525490 1529
1525500 1523
1525510 1517
1525520 1517
1525530 1511
1525540 1506
1525550 1506
1525560 1500
1525570 1494
1525580 1488
1525590 1488
1525600 1482
1525610 1476
1525620 1476
1525630 1471
1525640 1466
1525650 1466
1525660 1462
1525670 1458
1525680 1458
1525690 1456
1525700 1452
1525710 1452
1525720 1448
1525730 1445
1525740 1445
1525750 1443
1525760 1441
1525770 1441
1525780 1439
1525790 1437
1525800 1435
1525810 1435
1525820 1433
1525830 1432
1525840 1432
1525850 1429
1525860 1425
1525870 1425
1525880 1420
1525890 1414
1525900 1414
1525910 1409
1525920 1404
1525930 1404
1525940 1400
1525950 1397
1525960 1397
1525970 1393
1525980 1389
1525990 1385
1526000 1385
1526010 1380
1526020 1375
1526030 1375
1526040 1371
1526050 1366
1526060 1366
1526070 1363
1526080 1359
1526090 1359
1526100 1354
1526110 1349
1526120 1349
1526130 1344
1526140 1340
1526150 1340
1526160 1336
1526170 1332
1526180 1332
1526190 1328
1526200 1322
1526210 1314
1526220 1314
1526230 1305
1526240 1296
1526250 1296
1526260 1291
1526270 1290
1526280 1290
1526290 1289
1526300 1289
1526310 1289
1526320 1288
1526330 1291
1526340 1291
1526350 1295
1526360 1302
1526370 1302
1526380 1307
1526390 1311
1526400 1311
1526410 1317
1526420 1321
1526430 1325
1526440 1325
1526450 1330
1526460 1334
1526470 1334
1526480 1340
1526490 1346
1526500 1346
1526510 1353
1526520 1360
1526530 1360
1526540 1367
1526550 1376
1526560 1376
1526570 1383
1526580 1387
1526590 1387
1526600 1393
1526610 1399
1526620 1405
1526630 1405
1526640 1411
1526650 1417
1526660 1417
1526670 1423
1526680 1429
1526690 1429
1526700 1435
1526710 1441
1526720 1441
1526730 1447
1526740 1452
1526750 1452
1526760 1457
1526770 1462
1526780 1462
1526790 1466
1526800 1471
1526810 1471
1526820 1476
1526830 1480
1526840 1486
1526850 1486
1526860 1490
1526870 1494
1526880 1494
1526890 1499
1526900 1504
1526910 1504
1526920 1508
1526930 1513
1526940 1513
1526950 1517
1526960 1521
1526970 1521
1526980 1526
1526990 1530
1527000 1530
1527010 1534
1527020 1537
1527030 1537
1527040 1540
1527050 1543
1527060 1545
1527070 1545
1527080 1547
1527090 1549
1527100 1549
1527110 1551
1527120 1554
1527130 1554
1527140 1557
1527150 1561
1527160 1561
1527170 1564
1527180 1569
1527190 1569
1527200 1575
1527210 1582
1527220 1582
1527230 1586
1527240 1591
1527250 1591
1527260 1595
1527270 1600
1527280 1605
1527290 1605
1527300 1610
1527310 1614
1527320 1614
1527330 1620
1527340 1625
1527350 1625
1527360 1630
1527370 1634
1527380 1634
1527390 1638
1527400 1641
1527410 1641
1527420 1644
1527430 1645
1527440 1645
1527450 1648
1527460 1652
1527470 1655
1527480 1655
1527490 1657
1527500 1660
1527510 1660
1527520 1663
1527530 1667
1527540 1667
1527550 1669
1527560 1669
1527570 1669
1527580 1671
1527590 1674
1527600 1674
1527610 1677
1527620 1679
1527630 1679
1527640 1681
1527650 1683
1527660 1683
1527670 1685
1527680 1687
1527690 1688
1527700 1688
1527710 1689
1527720 1691
1527730 1691
1527740 1692
1527750 1693
1527760 1693
1527770 1694
1527780 1693
1527790 1693
1527800 1693
1527810 1694
1527820 1694
1527830 1695
1527840 1695
1527850 1695
1527860 1695
1527870 1696
1527880 1696
1527890 1697
1527900 1698
1527910 1699
1527920 1699
1527930 1700
1527940 1700
1527950 1700
1527960 1700
1527970 1699
1527980 1699
1527990 1699
1528000 1699
1528010 1699
1528020 1698
1528030 1697
1528040 1697
1528050 1696
1528060 1695
1528070 1695
1528080 1693
1528090 1691
1528100 1688
1528110 1688
1528120 1686
1528130 1684
1528140 1684
1528150 1683
1528160 1681
1528170 1681
1528180 1678
1528190 1678
1528200 1678
1528210 1682
1528220 1686
1528230 1686
1528240 1692
1528250 1696
1528260 1696
1528270 1700
1528280 1703
1528290 1703
1528300 1707
1528310 1710
1528320 1713
1528330 1713
1528340 1717
1528350 1721
1528360 1721
1528370 1724
1528380 1728
1528390 1728
1528400 1731
1528410 1734
1528420 1734
1528430 1738
1528440 1741
1528450 1741
1528460 1744
1528470 1747
1528480 1747
1528490 1750
1528500 1753
1528510 1753
1528520 1756
1528530 1758
1528540 1761
1528550 1761
1528560 1764
1528570 1767
1528580 1767
1528590 1770
1528600 1773
1528610 1773
1528620 1777
1528630 1781
1528640 1781
1528650 1784
1528660 1787
1528670 1787
1528680 1790
1528690 1793
1528700 1793
1528710 1796
1528720 1798
1528730 1798
1528740 1801
1528750 1803
1528760 1806
1528770 1806
1528780 1809
1528790 1811
1528800 1811
1528810 1815
1528820 1818
1528830 1818
1528840 1821
1528850 1824
1528860 1824
1528870 1827
1528880 1830
1528890 1830
1528900 1832
1528910 1835
1528920 1835
1528930 1839
1528940 1842
1528950 1844
1528960 1844
1528970 1846
1528980 1849
1528990 1849
1529000 1851
1529010 1853
1529020 1853
1529030 1856
1529040 1858
1529050 1858
1529060 1861
1529070 1863
1529080 1863
1529090 1865
1529100 1867
1529110 1867
1529120 1869
1529130 1872
1529140 1872
1529150 1875
1529160 1876
1529170 1877
1529180 1877
1529190 1878
1529200 1880
1529210 1880
1529220 1882
1529230 1884
1529240 1884
1529250 1886
1529260 1888
1529270 1888
1529280 1891
1529290 1893
1529300 1893
1529310 1896
1529320 1896
1529330 1896
1529340 1897
1529350 1899
1529360 1899
1529370 1899
1529380 1899
1529390 1899
1529400 1899
1529410 1899
1529420 1901
1529430 1901
1529440 1902
1529450 1902
1529460 1902
1529470 1902
1529480 1902
1529490 1902
1529500 1902
1529510 1902
1529520 1902
1529530 1903
1529540 1903
1529550 1903
1529560 1903
1529570 1904
1529580 1904
1529590 1906
1529600 1907
1529610 1908
1529620 1908
1529630 1909
1529640 1909
1529650 1909
1529660 1910
1529670 1909
1529680 1909
1529690 1909
1529700 1909
1529710 1909
1529720 1910
1529730 1909
1529740 1909
1529750 1908
1529760 1907
1529770 1907
1529780 1906
1529790 1904
1529800 1904
1529810 1904
1529820 1904
1529830 1904
1529840 1904
1529850 1903
1529860 1903
1529870 1903
1529880 1903
1529890 1902
1529900 1902
1529910 1902
1529920 1903
1529930 1903
1529940 1904
1529950 1904
1529960 1904
1529970 1905
1529980 1907
1529990 1907
1530000 1909
1530010 1909
1530020 1910
1530030 1910
1530040 1907
1530050 1906
1530060 1906
1530070 1906
1530080 1906
1530090 1906
1530100 1906
1530110 1907
1530120 1907
1530130 1908
1530140 1909
1530150 1909
1530160 1911
1530170 1912
1530180 1912
1530190 1911
1530200 1910
1530210 1910
1530220 1910
1530230 1910
1530240 1910
1530250 1910
1530260 1910
1530270 1912
1530280 1912
1530290 1912
1530300 1911
1530310 1911
1530320 1910
1530330 1908
1530340 1908
1530350 1907
1530360 1908
1530370 1908
1530380 1910
1530390 1911
1530400 1911
1530410 1912
1530420 1913
1530430 1913
1530440 1913
1530450 1913
1530460 1914
1530470 1914
1530480 1914
1530490 1915
1530500 1915
1530510 1917
1530520 1915
1530530 1915
1530540 1914
1530550 1915
1530560 1915
1530570 1918
1530580 1920
1530590 1920
1530600 1922
1530610 1922
1530620 1922
1530630 1924
1530640 1925
1530650 1926
1530660 1926
1530670 1927
1530680 1927
1530690 1927
1530700 1930
1530710 1933
1530720 1933
1530730 1933
1530740 1931
1530750 1931
1530760 1928
1530770 1927
1530780 1927
1530790 1928
1530800 1925
1530810 1925
1530820 1923
1530830 1922
1530840 1922
1530850 1923
1530860 1921
1530870 1918
1530880 1918
1530890 1915
1530900 1912
1530910 1912
1530920 1909
1530930 1905
1530940 1905
1530950 1904
1530960 1904
1530970 1904
1530980 1902
1530990 1899
1531000 1899
1531010 1896
1531020 1892
1531030 1892
1531040 1887
1531050 1882
1531060 1882
1531070 1875
1531080 1869
1531090 1865
1531100 1865
1531110 1861
1531120 1858
1531130 1858
1531140 1856
1531150 1854
1531160 1854
1531170 1853
1531180 1852
1531190 1852
1531200 1850
1531210 1847
1531220 1847
1531230 1844
1531240 1841
1531250 1841
1531260 1838
1531270 1835
1531280 1832
1531290 1832
1531300 1829
1531310 1827
1531320 1827
1531330 1824
1531340 1822
1531350 1822
1531360 1820
1531370 1818
1531380 1818
1531390 1816
1531400 1814
1531410 1814
1531420 1811
1531430 1808
1531440 1808
1531450 1806
1531460 1804
1531470 1804
1531480 1802
1531490 1800
1531500 1799
1531510 1799
1531520 1798
1531530 1797
1531540 1797
1531550 1796
1531560 1796
1531570 1796
1531580 1796
1531590 1795
1531600 1795
1531610 1795
1531620 1795
1531630 1795
1531640 1794
1531650 1793
1531660 1793
1531670 1793
1531680 1792
1531690 1792
1531700 1791
1531710 1789
1531720 1789
1531730 1789
1531740 1788
1531750 1786
1531760 1786
1531770 1785
1531780 1783
1531790 1783
1531800 1782
1531810 1780
1531820 1780
1531830 1778
1531840 1776
1531850 1776
1531860 1773
1531870 1771
1531880 1771
1531890 1769
1531900 1767
1531910 1765
1531920 1765
1531930 1762
1531940 1760
1531950 1760
1531960 1757
1531970 1754
1531980 1754
1531990 1752
1532000 1752
1532010 1752
1532020 1751
1532030 1750
1532040 1750
1532050 1748
1532060 1747
1532070 1741
1532080 1740
1532090 1738
1532100 1738
1532110 1737
1532120 1735
1532130 1734
1532140 1734
1532150 1733
1532160 1730
1532170 1730
1532180 1728
1532190 1725
1532200 1725
1532210 1722
1532220 1719
1532230 1719
1532240 1715
1532250 1712
1532260 1712
1532270 1708
1532280 1705
1532290 1705
1532300 1701
1532310 1699
1532320 1699
1532330 1698
1532340 1697
1532350 1697
1532360 1697
1532370 1695
1532380 1693
1532390 1693
1532400 1691
1532410 1688
1532420 1688
1532430 1686
1532440 1684
1532450 1684
1532460 1681
1532470 1678
1532480 1678
1532490 1679
1532500 1680
1532510 1680
1532520 1683
1532530 1687
1532540 1687
1532550 1690
1532560 1692
1532570 1694
1532580 1694
1532590 1695
1532600 1696
1532610 1696
1532620 1698
1532630 1700
1532640 1700
1532650 1702
1532660 1703
1532670 1703
1532680 1705
1532690 1706
1532700 1706
1532710 1708
1532720 1709
1532730 1709
1532740 1711
1532750 1711
1532760 1712
1532770 1712
1532780 1713
1532790 1713
1532800 1713
1532810 1714
1532820 1715
1532830 1715
1532840 1715
1532850 1715
1532860 1715
1532870 1714
1532880 1713
1532890 1713
1532900 1712
1532910 1711
1532920 1711
1532930 1710
1532940 1708
1532950 1708
1532960 1707
1532970 1705
1532980 1703
1532990 1703
1533000 1701
1533010 1699
1533020 1699
1533030 1697
1533040 1694
1533050 1694
1533060 1692
1533070 1690
1533080 1690
1533090 1688
1533100 1686
1533110 1686
1533120 1682
1533130 1680
1533140 1680
1533150 1678
1533160 1675
1533170 1675
1533180 1673
1533190 1669
1533200 1666
1533210 1666
1533220 1662
1533230 1657
1533240 1657
1533250 1653
1533260 1647
1533270 1647
1533280 1641
1533290 1634
1533300 1634
1533310 1627
1533320 1622
1533330 1622
1533340 1619
1533350 1615
1533360 1615
1533370 1610
1533380 1605
1533390 1605
1533400 1601
1533410 1600
1533420 1599
1533430 1599
1533440 1598
1533450 1596
1533460 1596
1533470 1594
1533480 1592
1533490 1592
1533500 1590
1533510 1586
1533520 1586
1533530 1580
1533540 1578
1533550 1578
1533560 1580
1533570 1582
1533580 1582
1533590 1584
1533600 1587
1533610 1589
1533620 1589
1533630 1590
1533640 1591
1533650 1591
1533660 1592
1533670 1593
1533680 1593
1533690 1593
1533700 1593
1533710 1593
1533720 1594
1533730 1594
1533740 1594
1533750 1594
1533760 1595
1533770 1595
1533780 1596
1533790 1598
1533800 1598
1533810 1599
1533820 1600
1533830 1601
1533840 1601
1533850 1602
1533860 1603
1533870 1603
1533880 1605
1533890 1606
1533900 1606
1533910 1608
1533920 1609
1533930 1609
1533940 1611
1533950 1613
1533960 1613
1533970 1615
1533980 1617
1533990 1617
1534000 1618
1534010 1620
1534020 1620
1534030 1622
1534040 1624
1534050 1627
1534060 1627
1534070 1629
1534080 1629
1534090 1629
1534100 1631
1534110 1633
1534120 1633
1534130 1636
1534140 1638
1534150 1638
1534160 1641
1534170 1642
1534180 1642
1534190 1643
1534200 1645
1534210 1645
1534220 1646
1534230 1648
1534240 1649
1534250 1649
1534260 1650
1534270 1651
1534280 1651
1534290 1651
1534300 1651
1534310 1651
1534320 1652
1534330 1653
1534340 1653
1534350 1653
1534360 1654
1534370 1654
1534380 1654
1534390 1655
1534400 1655
1534410 1655
1534420 1655
1534430 1655
1534440 1655
1534450 1655
1534460 1655
1534470 1655
1534480 1654
1534490 1652
1534500 1652
1534510 1651
1534520 1650
1534530 1650
1534540 1649
1534550 1648
1534560 1648
1534570 1646
1534580 1644
1534590 1644
1534600 1641
1534610 1640
1534620 1640
1534630 1637
1534640 1633
1534650 1633
1534660 1629
1534670 1622
1534680 1619
1534690 1619
1534700 1617
1534710 1614
1534720 1614
1534730 1611
1534740 1607
1534750 1607
1534760 1603
1534770 1600
1534780 1600
1534790 1598
1534800 1596
1534810 1596
1534820 1594
1534830 1591
1534840 1591
1534850 1586
1534860 1581
1534870 1581
1534880 1576
1534890 1572
1534900 1570
1534910 1570
1534920 1566
1534930 1561
1534940 1561
1534950 1556
1534960 1551
1534970 1551
1534980 1547
1534990 1543
1535000 1543
1535010 1539
1535020 1537
1535030 1537
1535040 1533
1535050 1528
1535060 1528
1535070 1523
1535080 1517
1535090 1514
1535100 1514
1535110 1518
1535120 1521
1535130 1521
1535140 1523
1535150 1524
1535160 1524
1535170 1523
1535180 1523
1535190 1523
1535200 1522
1535210 1521
1535220 1521
1535230 1520
1535240 1519
1535250 1519
1535260 1518
1535270 1517
1535280 1517
1535290 1515
1535300 1512
1535310 1509
1535320 1509
1535330 1505
1535340 1500
1535350 1500
1535360 1496
1535370 1492
1535380 1492
1535390 1488
1535400 1485
1535410 1485
1535420 1480
1535430 1475
1535440 1475
1535450 1470
1535460 1469
1535470 1469
1535480 1471
1535490 1475
1535500 1475
1535510 1478
1535520 1480
1535530 1481
1535540 1481
1535550 1482
1535560 1483
1535570 1483
1535580 1485
1535590 1485
1535600 1485
1535610 1488
1535620 1491
1535630 1491
1535640 1494
1535650 1497
1535660 1497
1535670 1500
1535680 1502
1535690 1502
1535700 1505
1535710 1509
1535720 1509
1535730 1512
1535740 1516
1535750 1519
1535760 1519
1535770 1523
1535780 1526
1535790 1526
1535800 1530
1535810 1533
1535820 1533
1535830 1536
1535840 1538
1535850 1538
1535860 1541
1535870 1545
1535880 1545
1535890 1549
1535900 1553
1535910 1553
1535920 1555
1535930 1557
1535940 1560
1535950 1560
1535960 1563
1535970 1567
1535980 1567
1535990 1570
1536000 1574
1536010 1574
1536020 1578
1536030 1583
1536040 1583
1536050 1587
1536060 1591
1536070 1591
1536080 1595
1536090 1599
1536100 1599
1536110 1603
1536120 1608
1536130 1608
1536140 1612
1536150 1617
1536160 1621
1536170 1621
1536180 1625
1536190 1629
1536200 1629
1536210 1633
1536220 1637
1536230 1637
1536240 1642
1536250 1646
1536260 1646
1536270 1650
1536280 1654
1536290 1654
1536300 1658
1536310 1662
1536320 1662
1536330 1667
1536340 1672
1536350 1672
1536360 1676
1536370 1681
1536380 1685
1536390 1685
1536400 1689
1536410 1694
1536420 1694
1536430 1697
1536440 1702
1536450 1702
1536460 1706
1536470 1710
1536480 1710
1536490 1715
1536500 1719
1536510 1719
1536520 1723
1536530 1728
1536540 1728
1536550 1732
1536560 1736
1536570 1739
1536580 1739
1536590 1742
1536600 1746
1536610 1746
1536620 1750
1536630 1753
1536640 1753
1536650 1758
1536660 1762
1536670 1762
1536680 1765
1536690 1767
1536700 1767
1536710 1769
1536720 1772
1536730 1772
1536740 1775
1536750 1778
1536760 1778
1536770 1781
1536780 1784
1536790 1786
1536800 1786
1536810 1788
1536820 1790
1536830 1790
1536840 1790
1536850 1791
1536860 1791
1536870 1791
1536880 1791
1536890 1791
1536900 1790
1536910 1790
1536920 1790
1536930 1791
1536940 1793
1536950 1793
1536960 1794
1536970 1795
1536980 1795
1536990 1795
1537000 1796
1537010 1797
1537020 1797
1537030 1798
1537040 1798
1537050 1798
1537060 1799
1537070 1800
1537080 1800
1537090 1801
1537100 1802
1537110 1802
1537120 1802
1537130 1804
1537140 1802
1537150 1803
1537160 1802
1537170 1802
1537180 1800
1537190 1799
1537200 1799
1537210 1800
1537220 1801
1537230 1801
1537240 1801
1537250 1802
1537260 1802
1537270 1802
1537280 1802
1537290 1802
1537300 1802
1537310 1802
1537320 1801
1537330 1801
1537340 1801
1537350 1801
1537360 1801
1537370 1801
1537380 1800
1537390 1800
1537400 1797
1537410 1796
1537420 1796
1537430 1796
1537440 1797
1537450 1797
1537460 1797
1537470 1797
1537480 1796
1537490 1796
1537500 1794
1537510 1793
1537520 1793
1537530 1793
1537540 1793
1537550 1793
1537560 1792
1537570 1791
1537580 1791
1537590 1789
1537600 1786
1537610 1786
1537620 1786
1537630 1785
1537640 1782
1537650 1782
1537660 1779
1537670 1776
1537680 1776
1537690 1774
1537700 1772
1537710 1772
1537720 1770
1537730 1768
1537740 1768
1537750 1765
1537760 1762
1537770 1762
1537780 1759
1537790 1756
1537800 1756
1537810 1752
1537820 1747
1537830 1747
1537840 1742
1537850 1741
1537860 1738
1537870 1738
1537880 1735
1537890 1730
1537900 1730
1537910 1725
1537920 1722
1537930 1722
1537940 1718
1537950 1715
1537960 1715
1537970 1711
1537980 1709
1537990 1709
1538000 1708
1538010 1707
1538020 1707
1538030 1706
1538040 1704
1538050 1702
1538060 1702
1538070 1699
1538080 1696
1538090 1696
1538100 1696
1538110 1695
1538120 1695
1538130 1692
1538140 1689
1538150 1689
1538160 1686
1538170 1684
1538180 1684
1538190 1682
1538200 1680
1538210 1680
1538220 1678
1538230 1676
1538240 1676
1538250 1673
1538260 1670
1538270 1669
1538280 1669
1538290 1668
1538300 1668
1538310 1668
1538320 1667
1538330 1664
1538340 1664
1538350 1663
1538360 1663
1538370 1663
1538380 1662
1538390 1658
1538400 1658
1538410 1654
1538420 1652
1538430 1652
1538440 1649
1538450 1645
1538460 1645
1538470 1642
1538480 1639
1538490 1635
1538500 1635
1538510 1633
1538520 1632
1538530 1632
1538540 1629
1538550 1624
1538560 1624
1538570 1622
1538580 1619
1538590 1619
1538600 1617
1538610 1614
1538620 1614
1538630 1611
1538640 1608
1538650 1608
1538660 1604
1538670 1601
1538680 1601
1538690 1598
1538700 1596
1538710 1595
1538720 1595
1538730 1592
1538740 1590
1538750 1590
1538760 1586
1538770 1582
1538780 1582
1538790 1579
1538800 1577
1538810 1577
1538820 1576
1538830 1574
1538840 1574
1538850 1572
1538860 1567
1538870 1567
1538880 1561
1538890 1555
1538900 1551
1538910 1551
1538920 1547
1538930 1544
1538940 1544
1538950 1540
1538960 1535
1538970 1535
1538980 1531
1538990 1527
1539000 1527
1539010 1522
1539020 1517
1539030 1517
1539040 1511
1539050 1505
1539060 1505
1539070 1501
1539080 1495
1539090 1495
1539100 1490
1539110 1486
1539120 1482
1539130 1482
1539140 1478
1539150 1474
1539160 1474
1539170 1470
1539180 1466
1539190 1466
1539200 1461
1539210 1457
1539220 1457
1539230 1452
1539240 1442
1539250 1442
1539260 1434
1539270 1425
1539280 1425
1539290 1415
1539300 1407
1539310 1407
1539320 1396
1539330 1383
1539340 1376
1539350 1376
1539360 1370
1539370 1363
1539380 1363
1539390 1356
1539400 1351
1539410 1351
1539420 1346
1539430 1339
1539440 1339
1539450 1334
1539460 1328
1539470 1328
1539480 1323
1539490 1318
1539500 1319
1539510 1314
1539520 1308
1539530 1308
1539540 1301
1539550 1294
1539560 1290
1539570 1290
1539580 1282
1539590 1274
1539600 1274
1539610 1267
1539620 1265
1539630 1265
1539640 1265
1539650 1264
1539660 1264
1539670 1261
1539680 1263
1539690 1263
1539700 1268
1539710 1275
1539720 1275
1539730 1280
1539740 1286
1539750 1292
1539760 1292
1539770 1296
1539780 1300
1539790 1300
1539800 1305
1539810 1309
1539820 1309
1539830 1315
1539840 1321
1539850 1321
1539860 1327
1539870 1334
1539880 1334
1539890 1340
1539900 1345
1539910 1345
1539920 1350
1539930 1356
1539940 1356
1539950 1362
1539960 1368
1539970 1373
1539980 1373
1539990 1378
