1520000 1809
1520010 1807
1520020 1804
1520030 1804
1520040 1803
1520050 1801
1520060 1801
1520070 1799
1520080 1796
1520090 1796
1520100 1795
1520110 1793
1520120 1793
1520130 1791
1520140 1788
1520150 1788
1520160 1786
1520170 1784
1520180 1784
1520190 1783
1520200 1782
1520210 1782
1520220 1779
1520230 1776
1520240 1773
1520250 1773
1520260 1770
1520270 1766
1520280 1766
1520290 1763
1520300 1762
1520310 1762
1520320 1760
1520330 1760
1520340 1760
1520350 1760
1520360 1759
1520370 1759
1520380 1759
1520390 1758
1520400 1758
1520410 1757
1520420 1757
1520430 1757
1520440 1757
1520450 1756
1520460 1755
1520470 1755
1520480 1754
1520490 1753
1520500 1753
1520510 1752
1520520 1750
1520530 1750
1520540 1748
1520550 1746
1520560 1746
1520570 1744
1520580 1742
1520590 1742
1520600 1741
1520610 1739
1520620 1739
1520630 1737
1520640 1735
1520650 1735
1520660 1733
1520670 1730
1520680 1728
1520690 1728
1520700 1726
1520710 1724
1520720 1724
1520730 1722
1520740 1720
1520750 1720
1520760 1718
1520770 1716
1520780 1716
1520790 1713
1520800 1711
1520810 1711
1520820 1707
1520830 1705
1520840 1705
1520850 1703
1520860 1701
1520870 1701
1520880 1699
1520890 1698
1520900 1695
1520910 1695
1520920 1694
1520930 1691
1520940 1691
1520950 1690
1520960 1689
1520970 1689
1520980 1687
1520990 1685
1521000 1685
1521010 1684
1521020 1682
1521030 1682
1521040 1679
1521050 1677
1521060 1677
1521070 1673
1521080 1670
1521090 1668
1521100 1668
1521110 1665
1521120 1661
1521130 1661
1521140 1658
1521150 1656
1521160 1656
1521170 1652
1521180 1648
1521190 1648
1521200 1646
1521210 1643
1521220 1643
1521230 1640
1521240 1637
1521250 1637
1521260 1633
1521270 1630
1521280 1630
1521290 1627
1521300 1624
1521310 1621
1521320 1621
1521330 1619
1521340 1616
1521350 1616
1521360 1613
1521370 1610
1521380 1610
1521390 1606
1521400 1603
1521410 1603
1521420 1600
1521430 1597
1521440 1597
1521450 1594
1521460 1592
1521470 1592
1521480 1590
1521490 1589
1521500 1589
1521510 1587
1521520 1584
1521530 1581
1521540 1581
1521550 1578
1521560 1575
1521570 1575
1521580 1571
1521590 1569
1521600 1569
1521610 1568
1521620 1567
1521630 1567
1521640 1566
1521650 1563
1521660 1563
1521670 1560
1521680 1557
1521690 1557
1521700 1555
1521710 1553
1521720 1553
1521730 1551
1521740 1550
1521750 1549
1521760 1549
1521770 1547
1521780 1543
1521790 1543
1521800 1541
1521810 1539
1521820 1539
1521830 1538
1521840 1536
1521850 1536
1521860 1535
1521870 1533
1521880 1533
1521890 1531
1521900 1529
1521910 1529
1521920 1527
1521930 1525
1521940 1525
1521950 1523
1521960 1521
1521970 1520
1521980 1520
1521990 1519
1522000 1518
1522010 1518
1522020 1516
1522030 1515
1522040 1515
1522050 1512
1522060 1509
1522070 1509
1522080 1507
1522090 1505
1522100 1505
1522110 1503
1522120 1501
1522130 1501
1522140 1499
1522150 1497
1522160 1494
1522170 1494
1522180 1492
1522190 1490
1522200 1490
1522210 1488
1522220 1485
1522230 1485
1522240 1481
1522250 1475
1522260 1475
1522270 1470
1522280 1464
1522290 1464
1522300 1459
1522310 1456
1522320 1456
1522330 1453
1522340 1450
1522350 1450
1522360 1448
1522370 1445
1522380 1444
1522390 1444
1522400 1442
1522410 1439
1522420 1439
1522430 1436
1522440 1434
1522450 1434
1522460 1431
1522470 1428
1522480 1428
1522490 1425
1522500 1423
1522510 1423
1522520 1421
1522530 1418
1522540 1418
1522550 1416
1522560 1413
1522570 1413
1522580 1410
1522590 1407
1522600 1404
1522610 1404
1522620 1401
1522630 1399
1522640 1399
1522650 1395
1522660 1392
1522670 1392
1522680 1388
1522690 1386
1522700 1386
1522710 1383
1522720 1381
1522730 1381
1522740 1379
1522750 1376
1522760 1376
1522770 1372
1522780 1367
1522790 1367
1522800 1361
1522810 1356
1522820 1352
1522830 1352
1522840 1347
1522850 1343
1522860 1343
1522870 1340
1522880 1340
1522890 1340
1522900 1345
1522910 1352
1522920 1352
1522930 1357
1522940 1360
1522950 1360
1522960 1364
1522970 1369
1522980 1369
1522990 1374
1523000 1379
1523010 1379
1523020 1383
1523030 1386
1523040 1390
1523050 1390
1523060 1393
1523070 1398
1523080 1398
1523090 1401
1523100 1404
1523110 1404
1523120 1407
1523130 1409
1523140 1409
1523150 1410
1523160 1412
1523170 1412
1523180 1415
1523190 1418
1523200 1418
1523210 1422
1523220 1426
1523230 1429
1523240 1429
1523250 1433
1523260 1437
1523270 1437
1523280 1441
1523290 1445
1523300 1445
1523310 1449
1523320 1452
1523330 1452
1523340 1456
1523350 1460
1523360 1460
1523370 1463
1523380 1467
1523390 1467
1523400 1472
1523410 1476
1523420 1476
1523430 1479
1523440 1482
1523450 1485
1523460 1485
1523470 1488
1523480 1491
1523490 1491
1523500 1493
1523510 1496
1523520 1496
1523530 1499
1523540 1501
1523550 1501
1523560 1503
1523570 1506
1523580 1506
1523590 1509
1523600 1511
1523610 1511
1523620 1513
1523630 1516
1523640 1516
1523650 1518
1523660 1521
1523670 1523
1523680 1523
1523690 1525
1523700 1527
1523710 1527
1523720 1529
1523730 1531
1523740 1531
1523750 1533
1523760 1535
1523770 1535
1523780 1537
1523790 1539
1523800 1539
1523810 1541
1523820 1543
1523830 1543
1523840 1545
1523850 1547
1523860 1547
1523870 1549
1523880 1550
1523890 1551
1523900 1551
1523910 1552
1523920 1554
1523930 1554
1523940 1555
1523950 1555
1523960 1555
1523970 1556
1523980 1557
1523990 1557
1524000 1559
1524010 1560
1524020 1560
1524030 1561
1524040 1562
1524050 1562
1524060 1563
1524070 1564
1524080 1564
1524090 1565
1524100 1567
1524110 1568
1524120 1568
1524130 1569
1524140 1571
1524150 1571
1524160 1572
1524170 1573
1524180 1573
1524190 1574
1524200 1575
1524210 1575
1524220 1577
1524230 1578
1524240 1578
1524250 1579
1524260 1580
1524270 1580
1524280 1582
1524290 1583
1524300 1584
1524310 1584
1524320 1585
1524330 1586
1524340 1586
1524350 1588
1524360 1589
1524370 1589
1524380 1590
1524390 1592
1524400 1592
1524410 1593
1524420 1595
1524430 1595
1524440 1597
1524450 1598
1524460 1598
1524470 1600
1524480 1601
1524490 1601
1524500 1602
1524510 1602
1524520 1603
1524530 1603
1524540 1604
1524550 1605
1524560 1605
1524570 1606
1524580 1605
1524590 1605
1524600 1604
1524610 1603
1524620 1603
1524630 1602
1524640 1603
1524650 1603
1524660 1604
1524670 1605
1524680 1605
1524690 1607
1524700 1610
1524710 1610
1524720 1614
1524730 1617
1524740 1621
1524750 1621
1524760 1623
1524770 1625
1524780 1625
1524790 1626
1524800 1628
1524810 1628
1524820 1629
1524830 1630
1524840 1630
1524850 1631
1524860 1631
1524870 1631
1524880 1632
1524890 1633
1524900 1633
1524910 1633
1524920 1635
1524930 1635
1524940 1636
1524950 1636
1524960 1637
1524970 1637
1524980 1637
1524990 1637
1525000 1637
1525010 1637
1525020 1638
1525030 1638
1525040 1638
1525050 1638
1525060 1638
1525070 1638
1525080 1637
1525090 1637
1525100 1638
1525110 1638
1525120 1638
1525130 1638
1525140 1638
1525150 1638
1525160 1638
1525170 1637
1525180 1638
1525190 1638
1525200 1638
1525210 1637
1525220 1637
1525230 1637
1525240 1636
1525250 1636
1525260 1635
1525270 1635
1525280 1635
1525290 1635
1525300 1635
1525310 1635
1525320 1634
1525330 1634
1525340 1634
1525350 1634
1525360 1634
1525370 1633
1525380 1633
1525390 1633
1525400 1633
1525410 1633
1525420 1633
1525430 1632
1525440 1632
1525450 1633
1525460 1633
1525470 1633
1525480 1633
1525490 1633
1525500 1633
1525510 1633
1525520 1633
1525530 1633
1525540 1633
1525550 1632
1525560 1632
1525570 1632
1525580 1632
1525590 1631
1525600 1631
1525610 1631
1525620 1630
1525630 1630
1525640 1630
1525650 1629
1525660 1629
1525670 1628
1525680 1627
1525690 1627
1525700 1626
1525710 1624
1525720 1624
1525730 1622
1525740 1619
1525750 1619
1525760 1617
1525770 1616
1525780 1616
1525790 1615
1525800 1614
1525810 1613
1525820 1613
1525830 1612
1525840 1611
1525850 1611
1525860 1609
1525870 1607
1525880 1607
1525890 1605
1525900 1602
1525910 1602
1525920 1599
1525930 1595
1525940 1595
1525950 1591
1525960 1587
1525970 1587
1525980 1583
1525990 1580
1526000 1580
1526010 1578
1526020 1575
1526030 1572
1526040 1572
1526050 1568
1526060 1564
1526070 1564
1526080 1560
1526090 1555
1526100 1555
1526110 1550
1526120 1545
1526130 1545
1526140 1540
1526150 1535
1526160 1535
1526170 1531
1526180 1526
1526190 1526
1526200 1521
1526210 1515
1526220 1515
1526230 1510
1526240 1504
1526250 1499
1526260 1499
1526270 1495
1526280 1490
1526290 1490
1526300 1486
1526310 1481
1526320 1481
1526330 1475
1526340 1469
1526350 1469
1526360 1464
1526370 1459
1526380 1459
1526390 1453
1526400 1446
1526410 1446
1526420 1440
1526430 1434
1526440 1429
1526450 1429
1526460 1423
1526470 1417
1526480 1417
1526490 1410
1526500 1403
1526510 1403
1526520 1396
1526530 1389
1526540 1389
1526550 1381
1526560 1375
1526570 1375
1526580 1369
1526590 1363
1526600 1363
1526610 1358
1526620 1353
1526630 1353
1526640 1348
1526650 1343
1526660 1337
1526670 1337
1526680 1331
1526690 1325
1526700 1325
1526710 1319
1526720 1313
1526730 1313
1526740 1307
1526750 1303
1526760 1303
1526770 1298
1526780 1295
1526790 1295
1526800 1288
1526810 1283
1526820 1283
1526830 1279
1526840 1275
1526850 1275
1526860 1271
1526870 1264
1526880 1257
1526890 1257
1526900 1252
1526910 1247
1526920 1247
1526930 1242
1526940 1237
1526950 1237
1526960 1232
1526970 1226
1526980 1226
1526990 1221
1527000 1216
1527010 1216
1527020 1213
1527030 1209
1527040 1209
1527050 1205
1527060 1202
1527070 1202
1527080 1200
1527090 1198
1527100 1197
1527110 1197
1527120 1197
1527130 1196
1527140 1196
1527150 1194
1527160 1193
1527170 1193
1527180 1195
1527190 1200
1527200 1200
1527210 1208
1527220 1211
1527230 1211
1527240 1219
1527250 1223
1527260 1223
1527270 1226
1527280 1228
1527290 1228
1527300 1234
1527310 1241
1527320 1247
1527330 1247
1527340 1251
1527350 1254
1527360 1254
1527370 1260
1527380 1265
1527390 1265
1527400 1270
1527410 1275
1527420 1275
1527430 1279
1527440 1284
1527450 1284
1527460 1289
1527470 1294
1527480 1294
1527490 1299
1527500 1304
1527510 1309
1527520 1309
1527530 1315
1527540 1320
1527550 1320
1527560 1326
1527570 1327
1527580 1327
1527590 1333
1527600 1338
1527610 1338
1527620 1342
1527630 1347
1527640 1347
1527650 1353
1527660 1358
1527670 1358
1527680 1363
1527690 1367
1527700 1367
1527710 1371
1527720 1376
1527730 1381
1527740 1381
1527750 1385
1527760 1389
1527770 1389
1527780 1393
1527790 1397
1527800 1397
1527810 1400
1527820 1403
1527830 1403
1527840 1406
1527850 1409
1527860 1409
1527870 1411
1527880 1413
1527890 1413
1527900 1415
1527910 1416
1527920 1416
1527930 1416
1527940 1415
1527950 1413
1527960 1413
1527970 1411
1527980 1408
1527990 1408
1528000 1407
1528010 1406
1528020 1406
1528030 1405
1528040 1401
1528050 1401
1528060 1397
1528070 1393
1528080 1393
1528090 1391
1528100 1390
1528110 1390
1528120 1391
1528130 1391
1528140 1391
1528150 1394
1528160 1400
1528170 1407
1528180 1407
1528190 1414
1528200 1422
1528210 1422
1528220 1430
1528230 1439
1528240 1439
1528250 1446
1528260 1454
1528270 1454
1528280 1460
1528290 1465
1528300 1465
1528310 1470
1528320 1474
1528330 1474
1528340 1479
1528350 1482
1528360 1482
1528370 1484
1528380 1488
1528390 1491
1528400 1491
1528410 1496
1528420 1500
1528430 1500
1528440 1504
1528450 1507
1528460 1507
1528470 1510
1528480 1512
1528490 1512
1528500 1515
1528510 1518
1528520 1518
1528530 1521
1528540 1525
1528550 1525
1528560 1529
1528570 1533
1528580 1537
1528590 1537
1528600 1541
1528610 1544
1528620 1544
1528630 1547
1528640 1551
1528650 1551
1528660 1555
1528670 1559
1528680 1559
1528690 1563
1528700 1567
1528710 1567
1528720 1571
1528730 1575
1528740 1575
1528750 1579
1528760 1584
1528770 1584
1528780 1589
1528790 1594
1528800 1599
1528810 1599
1528820 1603
1528830 1607
1528840 1607
1528850 1612
1528860 1617
1528870 1617
1528880 1622
1528890 1626
1528900 1626
1528910 1630
1528920 1634
1528930 1634
1528940 1638
1528950 1642
1528960 1642
1528970 1646
1528980 1650
1528990 1650
1529000 1654
1529010 1658
1529020 1662
1529030 1662
1529040 1665
1529050 1669
1529060 1669
1529070 1673
1529080 1676
1529090 1676
1529100 1679
1529110 1682
1529120 1682
1529130 1685
1529140 1687
1529150 1687
1529160 1689
1529170 1690
1529180 1690
1529190 1692
1529200 1694
1529210 1694
1529220 1695
1529230 1696
1529240 1697
1529250 1697
1529260 1699
1529270 1701
1529280 1701
1529290 1702
1529300 1703
1529310 1703
1529320 1705
1529330 1706
1529340 1706
1529350 1706
1529360 1706
1529370 1706
1529380 1706
1529390 1705
1529400 1705
1529410 1704
1529420 1704
1529430 1704
1529440 1705
1529450 1706
1529460 1706
1529470 1706
1529480 1706
1529490 1705
1529500 1705
1529510 1705
1529520 1704
1529530 1704
1529540 1703
1529550 1701
1529560 1701
1529570 1699
1529580 1698
1529590 1698
1529600 1696
1529610 1695
1529620 1695
1529630 1695
1529640 1693
1529650 1691
1529660 1691
1529670 1689
1529680 1686
1529690 1686
1529700 1683
1529710 1683
1529720 1683
1529730 1683
1529740 1682
1529750 1682
1529760 1682
1529770 1681
1529780 1681
1529790 1680
1529800 1678
1529810 1678
1529820 1677
1529830 1675
1529840 1675
1529850 1674
1529860 1672
1529870 1671
1529880 1671
1529890 1669
1529900 1667
1529910 1667
1529920 1666
1529930 1664
1529940 1664
1529950 1661
1529960 1658
1529970 1658
1529980 1655
1529990 1652
1530000 1652
1530010 1649
1530020 1646
1530030 1646
1530040 1643
1530050 1639
1530060 1639
1530070 1635
1530080 1632
1530090 1628
1530100 1628
1530110 1624
1530120 1620
1530130 1620
1530140 1616
1530150 1614
1530160 1614
1530170 1613
1530180 1612
1530190 1612
1530200 1611
1530210 1609
1530220 1609
1530230 1603
1530240 1599
1530250 1599
1530260 1596
1530270 1591
1530280 1591
1530290 1585
1530300 1579
1530310 1574
1530320 1574
1530330 1571
1530340 1571
1530350 1571
1530360 1571
1530370 1571
1530380 1571
1530390 1572
1530400 1572
1530410 1572
1530420 1570
1530430 1563
1530440 1563
1530450 1563
1530460 1561
1530470 1561
1530480 1557
1530490 1551
1530500 1551
1530510 1544
1530520 1539
1530530 1540
1530540 1540
1530550 1541
1530560 1543
1530570 1543
1530580 1544
1530590 1544
1530600 1544
1530610 1543
1530620 1541
1530630 1541
1530640 1539
1530650 1537
1530660 1537
1530670 1533
1530680 1530
1530690 1530
1530700 1525
1530710 1520
1530720 1514
1530730 1514
1530740 1508
1530750 1503
1530760 1503
1530770 1499
1530780 1496
1530790 1496
1530800 1495
1530810 1493
1530820 1493
1530830 1489
1530840 1484
1530850 1484
1530860 1477
1530870 1471
1530880 1471
1530890 1464
1530900 1458
1530910 1458
1530920 1451
1530930 1446
1530940 1441
1530950 1441
1530960 1436
1530970 1432
1530980 1432
1530990 1426
1531000 1421
1531010 1421
1531020 1415
1531030 1410
1531040 1410
1531050 1405
1531060 1399
1531070 1399
1531080 1392
1531090 1386
1531100 1386
1531110 1379
1531120 1372
1531130 1372
1531140 1367
1531150 1360
1531160 1354
1531170 1354
1531180 1348
1531190 1341
1531200 1341
1531210 1334
1531220 1329
1531230 1329
1531240 1323
1531250 1317
1531260 1317
1531270 1312
1531280 1306
1531290 1306
1531300 1300
1531310 1294
1531320 1294
1531330 1287
1531340 1283
1531350 1283
1531360 1278
1531370 1275
1531380 1272
1531390 1272
1531400 1274
1531410 1277
1531420 1277
1531430 1281
1531440 1288
1531450 1288
1531460 1296
1531470 1303
1531480 1303
1531490 1311
1531500 1318
1531510 1318
1531520 1321
1531530 1322
1531540 1322
1531550 1323
1531560 1323
1531570 1323
1531580 1322
1531590 1322
1531600 1322
1531610 1322
1531620 1322
1531630 1322
1531640 1322
1531650 1322
1531660 1323
1531670 1323
1531680 1323
1531690 1322
1531700 1322
1531710 1321
1531720 1321
1531730 1321
1531740 1320
1531750 1318
1531760 1318
1531770 1317
1531780 1316
1531790 1316
1531800 1316
1531810 1316
1531820 1316
1531830 1316
1531840 1316
1531850 1314
1531860 1314
1531870 1314
1531880 1313
1531890 1313
1531900 1311
1531910 1309
1531920 1309
1531930 1308
1531940 1306
1531950 1306
1531960 1305
1531970 1303
1531980 1303
1531990 1301
1532000 1300
1532010 1299
1532020 1299
1532030 1298
1532040 1296
1532050 1296
1532060 1294
1532070 1292
1532080 1292
1532090 1289
1532100 1284
1532110 1284
1532120 1280
1532130 1276
1532140 1276
1532150 1274
1532160 1271
1532170 1271
1532180 1270
1532190 1268
1532200 1268
1532210 1265
1532220 1263
1532230 1261
1532240 1261
1532250 1257
1532260 1251
1532270 1251
1532280 1246
1532290 1244
1532300 1244
1532310 1242
1532320 1240
1532330 1240
1532340 1241
1532350 1247
1532360 1247
1532370 1248
1532380 1247
1532390 1247
1532400 1245
1532410 1245
1532420 1245
1532430 1244
1532440 1244
1532450 1244
1532460 1244
1532470 1245
1532480 1247
1532490 1247
1532500 1250
1532510 1253
1532520 1253
1532530 1256
1532540 1259
1532550 1259
1532560 1260
1532570 1260
1532580 1260
1532590 1261
1532600 1263
1532610 1263
1532620 1263
1532630 1261
1532640 1261
1532650 1260
1532660 1256
1532670 1252
1532680 1252
1532690 1248
1532700 1245
1532710 1245
1532720 1242
1532730 1241
1532740 1241
1532750 1239
1532760 1236
1532770 1236
1532780 1233
1532790 1229
1532800 1229
1532810 1225
1532820 1221
1532830 1221
1532840 1217
1532850 1214
1532860 1211
1532870 1211
1532880 1207
1532890 1200
1532900 1200
1532910 1192
1532920 1185
1532930 1185
1532940 1183
1532950 1181
1532960 1181
1532970 1182
1532980 1183
1532990 1183
1533000 1183
1533010 1181
1533020 1181
1533030 1180
1533040 1180
1533050 1180
1533060 1180
1533070 1179
1533080 1177
1533090 1177
1533100 1174
1533110 1163
1533120 1163
1533130 1160
1533140 1156
1533150 1156
1533160 1152
1533170 1147
1533180 1147
1533190 1144
1533200 1141
1533210 1141
1533220 1138
1533230 1135
1533240 1135
1533250 1132
1533260 1129
1533270 1129
1533280 1125
1533290 1121
1533300 1116
1533310 1116
1533320 1111
1533330 1107
1533340 1107
1533350 1104
1533360 1099
1533370 1099
1533380 1090
1533390 1085
1533400 1085
1533410 1086
1533420 1090
1533430 1090
1533440 1094
1533450 1095
1533460 1095
1533470 1099
1533480 1101
1533490 1101
1533500 1102
1533510 1105
1533520 1108
1533530 1108
1533540 1108
1533550 1107
1533560 1107
1533570 1106
1533580 1103
1533590 1103
1533600 1102
1533610 1100
1533620 1100
1533630 1098
1533640 1095
1533650 1095
1533660 1093
1533670 1093
1533680 1093
1533690 1094
1533700 1095
1533710 1095
1533720 1095
1533730 1094
1533740 1093
1533750 1093
1533760 1092
1533770 1092
1533780 1092
1533790 1090
1533800 1089
1533810 1089
1533820 1088
1533830 1089
1533840 1089
1533850 1091
1533860 1092
1533870 1092
1533880 1093
1533890 1093
1533900 1093
1533910 1090
1533920 1084
1533930 1080
1533940 1080
1533950 1078
1533960 1080
1533970 1080
1533980 1084
1533990 1087
1534000 1087
1534010 1091
1534020 1094
1534030 1094
1534040 1097
1534050 1098
1534060 1098
1534070 1099
1534080 1099
1534090 1099
1534100 1100
1534110 1100
1534120 1100
1534130 1099
1534140 1099
1534150 1099
1534160 1099
1534170 1098
1534180 1097
1534190 1097
1534200 1098
1534210 1099
1534220 1099
1534230 1100
1534240 1103
1534250 1103
1534260 1106
1534270 1109
1534280 1109
1534290 1111
1534300 1112
1534310 1112
1534320 1114
1534330 1116
1534340 1116
1534350 1117
1534360 1118
1534370 1117
1534380 1117
1534390 1117
1534400 1116
1534410 1116
1534420 1115
1534430 1114
1534440 1114
1534450 1114
1534460 1112
1534470 1112
1534480 1110
1534490 1109
1534500 1109
1534510 1108
1534520 1109
1534530 1109
1534540 1109
1534550 1110
1534560 1110
1534570 1110
1534580 1110
1534590 1111
1534600 1111
1534610 1111
1534620 1112
1534630 1112
1534640 1113
1534650 1112
1534660 1112
1534670 1113
1534680 1113
1534690 1113
1534700 1114
1534710 1115
1534720 1115
1534730 1116
1534740 1118
1534750 1118
1534760 1120
1534770 1122
1534780 1122
1534790 1124
1534800 1125
1534810 1127
1534820 1127
1534830 1128
1534840 1130
1534850 1130
1534860 1130
1534870 1132
1534880 1132
1534890 1133
1534900 1135
1534910 1135
1534920 1136
1534930 1137
1534940 1137
1534950 1138
1534960 1141
1534970 1141
1534980 1143
1534990 1145
1535000 1146
1535010 1146
1535020 1147
1535030 1148
1535040 1148
1535050 1149
1535060 1149
1535070 1149
1535080 1149
1535090 1150
1535100 1150
1535110 1153
1535120 1155
1535130 1155
1535140 1156
1535150 1158
1535160 1158
1535170 1161
1535180 1163
1535190 1163
1535200 1164
1535210 1166
1535220 1167
1535230 1167
1535240 1167
1535250 1167
1535260 1167
1535270 1168
1535280 1169
1535290 1169
1535300 1170
1535310 1170
1535320 1170
1535330 1170
1535340 1170
1535350 1170
1535360 1171
1535370 1171
1535380 1171
1535390 1170
1535400 1169
1535410 1169
1535420 1168
1535430 1167
1535440 1164
1535450 1164
1535460 1159
1535470 1155
1535480 1155
1535490 1152
1535500 1149
1535510 1149
1535520 1145
1535530 1139
1535540 1139
1535550 1135
1535560 1132
1535570 1132
1535580 1129
1535590 1125
1535600 1125
1535610 1124
1535620 1126
1535630 1126
1535640 1131
1535650 1138
1535660 1150
1535670 1150
1535680 1156
1535690 1163
1535700 1163
1535710 1167
1535720 1173
1535730 1173
1535740 1178
1535750 1183
1535760 1183
1535770 1188
1535780 1193
1535790 1193
1535800 1199
1535810 1206
1535820 1206
1535830 1212
1535840 1218
1535850 1218
1535860 1223
1535870 1229
1535880 1234
1535890 1234
1535900 1236
1535910 1237
1535920 1237
1535930 1239
1535940 1242
1535950 1242
1535960 1245
1535970 1250
1535980 1250
1535990 1254
1536000 1256
1536010 1256
1536020 1257
1536030 1257
1536040 1257
1536050 1258
1536060 1260
1536070 1263
1536080 1263
1536090 1266
1536100 1269
1536110 1269
1536120 1272
1536130 1278
1536140 1278
1536150 1280
1536160 1282
1536170 1282
1536180 1285
1536190 1289
1536200 1289
1536210 1295
1536220 1297
1536230 1297
1536240 1297
1536250 1298
1536260 1298
1536270 1299
1536280 1301
1536290 1303
1536300 1303
1536310 1304
1536320 1306
1536330 1306
1536340 1309
1536350 1312
1536360 1312
1536370 1314
1536380 1317
1536390 1317
1536400 1320
1536410 1322
1536420 1322
1536430 1324
1536440 1325
1536450 1325
1536460 1326
1536470 1327
1536480 1327
1536490 1327
1536500 1327
1536510 1326
1536520 1326
1536530 1325
1536540 1324
1536550 1324
1536560 1323
1536570 1322
1536580 1322
1536590 1321
1536600 1320
1536610 1320
1536620 1320
1536630 1320
1536640 1320
1536650 1320
1536660 1320
1536670 1320
1536680 1319
1536690 1319
1536700 1319
1536710 1319
1536720 1317
1536730 1317
1536740 1317
1536750 1317
1536760 1320
1536770 1320
1536780 1324
1536790 1328
1536800 1328
1536810 1333
1536820 1338
1536830 1338
1536840 1344
1536850 1352
1536860 1352
1536870 1359
1536880 1364
1536890 1364
1536900 1369
1536910 1375
1536920 1375
1536930 1383
1536940 1389
1536950 1395
1536960 1395
1536970 1401
1536980 1407
1536990 1407
1537000 1411
1537010 1415
1537020 1415
1537030 1418
1537040 1421
1537050 1421
1537060 1424
1537070 1427
1537080 1427
1537090 1430
1537100 1435
1537110 1435
1537120 1439
1537130 1443
1537140 1447
1537150 1447
1537160 1451
1537170 1457
1537180 1457
1537190 1463
1537200 1468
1537210 1468
1537220 1472
1537230 1475
1537240 1475
1537250 1478
1537260 1481
1537270 1481
1537280 1484
1537290 1487
1537300 1487
1537310 1492
1537320 1496
1537330 1496
1537340 1500
1537350 1504
1537360 1507
1537370 1507
1537380 1511
1537390 1515
1537400 1515
1537410 1519
1537420 1523
1537430 1523
1537440 1527
1537450 1532
1537460 1532
1537470 1536
1537480 1541
1537490 1541
1537500 1545
1537510 1549
1537520 1549
1537530 1554
1537540 1558
1537550 1558
1537560 1562
1537570 1566
1537580 1571
1537590 1571
1537600 1575
1537610 1578
1537620 1578
1537630 1583
1537640 1589
1537650 1589
1537660 1594
1537670 1598
1537680 1598
1537690 1603
1537700 1608
1537710 1608
1537720 1611
1537730 1612
1537740 1612
1537750 1609
1537760 1611
1537770 1611
1537780 1615
1537790 1619
1537800 1621
1537810 1621
1537820 1623
1537830 1625
1537840 1625
1537850 1625
1537860 1626
1537870 1626
1537880 1625
1537890 1625
1537900 1625
1537910 1623
1537920 1621
1537930 1621
1537940 1619
1537950 1616
1537960 1616
1537970 1615
1537980 1614
1537990 1614
1538000 1611
1538010 1609
1538020 1608
1538030 1608
1538040 1607
1538050 1606
1538060 1606
1538070 1606
1538080 1604
1538090 1602
1538100 1600
1538110 1598
1538120 1598
1538130 1594
1538140 1590
1538150 1590
1538160 1587
1538170 1584
1538180 1584
1538190 1581
1538200 1579
1538210 1577
1538220 1577
1538230 1576
1538240 1573
1538250 1573
1538260 1571
1538270 1569
1538280 1569
1538290 1567
1538300 1564
1538310 1564
1538320 1560
1538330 1556
1538340 1556
1538350 1551
1538360 1547
1538370 1547
1538380 1545
1538390 1542
1538400 1542
1538410 1539
1538420 1534
1538430 1530
1538440 1530
1538450 1527
1538460 1523
1538470 1523
1538480 1519
1538490 1514
1538500 1514
1538510 1509
1538520 1503
1538530 1503
1538540 1499
1538550 1492
1538560 1492
1538570 1487
1538580 1483
1538590 1483
1538600 1479
1538610 1475
1538620 1475
1538630 1471
1538640 1468
1538650 1466
1538660 1466
1538670 1464
1538680 1461
1538690 1461
1538700 1458
1538710 1455
1538720 1455
1538730 1452
1538740 1449
1538750 1449
1538760 1446
1538770 1443
1538780 1443
1538790 1441
1538800 1439
1538810 1439
1538820 1437
1538830 1434
1538840 1434
1538850 1430
1538860 1427
1538870 1424
1538880 1424
1538890 1422
1538900 1419
1538910 1419
1538920 1416
1538930 1412
1538940 1412
1538950 1409
1538960 1406
1538970 1406
1538980 1402
1538990 1399
1539000 1399
1539010 1396
1539020 1395
1539030 1395
1539040 1393
1539050 1389
1539060 1389
1539070 1385
1539080 1380
1539090 1376
1539100 1376
1539110 1371
1539120 1366
1539130 1366
1539140 1362
1539150 1358
1539160 1358
1539170 1353
1539180 1348
1539190 1348
1539200 1344
1539210 1340
1539220 1340
1539230 1338
1539240 1335
1539250 1335
1539260 1333
1539270 1330
1539280 1328
1539290 1328
1539300 1324
1539310 1320
1539320 1320
1539330 1316
1539340 1313
1539350 1313
1539360 1309
1539370 1306
1539380 1306
1539390 1302
1539400 1299
1539410 1299
1539420 1295
1539430 1292
1539440 1292
1539450 1288
1539460 1284
1539470 1284
1539480 1280
1539490 1277
1539500 1274
1539510 1274
1539520 1272
1539530 1269
1539540 1269
1539550 1265
1539560 1261
1539570 1261
1539580 1257
1539590 1254
1539600 1254
1539610 1250
1539620 1246
1539630 1246
1539640 1242
1539650 1237
1539660 1237
1539670 1233
1539680 1230
1539690 1230
1539700 1228
1539710 1226
1539720 1224
1539730 1224
1539740 1223
1539750 1222
1539760 1222
1539770 1218
1539780 1212
1539790 1212
1539800 1207
1539810 1203
1539820 1203
1539830 1198
1539840 1188
1539850 1188
1539860 1174
1539870 1164
1539880 1164
1539890 1157
1539900 1149
1539910 1149
1539920 1136
1539930 1128
1539940 1125
1539950 1125
1539960 1124
1539970 1123
1539980 1123
1539990 1127
