1520000 1811
1520010 1808
1520020 1805
1520030 1805
1520040 1802
1520050 1799
1520060 1799
1520070 1795
1520080 1790
1520090 1790
1520100 1784
1520110 1779
1520120 1779
1520130 1774
1520140 1770
1520150 1770
1520160 1766
1520170 1763
1520180 1763
1520190 1762
1520200 1759
1520210 1757
1520220 1757
1520230 1754
1520240 1752
1520250 1752
1520260 1749
1520270 1746
1520280 1746
1520290 1743
1520300 1740
1520310 1740
1520320 1736
1520330 1734
1520340 1734
1520350 1731
1520360 1729
1520370 1729
1520380 1728
1520390 1727
1520400 1727
1520410 1727
1520420 1726
1520430 1725
1520440 1725
1520450 1723
1520460 1720
1520470 1720
1520480 1717
1520490 1712
1520500 1712
1520510 1706
1520520 1705
1520530 1705
1520540 1705
1520550 1704
1520560 1704
1520570 1702
1520580 1702
1520590 1702
1520600 1703
1520610 1704
1520620 1705
1520630 1705
1520640 1704
1520650 1703
1520660 1703
1520670 1702
1520680 1700
1520690 1700
1520700 1697
1520710 1695
1520720 1695
1520730 1693
1520740 1691
1520750 1691
1520760 1688
1520770 1685
1520780 1685
1520790 1682
1520800 1680
1520810 1680
1520820 1678
1520830 1676
1520840 1672
1520850 1672
1520860 1667
1520870 1661
1520880 1661
1520890 1658
1520900 1655
1520910 1655
1520920 1652
1520930 1649
1520940 1649
1520950 1645
1520960 1642
1520970 1642
1520980 1640
1520990 1640
1521000 1640
1521010 1638
1521020 1637
1521030 1637
1521040 1637
1521050 1636
1521060 1635
1521070 1635
1521080 1633
1521090 1632
1521100 1632
1521110 1631
1521120 1629
1521130 1629
1521140 1628
1521150 1626
1521160 1626
1521170 1626
1521180 1625
1521190 1625
1521200 1624
1521210 1625
1521220 1625
1521230 1623
1521240 1620
1521250 1620
1521260 1616
1521270 1614
1521280 1613
1521290 1613
1521300 1610
1521310 1607
1521320 1607
1521330 1606
1521340 1604
1521350 1604
1521360 1600
1521370 1597
1521380 1597
1521390 1594
1521400 1590
1521410 1590
1521420 1586
1521430 1582
1521440 1582
1521450 1578
1521460 1576
1521470 1572
1521480 1572
1521490 1569
1521500 1564
1521510 1564
1521520 1560
1521530 1557
1521540 1557
1521550 1554
1521560 1551
1521570 1551
1521580 1547
1521590 1543
1521600 1543
1521610 1540
1521620 1537
1521630 1537
1521640 1534
1521650 1530
1521660 1530
1521670 1526
1521680 1523
1521690 1521
1521700 1521
1521710 1518
1521720 1515
1521730 1515
1521740 1513
1521750 1511
1521760 1511
1521770 1509
1521780 1508
1521790 1508
1521800 1507
1521810 1506
1521820 1506
1521830 1504
1521840 1503
1521850 1503
1521860 1502
1521870 1500
1521880 1500
1521890 1498
1521900 1497
1521910 1497
1521920 1497
1521930 1496
1521940 1495
1521950 1495
1521960 1494
1521970 1494
1521980 1494
1521990 1493
1522000 1492
1522010 1492
1522020 1491
1522030 1490
1522040 1490
1522050 1488
1522060 1487
1522070 1487
1522080 1485
1522090 1484
1522100 1484
1522110 1482
1522120 1480
1522130 1478
1522140 1478
1522150 1475
1522160 1472
1522170 1472
1522180 1468
1522190 1465
1522200 1465
1522210 1463
1522220 1462
1522230 1462
1522240 1459
1522250 1457
1522260 1457
1522270 1453
1522280 1451
1522290 1451
1522300 1448
1522310 1445
1522320 1445
1522330 1442
1522340 1440
1522350 1438
1522360 1438
1522370 1435
1522380 1432
1522390 1432
1522400 1428
1522410 1422
1522420 1422
1522430 1418
1522440 1416
1522450 1416
1522460 1416
1522470 1415
1522480 1415
1522490 1413
1522500 1411
1522510 1411
1522520 1407
1522530 1402
1522540 1398
1522550 1398
1522560 1393
1522570 1388
1522580 1388
1522590 1384
1522600 1380
1522610 1380
1522620 1376
1522630 1372
1522640 1372
1522650 1369
1522660 1371
1522670 1371
1522680 1375
1522690 1380
1522700 1380
1522710 1382
1522720 1384
1522730 1384
1522740 1387
1522750 1390
1522760 1393
1522770 1393
1522780 1394
1522790 1393
1522800 1393
1522810 1391
1522820 1392
1522830 1392
1522840 1390
1522850 1390
1522860 1390
1522870 1390
1522880 1392
1522890 1392
1522900 1394
1522910 1395
1522920 1395
1522930 1397
1522940 1398
1522950 1398
1522960 1399
1522970 1400
1522980 1401
1522990 1401
1523000 1403
1523010 1405
1523020 1405
1523030 1409
1523040 1413
1523050 1413
1523060 1418
1523070 1422
1523080 1422
1523090 1427
1523100 1433
1523110 1433
1523120 1439
1523130 1443
1523140 1443
1523150 1448
1523160 1453
1523170 1453
1523180 1457
1523190 1462
1523200 1464
1523210 1464
1523220 1468
1523230 1471
1523240 1471
1523250 1475
1523260 1478
1523270 1478
1523280 1481
1523290 1484
1523300 1484
1523310 1488
1523320 1491
1523330 1491
1523340 1495
1523350 1499
1523360 1499
1523370 1502
1523380 1505
1523390 1505
1523400 1508
1523410 1511
1523420 1513
1523430 1513
1523440 1516
1523450 1519
1523460 1519
1523470 1522
1523480 1526
1523490 1526
1523500 1529
1523510 1532
1523520 1532
1523530 1534
1523540 1537
1523550 1537
1523560 1540
1523570 1543
1523580 1543
1523590 1544
1523600 1546
1523610 1548
1523620 1548
1523630 1550
1523640 1552
1523650 1552
1523660 1554
1523670 1556
1523680 1556
1523690 1559
1523700 1560
1523710 1560
1523720 1562
1523730 1564
1523740 1564
1523750 1566
1523760 1567
1523770 1567
1523780 1569
1523790 1571
1523800 1571
1523810 1572
1523820 1574
1523830 1576
1523840 1576
1523850 1577
1523860 1579
1523870 1579
1523880 1581
1523890 1583
1523900 1583
1523910 1584
1523920 1586
1523930 1586
1523940 1587
1523950 1589
1523960 1589
1523970 1591
1523980 1591
1523990 1591
1524000 1593
1524010 1594
1524020 1594
1524030 1596
1524040 1597
1524050 1599
1524060 1599
1524070 1600
1524080 1601
1524090 1601
1524100 1602
1524110 1604
1524120 1604
1524130 1605
1524140 1606
1524150 1606
1524160 1607
1524170 1608
1524180 1608
1524190 1610
1524200 1611
1524210 1611
1524220 1613
1524230 1614
1524240 1614
1524250 1615
1524260 1616
1524270 1617
1524280 1617
1524290 1618
1524300 1620
1524310 1620
1524320 1621
1524330 1623
1524340 1623
1524350 1624
1524360 1625
1524370 1625
1524380 1626
1524390 1628
1524400 1628
1524410 1629
1524420 1631
1524430 1631
1524440 1632
1524450 1633
1524460 1634
1524470 1634
1524480 1636
1524490 1637
1524500 1637
1524510 1638
1524520 1638
1524530 1638
1524540 1639
1524550 1640
1524560 1640
1524570 1642
1524580 1643
1524590 1643
1524600 1646
1524610 1647
1524620 1647
1524630 1649
1524640 1650
1524650 1650
1524660 1651
1524670 1652
1524680 1653
1524690 1653
1524700 1654
1524710 1656
1524720 1656
1524730 1657
1524740 1658
1524750 1658
1524760 1659
1524770 1660
1524780 1660
1524790 1660
1524800 1661
1524810 1661
1524820 1662
1524830 1663
1524840 1663
1524850 1663
1524860 1664
1524870 1664
1524880 1665
1524890 1665
1524900 1665
1524910 1665
1524920 1665
1524930 1664
1524940 1664
1524950 1664
1524960 1664
1524970 1664
1524980 1664
1524990 1663
1525000 1663
1525010 1662
1525020 1662
1525030 1662
1525040 1662
1525050 1661
1525060 1661
1525070 1661
1525080 1660
1525090 1660
1525100 1660
1525110 1659
1525120 1659
1525130 1659
1525140 1658
1525150 1657
1525160 1657
1525170 1657
1525180 1656
1525190 1656
1525200 1656
1525210 1655
1525220 1655
1525230 1655
1525240 1654
1525250 1654
1525260 1653
1525270 1652
1525280 1652
1525290 1651
1525300 1650
1525310 1650
1525320 1649
1525330 1648
1525340 1647
1525350 1647
1525360 1647
1525370 1645
1525380 1645
1525390 1644
1525400 1643
1525410 1643
1525420 1642
1525430 1641
1525440 1641
1525450 1639
1525460 1638
1525470 1638
1525480 1636
1525490 1634
1525500 1634
1525510 1629
1525520 1626
1525530 1624
1525540 1624
1525550 1621
1525560 1618
1525570 1618
1525580 1614
1525590 1611
1525600 1611
1525610 1609
1525620 1607
1525630 1607
1525640 1605
1525650 1602
1525660 1602
1525670 1600
1525680 1597
1525690 1597
1525700 1592
1525710 1588
1525720 1588
1525730 1584
1525740 1582
1525750 1579
1525760 1579
1525770 1576
1525780 1572
1525790 1572
1525800 1568
1525810 1566
1525820 1566
1525830 1564
1525840 1562
1525850 1562
1525860 1560
1525870 1560
1525880 1560
1525890 1559
1525900 1558
1525910 1558
1525920 1557
1525930 1555
1525940 1555
1525950 1553
1525960 1551
1525970 1548
1525980 1548
1525990 1544
1526000 1539
1526010 1539
1526020 1533
1526030 1529
1526040 1529
1526050 1525
1526060 1521
1526070 1521
1526080 1516
1526090 1511
1526100 1511
1526110 1507
1526120 1502
1526130 1502
1526140 1498
1526150 1495
1526160 1495
1526170 1491
1526180 1486
1526190 1482
1526200 1482
1526210 1477
1526220 1472
1526230 1472
1526240 1466
1526250 1460
1526260 1460
1526270 1454
1526280 1448
1526290 1448
1526300 1442
1526310 1437
1526320 1437
1526330 1431
1526340 1426
1526350 1426
1526360 1421
1526370 1415
1526380 1415
1526390 1410
1526400 1404
1526410 1398
1526420 1398
1526430 1391
1526440 1385
1526450 1385
1526460 1380
1526470 1375
1526480 1375
1526490 1370
1526500 1365
1526510 1365
1526520 1360
1526530 1355
1526540 1355
1526550 1350
1526560 1346
1526570 1346
1526580 1340
1526590 1337
1526600 1332
1526610 1332
1526620 1327
1526630 1322
1526640 1322
1526650 1317
1526660 1312
1526670 1312
1526680 1308
1526690 1303
1526700 1303
1526710 1299
1526720 1295
1526730 1295
1526740 1290
1526750 1286
1526760 1286
1526770 1280
1526780 1276
1526790 1276
1526800 1271
1526810 1266
1526820 1260
1526830 1260
1526840 1252
1526850 1245
1526860 1245
1526870 1238
1526880 1229
1526890 1229
1526900 1221
1526910 1214
1526920 1214
1526930 1212
1526940 1210
1526950 1210
1526960 1209
1526970 1208
1526980 1208
1526990 1207
1527000 1209
1527010 1209
1527020 1221
1527030 1232
1527040 1239
1527050 1239
1527060 1244
1527070 1248
1527080 1248
1527090 1251
1527100 1255
1527110 1255
1527120 1258
1527130 1263
1527140 1263
1527150 1268
1527160 1274
1527170 1274
1527180 1279
1527190 1281
1527200 1281
1527210 1282
1527220 1284
1527230 1284
1527240 1287
1527250 1290
1527260 1295
1527270 1295
1527280 1298
1527290 1302
1527300 1302
1527310 1304
1527320 1308
1527330 1308
1527340 1311
1527350 1312
1527360 1312
1527370 1316
1527380 1320
1527390 1320
1527400 1325
1527410 1329
1527420 1329
1527430 1333
1527440 1338
1527450 1338
1527460 1341
1527470 1345
1527480 1350
1527490 1350
1527500 1355
1527510 1361
1527520 1361
1527530 1367
1527540 1373
1527550 1373
1527560 1378
1527570 1383
1527580 1382
1527590 1387
1527600 1393
1527610 1393
1527620 1398
1527630 1404
1527640 1404
1527650 1410
1527660 1416
1527670 1422
1527680 1422
1527690 1427
1527700 1433
1527710 1433
1527720 1439
1527730 1444
1527740 1444
1527750 1449
1527760 1453
1527770 1453
1527780 1456
1527790 1460
1527800 1460
1527810 1463
1527820 1466
1527830 1466
1527840 1469
1527850 1473
1527860 1473
1527870 1476
1527880 1479
1527890 1481
1527900 1481
1527910 1483
1527920 1484
1527930 1484
1527940 1487
1527950 1489
1527960 1489
1527970 1492
1527980 1495
1527990 1495
1528000 1496
1528010 1498
1528020 1498
1528030 1500
1528040 1501
1528050 1501
1528060 1501
1528070 1502
1528080 1502
1528090 1501
1528100 1500
1528110 1499
1528120 1499
1528130 1497
1528140 1495
1528150 1495
1528160 1493
1528170 1491
1528180 1491
1528190 1489
1528200 1487
1528210 1487
1528220 1486
1528230 1486
1528240 1486
1528250 1486
1528260 1485
1528270 1485
1528280 1485
1528290 1487
1528300 1487
1528310 1489
1528320 1491
1528330 1494
1528340 1494
1528350 1498
1528360 1499
1528370 1499
1528380 1498
1528390 1497
1528400 1497
1528410 1496
1528420 1497
1528430 1497
1528440 1497
1528450 1498
1528460 1498
1528470 1499
1528480 1502
1528490 1502
1528500 1506
1528510 1509
1528520 1509
1528530 1512
1528540 1516
1528550 1518
1528560 1518
1528570 1520
1528580 1522
1528590 1522
1528600 1523
1528610 1525
1528620 1525
1528630 1526
1528640 1525
1528650 1525
1528660 1526
1528670 1529
1528680 1529
1528690 1533
1528700 1539
1528710 1539
1528720 1546
1528730 1552
1528740 1558
1528750 1558
1528760 1564
1528770 1570
1528780 1570
1528790 1576
1528800 1582
1528810 1582
1528820 1588
1528830 1594
1528840 1594
1528850 1600
1528860 1606
1528870 1606
1528880 1611
1528890 1618
1528900 1618
1528910 1624
1528920 1630
1528930 1630
1528940 1635
1528950 1640
1528960 1645
1528970 1645
1528980 1650
1528990 1655
1529000 1655
1529010 1660
1529020 1665
1529030 1665
1529040 1669
1529050 1674
1529060 1674
1529070 1679
1529080 1683
1529090 1683
1529100 1688
1529110 1692
1529120 1692
1529130 1696
1529140 1700
1529150 1700
1529160 1703
1529170 1707
1529180 1710
1529190 1710
1529200 1713
1529210 1717
1529220 1717
1529230 1720
1529240 1724
1529250 1724
1529260 1727
1529270 1731
1529280 1731
1529290 1732
1529300 1734
1529310 1734
1529320 1736
1529330 1737
1529340 1737
1529350 1738
1529360 1738
1529370 1738
1529380 1739
1529390 1740
1529400 1742
1529410 1742
1529420 1745
1529430 1747
1529440 1747
1529450 1748
1529460 1750
1529470 1750
1529480 1752
1529490 1753
1529500 1753
1529510 1754
1529520 1755
1529530 1755
1529540 1756
1529550 1756
1529560 1756
1529570 1756
1529580 1757
1529590 1757
1529600 1757
1529610 1757
1529620 1757
1529630 1757
1529640 1756
1529650 1756
1529660 1756
1529670 1756
1529680 1755
1529690 1755
1529700 1754
1529710 1752
1529720 1752
1529730 1750
1529740 1747
1529750 1747
1529760 1745
1529770 1743
1529780 1743
1529790 1741
1529800 1739
1529810 1737
1529820 1737
1529830 1734
1529840 1732
1529850 1732
1529860 1730
1529870 1728
1529880 1728
1529890 1727
1529900 1725
1529910 1725
1529920 1723
1529930 1720
1529940 1720
1529950 1717
1529960 1713
1529970 1713
1529980 1709
1529990 1706
1530000 1706
1530010 1703
1530020 1700
1530030 1696
1530040 1696
1530050 1693
1530060 1690
1530070 1690
1530080 1688
1530090 1686
1530100 1686
1530110 1684
1530120 1681
1530130 1681
1530140 1678
1530150 1674
1530160 1674
1530170 1669
1530180 1666
1530190 1666
1530200 1663
1530210 1659
1530220 1659
1530230 1655
1530240 1652
1530250 1650
1530260 1650
1530270 1648
1530280 1646
1530290 1646
1530300 1644
1530310 1642
1530320 1642
1530330 1639
1530340 1635
1530350 1635
1530360 1632
1530370 1629
1530380 1629
1530390 1626
1530400 1623
1530410 1623
1530420 1621
1530430 1622
1530440 1617
1530450 1618
1530460 1621
1530470 1622
1530480 1622
1530490 1620
1530500 1617
1530510 1617
1530520 1613
1530530 1608
1530540 1608
1530550 1602
1530560 1595
1530570 1595
1530580 1590
1530590 1584
1530600 1584
1530610 1579
1530620 1574
1530630 1574
1530640 1569
1530650 1564
1530660 1560
1530670 1560
1530680 1555
1530690 1551
1530700 1551
1530710 1546
1530720 1542
1530730 1542
1530740 1537
1530750 1532
1530760 1532
1530770 1527
1530780 1521
1530790 1521
1530800 1515
1530810 1509
1530820 1509
1530830 1503
1530840 1496
1530850 1496
1530860 1491
1530870 1484
1530880 1477
1530890 1477
1530900 1470
1530910 1464
1530920 1464
1530930 1460
1530940 1454
1530950 1454
1530960 1449
1530970 1444
1530980 1444
1530990 1438
1531000 1433
1531010 1433
1531020 1428
1531030 1424
1531040 1424
1531050 1419
1531060 1414
1531070 1414
1531080 1407
1531090 1400
1531100 1393
1531110 1393
1531120 1385
1531130 1379
1531140 1379
1531150 1371
1531160 1364
1531170 1364
1531180 1360
1531190 1356
1531200 1356
1531210 1351
1531220 1352
1531230 1352
1531240 1360
1531250 1367
1531260 1367
1531270 1372
1531280 1376
1531290 1376
1531300 1380
1531310 1385
1531320 1390
1531330 1390
1531340 1395
1531350 1400
1531360 1400
1531370 1401
1531380 1402
1531390 1402
1531400 1400
1531410 1400
1531420 1400
1531430 1401
1531440 1402
1531450 1402
1531460 1404
1531470 1408
1531480 1408
1531490 1411
1531500 1413
1531510 1413
1531520 1414
1531530 1416
1531540 1416
1531550 1416
1531560 1416
1531570 1415
1531580 1415
1531590 1414
1531600 1413
1531610 1413
1531620 1412
1531630 1410
1531640 1410
1531650 1409
1531660 1409
1531670 1409
1531680 1409
1531690 1410
1531700 1410
1531710 1410
1531720 1409
1531730 1408
1531740 1408
1531750 1406
1531760 1402
1531770 1402
1531780 1400
1531790 1398
1531800 1398
1531810 1396
1531820 1395
1531830 1395
1531840 1394
1531850 1393
1531860 1393
1531870 1391
1531880 1390
1531890 1390
1531900 1389
1531910 1388
1531920 1388
1531930 1386
1531940 1384
1531950 1383
1531960 1383
1531970 1382
1531980 1381
1531990 1381
1532000 1381
1532010 1381
1532020 1381
1532030 1381
1532040 1380
1532050 1380
1532060 1378
1532070 1376
1532080 1376
1532090 1376
1532100 1375
1532110 1375
1532120 1374
1532130 1372
1532140 1372
1532150 1369
1532160 1367
1532170 1364
1532180 1364
1532190 1359
1532200 1355
1532210 1355
1532220 1351
1532230 1347
1532240 1347
1532250 1344
1532260 1341
1532270 1341
1532280 1337
1532290 1335
1532300 1335
1532310 1335
1532320 1339
1532330 1339
1532340 1344
1532350 1348
1532360 1348
1532370 1353
1532380 1356
1532390 1358
1532400 1358
1532410 1360
1532420 1360
1532430 1360
1532440 1360
1532450 1358
1532460 1358
1532470 1356
1532480 1355
1532490 1355
1532500 1354
1532510 1352
1532520 1352
1532530 1351
1532540 1348
1532550 1348
1532560 1346
1532570 1342
1532580 1342
1532590 1340
1532600 1337
1532610 1335
1532620 1335
1532630 1332
1532640 1328
1532650 1328
1532660 1324
1532670 1321
1532680 1321
1532690 1318
1532700 1315
1532710 1315
1532720 1312
1532730 1310
1532740 1310
1532750 1308
1532760 1306
1532770 1306
1532780 1304
1532790 1301
1532800 1299
1532810 1299
1532820 1297
1532830 1296
1532840 1296
1532850 1296
1532860 1298
1532870 1298
1532880 1299
1532890 1298
1532900 1298
1532910 1297
1532920 1295
1532930 1295
1532940 1294
1532950 1292
1532960 1292
1532970 1291
1532980 1289
1532990 1289
1533000 1286
1533010 1284
1533020 1280
1533030 1280
1533040 1277
1533050 1271
1533060 1271
1533070 1262
1533080 1256
1533090 1256
1533100 1249
1533110 1242
1533120 1242
1533130 1236
1533140 1229
1533150 1229
1533160 1223
1533170 1218
1533180 1218
1533190 1209
1533200 1198
1533210 1198
1533220 1192
1533230 1197
1533240 1196
1533250 1196
1533260 1190
1533270 1184
1533280 1184
1533290 1180
1533300 1179
1533310 1179
1533320 1182
1533330 1187
1533340 1187
1533350 1191
1533360 1195
1533370 1195
1533380 1199
1533390 1202
1533400 1202
1533410 1203
1533420 1202
1533430 1202
1533440 1202
1533450 1203
1533460 1203
1533470 1203
1533480 1202
1533490 1202
1533500 1202
1533510 1202
1533520 1202
1533530 1202
1533540 1201
1533550 1201
1533560 1201
1533570 1199
1533580 1196
1533590 1196
1533600 1195
1533610 1194
1533620 1194
1533630 1195
1533640 1197
1533650 1196
1533660 1196
1533670 1194
1533680 1191
1533690 1191
1533700 1190
1533710 1188
1533720 1188
1533730 1185
1533740 1184
1533750 1184
1533760 1184
1533770 1183
1533780 1183
1533790 1182
1533800 1181
1533810 1181
1533820 1179
1533830 1176
1533840 1176
1533850 1171
1533860 1167
1533870 1165
1533880 1165
1533890 1162
1533900 1156
1533910 1156
1533920 1147
1533930 1140
1533940 1140
1533950 1136
1533960 1132
1533970 1132
1533980 1127
1533990 1127
1534000 1127
1534010 1137
1534020 1146
1534030 1146
1534040 1155
1534050 1164
1534060 1164
1534070 1171
1534080 1175
1534090 1178
1534100 1178
1534110 1180
1534120 1182
1534130 1182
1534140 1183
1534150 1185
1534160 1185
1534170 1186
1534180 1186
1534190 1186
1534200 1186
1534210 1186
1534220 1186
1534230 1186
1534240 1185
1534250 1185
1534260 1184
1534270 1184
1534280 1184
1534290 1185
1534300 1185
1534310 1185
1534320 1185
1534330 1185
1534340 1186
1534350 1186
1534360 1187
1534370 1186
1534380 1186
1534390 1186
1534400 1185
1534410 1185
1534420 1185
1534430 1186
1534440 1186
1534450 1186
1534460 1186
1534470 1186
1534480 1186
1534490 1185
1534500 1185
1534510 1186
1534520 1188
1534530 1189
1534540 1189
1534550 1190
1534560 1192
1534570 1192
1534580 1193
1534590 1194
1534600 1194
1534610 1195
1534620 1196
1534630 1196
1534640 1198
1534650 1199
1534660 1199
1534670 1200
1534680 1203
1534690 1203
1534700 1207
1534710 1211
1534720 1216
1534730 1216
1534740 1220
1534750 1224
1534760 1224
1534770 1227
1534780 1228
1534790 1228
1534800 1229
1534810 1230
1534820 1230
1534830 1230
1534840 1230
1534850 1230
1534860 1230
1534870 1230
1534880 1230
1534890 1231
1534900 1231
1534910 1231
1534920 1232
1534930 1234
1534940 1237
1534950 1237
1534960 1241
1534970 1245
1534980 1245
1534990 1250
1535000 1253
1535010 1253
1535020 1254
1535030 1254
1535040 1254
1535050 1253
1535060 1252
1535070 1252
1535080 1251
1535090 1250
1535100 1250
1535110 1250
1535120 1250
1535130 1250
1535140 1249
1535150 1248
1535160 1246
1535170 1246
1535180 1245
1535190 1245
1535200 1245
1535210 1245
1535220 1245
1535230 1245
1535240 1245
1535250 1245
1535260 1245
1535270 1244
1535280 1244
1535290 1244
1535300 1243
1535310 1243
1535320 1243
1535330 1242
1535340 1240
1535350 1240
1535360 1239
1535370 1237
1535380 1234
1535390 1234
1535400 1233
1535410 1232
1535420 1232
1535430 1230
1535440 1229
1535450 1229
1535460 1229
1535470 1228
1535480 1228
1535490 1226
1535500 1224
1535510 1224
1535520 1222
1535530 1222
1535540 1222
1535550 1220
1535560 1217
1535570 1217
1535580 1211
1535590 1203
1535600 1195
1535610 1195
1535620 1188
1535630 1179
1535640 1179
1535650 1168
1535660 1164
1535670 1162
1535680 1162
1535690 1165
1535700 1165
1535710 1169
1535720 1176
1535730 1176
1535740 1185
1535750 1192
1535760 1192
1535770 1198
1535780 1206
1535790 1215
1535800 1215
1535810 1224
1535820 1230
1535830 1230
1535840 1236
1535850 1242
1535860 1242
1535870 1247
1535880 1253
1535890 1253
1535900 1259
1535910 1266
1535920 1266
1535930 1274
1535940 1281
1535950 1281
1535960 1286
1535970 1291
1535980 1291
1535990 1295
1536000 1302
1536010 1308
1536020 1308
1536030 1312
1536040 1317
1536050 1317
1536060 1321
1536070 1326
1536080 1326
1536090 1332
1536100 1338
1536110 1338
1536120 1340
1536130 1342
1536140 1342
1536150 1344
1536160 1349
1536170 1349
1536180 1353
1536190 1356
1536200 1356
1536210 1357
1536220 1359
1536230 1363
1536240 1363
1536250 1366
1536260 1368
1536270 1368
1536280 1369
1536290 1369
1536300 1369
1536310 1370
1536320 1371
1536330 1371
1536340 1372
1536350 1375
1536360 1375
1536370 1380
1536380 1384
1536390 1384
1536400 1386
1536410 1389
1536420 1389
1536430 1390
1536440 1390
1536450 1391
1536460 1391
1536470 1393
1536480 1396
1536490 1396
1536500 1398
1536510 1400
1536520 1400
1536530 1400
1536540 1400
1536550 1400
1536560 1399
1536570 1398
1536580 1398
1536590 1397
1536600 1396
1536610 1396
1536620 1395
1536630 1395
1536640 1395
1536650 1395
1536660 1396
1536670 1397
1536680 1397
1536690 1398
1536700 1397
1536710 1397
1536720 1396
1536730 1394
1536740 1394
1536750 1392
1536760 1390
1536770 1390
1536780 1390
1536790 1391
1536800 1391
1536810 1393
1536820 1394
1536830 1394
1536840 1396
1536850 1398
1536860 1401
1536870 1401
1536880 1407
1536890 1411
1536900 1411
1536910 1417
1536920 1421
1536930 1421
1536940 1425
1536950 1429
1536960 1429
1536970 1433
1536980 1437
1536990 1437
1537000 1441
1537010 1445
1537020 1445
1537030 1449
1537040 1453
1537050 1453
1537060 1455
1537070 1459
1537080 1464
1537090 1464
1537100 1467
1537110 1470
1537120 1470
1537130 1471
1537140 1472
1537150 1472
1537160 1473
1537170 1476
1537180 1476
1537190 1478
1537200 1482
1537210 1482
1537220 1486
1537230 1490
1537240 1490
1537250 1494
1537260 1497
1537270 1497
1537280 1500
1537290 1504
1537300 1507
1537310 1507
1537320 1511
1537330 1515
1537340 1515
1537350 1519
1537360 1523
1537370 1523
1537380 1527
1537390 1531
1537400 1531
1537410 1535
1537420 1540
1537430 1540
1537440 1545
1537450 1550
1537460 1550
1537470 1553
1537480 1557
1537490 1557
1537500 1561
1537510 1564
1537520 1567
1537530 1567
1537540 1570
1537550 1574
1537560 1574
1537570 1578
1537580 1582
1537590 1582
1537600 1585
1537610 1587
1537620 1587
1537630 1591
1537640 1595
1537650 1595
1537660 1599
1537670 1602
1537680 1602
1537690 1606
1537700 1609
1537710 1609
1537720 1613
1537730 1616
1537740 1620
1537750 1620
1537760 1622
1537770 1625
1537780 1625
1537790 1628
1537800 1632
1537810 1632
1537820 1636
1537830 1639
1537840 1639
1537850 1642
1537860 1643
1537870 1643
1537880 1643
1537890 1641
1537900 1641
1537910 1639
1537920 1635
1537930 1631
1537940 1631
1537950 1626
1537960 1622
1537970 1622
1537980 1618
1537990 1614
1538000 1614
1538010 1611
1538020 1608
1538030 1608
1538040 1606
1538050 1604
1538060 1604
1538070 1602
1538080 1600
1538090 1600
1538100 1597
1538110 1595
1538120 1595
1538130 1593
1538140 1591
1538150 1588
1538160 1588
1538170 1585
1538180 1582
1538190 1582
1538200 1579
1538210 1577
1538220 1577
1538230 1574
1538240 1571
1538250 1571
1538260 1566
1538270 1561
1538280 1561
1538290 1557
1538300 1554
1538310 1554
1538320 1552
1538330 1549
1538340 1549
1538350 1546
1538360 1543
1538370 1540
1538380 1540
1538390 1537
1538400 1533
1538410 1533
1538420 1529
1538430 1524
1538440 1524
1538450 1520
1538460 1516
1538470 1516
1538480 1510
1538490 1504
1538500 1504
1538510 1500
1538520 1493
1538530 1493
1538540 1489
1538550 1483
1538560 1483
1538570 1479
1538580 1475
1538590 1471
1538600 1471
1538610 1468
1538620 1464
1538630 1464
1538640 1461
1538650 1458
1538660 1458
1538670 1455
1538680 1451
1538690 1451
1538700 1447
1538710 1443
1538720 1443
1538730 1439
1538740 1434
1538750 1434
1538760 1429
1538770 1425
1538780 1425
1538790 1420
1538800 1415
1538810 1410
1538820 1410
1538830 1406
1538840 1403
1538850 1403
1538860 1402
1538870 1400
1538880 1400
1538890 1398
1538900 1396
1538910 1396
1538920 1393
1538930 1390
1538940 1390
1538950 1387
1538960 1382
1538970 1382
1538980 1378
1538990 1374
1539000 1370
1539010 1370
1539020 1366
1539030 1363
1539040 1363
1539050 1358
1539060 1353
1539070 1353
1539080 1349
1539090 1344
1539100 1344
1539110 1341
1539120 1338
1539130 1338
1539140 1334
1539150 1330
1539160 1330
1539170 1326
1539180 1323
1539190 1323
1539200 1320
1539210 1316
1539220 1313
1539230 1313
1539240 1310
1539250 1308
1539260 1308
1539270 1306
1539280 1303
1539290 1303
1539300 1299
1539310 1295
1539320 1295
1539330 1291
1539340 1287
1539350 1287
1539360 1283
1539370 1276
1539380 1276
1539390 1272
1539400 1268
1539410 1268
1539420 1263
1539430 1258
1539440 1254
1539450 1254
1539460 1249
1539470 1242
1539480 1242
1539490 1236
1539500 1234
1539510 1234
1539520 1228
1539530 1221
1539540 1221
1539550 1215
1539560 1209
1539570 1209
1539580 1205
1539590 1202
1539600 1202
1539610 1202
1539620 1201
1539630 1201
1539640 1199
1539650 1196
1539660 1195
1539670 1195
1539680 1195
1539690 1195
1539700 1195
1539710 1193
1539720 1189
1539730 1189
1539740 1186
1539750 1184
1539760 1184
1539770 1182
1539780 1180
1539790 1180
1539800 1176
1539810 1168
1539820 1168
1539830 1161
1539840 1154
1539850 1154
1539860 1148
1539870 1145
1539880 1141
1539890 1141
1539900 1144
1539910 1151
1539920 1151
1539930 1158
1539940 1163
1539950 1163
1539960 1168
1539970 1173
1539980 1173
1539990 1177
