1520000 1462
1520010 1463
1520020 1466
1520030 1466
1520040 1469
1520050 1471
1520060 1471
1520070 1472
1520080 1473
1520090 1468
1520100 1468
1520110 1468
1520120 1468
1520130 1468
1520140 1468
1520150 1468
1520160 1467
1520170 1466
1520180 1466
1520190 1466
1520200 1466
1520210 1466
1520220 1466
1520230 1466
1520240 1466
1520250 1466
1520260 1466
1520270 1467
1520280 1467
1520290 1468
1520300 1469
1520310 1469
1520320 1470
1520330 1471
1520340 1471
1520350 1472
1520360 1473
1520370 1473
1520380 1473
1520390 1472
1520400 1472
1520410 1472
1520420 1472
1520430 1472
1520440 1472
1520450 1471
1520460 1472
1520470 1472
1520480 1473
1520490 1473
1520500 1473
1520510 1473
1520520 1473
1520530 1473
1520540 1473
1520550 1473
1520560 1473
1520570 1473
1520580 1473
1520590 1473
1520600 1473
1520610 1473
1520620 1473
1520630 1473
1520640 1473
1520650 1472
1520660 1472
1520670 1471
1520680 1470
1520690 1470
1520700 1470
1520710 1469
1520720 1469
1520730 1468
1520740 1467
1520750 1467
1520760 1465
1520770 1462
1520780 1462
1520790 1461
1520800 1460
1520810 1460
1520820 1460
1520830 1459
1520840 1459
1520850 1459
1520860 1458
1520870 1456
1520880 1456
1520890 1455
1520900 1453
1520910 1453
1520920 1451
1520930 1448
1520940 1448
1520950 1446
1520960 1445
1520970 1445
1520980 1442
1520990 1438
1521000 1438
1521010 1439
1521020 1439
1521030 1439
1521040 1437
1521050 1436
1521060 1434
1521070 1434
1521080 1431
1521090 1430
1521100 1430
1521110 1428
1521120 1427
1521130 1427
1521140 1428
1521150 1427
1521160 1427
1521170 1426
1521180 1424
1521190 1424
1521200 1422
1521210 1421
1521220 1421
1521230 1420
1521240 1418
1521250 1418
1521260 1415
1521270 1413
1521280 1412
1521290 1412
1521300 1410
1521310 1408
1521320 1408
1521330 1407
1521340 1405
1521350 1405
1521360 1404
1521370 1403
1521380 1403
1521390 1401
1521400 1400
1521410 1400
1521420 1400
1521430 1399
1521440 1399
1521450 1398
1521460 1396
1521470 1396
1521480 1394
1521490 1393
1521500 1392
1521510 1392
1521520 1391
1521530 1390
1521540 1390
1521550 1389
1521560 1387
1521570 1387
1521580 1386
1521590 1384
1521600 1384
1521610 1381
1521620 1379
1521630 1379
1521640 1376
1521650 1375
1521660 1375
1521670 1373
1521680 1370
1521690 1370
1521700 1367
1521710 1364
1521720 1362
1521730 1362
1521740 1358
1521750 1355
1521760 1355
1521770 1351
1521780 1346
1521790 1346
1521800 1342
1521810 1338
1521820 1338
1521830 1335
1521840 1332
1521850 1332
1521860 1327
1521870 1323
1521880 1323
1521890 1319
1521900 1315
1521910 1310
1521920 1310
1521930 1302
1521940 1297
1521950 1297
1521960 1290
1521970 1282
1521980 1282
1521990 1286
1522000 1289
1522010 1289
1522020 1292
1522030 1293
1522040 1293
1522050 1292
1522060 1291
1522070 1291
1522080 1290
1522090 1289
1522100 1289
1522110 1288
1522120 1286
1522130 1284
1522140 1284
1522150 1282
1522160 1280
1522170 1280
1522180 1276
1522190 1273
1522200 1273
1522210 1272
1522220 1269
1522230 1269
1522240 1267
1522250 1266
1522260 1266
1522270 1266
1522280 1267
1522290 1267
1522300 1268
1522310 1268
1522320 1268
1522330 1268
1522340 1269
1522350 1268
1522360 1268
1522370 1267
1522380 1265
1522390 1265
1522400 1263
1522410 1261
1522420 1261
1522430 1258
1522440 1257
1522450 1257
1522460 1252
1522470 1248
1522480 1248
1522490 1244
1522500 1241
1522510 1241
1522520 1238
1522530 1235
1522540 1235
1522550 1232
1522560 1227
1522570 1223
1522580 1223
1522590 1219
1522600 1214
1522610 1214
1522620 1212
1522630 1209
1522640 1209
1522650 1206
1522660 1203
1522670 1203
1522680 1201
1522690 1198
1522700 1198
1522710 1195
1522720 1193
1522730 1193
1522740 1191
1522750 1189
1522760 1189
1522770 1186
1522780 1182
1522790 1179
1522800 1179
1522810 1176
1522820 1174
1522830 1174
1522840 1171
1522850 1168
1522860 1168
1522870 1165
1522880 1163
1522890 1163
1522900 1161
1522910 1158
1522920 1158
1522930 1154
1522940 1152
1522950 1152
1522960 1150
1522970 1148
1522980 1148
1522990 1146
1523000 1144
1523010 1142
1523020 1142
1523030 1140
1523040 1137
1523050 1137
1523060 1135
1523070 1135
1523080 1135
1523090 1134
1523100 1130
1523110 1130
1523120 1128
1523130 1128
1523140 1128
1523150 1129
1523160 1128
1523170 1128
1523180 1127
1523190 1127
1523200 1127
1523210 1126
1523220 1125
1523230 1124
1523240 1124
1523250 1124
1523260 1124
1523270 1124
1523280 1123
1523290 1122
1523300 1122
1523310 1121
1523320 1120
1523330 1120
1523340 1119
1523350 1118
1523360 1118
1523370 1113
1523380 1104
1523390 1104
1523400 1100
1523410 1093
1523420 1093
1523430 1090
1523440 1090
1523450 1092
1523460 1092
1523470 1092
1523480 1091
1523490 1091
1523500 1088
1523510 1087
1523520 1087
1523530 1085
1523540 1084
1523550 1084
1523560 1083
1523570 1082
1523580 1082
1523590 1082
1523600 1082
1523610 1082
1523620 1082
1523630 1082
1523640 1082
1523650 1082
1523660 1082
1523670 1082
1523680 1082
1523690 1082
1523700 1081
1523710 1081
1523720 1081
1523730 1081
1523740 1081
1523750 1080
1523760 1080
1523770 1080
1523780 1079
1523790 1079
1523800 1079
1523810 1078
1523820 1077
1523830 1077
1523840 1076
1523850 1076
1523860 1076
1523870 1075
1523880 1074
1523890 1073
1523900 1073
1523910 1072
1523920 1072
1523930 1072
1523940 1071
1523950 1071
1523960 1071
1523970 1070
1523980 1070
1523990 1070
1524000 1069
1524010 1069
1524020 1069
1524030 1069
1524040 1069
1524050 1069
1524060 1069
1524070 1069
1524080 1069
1524090 1068
1524100 1068
1524110 1067
1524120 1067
1524130 1067
1524140 1065
1524150 1065
1524160 1063
1524170 1063
1524180 1063
1524190 1062
1524200 1060
1524210 1060
1524220 1060
1524230 1060
1524240 1060
1524250 1061
1524260 1061
1524270 1061
1524280 1062
1524290 1062
1524300 1062
1524310 1062
1524320 1063
1524330 1063
1524340 1063
1524350 1063
1524360 1063
1524370 1063
1524380 1063
1524390 1064
1524400 1064
1524410 1064
1524420 1065
1524430 1065
1524440 1065
1524450 1065
1524460 1065
1524470 1065
1524480 1065
1524490 1065
1524500 1065
1524510 1065
1524520 1065
1524530 1065
1524540 1065
1524550 1064
1524560 1064
1524570 1063
1524580 1062
1524590 1062
1524600 1062
1524610 1062
1524620 1062
1524630 1062
1524640 1061
1524650 1061
1524660 1061
1524670 1061
1524680 1061
1524690 1060
1524700 1059
1524710 1059
1524720 1059
1524730 1059
1524740 1057
1524750 1057
1524760 1057
1524770 1057
1524780 1057
1524790 1057
1524800 1057
1524810 1057
1524820 1057
1524830 1057
1524840 1057
1524850 1057
1524860 1057
1524870 1057
1524880 1057
1524890 1057
1524900 1057
1524910 1057
1524920 1057
1524930 1057
1524940 1056
1524950 1056
1524960 1056
1524970 1056
1524980 1055
1524990 1055
1525000 1055
1525010 1055
1525020 1055
1525030 1055
1525040 1057
1525050 1055
1525060 1055
1525070 1054
1525080 1054
1525090 1054
1525100 1054
1525110 1054
1525120 1054
1525130 1055
1525140 1057
1525150 1057
1525160 1058
1525170 1059
1525180 1060
1525190 1060
1525200 1061
1525210 1062
1525220 1062
1525230 1063
1525240 1064
1525250 1064
1525260 1064
1525270 1063
1525280 1063
1525290 1062
1525300 1061
1525310 1061
1525320 1059
1525330 1055
1525340 1055
1525350 1053
1525360 1054
1525370 1054
1525380 1056
1525390 1057
1525400 1058
1525410 1058
1525420 1061
1525430 1062
1525440 1062
1525450 1064
1525460 1066
1525470 1066
1525480 1068
1525490 1070
1525500 1070
1525510 1071
1525520 1072
1525530 1072
1525540 1073
1525550 1073
1525560 1073
1525570 1072
1525580 1072
1525590 1072
1525600 1076
1525610 1079
1525620 1081
1525630 1081
1525640 1082
1525650 1084
1525660 1084
1525670 1085
1525680 1087
1525690 1087
1525700 1090
1525710 1092
1525720 1092
1525730 1094
1525740 1096
1525750 1096
1525760 1099
1525770 1101
1525780 1101
1525790 1102
1525800 1103
1525810 1103
1525820 1104
1525830 1106
1525840 1108
1525850 1108
1525860 1110
1525870 1112
1525880 1112
1525890 1113
1525900 1115
1525910 1115
1525920 1117
1525930 1119
1525940 1119
1525950 1122
1525960 1124
1525970 1124
1525980 1126
1525990 1128
1526000 1128
1526010 1130
1526020 1132
1526030 1132
1526040 1133
1526050 1135
1526060 1136
1526070 1136
1526080 1137
1526090 1138
1526100 1138
1526110 1139
1526120 1141
1526130 1141
1526140 1144
1526150 1147
1526160 1147
1526170 1150
1526180 1152
1526190 1152
1526200 1154
1526210 1155
1526220 1155
1526230 1156
1526240 1157
1526250 1157
1526260 1159
1526270 1161
1526280 1163
1526290 1163
1526300 1165
1526310 1166
1526320 1166
1526330 1167
1526340 1169
1526350 1169
1526360 1170
1526370 1171
1526380 1171
1526390 1173
1526400 1174
1526410 1174
1526420 1176
1526430 1179
1526440 1179
1526450 1181
1526460 1183
1526470 1183
1526480 1185
1526490 1186
1526500 1187
1526510 1187
1526520 1188
1526530 1190
1526540 1190
1526550 1192
1526560 1192
1526570 1192
1526580 1193
1526590 1194
1526600 1194
1526610 1195
1526620 1194
1526630 1194
1526640 1195
1526650 1196
1526660 1196
1526670 1197
1526680 1197
1526690 1197
1526700 1197
1526710 1197
1526720 1197
1526730 1197
1526740 1199
1526750 1199
1526760 1199
1526770 1201
1526780 1202
1526790 1202
1526800 1204
1526810 1206
1526820 1206
1526830 1209
1526840 1210
1526850 1210
1526860 1211
1526870 1211
1526880 1211
1526890 1211
1526900 1212
1526910 1212
1526920 1212
1526930 1211
1526940 1211
1526950 1211
1526960 1210
1526970 1208
1526980 1208
1526990 1207
1527000 1206
1527010 1206
1527020 1206
1527030 1205
1527040 1205
1527050 1205
1527060 1204
1527070 1204
1527080 1203
1527090 1202
1527100 1202
1527110 1201
1527120 1200
1527130 1199
1527140 1199
1527150 1197
1527160 1196
1527170 1196
1527180 1196
1527190 1195
1527200 1195
1527210 1194
1527220 1193
1527230 1193
1527240 1191
1527250 1190
1527260 1190
1527270 1188
1527280 1186
1527290 1186
1527300 1185
1527310 1184
1527320 1184
1527330 1183
1527340 1181
1527350 1180
1527360 1180
1527370 1179
1527380 1177
1527390 1177
1527400 1175
1527410 1174
1527420 1174
1527430 1172
1527440 1171
1527450 1171
1527460 1169
1527470 1167
1527480 1167
1527490 1166
1527500 1165
1527510 1165
1527520 1163
1527530 1162
1527540 1162
1527550 1160
1527560 1159
1527570 1157
1527580 1157
1527590 1156
1527600 1154
1527610 1154
1527620 1152
1527630 1151
1527640 1151
1527650 1150
1527660 1148
1527670 1148
1527680 1147
1527690 1146
1527700 1146
1527710 1144
1527720 1142
1527730 1142
1527740 1140
1527750 1139
1527760 1139
1527770 1137
1527780 1135
1527790 1133
1527800 1133
1527810 1132
1527820 1129
1527830 1129
1527840 1127
1527850 1126
1527860 1126
1527870 1124
1527880 1122
1527890 1122
1527900 1120
1527910 1119
1527920 1119
1527930 1117
1527940 1116
1527950 1116
1527960 1115
1527970 1114
1527980 1114
1527990 1112
1528000 1112
1528010 1112
1528020 1112
1528030 1111
1528040 1110
1528050 1110
1528060 1109
1528070 1109
1528080 1109
1528090 1108
1528100 1108
1528110 1108
1528120 1108
1528130 1107
1528140 1107
1528150 1107
1528160 1106
1528170 1106
1528180 1105
1528190 1104
1528200 1104
1528210 1103
1528220 1102
1528230 1100
1528240 1100
1528250 1099
1528260 1097
1528270 1097
1528280 1095
1528290 1093
1528300 1093
1528310 1091
1528320 1089
1528330 1089
1528340 1087
1528350 1085
1528360 1085
1528370 1083
1528380 1081
1528390 1081
1528400 1080
1528410 1080
1528420 1080
1528430 1080
1528440 1080
1528450 1080
1528460 1080
1528470 1079
1528480 1078
1528490 1078
1528500 1078
1528510 1077
1528520 1077
1528530 1076
1528540 1075
1528550 1075
1528560 1073
1528570 1072
1528580 1072
1528590 1071
1528600 1070
1528610 1070
1528620 1070
1528630 1070
1528640 1070
1528650 1070
1528660 1070
1528670 1069
1528680 1069
1528690 1069
1528700 1069
1528710 1069
1528720 1069
1528730 1069
1528740 1069
1528750 1070
1528760 1070
1528770 1070
1528780 1069
1528790 1069
1528800 1069
1528810 1068
1528820 1068
1528830 1068
1528840 1068
1528850 1067
1528860 1067
1528870 1067
1528880 1067
1528890 1067
1528900 1067
1528910 1066
1528920 1066
1528930 1066
1528940 1067
1528950 1067
1528960 1067
1528970 1068
1528980 1070
1528990 1070
1529000 1071
1529010 1073
1529020 1073
1529030 1075
1529040 1076
1529050 1076
1529060 1077
1529070 1077
1529080 1077
1529090 1078
1529100 1078
1529110 1080
1529120 1080
1529130 1081
1529140 1081
1529150 1081
1529160 1081
1529170 1081
1529180 1081
1529190 1081
1529200 1082
1529210 1082
1529220 1084
1529230 1087
1529240 1087
1529250 1090
1529260 1094
1529270 1094
1529280 1097
1529290 1100
1529300 1100
1529310 1103
1529320 1108
1529330 1113
1529340 1113
1529350 1117
1529360 1122
1529370 1122
1529380 1127
1529390 1131
1529400 1131
1529410 1135
1529420 1139
1529430 1139
1529440 1144
1529450 1149
1529460 1149
1529470 1154
1529480 1158
1529490 1158
1529500 1163
1529510 1169
1529520 1169
1529530 1173
1529540 1184
1529550 1188
1529560 1188
1529570 1193
1529580 1197
1529590 1197
1529600 1201
1529610 1206
1529620 1206
1529630 1211
1529640 1215
1529650 1215
1529660 1220
1529670 1225
1529680 1225
1529690 1229
1529700 1234
1529710 1234
1529720 1238
1529730 1243
1529740 1243
1529750 1248
1529760 1254
1529770 1260
1529780 1260
1529790 1263
1529800 1266
1529810 1266
1529820 1269
1529830 1275
1529840 1275
1529850 1283
1529860 1288
1529870 1288
1529880 1293
1529890 1296
1529900 1296
1529910 1299
1529920 1301
1529930 1301
1529940 1302
1529950 1302
1529960 1303
1529970 1303
1529980 1303
1529990 1304
1530000 1304
1530010 1304
1530020 1305
1530030 1305
1530040 1306
1530050 1306
1530060 1306
1530070 1307
1530080 1310
1530090 1310
1530100 1315
1530110 1321
1530120 1321
1530130 1326
1530140 1330
1530150 1330
1530160 1333
1530170 1336
1530180 1340
1530190 1340
1530200 1343
1530210 1345
1530220 1345
1530230 1346
1530240 1344
1530250 1344
1530260 1340
1530270 1338
1530280 1338
1530290 1337
1530300 1338
1530310 1338
1530320 1340
1530330 1344
1530340 1344
1530350 1350
1530360 1356
1530370 1356
1530380 1361
1530390 1365
1530400 1371
1530410 1371
1530420 1375
1530430 1379
1530440 1379
1530450 1381
1530460 1385
1530470 1385
1530480 1391
1530490 1398
1530500 1398
1530510 1405
1530520 1413
1530530 1413
1530540 1419
1530550 1424
1530560 1424
1530570 1429
1530580 1434
1530590 1434
1530600 1439
1530610 1444
1530620 1450
1530630 1450
1530640 1455
1530650 1459
1530660 1459
1530670 1465
1530680 1469
1530690 1469
1530700 1474
1530710 1479
1530720 1479
1530730 1483
1530740 1488
1530750 1488
1530760 1492
1530770 1495
1530780 1495
1530790 1498
1530800 1501
1530810 1501
1530820 1504
1530830 1506
1530840 1508
1530850 1508
1530860 1511
1530870 1513
1530880 1513
1530890 1515
1530900 1516
1530910 1516
1530920 1518
1530930 1519
1530940 1519
1530950 1521
1530960 1523
1530970 1523
1530980 1525
1530990 1528
1531000 1528
1531010 1530
1531020 1533
1531030 1533
1531040 1535
1531050 1537
1531060 1539
1531070 1539
1531080 1540
1531090 1540
1531100 1540
1531110 1541
1531120 1541
1531130 1541
1531140 1541
1531150 1541
1531160 1541
1531170 1541
1531180 1541
1531190 1541
1531200 1541
1531210 1541
1531220 1541
1531230 1540
1531240 1540
1531250 1540
1531260 1540
1531270 1539
1531280 1539
1531290 1539
1531300 1538
1531310 1536
1531320 1536
1531330 1535
1531340 1534
1531350 1534
1531360 1532
1531370 1529
1531380 1529
1531390 1527
1531400 1525
1531410 1525
1531420 1522
1531430 1519
1531440 1519
1531450 1516
1531460 1514
1531470 1514
1531480 1510
1531490 1507
1531500 1504
1531510 1504
1531520 1501
1531530 1499
1531540 1499
1531550 1497
1531560 1495
1531570 1495
1531580 1493
1531590 1490
1531600 1490
1531610 1486
1531620 1483
1531630 1483
1531640 1482
1531650 1481
1531660 1481
1531670 1481
1531680 1482
1531690 1482
1531700 1482
1531710 1482
1531720 1482
1531730 1482
1531740 1482
1531750 1482
1531760 1482
1531770 1482
1531780 1479
1531790 1479
1531800 1476
1531810 1476
1531820 1476
1531830 1476
1531840 1477
1531850 1477
1531860 1477
1531870 1476
1531880 1476
1531890 1475
1531900 1472
1531910 1472
1531920 1471
1531930 1474
1531940 1483
1531950 1483
1531960 1489
1531970 1494
1531980 1494
1531990 1499
1532000 1504
1532010 1504
1532020 1508
1532030 1512
1532040 1512
1532050 1516
1532060 1519
1532070 1519
1532080 1522
1532090 1523
1532100 1523
1532110 1528
1532120 1531
1532130 1531
1532140 1534
1532150 1538
1532160 1541
1532170 1541
1532180 1545
1532190 1549
1532200 1549
1532210 1554
1532220 1559
1532230 1559
1532240 1563
1532250 1568
1532260 1568
1532270 1573
1532280 1576
1532290 1576
1532300 1580
1532310 1583
1532320 1583
1532330 1585
1532340 1586
1532350 1586
1532360 1589
1532370 1592
1532380 1594
1532390 1594
1532400 1596
1532410 1597
1532420 1597
1532430 1598
1532440 1599
1532450 1599
1532460 1601
1532470 1602
1532480 1602
1532490 1604
1532500 1606
1532510 1606
1532520 1608
1532530 1610
1532540 1610
1532550 1611
1532560 1614
1532570 1614
1532580 1617
1532590 1620
1532600 1624
1532610 1624
1532620 1626
1532630 1628
1532640 1628
1532650 1630
1532660 1632
1532670 1632
1532680 1634
1532690 1636
1532700 1636
1532710 1638
1532720 1640
1532730 1640
1532740 1642
1532750 1644
1532760 1644
1532770 1646
1532780 1649
1532790 1652
1532800 1652
1532810 1655
1532820 1656
1532830 1656
1532840 1659
1532850 1661
1532860 1661
1532870 1663
1532880 1664
1532890 1664
1532900 1665
1532910 1666
1532920 1666
1532930 1668
1532940 1671
1532950 1671
1532960 1673
1532970 1675
1532980 1675
1532990 1676
1533000 1676
1533010 1676
1533020 1676
1533030 1676
1533040 1676
1533050 1676
1533060 1676
1533070 1676
1533080 1676
1533090 1676
1533100 1676
1533110 1676
1533120 1677
1533130 1677
1533140 1677
1533150 1677
1533160 1677
1533170 1677
1533180 1678
1533190 1679
1533200 1679
1533210 1680
1533220 1682
1533230 1683
1533240 1683
1533250 1684
1533260 1686
1533270 1686
1533280 1687
1533290 1689
1533300 1689
1533310 1691
1533320 1693
1533330 1693
1533340 1695
1533350 1698
1533360 1698
1533370 1700
1533380 1701
1533390 1701
1533400 1703
1533410 1705
1533420 1705
1533430 1707
1533440 1709
1533450 1712
1533460 1712
1533470 1713
1533480 1715
1533490 1715
1533500 1716
1533510 1716
1533520 1716
1533530 1715
1533540 1714
1533550 1714
1533560 1713
1533570 1713
1533580 1713
1533590 1714
1533600 1714
1533610 1714
1533620 1714
1533630 1713
1533640 1713
1533650 1714
1533660 1715
1533670 1715
1533680 1715
1533690 1716
1533700 1717
1533710 1717
1533720 1717
1533730 1716
1533740 1716
1533750 1717
1533760 1717
1533770 1717
1533780 1716
1533790 1715
1533800 1715
1533810 1715
1533820 1715
1533830 1715
1533840 1715
1533850 1712
1533860 1712
1533870 1708
1533880 1706
1533890 1706
1533900 1706
1533910 1706
1533920 1708
1533930 1708
1533940 1710
1533950 1711
1533960 1711
1533970 1710
1533980 1706
1533990 1706
1534000 1702
1534010 1698
1534020 1698
1534030 1696
1534040 1694
1534050 1694
1534060 1693
1534070 1691
1534080 1691
1534090 1691
1534100 1690
1534110 1690
1534120 1690
1534130 1690
1534140 1690
1534150 1690
1534160 1691
1534170 1690
1534180 1690
1534190 1689
1534200 1689
1534210 1689
1534220 1689
1534230 1689
1534240 1689
1534250 1688
1534260 1687
1534270 1687
1534280 1686
1534290 1686
1534300 1686
1534310 1684
1534320 1682
1534330 1679
1534340 1679
1534350 1677
1534360 1673
1534370 1673
1534380 1670
1534390 1667
1534400 1667
1534410 1664
1534420 1662
1534430 1662
1534440 1660
1534450 1658
1534460 1658
1534470 1656
1534480 1654
1534490 1654
1534500 1652
1534510 1649
1534520 1649
1534530 1646
1534540 1644
1534550 1642
1534560 1642
1534570 1640
1534580 1637
1534590 1637
1534600 1634
1534610 1633
1534620 1633
1534630 1632
1534640 1630
1534650 1630
1534660 1629
1534670 1627
1534680 1627
1534690 1624
1534700 1623
1534710 1623
1534720 1621
1534730 1618
1534740 1618
1534750 1614
1534760 1610
1534770 1606
1534780 1606
1534790 1604
1534800 1601
1534810 1601
1534820 1598
1534830 1595
1534840 1595
1534850 1593
1534860 1591
1534870 1594
1534880 1592
1534890 1590
1534900 1590
1534910 1588
1534920 1585
1534930 1585
1534940 1583
1534950 1581
1534960 1581
1534970 1579
1534980 1576
1534990 1573
1535000 1573
1535010 1571
1535020 1568
1535030 1568
1535040 1566
1535050 1565
1535060 1565
1535070 1562
1535080 1560
1535090 1560
1535100 1557
1535110 1554
1535120 1554
1535130 1552
1535140 1549
1535150 1549
1535160 1545
1535170 1543
1535180 1543
1535190 1539
1535200 1536
1535210 1534
1535220 1534
1535230 1530
1535240 1526
1535250 1526
1535260 1521
1535270 1516
1535280 1516
1535290 1512
1535300 1507
1535310 1507
1535320 1501
1535330 1496
1535340 1496
1535350 1490
1535360 1483
1535370 1483
1535380 1475
1535390 1468
1535400 1461
1535410 1461
1535420 1453
1535430 1448
1535440 1448
1535450 1442
1535460 1436
1535470 1436
1535480 1431
1535490 1426
1535500 1426
1535510 1421
1535520 1413
1535530 1413
1535540 1405
1535550 1397
1535560 1397
1535570 1389
1535580 1380
1535590 1380
1535600 1371
1535610 1367
1535620 1370
1535630 1370
1535640 1374
1535650 1377
1535660 1377
1535670 1373
1535680 1369
1535690 1369
1535700 1364
1535710 1358
1535720 1358
1535730 1354
1535740 1349
1535750 1349
1535760 1343
1535770 1335
1535780 1335
1535790 1326
1535800 1323
1535810 1323
1535820 1317
1535830 1308
1535840 1301
1535850 1301
1535860 1297
1535870 1297
1535880 1297
1535890 1296
1535900 1297
1535910 1297
1535920 1299
1535930 1301
1535940 1301
1535950 1303
1535960 1305
1535970 1305
1535980 1306
1535990 1308
1536000 1308
1536010 1310
1536020 1309
1536030 1309
1536040 1307
1536050 1307
1536060 1307
1536070 1307
1536080 1305
1536090 1300
1536100 1300
1536110 1295
1536120 1291
1536130 1291
1536140 1288
1536150 1288
1536160 1288
1536170 1290
1536180 1295
1536190 1295
1536200 1299
1536210 1299
1536220 1299
1536230 1299
1536240 1301
1536250 1301
1536260 1304
1536270 1306
1536280 1304
1536290 1304
1536300 1301
1536310 1299
1536320 1299
1536330 1297
1536340 1294
1536350 1294
1536360 1292
1536370 1290
1536380 1290
1536390 1288
1536400 1286
1536410 1286
1536420 1284
1536430 1282
1536440 1282
1536450 1279
1536460 1276
1536470 1276
1536480 1273
1536490 1271
1536500 1268
1536510 1268
1536520 1266
1536530 1263
1536540 1263
1536550 1260
1536560 1258
1536570 1258
1536580 1255
1536590 1252
1536600 1252
1536610 1248
1536620 1245
1536630 1245
1536640 1242
1536650 1240
1536660 1240
1536670 1235
1536680 1229
1536690 1229
1536700 1225
1536710 1222
1536720 1218
1536730 1218
1536740 1214
1536750 1210
1536760 1210
1536770 1207
1536780 1203
1536790 1203
1536800 1200
1536810 1195
1536820 1195
1536830 1192
1536840 1189
1536850 1189
1536860 1186
1536870 1183
1536880 1183
1536890 1180
1536900 1177
1536910 1177
1536920 1174
1536930 1171
1536940 1168
1536950 1168
1536960 1163
1536970 1158
1536980 1158
1536990 1154
1537000 1148
1537010 1148
1537020 1140
1537030 1133
1537040 1133
1537050 1126
1537060 1121
1537070 1121
1537080 1115
1537090 1108
1537100 1108
1537110 1104
1537120 1099
1537130 1099
1537140 1095
1537150 1090
1537160 1085
1537170 1085
1537180 1079
1537190 1073
1537200 1073
1537210 1068
1537220 1064
1537230 1064
1537240 1059
1537250 1053
1537260 1053
1537270 1049
1537280 1044
1537290 1044
1537300 1039
1537310 1034
1537320 1034
1537330 1032
1537340 1027
1537350 1027
1537360 1024
1537370 1022
1537380 1019
1537390 1019
1537400 1015
1537410 1011
1537420 1011
1537430 1008
1537440 1004
1537450 1004
1537460 1001
1537470 999
1537480 999
1537490 997
1537500 995
1537510 995
1537520 993
1537530 990
1537540 990
1537550 989
1537560 987
1537570 987
1537580 986
1537590 986
1537600 985
1537610 985
1537620 984
1537630 984
1537640 984
1537650 983
1537660 981
1537670 981
1537680 980
1537690 974
1537700 974
1537710 974
1537720 974
1537730 974
1537740 975
1537750 979
1537760 979
1537770 986
1537780 997
1537790 997
1537800 1005
1537810 1015
1537820 1021
1537830 1021
1537840 1021
1537850 1015
1537860 1015
1537870 1011
1537880 1010
1537890 1010
1537900 1015
1537910 1021
1537920 1021
1537930 1025
1537940 1029
1537950 1029
1537960 1031
1537970 1033
1537980 1033
1537990 1035
1538000 1036
1538010 1036
1538020 1036
1538030 1035
1538040 1038
1538050 1038
1538060 1041
1538070 1040
1538080 1040
1538090 1044
1538100 1049
1538110 1049
1538120 1050
1538130 1049
1538140 1049
1538150 1046
1538160 1045
1538170 1045
1538180 1047
1538190 1050
1538200 1050
1538210 1051
1538220 1048
1538230 1047
1538240 1047
1538250 1047
1538260 1048
1538270 1048
1538280 1050
1538290 1052
1538300 1052
1538310 1056
1538320 1061
1538330 1061
1538340 1067
1538350 1073
1538360 1073
1538370 1077
1538380 1080
1538390 1080
1538400 1083
1538410 1087
1538420 1087
1538430 1089
1538440 1092
1538450 1098
1538460 1098
1538470 1105
1538480 1109
1538490 1109
1538500 1111
1538510 1113
1538520 1113
1538530 1115
1538540 1117
1538550 1117
1538560 1119
1538570 1119
1538580 1119
1538590 1117
1538600 1118
1538610 1118
1538620 1119
1538630 1121
1538640 1121
1538650 1121
1538660 1119
1538670 1116
1538680 1116
1538690 1114
1538700 1111
1538710 1111
1538720 1109
1538730 1109
1538740 1109
1538750 1109
1538760 1110
1538770 1110
1538780 1111
1538790 1112
1538800 1112
1538810 1113
1538820 1114
1538830 1114
1538840 1116
1538850 1119
1538860 1119
1538870 1120
1538880 1123
1538890 1125
1538900 1125
1538910 1129
1538920 1128
1538930 1128
1538940 1126
1538950 1128
1538960 1128
1538970 1131
1538980 1132
1538990 1132
1539000 1133
1539010 1133
1539020 1133
1539030 1135
1539040 1137
1539050 1137
1539060 1140
1539070 1145
1539080 1145
1539090 1151
1539100 1160
1539110 1168
1539120 1168
1539130 1170
1539140 1170
1539150 1170
1539160 1170
1539170 1171
1539180 1171
1539190 1171
1539200 1171
1539210 1171
1539220 1170
1539230 1171
1539240 1171
1539250 1173
1539260 1174
1539270 1174
1539280 1174
1539290 1174
1539300 1174
1539310 1175
1539320 1177
1539330 1178
1539340 1178
1539350 1180
1539360 1181
1539370 1181
1539380 1181
1539390 1182
1539400 1182
1539410 1181
1539420 1181
1539430 1181
1539440 1181
1539450 1185
1539460 1185
1539470 1189
1539480 1193
1539490 1193
1539500 1196
1539510 1199
1539520 1199
1539530 1201
1539540 1201
1539550 1202
1539560 1202
1539570 1202
1539580 1202
1539590 1202
1539600 1202
1539610 1201
1539620 1201
1539630 1201
1539640 1203
1539650 1203
1539660 1204
1539670 1204
1539680 1206
1539690 1207
1539700 1208
1539710 1208
1539720 1209
1539730 1208
1539740 1208
1539750 1206
1539760 1204
1539770 1203
1539780 1203
1539790 1204
1539800 1204
1539810 1204
1539820 1202
1539830 1201
1539840 1201
1539850 1200
1539860 1200
1539870 1200
1539880 1200
1539890 1200
1539900 1200
1539910 1199
1539920 1198
1539930 1198
1539940 1201
1539950 1203
1539960 1203
1539970 1206
1539980 1208
1539990 1207
