1520000 1378
1520010 1379
1520020 1378
1520030 1378
1520040 1379
1520050 1379
1520060 1379
1520070 1380
1520080 1381
1520090 1381
1520100 1382
1520110 1382
1520120 1382
1520130 1382
1520140 1383
1520150 1383
1520160 1384
1520170 1385
1520180 1385
1520190 1385
1520200 1385
1520210 1385
1520220 1386
1520230 1385
1520240 1385
1520250 1385
1520260 1387
1520270 1388
1520280 1388
1520290 1389
1520300 1390
1520310 1390
1520320 1391
1520330 1391
1520340 1391
1520350 1392
1520360 1391
1520370 1391
1520380 1392
1520390 1393
1520400 1393
1520410 1395
1520420 1396
1520430 1396
1520440 1396
1520450 1397
1520460 1397
1520470 1397
1520480 1398
1520490 1398
1520500 1398
1520510 1398
1520520 1399
1520530 1399
1520540 1399
1520550 1399
1520560 1399
1520570 1398
1520580 1398
1520590 1398
1520600 1398
1520610 1398
1520620 1398
1520630 1397
1520640 1397
1520650 1397
1520660 1396
1520670 1396
1520680 1395
1520690 1395
1520700 1394
1520710 1394
1520720 1394
1520730 1393
1520740 1392
1520750 1392
1520760 1391
1520770 1390
1520780 1390
1520790 1389
1520800 1388
1520810 1388
1520820 1387
1520830 1386
1520840 1386
1520850 1385
1520860 1384
1520870 1384
1520880 1383
1520890 1382
1520900 1379
1520910 1379
1520920 1377
1520930 1376
1520940 1376
1520950 1375
1520960 1373
1520970 1373
1520980 1371
1520990 1368
1521000 1368
1521010 1365
1521020 1363
1521030 1363
1521040 1361
1521050 1359
1521060 1359
1521070 1357
1521080 1355
1521090 1355
1521100 1354
1521110 1352
1521120 1347
1521130 1347
1521140 1343
1521150 1344
1521160 1344
1521170 1346
1521180 1347
1521190 1347
1521200 1349
1521210 1350
1521220 1350
1521230 1348
1521240 1346
1521250 1346
1521260 1346
1521270 1345
1521280 1345
1521290 1344
1521300 1342
1521310 1342
1521320 1341
1521330 1341
1521340 1338
1521350 1338
1521360 1336
1521370 1333
1521380 1333
1521390 1329
1521400 1323
1521410 1323
1521420 1316
1521430 1311
1521440 1311
1521450 1308
1521460 1309
1521470 1309
1521480 1311
1521490 1310
1521500 1310
1521510 1307
1521520 1305
1521530 1305
1521540 1303
1521550 1301
1521560 1298
1521570 1298
1521580 1294
1521590 1292
1521600 1292
1521610 1289
1521620 1286
1521630 1286
1521640 1283
1521650 1279
1521660 1279
1521670 1275
1521680 1272
1521690 1272
1521700 1268
1521710 1267
1521720 1267
1521730 1266
1521740 1264
1521750 1261
1521760 1261
1521770 1258
1521780 1255
1521790 1255
1521800 1252
1521810 1249
1521820 1249
1521830 1246
1521840 1242
1521850 1242
1521860 1238
1521870 1235
1521880 1235
1521890 1232
1521900 1229
1521910 1229
1521920 1226
1521930 1223
1521940 1223
1521950 1220
1521960 1216
1521970 1208
1521980 1208
1521990 1202
1522000 1195
1522010 1195
1522020 1188
1522030 1180
1522040 1180
1522050 1180
1522060 1178
1522070 1178
1522080 1174
1522090 1170
1522100 1170
1522110 1163
1522120 1155
1522130 1155
1522140 1152
1522150 1153
1522160 1153
1522170 1153
1522180 1145
1522190 1142
1522200 1142
1522210 1138
1522220 1135
1522230 1135
1522240 1132
1522250 1129
1522260 1129
1522270 1127
1522280 1126
1522290 1126
1522300 1125
1522310 1124
1522320 1124
1522330 1122
1522340 1121
1522350 1121
1522360 1120
1522370 1118
1522380 1118
1522390 1117
1522400 1115
1522410 1113
1522420 1113
1522430 1110
1522440 1108
1522450 1108
1522460 1107
1522470 1105
1522480 1105
1522490 1104
1522500 1101
1522510 1101
1522520 1099
1522530 1097
1522540 1097
1522550 1095
1522560 1092
1522570 1092
1522580 1092
1522590 1090
1522600 1090
1522610 1088
1522620 1086
1522630 1085
1522640 1085
1522650 1085
1522660 1083
1522670 1083
1522680 1083
1522690 1081
1522700 1081
1522710 1080
1522720 1080
1522730 1080
1522740 1079
1522750 1078
1522760 1078
1522770 1078
1522780 1077
1522790 1077
1522800 1077
1522810 1077
1522820 1077
1522830 1076
1522840 1075
1522850 1073
1522860 1073
1522870 1072
1522880 1072
1522890 1072
1522900 1072
1522910 1073
1522920 1073
1522930 1073
1522940 1073
1522950 1073
1522960 1071
1522970 1070
1522980 1070
1522990 1068
1523000 1067
1523010 1067
1523020 1067
1523030 1066
1523040 1066
1523050 1066
1523060 1065
1523070 1065
1523080 1065
1523090 1064
1523100 1063
1523110 1063
1523120 1061
1523130 1059
1523140 1059
1523150 1058
1523160 1057
1523170 1057
1523180 1056
1523190 1056
1523200 1056
1523210 1056
1523220 1056
1523230 1056
1523240 1056
1523250 1055
1523260 1055
1523270 1054
1523280 1053
1523290 1053
1523300 1053
1523310 1053
1523320 1053
1523330 1053
1523340 1053
1523350 1054
1523360 1054
1523370 1054
1523380 1055
1523390 1055
1523400 1055
1523410 1054
1523420 1054
1523430 1054
1523440 1054
1523450 1054
1523460 1055
1523470 1055
1523480 1055
1523490 1055
1523500 1057
1523510 1057
1523520 1057
1523530 1057
1523540 1056
1523550 1056
1523560 1056
1523570 1056
1523580 1056
1523590 1056
1523600 1056
1523610 1056
1523620 1055
1523630 1055
1523640 1055
1523650 1055
1523660 1055
1523670 1055
1523680 1055
1523690 1055
1523700 1055
1523710 1055
1523720 1054
1523730 1054
1523740 1054
1523750 1052
1523760 1052
1523770 1052
1523780 1053
1523790 1052
1523800 1052
1523810 1051
1523820 1051
1523830 1051
1523840 1051
1523850 1051
1523860 1051
1523870 1051
1523880 1051
1523890 1051
1523900 1051
1523910 1051
1523920 1051
1523930 1051
1523940 1052
1523950 1051
1523960 1051
1523970 1050
1523980 1050
1523990 1050
1524000 1049
1524010 1049
1524020 1049
1524030 1049
1524040 1049
1524050 1049
1524060 1049
1524070 1049
1524080 1049
1524090 1051
1524100 1050
1524110 1050
1524120 1050
1524130 1051
1524140 1051
1524150 1051
1524160 1052
1524170 1052
1524180 1052
1524190 1052
1524200 1052
1524210 1052
1524220 1053
1524230 1053
1524240 1053
1524250 1053
1524260 1053
1524270 1053
1524280 1053
1524290 1053
1524300 1053
1524310 1053
1524320 1053
1524330 1053
1524340 1053
1524350 1053
1524360 1053
1524370 1053
1524380 1053
1524390 1054
1524400 1054
1524410 1054
1524420 1054
1524430 1054
1524440 1054
1524450 1054
1524460 1054
1524470 1054
1524480 1054
1524490 1054
1524500 1054
1524510 1054
1524520 1054
1524530 1054
1524540 1054
1524550 1054
1524560 1054
1524570 1054
1524580 1054
1524590 1054
1524600 1054
1524610 1054
1524620 1054
1524630 1054
1524640 1053
1524650 1053
1524660 1053
1524670 1053
1524680 1053
1524690 1053
1524700 1052
1524710 1052
1524720 1052
1524730 1052
1524740 1052
1524750 1051
1524760 1051
1524770 1051
1524780 1052
1524790 1052
1524800 1051
1524810 1051
1524820 1050
1524830 1050
1524840 1050
1524850 1050
1524860 1050
1524870 1050
1524880 1050
1524890 1050
1524900 1050
1524910 1050
1524920 1050
1524930 1050
1524940 1049
1524950 1049
1524960 1049
1524970 1049
1524980 1049
1524990 1049
1525000 1049
1525010 1049
1525020 1049
1525030 1049
1525040 1049
1525050 1049
1525060 1049
1525070 1048
1525080 1048
1525090 1048
1525100 1047
1525110 1047
1525120 1047
1525130 1046
1525140 1047
1525150 1047
1525160 1047
1525170 1046
1525180 1046
1525190 1045
1525200 1044
1525210 1044
1525220 1044
1525230 1044
1525240 1044
1525250 1044
1525260 1044
1525270 1044
1525280 1044
1525290 1043
1525300 1042
1525310 1042
1525320 1042
1525330 1042
1525340 1042
1525350 1042
1525360 1042
1525370 1042
1525380 1042
1525390 1042
1525400 1042
1525410 1041
1525420 1041
1525430 1041
1525440 1040
1525450 1040
1525460 1040
1525470 1040
1525480 1040
1525490 1040
1525500 1040
1525510 1040
1525520 1040
1525530 1040
1525540 1040
1525550 1039
1525560 1039
1525570 1039
1525580 1039
1525590 1039
1525600 1038
1525610 1038
1525620 1038
1525630 1038
1525640 1038
1525650 1038
1525660 1038
1525670 1038
1525680 1039
1525690 1039
1525700 1039
1525710 1041
1525720 1041
1525730 1041
1525740 1043
1525750 1043
1525760 1045
1525770 1047
1525780 1047
1525790 1049
1525800 1052
1525810 1052
1525820 1054
1525830 1056
1525840 1056
1525850 1058
1525860 1059
1525870 1059
1525880 1061
1525890 1063
1525900 1066
1525910 1066
1525920 1069
1525930 1071
1525940 1071
1525950 1073
1525960 1075
1525970 1075
1525980 1076
1525990 1077
1526000 1077
1526010 1078
1526020 1080
1526030 1080
1526040 1082
1526050 1084
1526060 1084
1526070 1086
1526080 1087
1526090 1087
1526100 1089
1526110 1091
1526120 1093
1526130 1093
1526140 1095
1526150 1097
1526160 1097
1526170 1099
1526180 1101
1526190 1101
1526200 1103
1526210 1105
1526220 1105
1526230 1108
1526240 1110
1526250 1110
1526260 1111
1526270 1113
1526280 1113
1526290 1115
1526300 1118
1526310 1118
1526320 1119
1526330 1121
1526340 1123
1526350 1123
1526360 1125
1526370 1127
1526380 1127
1526390 1129
1526400 1131
1526410 1131
1526420 1133
1526430 1134
1526440 1134
1526450 1135
1526460 1137
1526470 1137
1526480 1139
1526490 1140
1526500 1140
1526510 1141
1526520 1142
1526530 1142
1526540 1143
1526550 1143
1526560 1144
1526570 1144
1526580 1145
1526590 1146
1526600 1146
1526610 1146
1526620 1146
1526630 1146
1526640 1147
1526650 1147
1526660 1147
1526670 1148
1526680 1149
1526690 1149
1526700 1150
1526710 1151
1526720 1151
1526730 1151
1526740 1152
1526750 1152
1526760 1153
1526770 1155
1526780 1157
1526790 1157
1526800 1158
1526810 1159
1526820 1159
1526830 1160
1526840 1161
1526850 1161
1526860 1162
1526870 1162
1526880 1162
1526890 1163
1526900 1164
1526910 1164
1526920 1166
1526930 1166
1526940 1166
1526950 1167
1526960 1167
1526970 1167
1526980 1167
1526990 1168
1527000 1169
1527010 1169
1527020 1169
1527030 1170
1527040 1170
1527050 1172
1527060 1172
1527070 1172
1527080 1171
1527090 1170
1527100 1170
1527110 1169
1527120 1169
1527130 1169
1527140 1169
1527150 1169
1527160 1169
1527170 1169
1527180 1168
1527190 1168
1527200 1168
1527210 1168
1527220 1168
1527230 1168
1527240 1166
1527250 1164
1527260 1164
1527270 1162
1527280 1161
1527290 1161
1527300 1158
1527310 1156
1527320 1156
1527330 1154
1527340 1153
1527350 1153
1527360 1152
1527370 1152
1527380 1152
1527390 1152
1527400 1153
1527410 1153
1527420 1153
1527430 1152
1527440 1152
1527450 1152
1527460 1150
1527470 1149
1527480 1149
1527490 1149
1527500 1149
1527510 1149
1527520 1150
1527530 1148
1527540 1148
1527550 1146
1527560 1143
1527570 1143
1527580 1139
1527590 1136
1527600 1136
1527610 1133
1527620 1130
1527630 1130
1527640 1128
1527650 1127
1527660 1126
1527670 1126
1527680 1126
1527690 1125
1527700 1125
1527710 1125
1527720 1125
1527730 1125
1527740 1127
1527750 1129
1527760 1129
1527770 1129
1527780 1128
1527790 1128
1527800 1128
1527810 1128
1527820 1128
1527830 1126
1527840 1124
1527850 1122
1527860 1122
1527870 1122
1527880 1121
1527890 1121
1527900 1121
1527910 1121
1527920 1121
1527930 1120
1527940 1120
1527950 1120
1527960 1120
1527970 1119
1527980 1119
1527990 1118
1528000 1118
1528010 1118
1528020 1118
1528030 1118
1528040 1118
1528050 1118
1528060 1118
1528070 1118
1528080 1118
1528090 1117
1528100 1117
1528110 1117
1528120 1116
1528130 1116
1528140 1116
1528150 1115
1528160 1115
1528170 1115
1528180 1114
1528190 1114
1528200 1114
1528210 1113
1528220 1113
1528230 1113
1528240 1113
1528250 1112
1528260 1112
1528270 1111
1528280 1110
1528290 1109
1528300 1109
1528310 1107
1528320 1107
1528330 1107
1528340 1106
1528350 1104
1528360 1104
1528370 1104
1528380 1102
1528390 1102
1528400 1101
1528410 1099
1528420 1099
1528430 1097
1528440 1095
1528450 1095
1528460 1093
1528470 1093
1528480 1093
1528490 1094
1528500 1095
1528510 1096
1528520 1096
1528530 1097
1528540 1098
1528550 1098
1528560 1098
1528570 1099
1528580 1099
1528590 1100
1528600 1100
1528610 1100
1528620 1100
1528630 1100
1528640 1100
1528650 1099
1528660 1099
1528670 1099
1528680 1100
1528690 1101
1528700 1101
1528710 1102
1528720 1103
1528730 1105
1528740 1105
1528750 1106
1528760 1107
1528770 1107
1528780 1108
1528790 1110
1528800 1110
1528810 1113
1528820 1116
1528830 1116
1528840 1118
1528850 1120
1528860 1120
1528870 1122
1528880 1124
1528890 1124
1528900 1125
1528910 1127
1528920 1127
1528930 1128
1528940 1130
1528950 1132
1528960 1132
1528970 1135
1528980 1136
1528990 1136
1529000 1138
1529010 1139
1529020 1139
1529030 1140
1529040 1141
1529050 1141
1529060 1143
1529070 1145
1529080 1145
1529090 1147
1529100 1149
1529110 1149
1529120 1152
1529130 1155
1529140 1155
1529150 1159
1529160 1162
1529170 1165
1529180 1165
1529190 1170
1529200 1175
1529210 1175
1529220 1180
1529230 1184
1529240 1184
1529250 1189
1529260 1194
1529270 1194
1529280 1199
1529290 1205
1529300 1205
1529310 1210
1529320 1216
1529330 1216
1529340 1220
1529350 1225
1529360 1225
1529370 1229
1529380 1234
1529390 1239
1529400 1239
1529410 1244
1529420 1248
1529430 1248
1529440 1253
1529450 1257
1529460 1257
1529470 1262
1529480 1266
1529490 1266
1529500 1271
1529510 1274
1529520 1274
1529530 1276
1529540 1276
1529550 1276
1529560 1274
1529570 1274
1529580 1274
1529590 1277
1529600 1284
1529610 1291
1529620 1291
1529630 1299
1529640 1307
1529650 1307
1529660 1313
1529670 1318
1529680 1318
1529690 1323
1529700 1327
1529710 1327
1529720 1331
1529730 1334
1529740 1334
1529750 1337
1529760 1340
1529770 1340
1529780 1344
1529790 1348
1529800 1348
1529810 1351
1529820 1354
1529830 1357
1529840 1357
1529850 1359
1529860 1363
1529870 1363
1529880 1366
1529890 1370
1529900 1370
1529910 1375
1529920 1379
1529930 1379
1529940 1383
1529950 1387
1529960 1387
1529970 1390
1529980 1394
1529990 1394
1530000 1398
1530010 1401
1530020 1401
1530030 1404
1530040 1407
1530050 1410
1530060 1410
1530070 1414
1530080 1418
1530090 1418
1530100 1421
1530110 1424
1530120 1424
1530130 1428
1530140 1432
1530150 1432
1530160 1435
1530170 1437
1530180 1437
1530190 1440
1530200 1444
1530210 1444
1530220 1449
1530230 1452
1530240 1452
1530250 1455
1530260 1459
1530270 1462
1530280 1462
1530290 1464
1530300 1467
1530310 1467
1530320 1468
1530330 1469
1530340 1469
1530350 1469
1530360 1468
1530370 1468
1530380 1465
1530390 1462
1530400 1462
1530410 1458
1530420 1456
1530430 1456
1530440 1461
1530450 1467
1530460 1467
1530470 1475
1530480 1484
1530490 1492
1530500 1492
1530510 1498
1530520 1502
1530530 1502
1530540 1506
1530550 1509
1530560 1509
1530570 1513
1530580 1516
1530590 1516
1530600 1520
1530610 1524
1530620 1524
1530630 1529
1530640 1532
1530650 1532
1530660 1535
1530670 1539
1530680 1539
1530690 1543
1530700 1546
1530710 1550
1530720 1550
1530730 1553
1530740 1554
1530750 1554
1530760 1556
1530770 1558
1530780 1558
1530790 1560
1530800 1561
1530810 1561
1530820 1562
1530830 1563
1530840 1563
1530850 1564
1530860 1566
1530870 1566
1530880 1569
1530890 1572
1530900 1572
1530910 1574
1530920 1575
1530930 1576
1530940 1576
1530950 1577
1530960 1578
1530970 1578
1530980 1579
1530990 1579
1531000 1579
1531010 1579
1531020 1578
1531030 1578
1531040 1578
1531050 1576
1531060 1576
1531070 1576
1531080 1575
1531090 1575
1531100 1575
1531110 1576
1531120 1576
1531130 1576
1531140 1576
1531150 1577
1531160 1577
1531170 1577
1531180 1578
1531190 1578
1531200 1579
1531210 1580
1531220 1580
1531230 1579
1531240 1578
1531250 1578
1531260 1578
1531270 1577
1531280 1577
1531290 1576
1531300 1575
1531310 1575
1531320 1573
1531330 1573
1531340 1572
1531350 1572
1531360 1570
1531370 1568
1531380 1568
1531390 1566
1531400 1564
1531410 1564
1531420 1562
1531430 1562
1531440 1562
1531450 1561
1531460 1559
1531470 1559
1531480 1557
1531490 1557
1531500 1557
1531510 1556
1531520 1555
1531530 1555
1531540 1554
1531550 1553
1531560 1552
1531570 1552
1531580 1552
1531590 1551
1531600 1551
1531610 1550
1531620 1549
1531630 1549
1531640 1548
1531650 1548
1531660 1548
1531670 1547
1531680 1546
1531690 1546
1531700 1543
1531710 1541
1531720 1541
1531730 1538
1531740 1535
1531750 1535
1531760 1531
1531770 1527
1531780 1525
1531790 1525
1531800 1523
1531810 1521
1531820 1521
1531830 1521
1531840 1522
1531850 1522
1531860 1522
1531870 1522
1531880 1522
1531890 1522
1531900 1522
1531910 1522
1531920 1522
1531930 1523
1531940 1523
1531950 1522
1531960 1523
1531970 1523
1531980 1525
1531990 1529
1532000 1531
1532010 1531
1532020 1532
1532030 1531
1532040 1531
1532050 1528
1532060 1523
1532070 1523
1532080 1519
1532090 1519
1532100 1519
1532110 1520
1532120 1524
1532130 1524
1532140 1528
1532150 1532
1532160 1532
1532170 1536
1532180 1540
1532190 1540
1532200 1543
1532210 1546
1532220 1549
1532230 1549
1532240 1552
1532250 1556
1532260 1556
1532270 1559
1532280 1563
1532290 1563
1532300 1566
1532310 1568
1532320 1568
1532330 1570
1532340 1572
1532350 1572
1532360 1574
1532370 1577
1532380 1577
1532390 1580
1532400 1582
1532410 1582
1532420 1584
1532430 1586
1532440 1588
1532450 1588
1532460 1591
1532470 1593
1532480 1593
1532490 1597
1532500 1600
1532510 1600
1532520 1603
1532530 1605
1532540 1605
1532550 1607
1532560 1607
1532570 1607
1532580 1608
1532590 1609
1532600 1609
1532610 1610
1532620 1611
1532630 1611
1532640 1613
1532650 1615
1532660 1616
1532670 1616
1532680 1617
1532690 1619
1532700 1619
1532710 1620
1532720 1622
1532730 1622
1532740 1625
1532750 1627
1532760 1627
1532770 1628
1532780 1630
1532790 1630
1532800 1631
1532810 1631
1532820 1631
1532830 1632
1532840 1633
1532850 1633
1532860 1634
1532870 1635
1532880 1636
1532890 1636
1532900 1636
1532910 1637
1532920 1637
1532930 1638
1532940 1639
1532950 1639
1532960 1640
1532970 1641
1532980 1641
1532990 1642
1533000 1644
1533010 1644
1533020 1646
1533030 1647
1533040 1647
1533050 1648
1533060 1649
1533070 1649
1533080 1650
1533090 1651
1533100 1651
1533110 1651
1533120 1652
1533130 1652
1533140 1652
1533150 1653
1533160 1654
1533170 1654
1533180 1655
1533190 1655
1533200 1655
1533210 1656
1533220 1657
1533230 1657
1533240 1658
1533250 1659
1533260 1659
1533270 1661
1533280 1662
1533290 1662
1533300 1664
1533310 1667
1533320 1669
1533330 1669
1533340 1670
1533350 1671
1533360 1671
1533370 1673
1533380 1674
1533390 1674
1533400 1676
1533410 1678
1533420 1678
1533430 1680
1533440 1682
1533450 1682
1533460 1683
1533470 1685
1533480 1685
1533490 1687
1533500 1690
1533510 1690
1533520 1694
1533530 1698
1533540 1701
1533550 1701
1533560 1701
1533570 1701
1533580 1701
1533590 1702
1533600 1702
1533610 1702
1533620 1702
1533630 1702
1533640 1702
1533650 1703
1533660 1704
1533670 1704
1533680 1704
1533690 1704
1533700 1704
1533710 1704
1533720 1704
1533730 1704
1533740 1704
1533750 1704
1533760 1703
1533770 1703
1533780 1703
1533790 1703
1533800 1703
1533810 1703
1533820 1703
1533830 1703
1533840 1703
1533850 1703
1533860 1702
1533870 1702
1533880 1701
1533890 1701
1533900 1700
1533910 1699
1533920 1699
1533930 1699
1533940 1698
1533950 1698
1533960 1697
1533970 1696
1533980 1696
1533990 1696
1534000 1695
1534010 1695
1534020 1695
1534030 1694
1534040 1694
1534050 1694
1534060 1693
1534070 1693
1534080 1693
1534090 1691
1534100 1690
1534110 1690
1534120 1690
1534130 1690
1534140 1690
1534150 1689
1534160 1689
1534170 1689
1534180 1689
1534190 1689
1534200 1689
1534210 1689
1534220 1688
1534230 1688
1534240 1688
1534250 1688
1534260 1689
1534270 1689
1534280 1690
1534290 1691
1534300 1691
1534310 1691
1534320 1690
1534330 1690
1534340 1690
1534350 1690
1534360 1690
1534370 1691
1534380 1691
1534390 1692
1534400 1692
1534410 1692
1534420 1693
1534430 1693
1534440 1693
1534450 1693
1534460 1693
1534470 1693
1534480 1693
1534490 1693
1534500 1692
1534510 1692
1534520 1692
1534530 1691
1534540 1691
1534550 1691
1534560 1691
1534570 1690
1534580 1690
1534590 1689
1534600 1689
1534610 1688
1534620 1688
1534630 1687
1534640 1687
1534650 1687
1534660 1686
1534670 1686
1534680 1686
1534690 1685
1534700 1683
1534710 1683
1534720 1682
1534730 1680
1534740 1680
1534750 1679
1534760 1679
1534770 1679
1534780 1678
1534790 1676
1534800 1676
1534810 1672
1534820 1669
1534830 1666
1534840 1666
1534850 1663
1534860 1659
1534870 1659
1534880 1655
1534890 1650
1534900 1650
1534910 1646
1534920 1643
1534930 1643
1534940 1638
1534950 1634
1534960 1634
1534970 1631
1534980 1628
1534990 1628
1535000 1624
1535010 1621
1535020 1621
1535030 1618
1535040 1613
1535050 1610
1535060 1610
1535070 1607
1535080 1604
1535090 1604
1535100 1601
1535110 1595
1535120 1595
1535130 1590
1535140 1585
1535150 1585
1535160 1580
1535170 1576
1535180 1576
1535190 1573
1535200 1571
1535210 1571
1535220 1566
1535230 1562
1535240 1562
1535250 1558
1535260 1554
1535270 1550
1535280 1550
1535290 1546
1535300 1542
1535310 1542
1535320 1537
1535330 1534
1535340 1534
1535350 1529
1535360 1524
1535370 1524
1535380 1521
1535390 1517
1535400 1517
1535410 1513
1535420 1509
1535430 1509
1535440 1505
1535450 1500
1535460 1500
1535470 1495
1535480 1490
1535490 1486
1535500 1486
1535510 1483
1535520 1478
1535530 1478
1535540 1474
1535550 1470
1535560 1470
1535570 1465
1535580 1461
1535590 1461
1535600 1456
1535610 1451
1535620 1451
1535630 1445
1535640 1440
1535650 1440
1535660 1434
1535670 1428
1535680 1428
1535690 1421
1535700 1414
1535710 1407
1535720 1407
1535730 1401
1535740 1394
1535750 1394
1535760 1396
1535770 1399
1535780 1399
1535790 1400
1535800 1399
1535810 1399
1535820 1397
1535830 1395
1535840 1395
1535850 1394
1535860 1394
1535870 1394
1535880 1395
1535890 1396
1535900 1396
1535910 1397
1535920 1397
1535930 1397
1535940 1397
1535950 1395
1535960 1394
1535970 1394
1535980 1391
1535990 1388
1536000 1388
1536010 1386
1536020 1385
1536030 1385
1536040 1386
1536050 1388
1536060 1388
1536070 1390
1536080 1391
1536090 1391
1536100 1392
1536110 1391
1536120 1391
1536130 1389
1536140 1386
1536150 1383
1536160 1383
1536170 1380
1536180 1378
1536190 1378
1536200 1376
1536210 1373
1536220 1373
1536230 1371
1536240 1368
1536250 1368
1536260 1363
1536270 1359
1536280 1359
1536290 1356
1536300 1354
1536310 1354
1536320 1352
1536330 1350
1536340 1350
1536350 1347
1536360 1344
1536370 1344
1536380 1344
1536390 1339
1536400 1333
1536410 1333
1536420 1329
1536430 1328
1536440 1328
1536450 1326
1536460 1324
1536470 1324
1536480 1321
1536490 1318
1536500 1318
1536510 1315
1536520 1309
1536530 1309
1536540 1305
1536550 1303
1536560 1303
1536570 1301
1536580 1297
1536590 1293
1536600 1293
1536610 1288
1536620 1284
1536630 1284
1536640 1281
1536650 1278
1536660 1278
1536670 1273
1536680 1267
1536690 1267
1536700 1261
1536710 1256
1536720 1256
1536730 1253
1536740 1251
1536750 1251
1536760 1249
1536770 1246
1536780 1246
1536790 1244
1536800 1242
1536810 1240
1536820 1240
1536830 1238
1536840 1235
1536850 1235
1536860 1232
1536870 1228
1536880 1228
1536890 1225
1536900 1222
1536910 1222
1536920 1218
1536930 1214
1536940 1214
1536950 1210
1536960 1206
1536970 1206
1536980 1203
1536990 1200
1537000 1200
1537010 1198
1537020 1195
1537030 1190
1537040 1190
1537050 1184
1537060 1178
1537070 1178
1537080 1173
1537090 1167
1537100 1167
1537110 1162
1537120 1157
1537130 1157
1537140 1153
1537150 1149
1537160 1149
1537170 1145
1537180 1142
1537190 1142
1537200 1138
1537210 1132
1537220 1132
1537230 1126
1537240 1120
1537250 1115
1537260 1115
1537270 1111
1537280 1107
1537290 1107
1537300 1103
1537310 1098
1537320 1098
1537330 1091
1537340 1086
1537350 1086
1537360 1083
1537370 1079
1537380 1079
1537390 1073
1537400 1065
1537410 1065
1537420 1057
1537430 1053
1537440 1048
1537450 1048
1537460 1042
1537470 1037
1537480 1037
1537490 1031
1537500 1027
1537510 1027
1537520 1023
1537530 1022
1537540 1022
1537550 1022
1537560 1021
1537570 1021
1537580 1016
1537590 1012
1537600 1012
1537610 1006
1537620 994
1537630 994
1537640 983
1537650 982
1537660 978
1537670 978
1537680 977
1537690 977
1537700 977
1537710 977
1537720 980
1537730 980
1537740 982
1537750 982
1537760 982
1537770 983
1537780 983
1537790 983
1537800 985
1537810 988
1537820 988
1537830 992
1537840 998
1537850 998
1537860 1003
1537870 1009
1537880 1016
1537890 1016
1537900 1023
1537910 1031
1537920 1031
1537930 1037
1537940 1046
1537950 1046
1537960 1054
1537970 1063
1537980 1063
1537990 1073
1538000 1085
1538010 1085
1538020 1094
1538030 1101
1538040 1101
1538050 1107
1538060 1112
1538070 1112
1538080 1117
1538090 1123
1538100 1130
1538110 1130
1538120 1134
1538130 1138
1538140 1138
1538150 1140
1538160 1143
1538170 1143
1538180 1144
1538190 1143
1538200 1143
1538210 1141
1538220 1139
1538230 1139
1538240 1141
1538250 1145
1538260 1145
1538270 1149
1538280 1153
1538290 1153
1538300 1157
1538310 1160
1538320 1163
1538330 1163
1538340 1166
1538350 1169
1538360 1169
1538370 1172
1538380 1175
1538390 1175
1538400 1179
1538410 1183
1538420 1183
1538430 1187
1538440 1190
1538450 1190
1538460 1194
1538470 1197
1538480 1197
1538490 1200
1538500 1203
1538510 1203
1538520 1207
1538530 1211
1538540 1216
1538550 1216
1538560 1220
1538570 1221
1538580 1221
1538590 1223
1538600 1225
1538610 1225
1538620 1227
1538630 1229
1538640 1229
1538650 1231
1538660 1234
1538670 1234
1538680 1238
1538690 1240
1538700 1240
1538710 1242
1538720 1243
1538730 1243
1538740 1244
1538750 1245
1538760 1252
1538770 1252
1538780 1255
1538790 1257
1538800 1257
1538810 1259
1538820 1260
1538830 1260
1538840 1261
1538850 1262
1538860 1262
1538870 1264
1538880 1266
1538890 1266
1538900 1267
1538910 1267
1538920 1267
1538930 1267
1538940 1266
1538950 1266
1538960 1265
1538970 1265
1538980 1265
1538990 1265
1539000 1265
1539010 1265
1539020 1265
1539030 1264
1539040 1265
1539050 1265
1539060 1266
1539070 1267
1539080 1267
1539090 1269
1539100 1269
1539110 1269
1539120 1270
1539130 1269
1539140 1269
1539150 1268
1539160 1266
1539170 1266
1539180 1265
1539190 1263
1539200 1262
1539210 1262
1539220 1261
1539230 1265
1539240 1265
1539250 1269
1539260 1274
1539270 1274
1539280 1277
1539290 1279
1539300 1279
1539310 1280
1539320 1281
1539330 1281
1539340 1283
1539350 1285
1539360 1285
1539370 1286
1539380 1286
1539390 1286
1539400 1286
1539410 1288
1539420 1292
1539430 1292
1539440 1291
1539450 1287
1539460 1287
1539470 1282
1539480 1278
1539490 1278
1539500 1274
1539510 1271
1539520 1271
1539530 1270
1539540 1270
1539550 1270
1539560 1269
1539570 1268
1539580 1268
1539590 1268
1539600 1270
1539610 1270
1539620 1271
1539630 1272
1539640 1274
1539650 1274
1539660 1276
1539670 1276
1539680 1276
1539690 1276
1539700 1277
1539710 1277
1539720 1280
1539730 1283
1539740 1283
1539750 1285
1539760 1287
1539770 1287
1539780 1289
1539790 1291
1539800 1291
1539810 1292
1539820 1293
1539830 1293
1539840 1293
1539850 1293
1539860 1297
1539870 1297
1539880 1300
1539890 1304
1539900 1304
1539910 1311
1539920 1313
1539930 1313
1539940 1315
1539950 1315
1539960 1315
1539970 1314
1539980 1311
1539990 1311
