1520000 1039
1520010 1039
1520020 1039
1520030 1039
1520040 1039
1520050 1039
1520060 1039
1520070 1039
1520080 1039
1520090 1039
1520100 1039
1520110 1039
1520120 1039
1520130 1039
1520140 1039
1520150 1039
1520160 1039
1520170 1039
1520180 1039
1520190 1039
1520200 1039
1520210 1038
1520220 1038
1520230 1038
1520240 1038
1520250 1038
1520260 1038
1520270 1038
1520280 1038
1520290 1038
1520300 1038
1520310 1038
1520320 1038
1520330 1038
1520340 1038
1520350 1038
1520360 1038
1520370 1038
1520380 1038
1520390 1038
1520400 1038
1520410 1038
1520420 1038
1520430 1038
1520440 1038
1520450 1038
1520460 1038
1520470 1038
1520480 1038
1520490 1038
1520500 1039
1520510 1040
1520520 1040
1520530 1039
1520540 1039
1520550 1039
1520560 1039
1520570 1038
1520580 1038
1520590 1038
1520600 1038
1520610 1038
1520620 1038
1520630 1038
1520640 1038
1520650 1038
1520660 1038
1520670 1038
1520680 1038
1520690 1038
1520700 1038
1520710 1038
1520720 1038
1520730 1038
1520740 1038
1520750 1038
1520760 1038
1520770 1038
1520780 1038
1520790 1038
1520800 1038
1520810 1038
1520820 1037
1520830 1037
1520840 1037
1520850 1037
1520860 1037
1520870 1037
1520880 1037
1520890 1037
1520900 1037
1520910 1037
1520920 1037
1520930 1037
1520940 1037
1520950 1037
1520960 1037
1520970 1036
1520980 1036
1520990 1036
1521000 1036
1521010 1036
1521020 1036
1521030 1036
1521040 1036
1521050 1036
1521060 1036
1521070 1036
1521080 1036
1521090 1036
1521100 1036
1521110 1036
1521120 1037
1521130 1037
1521140 1036
1521150 1036
1521160 1036
1521170 1036
1521180 1036
1521190 1036
1521200 1036
1521210 1036
1521220 1036
1521230 1036
1521240 1036
1521250 1036
1521260 1036
1521270 1036
1521280 1035
1521290 1035
1521300 1035
1521310 1036
1521320 1036
1521330 1036
1521340 1036
1521350 1035
1521360 1035
1521370 1035
1521380 1035
1521390 1035
1521400 1035
1521410 1035
1521420 1035
1521430 1035
1521440 1034
1521450 1034
1521460 1034
1521470 1034
1521480 1034
1521490 1034
1521500 1034
1521510 1034
1521520 1034
1521530 1034
1521540 1034
1521550 1034
1521560 1034
1521570 1035
1521580 1035
1521590 1035
1521600 1035
1521610 1034
1521620 1034
1521630 1034
1521640 1034
1521650 1034
1521660 1034
1521670 1034
1521680 1034
1521690 1034
1521700 1034
1521710 1034
1521720 1034
1521730 1034
1521740 1034
1521750 1034
1521760 1034
1521770 1034
1521780 1034
1521790 1034
1521800 1034
1521810 1034
1521820 1034
1521830 1034
1521840 1034
1521850 1034
1521860 1034
1521870 1034
1521880 1034
1521890 1034
1521900 1034
1521910 1034
1521920 1033
1521930 1033
1521940 1032
1521950 1032
1521960 1032
1521970 1032
1521980 1032
1521990 1032
1522000 1032
1522010 1032
1522020 1032
1522030 1032
1522040 1032
1522050 1032
1522060 1032
1522070 1032
1522080 1032
1522090 1032
1522100 1032
1522110 1032
1522120 1032
1522130 1033
1522140 1033
1522150 1033
1522160 1033
1522170 1032
1522180 1032
1522190 1032
1522200 1032
1522210 1032
1522220 1032
1522230 1032
1522240 1032
1522250 1032
1522260 1033
1522270 1033
1522280 1033
1522290 1032
1522300 1032
1522310 1032
1522320 1032
1522330 1032
1522340 1032
1522350 1032
1522360 1032
1522370 1032
1522380 1033
1522390 1034
1522400 1034
1522410 1034
1522420 1033
1522430 1033
1522440 1033
1522450 1033
1522460 1034
1522470 1034
1522480 1033
1522490 1033
1522500 1033
1522510 1033
1522520 1033
1522530 1033
1522540 1033
1522550 1033
1522560 1033
1522570 1033
1522580 1033
1522590 1033
1522600 1032
1522610 1032
1522620 1032
1522630 1032
1522640 1032
1522650 1032
1522660 1032
1522670 1032
1522680 1032
1522690 1032
1522700 1032
1522710 1032
1522720 1032
1522730 1032
1522740 1032
1522750 1032
1522760 1032
1522770 1032
1522780 1032
1522790 1032
1522800 1032
1522810 1032
1522820 1032
1522830 1032
1522840 1032
1522850 1032
1522860 1032
1522870 1032
1522880 1032
1522890 1032
1522900 1032
1522910 1032
1522920 1032
1522930 1032
1522940 1032
1522950 1032
1522960 1032
1522970 1032
1522980 1032
1522990 1032
1523000 1032
1523010 1032
1523020 1032
1523030 1032
1523040 1032
1523050 1032
1523060 1032
1523070 1032
1523080 1032
1523090 1032
1523100 1032
1523110 1032
1523120 1032
1523130 1032
1523140 1032
1523150 1032
1523160 1032
1523170 1032
1523180 1032
1523190 1032
1523200 1032
1523210 1032
1523220 1032
1523230 1032
1523240 1032
1523250 1032
1523260 1032
1523270 1032
1523280 1032
1523290 1032
1523300 1032
1523310 1032
1523320 1032
1523330 1031
1523340 1031
1523350 1031
1523360 1031
1523370 1031
1523380 1031
1523390 1031
1523400 1032
1523410 1032
1523420 1032
1523430 1032
1523440 1032
1523450 1032
1523460 1033
1523470 1033
1523480 1032
1523490 1031
1523500 1031
1523510 1030
1523520 1030
1523530 1030
1523540 1030
1523550 1031
1523560 1032
1523570 1032
1523580 1032
1523590 1032
1523600 1032
1523610 1031
1523620 1031
1523630 1031
1523640 1031
1523650 1031
1523660 1031
1523670 1031
1523680 1031
1523690 1031
1523700 1031
1523710 1031
1523720 1031
1523730 1031
1523740 1031
1523750 1031
1523760 1031
1523770 1031
1523780 1031
1523790 1031
1523800 1030
1523810 1030
1523820 1030
1523830 1030
1523840 1030
1523850 1030
1523860 1030
1523870 1030
1523880 1030
1523890 1030
1523900 1030
1523910 1030
1523920 1030
1523930 1030
1523940 1030
1523950 1030
1523960 1030
1523970 1030
1523980 1030
1523990 1030
1524000 1030
1524010 1030
1524020 1030
1524030 1030
1524040 1030
1524050 1030
1524060 1030
1524070 1030
1524080 1030
1524090 1030
1524100 1030
1524110 1030
1524120 1030
1524130 1030
1524140 1030
1524150 1030
1524160 1030
1524170 1030
1524180 1030
1524190 1030
1524200 1030
1524210 1030
1524220 1030
1524230 1030
1524240 1031
1524250 1031
1524260 1031
1524270 1030
1524280 1030
1524290 1030
1524300 1030
1524310 1030
1524320 1030
1524330 1030
1524340 1029
1524350 1029
1524360 1029
1524370 1029
1524380 1029
1524390 1029
1524400 1029
1524410 1029
1524420 1029
1524430 1029
1524440 1029
1524450 1029
1524460 1029
1524470 1029
1524480 1029
1524490 1029
1524500 1029
1524510 1029
1524520 1029
1524530 1029
1524540 1029
1524550 1029
1524560 1029
1524570 1029
1524580 1029
1524590 1029
1524600 1029
1524610 1030
1524620 1030
1524630 1030
1524640 1030
1524650 1030
1524660 1030
1524670 1030
1524680 1030
1524690 1030
1524700 1030
1524710 1030
1524720 1030
1524730 1030
1524740 1029
1524750 1029
1524760 1029
1524770 1028
1524780 1028
1524790 1028
1524800 1028
1524810 1028
1524820 1028
1524830 1028
1524840 1028
1524850 1028
1524860 1028
1524870 1028
1524880 1029
1524890 1029
1524900 1029
1524910 1029
1524920 1029
1524930 1029
1524940 1029
1524950 1029
1524960 1029
1524970 1029
1524980 1029
1524990 1029
1525000 1029
1525010 1029
1525020 1029
1525030 1029
1525040 1029
1525050 1029
1525060 1029
1525070 1029
1525080 1029
1525090 1029
1525100 1029
1525110 1029
1525120 1029
1525130 1029
1525140 1029
1525150 1029
1525160 1029
1525170 1029
1525180 1029
1525190 1030
1525200 1030
1525210 1030
1525220 1029
1525230 1029
1525240 1029
1525250 1029
1525260 1029
1525270 1029
1525280 1029
1525290 1029
1525300 1029
1525310 1029
1525320 1029
1525330 1029
1525340 1029
1525350 1029
1525360 1029
1525370 1029
1525380 1029
1525390 1029
1525400 1029
1525410 1029
1525420 1029
1525430 1029
1525440 1029
1525450 1029
1525460 1029
1525470 1029
1525480 1029
1525490 1029
1525500 1029
1525510 1029
1525520 1029
1525530 1029
1525540 1029
1525550 1029
1525560 1029
1525570 1029
1525580 1029
1525590 1029
1525600 1029
1525610 1029
1525620 1028
1525630 1028
1525640 1028
1525650 1029
1525660 1028
1525670 1028
1525680 1028
1525690 1028
1525700 1028
1525710 1028
1525720 1028
1525730 1029
1525740 1029
1525750 1029
1525760 1028
1525770 1028
1525780 1028
1525790 1028
1525800 1028
1525810 1028
1525820 1028
1525830 1028
1525840 1028
1525850 1028
1525860 1028
1525870 1028
1525880 1028
1525890 1028
1525900 1028
1525910 1028
1525920 1028
1525930 1028
1525940 1028
1525950 1028
1525960 1028
1525970 1028
1525980 1028
1525990 1028
1526000 1027
1526010 1027
1526020 1027
1526030 1027
1526040 1027
1526050 1027
1526060 1027
1526070 1027
1526080 1027
1526090 1027
1526100 1027
1526110 1027
1526120 1027
1526130 1027
1526140 1027
1526150 1027
1526160 1027
1526170 1027
1526180 1027
1526190 1027
1526200 1027
1526210 1027
1526220 1027
1526230 1027
1526240 1027
1526250 1027
1526260 1027
1526270 1027
1526280 1027
1526290 1027
1526300 1027
1526310 1027
1526320 1027
1526330 1027
1526340 1027
1526350 1027
1526360 1027
1526370 1027
1526380 1027
1526390 1026
1526400 1026
1526410 1026
1526420 1026
1526430 1026
1526440 1026
1526450 1026
1526460 1026
1526470 1026
1526480 1026
1526490 1026
1526500 1026
1526510 1026
1526520 1026
1526530 1026
1526540 1026
1526550 1026
1526560 1026
1526570 1026
1526580 1026
1526590 1026
1526600 1026
1526610 1026
1526620 1026
1526630 1026
1526640 1026
1526650 1026
1526660 1026
1526670 1026
1526680 1026
1526690 1026
1526700 1026
1526710 1026
1526720 1026
1526730 1026
1526740 1026
1526750 1026
1526760 1028
1526770 1028
1526780 1029
1526790 1031
1526800 1031
1526810 1033
1526820 1036
1526830 1039
1526840 1039
1526850 1042
1526860 1044
1526870 1044
1526880 1047
1526890 1050
1526900 1050
1526910 1053
1526920 1055
1526930 1055
1526940 1057
1526950 1059
1526960 1059
1526970 1061
1526980 1062
1526990 1062
1527000 1064
1527010 1065
1527020 1065
1527030 1066
1527040 1068
1527050 1069
1527060 1069
1527070 1072
1527080 1075
1527090 1075
1527100 1079
1527110 1082
1527120 1082
1527130 1085
1527140 1087
1527150 1087
1527160 1089
1527170 1092
1527180 1092
1527190 1095
1527200 1097
1527210 1097
1527220 1100
1527230 1103
1527240 1103
1527250 1106
1527260 1108
1527270 1110
1527280 1110
1527290 1112
1527300 1114
1527310 1114
1527320 1116
1527330 1119
1527340 1119
1527350 1122
1527360 1124
1527370 1124
1527380 1127
1527390 1129
1527400 1129
1527410 1132
1527420 1135
1527430 1135
1527440 1139
1527450 1141
1527460 1141
1527470 1143
1527480 1147
1527490 1151
1527500 1151
1527510 1153
1527520 1156
1527530 1156
1527540 1159
1527550 1160
1527560 1160
1527570 1164
1527580 1167
1527590 1167
1527600 1169
1527610 1171
1527620 1171
1527630 1174
1527640 1176
1527650 1176
1527660 1178
1527670 1180
1527680 1180
1527690 1182
1527700 1184
1527710 1186
1527720 1186
1527730 1188
1527740 1189
1527750 1189
1527760 1192
1527770 1196
1527780 1196
1527790 1200
1527800 1203
1527810 1203
1527820 1205
1527830 1208
1527840 1208
1527850 1210
1527860 1212
1527870 1212
1527880 1213
1527890 1215
1527900 1215
1527910 1216
1527920 1217
1527930 1219
1527940 1219
1527950 1221
1527960 1223
1527970 1223
1527980 1225
1527990 1228
1528000 1228
1528010 1230
1528020 1232
1528030 1232
1528040 1234
1528050 1237
1528060 1237
1528070 1240
1528080 1242
1528090 1242
1528100 1245
1528110 1246
1528120 1246
1528130 1246
1528140 1246
1528150 1245
1528160 1245
1528170 1245
1528180 1245
1528190 1245
1528200 1245
1528210 1246
1528220 1246
1528230 1246
1528240 1246
1528250 1246
1528260 1246
1528270 1246
1528280 1246
1528290 1245
1528300 1243
1528310 1243
1528320 1242
1528330 1241
1528340 1241
1528350 1239
1528360 1238
1528370 1238
1528380 1238
1528390 1239
1528400 1240
1528410 1240
1528420 1240
1528430 1241
1528440 1241
1528450 1241
1528460 1242
1528470 1242
1528480 1243
1528490 1244
1528500 1244
1528510 1244
1528520 1245
1528530 1245
1528540 1246
1528550 1247
1528560 1247
1528570 1248
1528580 1249
1528590 1250
1528600 1250
1528610 1250
1528620 1250
1528630 1250
1528640 1251
1528650 1252
1528660 1252
1528670 1253
1528680 1254
1528690 1254
1528700 1255
1528710 1257
1528720 1257
1528730 1258
1528740 1259
1528750 1259
1528760 1260
1528770 1262
1528780 1262
1528790 1263
1528800 1265
1528810 1266
1528820 1266
1528830 1268
1528840 1270
1528850 1270
1528860 1271
1528870 1273
1528880 1273
1528890 1275
1528900 1277
1528910 1277
1528920 1279
1528930 1281
1528940 1281
1528950 1283
1528960 1287
1528970 1287
1528980 1290
1528990 1294
1529000 1294
1529010 1296
1529020 1298
1529030 1299
1529040 1299
1529050 1302
1529060 1304
1529070 1304
1529080 1307
1529090 1309
1529100 1309
1529110 1311
1529120 1314
1529130 1314
1529140 1317
1529150 1319
1529160 1319
1529170 1321
1529180 1323
1529190 1323
1529200 1324
1529210 1326
1529220 1326
1529230 1328
1529240 1330
1529250 1332
1529260 1332
1529270 1334
1529280 1337
1529290 1337
1529300 1339
1529310 1342
1529320 1342
1529330 1345
1529340 1348
1529350 1348
1529360 1351
1529370 1354
1529380 1354
1529390 1356
1529400 1358
1529410 1358
1529420 1361
1529430 1364
1529440 1364
1529450 1368
1529460 1371
1529470 1373
1529480 1373
1529490 1377
1529500 1381
1529510 1381
1529520 1386
1529530 1389
1529540 1389
1529550 1392
1529560 1394
1529570 1394
1529580 1397
1529590 1400
1529600 1400
1529610 1402
1529620 1404
1529630 1404
1529640 1407
1529650 1409
1529660 1409
1529670 1412
1529680 1414
1529690 1416
1529700 1416
1529710 1419
1529720 1422
1529730 1422
1529740 1425
1529750 1429
1529760 1429
1529770 1432
1529780 1435
1529790 1435
1529800 1438
1529810 1440
1529820 1440
1529830 1442
1529840 1445
1529850 1445
1529860 1447
1529870 1450
1529880 1450
1529890 1452
1529900 1454
1529910 1456
1529920 1456
1529930 1458
1529940 1460
1529950 1460
1529960 1462
1529970 1465
1529980 1465
1529990 1467
1530000 1470
1530010 1470
1530020 1473
1530030 1475
1530040 1475
1530050 1477
1530060 1480
1530070 1480
1530080 1482
1530090 1484
1530100 1484
1530110 1486
1530120 1488
1530130 1489
1530140 1489
1530150 1491
1530160 1493
1530170 1493
1530180 1496
1530190 1499
1530200 1499
1530210 1501
1530220 1503
1530230 1503
1530240 1505
1530250 1506
1530260 1506
1530270 1508
1530280 1510
1530290 1510
1530300 1512
1530310 1514
1530320 1516
1530330 1516
1530340 1517
1530350 1519
1530360 1519
1530370 1519
1530380 1520
1530390 1520
1530400 1520
1530410 1521
1530420 1521
1530430 1523
1530440 1525
1530450 1525
1530460 1526
1530470 1527
1530480 1527
1530490 1529
1530500 1530
1530510 1530
1530520 1532
1530530 1533
1530540 1535
1530550 1535
1530560 1536
1530570 1537
1530580 1537
1530590 1538
1530600 1539
1530610 1539
1530620 1540
1530630 1542
1530640 1542
1530650 1544
1530660 1546
1530670 1546
1530680 1547
1530690 1548
1530700 1548
1530710 1549
1530720 1551
1530730 1551
1530740 1551
1530750 1553
1530760 1554
1530770 1554
1530780 1556
1530790 1557
1530800 1557
1530810 1558
1530820 1559
1530830 1559
1530840 1560
1530850 1560
1530860 1560
1530870 1560
1530880 1560
1530890 1560
1530900 1560
1530910 1559
1530920 1559
1530930 1559
1530940 1559
1530950 1559
1530960 1559
1530970 1559
1530980 1560
1530990 1560
1531000 1560
1531010 1561
1531020 1561
1531030 1561
1531040 1561
1531050 1561
1531060 1561
1531070 1562
1531080 1562
1531090 1562
1531100 1563
1531110 1563
1531120 1563
1531130 1564
1531140 1564
1531150 1564
1531160 1564
1531170 1564
1531180 1565
1531190 1565
1531200 1565
1531210 1565
1531220 1565
1531230 1565
1531240 1565
1531250 1565
1531260 1565
1531270 1565
1531280 1565
1531290 1565
1531300 1565
1531310 1565
1531320 1565
1531330 1565
1531340 1566
1531350 1566
1531360 1566
1531370 1567
1531380 1568
1531390 1568
1531400 1569
1531410 1569
1531420 1570
1531430 1570
1531440 1572
1531450 1573
1531460 1573
1531470 1574
1531480 1575
1531490 1575
1531500 1577
1531510 1578
1531520 1578
1531530 1579
1531540 1580
1531550 1580
1531560 1581
1531570 1581
1531580 1581
1531590 1582
1531600 1582
1531610 1582
1531620 1582
1531630 1583
1531640 1583
1531650 1583
1531660 1583
1531670 1584
1531680 1584
1531690 1584
1531700 1584
1531710 1584
1531720 1585
1531730 1585
1531740 1585
1531750 1585
1531760 1586
1531770 1586
1531780 1586
1531790 1587
1531800 1587
1531810 1587
1531820 1588
1531830 1588
1531840 1588
1531850 1588
1531860 1589
1531870 1589
1531880 1589
1531890 1590
1531900 1590
1531910 1590
1531920 1591
1531930 1591
1531940 1592
1531950 1593
1531960 1593
1531970 1594
1531980 1595
1531990 1595
1532000 1596
1532010 1597
1532020 1597
1532030 1598
1532040 1599
1532050 1599
1532060 1600
1532070 1601
1532080 1602
1532090 1602
1532100 1603
1532110 1605
1532120 1605
1532130 1606
1532140 1607
1532150 1607
1532160 1608
1532170 1609
1532180 1609
1532190 1610
1532200 1611
1532210 1611
1532220 1612
1532230 1613
1532240 1613
1532250 1614
1532260 1615
1532270 1615
1532280 1616
1532290 1617
1532300 1618
1532310 1618
1532320 1619
1532330 1620
1532340 1620
1532350 1621
1532360 1622
1532370 1622
1532380 1623
1532390 1624
1532400 1624
1532410 1625
1532420 1626
1532430 1626
1532440 1627
1532450 1628
1532460 1628
1532470 1629
1532480 1630
1532490 1630
1532500 1631
1532510 1632
1532520 1633
1532530 1633
1532540 1634
1532550 1635
1532560 1635
1532570 1637
1532580 1638
1532590 1638
1532600 1640
1532610 1641
1532620 1641
1532630 1643
1532640 1644
1532650 1644
1532660 1646
1532670 1647
1532680 1647
1532690 1649
1532700 1650
1532710 1650
1532720 1652
1532730 1653
1532740 1654
1532750 1654
1532760 1655
1532770 1656
1532780 1656
1532790 1656
1532800 1657
1532810 1657
1532820 1658
1532830 1659
1532840 1659
1532850 1660
1532860 1661
1532870 1661
1532880 1662
1532890 1662
1532900 1662
1532910 1663
1532920 1664
1532930 1664
1532940 1664
1532950 1665
1532960 1665
1532970 1665
1532980 1666
1532990 1667
1533000 1667
1533010 1667
1533020 1668
1533030 1668
1533040 1668
1533050 1669
1533060 1669
1533070 1669
1533080 1669
1533090 1671
1533100 1671
1533110 1672
1533120 1672
1533130 1672
1533140 1672
1533150 1672
1533160 1672
1533170 1672
1533180 1672
1533190 1672
1533200 1672
1533210 1672
1533220 1672
1533230 1672
1533240 1672
1533250 1672
1533260 1672
1533270 1672
1533280 1672
1533290 1672
1533300 1672
1533310 1672
1533320 1672
1533330 1672
1533340 1672
1533350 1672
1533360 1672
1533370 1672
1533380 1672
1533390 1672
1533400 1672
1533410 1672
1533420 1672
1533430 1672
1533440 1672
1533450 1672
1533460 1672
1533470 1672
1533480 1672
1533490 1672
1533500 1672
1533510 1672
1533520 1672
1533530 1672
1533540 1673
1533550 1673
1533560 1673
1533570 1673
1533580 1674
1533590 1674
1533600 1675
1533610 1676
1533620 1677
1533630 1677
1533640 1678
1533650 1678
1533660 1678
1533670 1679
1533680 1680
1533690 1680
1533700 1681
1533710 1682
1533720 1682
1533730 1683
1533740 1684
1533750 1684
1533760 1685
1533770 1686
1533780 1686
1533790 1687
1533800 1688
1533810 1688
1533820 1689
1533830 1690
1533840 1692
1533850 1692
1533860 1693
1533870 1693
1533880 1693
1533890 1695
1533900 1696
1533910 1696
1533920 1697
1533930 1698
1533940 1698
1533950 1699
1533960 1700
1533970 1700
1533980 1701
1533990 1703
1534000 1703
1534010 1705
1534020 1707
1534030 1707
1534040 1709
1534050 1710
1534060 1711
1534070 1711
1534080 1713
1534090 1715
1534100 1715
1534110 1716
1534120 1718
1534130 1718
1534140 1720
1534150 1722
1534160 1722
1534170 1724
1534180 1726
1534190 1726
1534200 1728
1534210 1730
1534220 1730
1534230 1732
1534240 1733
1534250 1733
1534260 1735
1534270 1736
1534280 1738
1534290 1738
1534300 1740
1534310 1742
1534320 1742
1534330 1744
1534340 1746
1534350 1746
1534360 1748
1534370 1750
1534380 1750
1534390 1753
1534400 1756
1534410 1756
1534420 1758
1534430 1760
1534440 1760
1534450 1762
1534460 1763
1534470 1763
1534480 1763
1534490 1764
1534500 1764
1534510 1764
1534520 1765
1534530 1765
1534540 1765
1534550 1765
1534560 1764
1534570 1764
1534580 1763
1534590 1762
1534600 1762
1534610 1759
1534620 1758
1534630 1758
1534640 1758
1534650 1758
1534660 1758
1534670 1758
1534680 1757
1534690 1757
1534700 1756
1534710 1755
1534720 1754
1534730 1754
1534740 1751
1534750 1747
1534760 1747
1534770 1744
1534780 1738
1534790 1738
1534800 1735
1534810 1733
1534820 1733
1534830 1732
1534840 1729
1534850 1729
1534860 1727
1534870 1723
1534880 1723
1534890 1718
1534900 1713
1534910 1713
1534920 1709
1534930 1707
1534940 1706
1534950 1706
1534960 1705
1534970 1703
1534980 1703
1534990 1700
1535000 1697
1535010 1697
1535020 1696
1535030 1694
1535040 1694
1535050 1691
1535060 1688
1535070 1688
1535080 1685
1535090 1681
1535100 1681
1535110 1677
1535120 1674
1535130 1674
1535140 1672
1535150 1669
1535160 1666
1535170 1666
1535180 1663
1535190 1661
1535200 1661
1535210 1659
1535220 1658
1535230 1658
1535240 1657
1535250 1655
1535260 1655
1535270 1654
1535280 1652
1535290 1652
1535300 1651
1535310 1649
1535320 1649
1535330 1647
1535340 1646
1535350 1646
1535360 1644
1535370 1642
1535380 1640
1535390 1640
1535400 1637
1535410 1634
1535420 1634
1535430 1630
1535440 1627
1535450 1627
1535460 1623
1535470 1622
1535480 1622
1535490 1619
1535500 1614
1535510 1614
1535520 1610
1535530 1607
1535540 1607
1535550 1604
1535560 1601
1535570 1601
1535580 1599
1535590 1597
1535600 1594
1535610 1594
1535620 1591
1535630 1589
1535640 1590
1535650 1588
1535660 1585
1535670 1585
1535680 1582
1535690 1577
1535700 1577
1535710 1573
1535720 1571
1535730 1571
1535740 1568
1535750 1565
1535760 1565
1535770 1563
1535780 1560
1535790 1560
1535800 1556
1535810 1551
1535820 1545
1535830 1545
1535840 1541
1535850 1536
1535860 1536
1535870 1533
1535880 1529
1535890 1529
1535900 1525
1535910 1521
1535920 1521
1535930 1517
1535940 1513
1535950 1513
1535960 1509
1535970 1505
1535980 1505
1535990 1501
1536000 1498
1536010 1498
1536020 1495
1536030 1492
1536040 1488
1536050 1488
1536060 1484
1536070 1480
1536080 1480
1536090 1475
1536100 1469
1536110 1469
1536120 1464
1536130 1461
1536140 1461
1536150 1457
1536160 1454
1536170 1454
1536180 1451
1536190 1446
1536200 1446
1536210 1443
1536220 1439
1536230 1439
1536240 1436
1536250 1434
1536260 1431
1536270 1431
1536280 1428
1536290 1425
1536300 1425
1536310 1424
1536320 1423
1536330 1423
1536340 1420
1536350 1416
1536360 1416
1536370 1410
1536380 1404
1536390 1404
1536400 1398
1536410 1393
1536420 1393
1536430 1387
1536440 1381
1536450 1381
1536460 1374
1536470 1369
1536480 1362
1536490 1362
1536500 1355
1536510 1348
1536520 1348
1536530 1341
1536540 1336
1536550 1336
1536560 1332
1536570 1328
1536580 1328
1536590 1323
1536600 1319
1536610 1319
1536620 1313
1536630 1306
1536640 1306
1536650 1300
1536660 1295
1536670 1295
1536680 1294
1536690 1294
1536700 1296
1536710 1296
1536720 1297
1536730 1298
1536740 1298
1536750 1297
1536760 1296
1536770 1296
1536780 1294
1536790 1293
1536800 1293
1536810 1290
1536820 1286
1536830 1286
1536840 1282
1536850 1279
1536860 1279
1536870 1276
1536880 1273
1536890 1273
1536900 1271
1536910 1268
1536920 1264
1536930 1264
1536940 1260
1536950 1256
1536960 1256
1536970 1253
1536980 1250
1536990 1250
1537000 1247
1537010 1245
1537020 1245
1537030 1243
1537040 1240
1537050 1240
1537060 1237
1537070 1234
1537080 1234
1537090 1230
1537100 1228
1537110 1228
1537120 1226
1537130 1225
1537140 1225
1537150 1225
1537160 1224
1537170 1223
1537180 1223
1537190 1222
1537200 1220
1537210 1220
1537220 1217
1537230 1214
1537240 1214
1537250 1211
1537260 1207
1537270 1207
1537280 1203
1537290 1199
1537300 1199
1537310 1194
1537320 1190
1537330 1190
1537340 1186
1537350 1184
1537360 1183
1537370 1183
1537380 1182
1537390 1181
1537400 1181
1537410 1179
1537420 1178
1537430 1178
1537440 1175
1537450 1171
1537460 1171
1537470 1166
1537480 1160
1537490 1160
1537500 1154
1537510 1148
1537520 1148
1537530 1142
1537540 1136
1537550 1136
1537560 1130
1537570 1125
1537580 1121
1537590 1121
1537600 1117
1537610 1114
1537620 1114
1537630 1110
1537640 1106
1537650 1106
1537660 1100
1537670 1093
1537680 1093
1537690 1089
1537700 1087
1537710 1087
1537720 1082
1537730 1075
1537740 1075
1537750 1068
1537760 1064
1537770 1064
1537780 1063
1537790 1062
1537800 1060
1537810 1060
1537820 1056
1537830 1054
1537840 1054
1537850 1051
1537860 1049
1537870 1049
1537880 1046
1537890 1044
1537900 1044
1537910 1042
1537920 1040
1537930 1040
1537940 1037
1537950 1035
1537960 1035
1537970 1032
1537980 1030
1537990 1030
1538000 1028
1538010 1026
1538020 1024
1538030 1024
1538040 1021
1538050 1018
1538060 1018
1538070 1016
1538080 1014
1538090 1014
1538100 1012
1538110 1011
1538120 1011
1538130 1009
1538140 1009
1538150 1009
1538160 1007
1538170 1004
1538180 1004
1538190 1002
1538200 996
1538210 996
1538220 991
1538230 988
1538240 987
1538250 987
1538260 986
1538270 986
1538280 986
1538290 988
1538300 993
1538310 993
1538320 999
1538330 1005
1538340 1005
1538350 1012
1538360 1018
1538370 1018
1538380 1025
1538390 1031
1538400 1031
1538410 1035
1538420 1039
1538430 1039
1538440 1041
1538450 1041
1538460 1044
1538470 1044
1538480 1048
1538490 1053
1538500 1053
1538510 1056
1538520 1060
1538530 1060
1538540 1066
1538550 1071
1538560 1071
1538570 1074
1538580 1077
1538590 1077
1538600 1080
1538610 1083
1538620 1083
1538630 1085
1538640 1089
1538650 1089
1538660 1095
1538670 1102
1538680 1107
1538690 1107
1538700 1108
1538710 1109
1538720 1109
1538730 1112
1538740 1115
1538750 1115
1538760 1118
1538770 1122
1538780 1122
1538790 1127
1538800 1131
1538810 1131
1538820 1137
1538830 1144
1538840 1144
1538850 1150
1538860 1158
1538870 1158
1538880 1165
1538890 1171
1538900 1176
1538910 1176
1538920 1180
1538930 1184
1538940 1184
1538950 1187
1538960 1191
1538970 1191
1538980 1194
1538990 1197
1539000 1197
1539010 1201
1539020 1204
1539030 1204
1539040 1206
1539050 1209
1539060 1209
1539070 1213
1539080 1216
1539090 1216
1539100 1220
1539110 1222
1539120 1222
1539130 1222
1539140 1224
1539150 1225
1539160 1225
1539170 1227
1539180 1230
1539190 1230
1539200 1232
1539210 1234
1539220 1234
1539230 1236
1539240 1237
1539250 1237
1539260 1239
1539270 1240
1539280 1240
1539290 1241
1539300 1242
1539310 1242
1539320 1244
1539330 1245
1539340 1247
1539350 1247
1539360 1250
1539370 1252
1539380 1252
1539390 1255
1539400 1258
1539410 1258
1539420 1262
1539430 1264
1539440 1264
1539450 1267
1539460 1269
1539470 1269
1539480 1271
1539490 1273
1539500 1273
1539510 1274
1539520 1278
1539530 1278
1539540 1282
1539550 1286
1539560 1289
1539570 1289
1539580 1293
1539590 1295
1539600 1295
1539610 1297
1539620 1301
1539630 1301
1539640 1307
1539650 1312
1539660 1312
1539670 1316
1539680 1319
1539690 1319
1539700 1322
1539710 1326
1539720 1326
1539730 1329
1539740 1332
1539750 1332
1539760 1335
1539770 1337
1539780 1340
1539790 1340
1539800 1343
1539810 1346
1539820 1346
1539830 1349
1539840 1351
1539850 1351
1539860 1354
1539870 1357
1539880 1357
1539890 1361
1539900 1366
1539910 1366
1539920 1370
1539930 1374
1539940 1374
1539950 1378
1539960 1382
1539970 1382
1539980 1387
1539990 1392
