1520000 1075
1520010 1075
1520020 1078
1520030 1078
1520040 1078
1520050 1078
1520060 1078
1520070 1079
1520080 1081
1520090 1081
1520100 1081
1520110 1082
1520120 1082
1520130 1084
1520140 1085
1520150 1085
1520160 1087
1520170 1088
1520180 1090
1520190 1090
1520200 1094
1520210 1097
1520220 1097
1520230 1100
1520240 1102
1520250 1102
1520260 1105
1520270 1107
1520280 1107
1520290 1110
1520300 1112
1520310 1112
1520320 1113
1520330 1114
1520340 1114
1520350 1116
1520360 1118
1520370 1118
1520380 1119
1520390 1121
1520400 1129
1520410 1129
1520420 1132
1520430 1135
1520440 1135
1520450 1138
1520460 1138
1520470 1138
1520480 1139
1520490 1139
1520500 1139
1520510 1139
1520520 1140
1520530 1140
1520540 1141
1520550 1143
1520560 1143
1520570 1145
1520580 1147
1520590 1147
1520600 1148
1520610 1148
1520620 1150
1520630 1150
1520640 1151
1520650 1151
1520660 1151
1520670 1152
1520680 1154
1520690 1154
1520700 1156
1520710 1158
1520720 1158
1520730 1160
1520740 1162
1520750 1162
1520760 1163
1520770 1164
1520780 1164
1520790 1164
1520800 1166
1520810 1166
1520820 1167
1520830 1169
1520840 1170
1520850 1170
1520860 1171
1520870 1173
1520880 1173
1520890 1176
1520900 1179
1520910 1179
1520920 1181
1520930 1183
1520940 1183
1520950 1185
1520960 1185
1520970 1185
1520980 1186
1520990 1187
1521000 1187
1521010 1187
1521020 1187
1521030 1187
1521040 1191
1521050 1196
1521060 1199
1521070 1199
1521080 1202
1521090 1205
1521100 1205
1521110 1209
1521120 1211
1521130 1211
1521140 1213
1521150 1215
1521160 1215
1521170 1217
1521180 1218
1521190 1218
1521200 1220
1521210 1222
1521220 1222
1521230 1223
1521240 1224
1521250 1224
1521260 1225
1521270 1226
1521280 1228
1521290 1228
1521300 1230
1521310 1231
1521320 1231
1521330 1231
1521340 1232
1521350 1232
1521360 1233
1521370 1235
1521380 1235
1521390 1236
1521400 1237
1521410 1237
1521420 1238
1521430 1239
1521440 1239
1521450 1240
1521460 1239
1521470 1239
1521480 1237
1521490 1234
1521500 1233
1521510 1233
1521520 1231
1521530 1228
1521540 1228
1521550 1226
1521560 1226
1521570 1226
1521580 1229
1521590 1232
1521600 1232
1521610 1234
1521620 1239
1521630 1239
1521640 1244
1521650 1249
1521660 1249
1521670 1254
1521680 1259
1521690 1259
1521700 1264
1521710 1269
1521720 1273
1521730 1273
1521740 1276
1521750 1279
1521760 1279
1521770 1282
1521780 1284
1521790 1284
1521800 1285
1521810 1287
1521820 1287
1521830 1289
1521840 1290
1521850 1290
1521860 1292
1521870 1294
1521880 1294
1521890 1297
1521900 1299
1521910 1299
1521920 1301
1521930 1302
1521940 1303
1521950 1303
1521960 1304
1521970 1305
1521980 1305
1521990 1307
1522000 1309
1522010 1309
1522020 1311
1522030 1314
1522040 1314
1522050 1316
1522060 1319
1522070 1319
1522080 1322
1522090 1324
1522100 1324
1522110 1327
1522120 1329
1522130 1329
1522140 1332
1522150 1334
1522160 1335
1522170 1335
1522180 1336
1522190 1338
1522200 1338
1522210 1340
1522220 1341
1522230 1341
1522240 1343
1522250 1345
1522260 1345
1522270 1347
1522280 1350
1522290 1350
1522300 1352
1522310 1354
1522320 1354
1522330 1356
1522340 1358
1522350 1358
1522360 1360
1522370 1363
1522380 1365
1522390 1365
1522400 1368
1522410 1371
1522420 1371
1522430 1373
1522440 1376
1522450 1376
1522460 1379
1522470 1381
1522480 1381
1522490 1384
1522500 1387
1522510 1387
1522520 1389
1522530 1392
1522540 1392
1522550 1395
1522560 1397
1522570 1397
1522580 1400
1522590 1403
1522600 1406
1522610 1406
1522620 1410
1522630 1413
1522640 1413
1522650 1417
1522660 1421
1522670 1421
1522680 1425
1522690 1429
1522700 1429
1522710 1435
1522720 1441
1522730 1441
1522740 1445
1522750 1449
1522760 1449
1522770 1453
1522780 1458
1522790 1458
1522800 1460
1522810 1465
1522820 1470
1522830 1470
1522840 1473
1522850 1475
1522860 1475
1522870 1478
1522880 1481
1522890 1481
1522900 1483
1522910 1485
1522920 1485
1522930 1486
1522940 1487
1522950 1487
1522960 1490
1522970 1492
1522980 1492
1522990 1495
1523000 1498
1523010 1498
1523020 1500
1523030 1501
1523040 1501
1523050 1501
1523060 1502
1523070 1502
1523080 1502
1523090 1501
1523100 1500
1523110 1500
1523120 1500
1523130 1499
1523140 1499
1523150 1501
1523160 1502
1523170 1502
1523180 1506
1523190 1508
1523200 1508
1523210 1511
1523220 1514
1523230 1514
1523240 1518
1523250 1520
1523260 1522
1523270 1522
1523280 1524
1523290 1524
1523300 1524
1523310 1524
1523320 1524
1523330 1524
1523340 1524
1523350 1524
1523360 1524
1523370 1524
1523380 1524
1523390 1524
1523400 1523
1523410 1522
1523420 1522
1523430 1520
1523440 1518
1523450 1518
1523460 1516
1523470 1513
1523480 1509
1523490 1509
1523500 1504
1523510 1500
1523520 1500
1523530 1496
1523540 1493
1523550 1493
1523560 1488
1523570 1484
1523580 1484
1523590 1479
1523600 1474
1523610 1474
1523620 1470
1523630 1465
1523640 1465
1523650 1460
1523660 1454
1523670 1454
1523680 1449
1523690 1444
1523700 1438
1523710 1438
1523720 1433
1523730 1428
1523740 1428
1523750 1421
1523760 1416
1523770 1416
1523780 1409
1523790 1401
1523800 1399
1523810 1391
1523820 1383
1523830 1383
1523840 1375
1523850 1367
1523860 1367
1523870 1360
1523880 1354
1523890 1354
1523900 1348
1523910 1342
1523920 1338
1523930 1338
1523940 1334
1523950 1330
1523960 1330
1523970 1326
1523980 1323
1523990 1323
1524000 1319
1524010 1316
1524020 1316
1524030 1313
1524040 1310
1524050 1310
1524060 1309
1524070 1307
1524080 1307
1524090 1305
1524100 1302
1524110 1302
1524120 1298
1524130 1295
1524140 1295
1524150 1291
1524160 1286
1524170 1281
1524180 1281
1524190 1276
1524200 1271
1524210 1271
1524220 1269
1524230 1266
1524240 1266
1524250 1263
1524260 1259
1524270 1259
1524280 1254
1524290 1248
1524300 1248
1524310 1242
1524320 1237
1524330 1237
1524340 1230
1524350 1223
1524360 1223
1524370 1216
1524380 1210
1524390 1204
1524400 1204
1524410 1199
1524420 1193
1524430 1193
1524440 1188
1524450 1183
1524460 1183
1524470 1178
1524480 1173
1524490 1173
1524500 1169
1524510 1164
1524520 1164
1524530 1159
1524540 1154
1524550 1154
1524560 1151
1524570 1148
1524580 1148
1524590 1146
1524600 1144
1524610 1142
1524620 1142
1524630 1140
1524640 1138
1524650 1138
1524660 1137
1524670 1135
1524680 1135
1524690 1133
1524700 1132
1524710 1132
1524720 1131
1524730 1130
1524740 1130
1524750 1129
1524760 1128
1524770 1128
1524780 1127
1524790 1126
1524800 1126
1524810 1126
1524820 1125
1524830 1124
1524840 1124
1524850 1123
1524860 1123
1524870 1123
1524880 1122
1524890 1121
1524900 1121
1524910 1120
1524920 1119
1524930 1119
1524940 1119
1524950 1119
1524960 1119
1524970 1118
1524980 1117
1524990 1117
1525000 1112
1525010 1109
1525020 1109
1525030 1108
1525040 1110
1525050 1115
1525060 1115
1525070 1121
1525080 1123
1525090 1123
1525100 1127
1525110 1128
1525120 1128
1525130 1128
1525140 1126
1525150 1126
1525160 1126
1525170 1126
1525180 1126
1525190 1125
1525200 1123
1525210 1123
1525220 1123
1525230 1121
1525240 1121
1525250 1117
1525260 1116
1525270 1113
1525280 1113
1525290 1110
1525300 1108
1525310 1108
1525320 1106
1525330 1105
1525340 1105
1525350 1104
1525360 1104
1525370 1104
1525380 1104
1525390 1104
1525400 1104
1525410 1104
1525420 1103
1525430 1103
1525440 1102
1525450 1101
1525460 1101
1525470 1100
1525480 1100
1525490 1099
1525500 1099
1525510 1099
1525520 1097
1525530 1097
1525540 1095
1525550 1093
1525560 1093
1525570 1090
1525580 1089
1525590 1089
1525600 1087
1525610 1085
1525620 1085
1525630 1083
1525640 1082
1525650 1082
1525660 1079
1525670 1077
1525680 1077
1525690 1075
1525700 1073
1525710 1069
1525720 1069
1525730 1065
1525740 1060
1525750 1060
1525760 1053
1525770 1047
1525780 1047
1525790 1041
1525800 1038
1525810 1038
1525820 1036
1525830 1033
1525840 1033
1525850 1030
1525860 1029
1525870 1029
1525880 1029
1525890 1028
1525900 1028
1525910 1027
1525920 1027
1525930 1027
1525940 1027
1525950 1027
1525960 1027
1525970 1027
1525980 1027
1525990 1027
1526000 1027
1526010 1027
1526020 1027
1526030 1027
1526040 1027
1526050 1027
1526060 1027
1526070 1027
1526080 1027
1526090 1027
1526100 1027
1526110 1027
1526120 1027
1526130 1027
1526140 1027
1526150 1028
1526160 1028
1526170 1027
1526180 1027
1526190 1027
1526200 1027
1526210 1027
1526220 1027
1526230 1027
1526240 1027
1526250 1027
1526260 1026
1526270 1026
1526280 1026
1526290 1026
1526300 1026
1526310 1026
1526320 1026
1526330 1026
1526340 1026
1526350 1026
1526360 1026
1526370 1027
1526380 1027
1526390 1027
1526400 1026
1526410 1026
1526420 1027
1526430 1026
1526440 1026
1526450 1026
1526460 1026
1526470 1026
1526480 1026
1526490 1026
1526500 1026
1526510 1026
1526520 1026
1526530 1026
1526540 1026
1526550 1026
1526560 1026
1526570 1026
1526580 1026
1526590 1027
1526600 1027
1526610 1027
1526620 1027
1526630 1027
1526640 1027
1526650 1026
1526660 1026
1526670 1027
1526680 1026
1526690 1026
1526700 1026
1526710 1026
1526720 1026
1526730 1026
1526740 1025
1526750 1025
1526760 1025
1526770 1025
1526780 1025
1526790 1025
1526800 1025
1526810 1025
1526820 1025
1526830 1025
1526840 1024
1526850 1024
1526860 1024
1526870 1024
1526880 1024
1526890 1024
1526900 1024
1526910 1024
1526920 1024
1526930 1024
1526940 1024
1526950 1024
1526960 1024
1526970 1024
1526980 1024
1526990 1024
1527000 1024
1527010 1023
1527020 1024
1527030 1024
1527040 1024
1527050 1024
1527060 1024
1527070 1024
1527080 1024
1527090 1024
1527100 1024
1527110 1024
1527120 1024
1527130 1024
1527140 1024
1527150 1024
1527160 1024
1527170 1024
1527180 1024
1527190 1024
1527200 1024
1527210 1024
1527220 1024
1527230 1024
1527240 1024
1527250 1024
1527260 1024
1527270 1024
1527280 1024
1527290 1024
1527300 1024
1527310 1024
1527320 1024
1527330 1024
1527340 1024
1527350 1024
1527360 1023
1527370 1024
1527380 1024
1527390 1024
1527400 1025
1527410 1025
1527420 1025
1527430 1025
1527440 1025
1527450 1025
1527460 1025
1527470 1025
1527480 1025
1527490 1025
1527500 1025
1527510 1025
1527520 1025
1527530 1025
1527540 1025
1527550 1025
1527560 1025
1527570 1025
1527580 1024
1527590 1024
1527600 1024
1527610 1024
1527620 1024
1527630 1024
1527640 1024
1527650 1024
1527660 1024
1527670 1024
1527680 1024
1527690 1024
1527700 1024
1527710 1024
1527720 1024
1527730 1024
1527740 1024
1527750 1024
1527760 1024
1527770 1025
1527780 1025
1527790 1025
1527800 1024
1527810 1022
1527820 1022
1527830 1024
1527840 1024
1527850 1024
1527860 1024
1527870 1024
1527880 1024
1527890 1024
1527900 1024
1527910 1024
1527920 1024
1527930 1024
1527940 1024
1527950 1024
1527960 1024
1527970 1024
1527980 1024
1527990 1024
1528000 1024
1528010 1024
1528020 1024
1528030 1025
1528040 1025
1528050 1025
1528060 1026
1528070 1026
1528080 1028
1528090 1029
1528100 1029
1528110 1030
1528120 1031
1528130 1033
1528140 1033
1528150 1037
1528160 1040
1528170 1040
1528180 1042
1528190 1043
1528200 1043
1528210 1044
1528220 1046
1528230 1046
1528240 1047
1528250 1049
1528260 1049
1528270 1051
1528280 1052
1528290 1052
1528300 1053
1528310 1054
1528320 1054
1528330 1056
1528340 1057
1528350 1057
1528360 1058
1528370 1059
1528380 1060
1528390 1060
1528400 1060
1528410 1061
1528420 1061
1528430 1063
1528440 1064
1528450 1064
1528460 1065
1528470 1066
1528480 1066
1528490 1067
1528500 1068
1528510 1068
1528520 1069
1528530 1070
1528540 1070
1528550 1070
1528560 1071
1528570 1071
1528580 1072
1528590 1073
1528600 1073
1528610 1073
1528620 1073
1528630 1073
1528640 1073
1528650 1073
1528660 1072
1528670 1072
1528680 1069
1528690 1066
1528700 1066
1528710 1062
1528720 1060
1528730 1060
1528740 1059
1528750 1062
1528760 1062
1528770 1065
1528780 1068
1528790 1068
1528800 1071
1528810 1073
1528820 1074
1528830 1074
1528840 1075
1528850 1076
1528860 1076
1528870 1076
1528880 1077
1528890 1077
1528900 1079
1528910 1080
1528920 1080
1528930 1081
1528940 1081
1528950 1081
1528960 1080
1528970 1080
1528980 1080
1528990 1082
1529000 1086
1529010 1086
1529020 1088
1529030 1090
1529040 1091
1529050 1091
1529060 1092
1529070 1094
1529080 1094
1529090 1095
1529100 1096
1529110 1096
1529120 1097
1529130 1098
1529140 1098
1529150 1099
1529160 1100
1529170 1100
1529180 1101
1529190 1101
1529200 1101
1529210 1102
1529220 1103
1529230 1103
1529240 1104
1529250 1104
1529260 1105
1529270 1105
1529280 1105
1529290 1107
1529300 1107
1529310 1108
1529320 1109
1529330 1109
1529340 1109
1529350 1110
1529360 1110
1529370 1112
1529380 1114
1529390 1114
1529400 1115
1529410 1117
1529420 1117
1529430 1119
1529440 1120
1529450 1120
1529460 1122
1529470 1124
1529480 1126
1529490 1126
1529500 1127
1529510 1129
1529520 1129
1529530 1129
1529540 1130
1529550 1130
1529560 1129
1529570 1129
1529580 1129
1529590 1128
1529600 1127
1529610 1127
1529620 1126
1529630 1132
1529640 1132
1529650 1139
1529660 1144
1529670 1144
1529680 1148
1529690 1152
1529700 1155
1529710 1155
1529720 1158
1529730 1160
1529740 1160
1529750 1163
1529760 1166
1529770 1166
1529780 1169
1529790 1171
1529800 1169
1529810 1171
1529820 1173
1529830 1173
1529840 1172
1529850 1169
1529860 1169
1529870 1170
1529880 1173
1529890 1173
1529900 1176
1529910 1177
1529920 1180
1529930 1180
1529940 1182
1529950 1184
1529960 1184
1529970 1185
1529980 1187
1529990 1187
1530000 1188
1530010 1190
1530020 1190
1530030 1192
1530040 1194
1530050 1194
1530060 1196
1530070 1197
1530080 1197
1530090 1199
1530100 1201
1530110 1201
1530120 1203
1530130 1204
1530140 1206
1530150 1206
1530160 1207
1530170 1208
1530180 1208
1530190 1210
1530200 1211
1530210 1211
1530220 1212
1530230 1213
1530240 1213
1530250 1214
1530260 1215
1530270 1215
1530280 1216
1530290 1217
1530300 1217
1530310 1218
1530320 1219
1530330 1219
1530340 1219
1530350 1222
1530360 1223
1530370 1223
1530380 1224
1530390 1225
1530400 1225
1530410 1227
1530420 1228
1530430 1228
1530440 1230
1530450 1230
1530460 1230
1530470 1232
1530480 1234
1530490 1234
1530500 1235
1530510 1237
1530520 1237
1530530 1239
1530540 1241
1530550 1241
1530560 1244
1530570 1246
1530580 1248
1530590 1248
1530600 1250
1530610 1251
1530620 1251
1530630 1252
1530640 1253
1530650 1253
1530660 1255
1530670 1257
1530680 1257
1530690 1259
1530700 1262
1530710 1262
1530720 1265
1530730 1267
1530740 1267
1530750 1268
1530760 1270
1530770 1270
1530780 1272
1530790 1273
1530800 1274
1530810 1274
1530820 1276
1530830 1277
1530840 1277
1530850 1278
1530860 1280
1530870 1280
1530880 1282
1530890 1283
1530900 1283
1530910 1284
1530920 1285
1530930 1285
1530940 1285
1530950 1285
1530960 1285
1530970 1287
1530980 1290
1530990 1290
1531000 1293
1531010 1295
1531020 1297
1531030 1297
1531040 1298
1531050 1300
1531060 1300
1531070 1301
1531080 1302
1531090 1302
1531100 1303
1531110 1304
1531120 1304
1531130 1304
1531140 1304
1531150 1304
1531160 1305
1531170 1304
1531180 1304
1531190 1304
1531200 1304
1531210 1304
1531220 1304
1531230 1304
1531240 1303
1531250 1303
1531260 1304
1531270 1309
1531280 1309
1531290 1313
1531300 1320
1531310 1320
1531320 1325
1531330 1329
1531340 1329
1531350 1330
1531360 1328
1531370 1328
1531380 1329
1531390 1332
1531400 1332
1531410 1336
1531420 1339
1531430 1339
1531440 1341
1531450 1344
1531460 1346
1531470 1346
1531480 1348
1531490 1350
1531500 1350
1531510 1351
1531520 1353
1531530 1353
1531540 1355
1531550 1357
1531560 1357
1531570 1359
1531580 1360
1531590 1360
1531600 1361
1531610 1363
1531620 1363
1531630 1365
1531640 1367
1531650 1367
1531660 1368
1531670 1370
1531680 1371
1531690 1371
1531700 1373
1531710 1375
1531720 1375
1531730 1376
1531740 1379
1531750 1379
1531760 1382
1531770 1385
1531780 1385
1531790 1386
1531800 1387
1531810 1387
1531820 1389
1531830 1391
1531840 1391
1531850 1394
1531860 1395
1531870 1395
1531880 1397
1531890 1401
1531900 1404
1531910 1404
1531920 1407
1531930 1411
1531940 1411
1531950 1417
1531960 1421
1531970 1421
1531980 1425
1531990 1428
1532000 1428
1532010 1431
1532020 1434
1532030 1434
1532040 1437
1532050 1440
1532060 1440
1532070 1443
1532080 1448
1532090 1448
1532100 1454
1532110 1458
1532120 1462
1532130 1462
1532140 1464
1532150 1466
1532160 1466
1532170 1469
1532180 1471
1532190 1471
1532200 1474
1532210 1477
1532220 1477
1532230 1479
1532240 1480
1532250 1480
1532260 1483
1532270 1485
1532280 1485
1532290 1488
1532300 1490
1532310 1490
1532320 1491
1532330 1492
1532340 1493
1532350 1493
1532360 1494
1532370 1495
1532380 1495
1532390 1496
1532400 1496
1532410 1496
1532420 1496
1532430 1497
1532440 1497
1532450 1498
1532460 1499
1532470 1499
1532480 1501
1532490 1502
1532500 1502
1532510 1505
1532520 1508
1532530 1503
1532540 1505
1532550 1507
1532560 1507
1532570 1509
1532580 1511
1532590 1511
1532600 1511
1532610 1511
1532620 1511
1532630 1511
1532640 1511
1532650 1512
1532660 1512
1532670 1512
1532680 1512
1532690 1512
1532700 1513
1532710 1514
1532720 1514
1532730 1514
1532740 1515
1532750 1515
1532760 1516
1532770 1516
1532780 1516
1532790 1518
1532800 1519
1532810 1520
1532820 1520
1532830 1523
1532840 1526
1532850 1526
1532860 1528
1532870 1531
1532880 1531
1532890 1533
1532900 1535
1532910 1535
1532920 1536
1532930 1537
1532940 1537
1532950 1539
1532960 1540
1532970 1540
1532980 1541
1532990 1542
1533000 1542
1533010 1543
1533020 1544
1533030 1544
1533040 1544
1533050 1545
1533060 1546
1533070 1546
1533080 1547
1533090 1547
1533100 1547
1533110 1547
1533120 1548
1533130 1548
1533140 1549
1533150 1548
1533160 1548
1533170 1548
1533180 1548
1533190 1548
1533200 1548
1533210 1547
1533220 1547
1533230 1547
1533240 1547
1533250 1545
1533260 1545
1533270 1542
1533280 1537
1533290 1537
1533300 1531
1533310 1526
1533320 1526
1533330 1522
1533340 1520
1533350 1520
1533360 1522
1533370 1527
1533380 1527
1533390 1532
1533400 1536
1533410 1536
1533420 1541
1533430 1544
1533440 1544
1533450 1543
1533460 1540
1533470 1536
1533480 1536
1533490 1530
1533500 1526
1533510 1526
1533520 1525
1533530 1524
1533540 1524
1533550 1525
1533560 1525
1533570 1525
1533580 1527
1533590 1532
1533600 1532
1533610 1540
1533620 1550
1533630 1550
1533640 1558
1533650 1566
1533660 1566
1533670 1571
1533680 1575
1533690 1580
1533700 1580
1533710 1585
1533720 1590
1533730 1590
1533740 1594
1533750 1598
1533760 1598
1533770 1601
1533780 1604
1533790 1604
1533800 1607
1533810 1610
1533820 1610
1533830 1613
1533840 1615
1533850 1615
1533860 1618
1533870 1620
1533880 1620
1533890 1622
1533900 1625
1533910 1627
1533920 1627
1533930 1630
1533940 1632
1533950 1632
1533960 1635
1533970 1638
1533980 1638
1533990 1641
1534000 1642
1534010 1642
1534020 1644
1534030 1647
1534040 1647
1534050 1649
1534060 1652
1534070 1652
1534080 1654
1534090 1655
1534100 1655
1534110 1656
1534120 1658
1534130 1658
1534140 1658
1534150 1659
1534160 1660
1534170 1660
1534180 1661
1534190 1662
1534200 1662
1534210 1663
1534220 1664
1534230 1664
1534240 1664
1534250 1664
1534260 1664
1534270 1663
1534280 1662
1534290 1662
1534300 1661
1534310 1660
1534320 1660
1534330 1660
1534340 1660
1534350 1661
1534360 1661
1534370 1660
1534380 1660
1534390 1660
1534400 1659
1534410 1658
1534420 1658
1534430 1656
1534440 1654
1534450 1654
1534460 1652
1534470 1651
1534480 1651
1534490 1648
1534500 1646
1534510 1646
1534520 1644
1534530 1642
1534540 1642
1534550 1641
1534560 1639
1534570 1637
1534580 1637
1534590 1634
1534600 1630
1534610 1630
1534620 1629
1534630 1628
1534640 1628
1534650 1628
1534660 1627
1534670 1627
1534680 1626
1534690 1624
1534700 1624
1534710 1622
1534720 1620
1534730 1620
1534740 1619
1534750 1618
1534760 1618
1534770 1617
1534780 1615
1534790 1613
1534800 1613
1534810 1610
1534820 1607
1534830 1607
1534840 1606
1534850 1606
1534860 1606
1534870 1605
1534880 1603
1534890 1603
1534900 1600
1534910 1597
1534920 1597
1534930 1595
1534940 1591
1534950 1591
1534960 1586
1534970 1581
1534980 1581
1534990 1577
1535000 1574
1535010 1575
1535020 1575
1535030 1578
1535040 1580
1535050 1580
1535060 1579
1535070 1580
1535080 1580
1535090 1581
1535100 1577
1535110 1577
1535120 1577
1535130 1577
1535140 1577
1535150 1579
1535160 1581
1535170 1581
1535180 1584
1535190 1587
1535200 1587
1535210 1590
1535220 1593
1535230 1596
1535240 1596
1535250 1599
1535260 1602
1535270 1602
1535280 1604
1535290 1606
1535300 1606
1535310 1608
1535320 1610
1535330 1610
1535340 1612
1535350 1613
1535360 1613
1535370 1616
1535380 1618
1535390 1618
1535400 1621
1535410 1625
1535420 1625
1535430 1627
1535440 1629
1535450 1631
1535460 1631
1535470 1634
1535480 1636
1535490 1636
1535500 1639
1535510 1641
1535520 1641
1535530 1644
1535540 1647
1535550 1647
1535560 1649
1535570 1651
1535580 1651
1535590 1653
1535600 1655
1535610 1655
1535620 1657
1535630 1659
1535640 1659
1535650 1661
1535660 1662
1535670 1663
1535680 1663
1535690 1664
1535700 1664
1535710 1664
1535720 1666
1535730 1667
1535740 1667
1535750 1669
1535760 1670
1535770 1670
1535780 1672
1535790 1673
1535800 1673
1535810 1674
1535820 1675
1535830 1675
1535840 1675
1535850 1676
1535860 1676
1535870 1677
1535880 1679
1535890 1679
1535900 1679
1535910 1678
1535920 1677
1535930 1677
1535940 1676
1535950 1676
1535960 1676
1535970 1678
1535980 1679
1535990 1679
1536000 1679
1536010 1679
1536020 1679
1536030 1679
1536040 1678
1536050 1678
1536060 1678
1536070 1678
1536080 1678
1536090 1677
1536100 1678
1536110 1680
1536120 1680
1536130 1680
1536140 1678
1536150 1678
1536160 1676
1536170 1674
1536180 1674
1536190 1672
1536200 1669
1536210 1669
1536220 1666
1536230 1663
1536240 1663
1536250 1658
1536260 1652
1536270 1652
1536280 1643
1536290 1635
1536300 1635
1536310 1629
1536320 1625
1536330 1621
1536340 1621
1536350 1619
1536360 1616
1536370 1616
1536380 1613
1536390 1610
1536400 1610
1536410 1607
1536420 1604
1536430 1604
1536440 1600
1536450 1594
1536460 1594
1536470 1587
1536480 1578
1536490 1578
1536500 1571
1536510 1564
1536520 1564
1536530 1555
1536540 1547
1536550 1547
1536560 1540
1536570 1535
1536580 1531
1536590 1531
1536600 1526
1536610 1520
1536620 1520
1536630 1516
1536640 1512
1536650 1512
1536660 1510
1536670 1508
1536680 1508
1536690 1506
1536700 1503
1536710 1503
1536720 1501
1536730 1498
1536740 1498
1536750 1495
1536760 1491
1536770 1491
1536780 1487
1536790 1482
1536800 1477
1536810 1477
1536820 1472
1536830 1468
1536840 1468
1536850 1464
1536860 1461
1536870 1461
1536880 1457
1536890 1454
1536900 1454
1536910 1450
1536920 1444
1536930 1444
1536940 1438
1536950 1432
1536960 1432
1536970 1426
1536980 1420
1536990 1420
1537000 1413
1537010 1404
1537020 1396
1537030 1396
1537040 1390
1537050 1384
1537060 1384
1537070 1379
1537080 1376
1537090 1376
1537100 1373
1537110 1370
1537120 1370
1537130 1369
1537140 1366
1537150 1366
1537160 1362
1537170 1357
1537180 1357
1537190 1352
1537200 1348
1537210 1348
1537220 1344
1537230 1340
1537240 1336
1537250 1336
1537260 1333
1537270 1329
1537280 1329
1537290 1324
1537300 1320
1537310 1320
1537320 1315
1537330 1312
1537340 1312
1537350 1308
1537360 1302
1537370 1302
1537380 1296
1537390 1290
1537400 1290
1537410 1285
1537420 1280
1537430 1280
1537440 1274
1537450 1270
1537460 1266
1537470 1266
1537480 1262
1537490 1259
1537500 1259
1537510 1258
1537520 1254
1537530 1254
1537540 1250
1537550 1245
1537560 1244
1537570 1239
1537580 1235
1537590 1235
1537600 1228
1537610 1221
1537620 1221
1537630 1217
1537640 1214
1537650 1214
1537660 1208
1537670 1202
1537680 1198
1537690 1198
1537700 1194
1537710 1188
1537720 1188
1537730 1181
1537740 1176
1537750 1176
1537760 1171
1537770 1166
1537780 1166
1537790 1161
1537800 1155
1537810 1155
1537820 1153
1537830 1147
1537840 1147
1537850 1143
1537860 1138
1537870 1138
1537880 1136
1537890 1135
1537900 1133
1537910 1133
1537920 1129
1537930 1124
1537940 1124
1537950 1118
1537960 1115
1537970 1115
1537980 1111
1537990 1108
1538000 1108
1538010 1104
1538020 1098
1538030 1098
1538040 1094
1538050 1090
1538060 1090
1538070 1087
1538080 1082
1538090 1082
1538100 1077
1538110 1072
1538120 1066
1538130 1066
1538140 1062
1538150 1058
1538160 1058
1538170 1055
1538180 1052
1538190 1052
1538200 1049
1538210 1047
1538220 1047
1538230 1044
1538240 1042
1538250 1042
1538260 1039
1538270 1037
1538280 1037
1538290 1034
1538300 1032
1538310 1032
1538320 1029
1538330 1028
1538340 1026
1538350 1026
1538360 1024
1538370 1022
1538380 1022
1538390 1021
1538400 1020
1538410 1020
1538420 1019
1538430 1014
1538440 1014
1538450 1012
1538460 1009
1538470 1009
1538480 1001
1538490 997
1538500 997
1538510 996
1538520 997
1538530 997
1538540 1003
1538550 1012
1538560 1020
1538570 1020
1538580 1029
1538590 1035
1538600 1035
1538610 1039
1538620 1043
1538630 1043
1538640 1046
1538650 1050
1538660 1050
1538670 1052
1538680 1056
1538690 1056
1538700 1060
1538710 1063
1538720 1063
1538730 1066
1538740 1070
1538750 1070
1538760 1074
1538770 1077
1538780 1081
1538790 1081
1538800 1085
1538810 1088
1538820 1088
1538830 1091
1538840 1093
1538850 1093
1538860 1096
1538870 1099
1538880 1099
1538890 1102
1538900 1104
1538910 1104
1538920 1106
1538930 1107
1538940 1107
1538950 1109
1538960 1112
1538970 1112
1538980 1116
1538990 1118
1539000 1118
1539010 1118
1539020 1119
1539030 1120
1539040 1120
1539050 1123
1539060 1127
1539070 1127
1539080 1131
1539090 1137
1539100 1137
1539110 1144
1539120 1151
1539130 1151
1539140 1157
1539150 1161
1539160 1161
1539170 1165
1539180 1169
1539190 1169
1539200 1174
1539210 1178
1539220 1181
1539230 1181
1539240 1185
1539250 1190
1539260 1190
1539270 1192
1539280 1195
1539290 1195
1539300 1198
1539310 1201
1539320 1201
1539330 1205
1539340 1209
1539350 1209
1539360 1212
1539370 1215
1539380 1215
1539390 1218
1539400 1220
1539410 1220
1539420 1225
1539430 1231
1539440 1235
1539450 1235
1539460 1240
1539470 1246
1539480 1246
1539490 1246
1539500 1242
1539510 1242
1539520 1239
1539530 1238
1539540 1238
1539550 1240
1539560 1254
1539570 1254
1539580 1260
1539590 1263
1539600 1263
1539610 1266
1539620 1270
1539630 1270
1539640 1277
1539650 1282
1539660 1285
1539670 1285
1539680 1288
1539690 1292
1539700 1292
1539710 1295
1539720 1298
1539730 1298
1539740 1301
1539750 1305
1539760 1305
1539770 1308
1539780 1312
1539790 1312
1539800 1316
1539810 1320
1539820 1320
1539830 1323
1539840 1326
1539850 1326
1539860 1329
1539870 1333
1539880 1336
1539890 1336
1539900 1338
1539910 1341
1539920 1341
1539930 1344
1539940 1348
1539950 1348
1539960 1352
1539970 1355
1539980 1355
1539990 1358
