1520000 1593
1520010 1593
1520020 1593
1520030 1592
1520040 1592
1520050 1591
1520060 1589
1520070 1589
1520080 1589
1520090 1587
1520100 1587
1520110 1585
1520120 1583
1520130 1582
1520140 1582
1520150 1581
1520160 1581
1520170 1581
1520180 1581
1520190 1582
1520200 1582
1520210 1583
1520220 1583
1520230 1583
1520240 1583
1520250 1582
1520260 1582
1520270 1582
1520280 1581
1520290 1581
1520300 1580
1520310 1579
1520320 1579
1520330 1577
1520340 1576
1520350 1574
1520360 1574
1520370 1574
1520380 1572
1520390 1572
1520400 1569
1520410 1565
1520420 1565
1520430 1561
1520440 1557
1520450 1557
1520460 1555
1520470 1553
1520480 1553
1520490 1552
1520500 1551
1520510 1551
1520520 1548
1520530 1546
1520540 1546
1520550 1546
1520560 1546
1520570 1546
1520580 1546
1520590 1546
1520600 1546
1520610 1546
1520620 1545
1520630 1544
1520640 1544
1520650 1543
1520660 1541
1520670 1541
1520680 1538
1520690 1536
1520700 1536
1520710 1536
1520720 1535
1520730 1535
1520740 1533
1520750 1536
1520760 1536
1520770 1538
1520780 1538
1520790 1535
1520800 1535
1520810 1532
1520820 1529
1520830 1529
1520840 1529
1520850 1529
1520860 1529
1520870 1528
1520880 1525
1520890 1525
1520900 1522
1520910 1522
1520920 1522
1520930 1522
1520940 1522
1520950 1522
1520960 1522
1520970 1521
1520980 1521
1520990 1520
1521000 1518
1521010 1518
1521020 1515
1521030 1513
1521040 1512
1521050 1512
1521060 1515
1521070 1516
1521080 1516
1521090 1516
1521100 1516
1521110 1516
1521120 1515
1521130 1514
1521140 1514
1521150 1514
1521160 1514
1521170 1514
1521180 1515
1521190 1518
1521200 1518
1521210 1521
1521220 1523
1521230 1523
1521240 1525
1521250 1527
1521260 1531
1521270 1531
1521280 1534
1521290 1538
1521300 1538
1521310 1542
1521320 1545
1521330 1545
1521340 1547
1521350 1551
1521360 1551
1521370 1557
1521380 1563
1521390 1563
1521400 1571
1521410 1572
1521420 1572
1521430 1571
1521440 1569
1521450 1569
1521460 1567
1521470 1566
1521480 1565
1521490 1565
1521500 1564
1521510 1562
1521520 1562
1521530 1559
1521540 1556
1521550 1556
1521560 1556
1521570 1555
1521580 1555
1521590 1554
1521600 1554
1521610 1554
1521620 1553
1521630 1552
1521640 1552
1521650 1551
1521660 1550
1521670 1550
1521680 1549
1521690 1549
1521700 1548
1521710 1548
1521720 1547
1521730 1547
1521740 1547
1521750 1546
1521760 1544
1521770 1544
1521780 1541
1521790 1539
1521800 1539
1521810 1537
1521820 1535
1521830 1535
1521840 1533
1521850 1531
1521860 1531
1521870 1530
1521880 1528
1521890 1528
1521900 1526
1521910 1525
1521920 1523
1521930 1523
1521940 1520
1521950 1518
1521960 1518
1521970 1517
1521980 1515
1521990 1515
1522000 1514
1522010 1512
1522020 1512
1522030 1511
1522040 1510
1522050 1510
1522060 1508
1522070 1507
1522080 1507
1522090 1506
1522100 1505
1522110 1505
1522120 1504
1522130 1503
1522140 1501
1522150 1501
1522160 1500
1522170 1499
1522180 1499
1522190 1497
1522200 1496
1522210 1496
1522220 1495
1522230 1494
1522240 1494
1522250 1492
1522260 1491
1522270 1491
1522280 1489
1522290 1488
1522300 1488
1522310 1486
1522320 1484
1522330 1484
1522340 1482
1522350 1481
1522360 1479
1522370 1479
1522380 1478
1522390 1476
1522400 1476
1522410 1474
1522420 1472
1522430 1472
1522440 1470
1522450 1468
1522460 1468
1522470 1465
1522480 1463
1522490 1463
1522500 1461
1522510 1459
1522520 1459
1522530 1458
1522540 1456
1522550 1456
1522560 1453
1522570 1451
1522580 1449
1522590 1449
1522600 1447
1522610 1446
1522620 1446
1522630 1444
1522640 1441
1522650 1441
1522660 1438
1522670 1436
1522680 1436
1522690 1433
1522700 1429
1522710 1429
1522720 1426
1522730 1424
1522740 1424
1522750 1421
1522760 1418
1522770 1418
1522780 1416
1522790 1413
1522800 1413
1522810 1410
1522820 1407
1522830 1406
1522840 1406
1522850 1403
1522860 1402
1522870 1402
1522880 1400
1522890 1398
1522900 1398
1522910 1397
1522920 1397
1522930 1397
1522940 1396
1522950 1395
1522960 1395
1522970 1393
1522980 1391
1522990 1391
1523000 1389
1523010 1386
1523020 1386
1523030 1383
1523040 1381
1523050 1378
1523060 1378
1523070 1376
1523080 1374
1523090 1374
1523100 1371
1523110 1368
1523120 1368
1523130 1364
1523140 1360
1523150 1360
1523160 1357
1523170 1354
1523180 1354
1523190 1351
1523200 1348
1523210 1348
1523220 1346
1523230 1343
1523240 1343
1523250 1339
1523260 1337
1523270 1335
1523280 1335
1523290 1332
1523300 1329
1523310 1329
1523320 1324
1523330 1318
1523340 1318
1523350 1310
1523360 1304
1523370 1304
1523380 1302
1523390 1302
1523400 1302
1523410 1303
1523420 1303
1523430 1303
1523440 1302
1523450 1297
1523460 1297
1523470 1292
1523480 1289
1523490 1287
1523500 1287
1523510 1285
1523520 1282
1523530 1282
1523540 1279
1523550 1276
1523560 1276
1523570 1273
1523580 1270
1523590 1270
1523600 1267
1523610 1264
1523620 1264
1523630 1261
1523640 1257
1523650 1257
1523660 1252
1523670 1248
1523680 1248
1523690 1244
1523700 1242
1523710 1239
1523720 1239
1523730 1237
1523740 1234
1523750 1234
1523760 1231
1523770 1230
1523780 1230
1523790 1228
1523800 1225
1523810 1225
1523820 1223
1523830 1219
1523840 1219
1523850 1216
1523860 1213
1523870 1213
1523880 1209
1523890 1205
1523900 1205
1523910 1201
1523920 1197
1523930 1194
1523940 1194
1523950 1189
1523960 1183
1523970 1183
1523980 1178
1523990 1176
1524000 1176
1524010 1174
1524020 1170
1524030 1170
1524040 1165
1524050 1161
1524060 1161
1524070 1159
1524080 1156
1524090 1156
1524100 1154
1524110 1152
1524120 1152
1524130 1150
1524140 1148
1524150 1145
1524160 1145
1524170 1142
1524180 1139
1524190 1139
1524200 1136
1524210 1133
1524220 1133
1524230 1130
1524240 1128
1524250 1128
1524260 1127
1524270 1125
1524280 1125
1524290 1124
1524300 1123
1524310 1123
1524320 1122
1524330 1122
1524340 1122
1524350 1122
1524360 1122
1524370 1120
1524380 1120
1524390 1119
1524400 1119
1524410 1119
1524420 1118
1524430 1118
1524440 1118
1524450 1118
1524460 1118
1524470 1118
1524480 1118
1524490 1118
1524500 1118
1524510 1118
1524520 1117
1524530 1117
1524540 1117
1524550 1117
1524560 1117
1524570 1117
1524580 1118
1524590 1118
1524600 1118
1524610 1118
1524620 1118
1524630 1118
1524640 1118
1524650 1118
1524660 1118
1524670 1118
1524680 1118
1524690 1118
1524700 1118
1524710 1118
1524720 1118
1524730 1118
1524740 1119
1524750 1119
1524760 1119
1524770 1120
1524780 1120
1524790 1120
1524800 1120
1524810 1120
1524820 1121
1524830 1121
1524840 1123
1524850 1123
1524860 1126
1524870 1130
1524880 1130
1524890 1133
1524900 1136
1524910 1136
1524920 1139
1524930 1142
1524940 1142
1524950 1145
1524960 1150
1524970 1150
1524980 1154
1524990 1157
1525000 1157
1525010 1160
1525020 1164
1525030 1164
1525040 1167
1525050 1171
1525060 1174
1525070 1174
1525080 1177
1525090 1180
1525100 1180
1525110 1184
1525120 1188
1525130 1188
1525140 1192
1525150 1196
1525160 1196
1525170 1201
1525180 1205
1525190 1205
1525200 1209
1525210 1213
1525220 1213
1525230 1217
1525240 1220
1525250 1220
1525260 1225
1525270 1230
1525280 1235
1525290 1235
1525300 1240
1525310 1244
1525320 1244
1525330 1248
1525340 1253
1525350 1253
1525360 1259
1525370 1264
1525380 1264
1525390 1270
1525400 1275
1525410 1275
1525420 1281
1525430 1286
1525440 1286
1525450 1292
1525460 1297
1525470 1297
1525480 1303
1525490 1308
1525500 1313
1525510 1313
1525520 1317
1525530 1322
1525540 1322
1525550 1327
1525560 1331
1525570 1331
1525580 1335
1525590 1340
1525600 1340
1525610 1343
1525620 1347
1525630 1347
1525640 1351
1525650 1355
1525660 1355
1525670 1359
1525680 1361
1525690 1361
1525700 1364
1525710 1367
1525720 1370
1525730 1370
1525740 1373
1525750 1377
1525760 1377
1525770 1380
1525780 1383
1525790 1383
1525800 1387
1525810 1391
1525820 1391
1525830 1395
1525840 1398
1525850 1398
1525860 1402
1525870 1406
1525880 1406
1525890 1410
1525900 1415
1525910 1415
1525920 1421
1525930 1426
1525940 1430
1525950 1430
1525960 1433
1525970 1438
1525980 1438
1525990 1443
1526000 1447
1526010 1447
1526020 1451
1526030 1455
1526040 1455
1526050 1459
1526060 1463
1526070 1463
1526080 1466
1526090 1470
1526100 1470
1526110 1474
1526120 1478
1526130 1478
1526140 1481
1526150 1485
1526160 1485
1526170 1488
1526180 1491
1526190 1495
1526200 1495
1526210 1499
1526220 1502
1526230 1502
1526240 1506
1526250 1509
1526260 1509
1526270 1512
1526280 1515
1526290 1515
1526300 1518
1526310 1521
1526320 1521
1526330 1524
1526340 1526
1526350 1526
1526360 1528
1526370 1529
1526380 1529
1526390 1531
1526400 1532
1526410 1533
1526420 1533
1526430 1534
1526440 1534
1526450 1534
1526460 1534
1526470 1534
1526480 1534
1526490 1533
1526500 1532
1526510 1532
1526520 1532
1526530 1531
1526540 1531
1526550 1531
1526560 1530
1526570 1530
1526580 1530
1526590 1530
1526600 1530
1526610 1531
1526620 1533
1526630 1534
1526640 1534
1526650 1534
1526660 1533
1526670 1533
1526680 1532
1526690 1531
1526700 1531
1526710 1529
1526720 1528
1526730 1528
1526740 1526
1526750 1524
1526760 1524
1526770 1522
1526780 1520
1526790 1520
1526800 1517
1526810 1513
1526820 1513
1526830 1509
1526840 1503
1526850 1498
1526860 1498
1526870 1491
1526880 1484
1526890 1484
1526900 1476
1526910 1469
1526920 1469
1526930 1463
1526940 1457
1526950 1457
1526960 1452
1526970 1446
1526980 1446
1526990 1439
1527000 1431
1527010 1431
1527020 1420
1527030 1406
1527040 1406
1527050 1397
1527060 1398
1527070 1404
1527080 1404
1527090 1407
1527100 1411
1527110 1411
1527120 1415
1527130 1418
1527140 1418
1527150 1422
1527160 1429
1527170 1429
1527180 1434
1527190 1435
1527200 1435
1527210 1432
1527220 1428
1527230 1428
1527240 1430
1527250 1433
1527260 1433
1527270 1431
1527280 1428
1527290 1424
1527300 1424
1527310 1420
1527320 1415
1527330 1415
1527340 1410
1527350 1404
1527360 1404
1527370 1398
1527380 1389
1527390 1389
1527400 1381
1527410 1378
1527420 1378
1527430 1374
1527440 1366
1527450 1366
1527460 1358
1527470 1351
1527480 1351
1527490 1341
1527500 1341
1527510 1350
1527520 1350
1527530 1357
1527540 1362
1527550 1362
1527560 1367
1527570 1372
1527580 1376
1527590 1380
1527600 1382
1527610 1382
1527620 1382
1527630 1380
1527640 1380
1527650 1378
1527660 1376
1527670 1376
1527680 1373
1527690 1371
1527700 1371
1527710 1370
1527720 1367
1527730 1363
1527740 1363
1527750 1358
1527760 1350
1527770 1350
1527780 1342
1527790 1334
1527800 1334
1527810 1325
1527820 1317
1527830 1317
1527840 1309
1527850 1299
1527860 1299
1527870 1290
1527880 1287
1527890 1287
1527900 1292
1527910 1296
1527920 1296
1527930 1302
1527940 1306
1527950 1306
1527960 1308
1527970 1310
1527980 1312
1527990 1312
1528000 1313
1528010 1312
1528020 1312
1528030 1311
1528040 1308
1528050 1308
1528060 1305
1528070 1302
1528080 1302
1528090 1302
1528100 1301
1528110 1301
1528120 1298
1528130 1297
1528140 1297
1528150 1296
1528160 1294
1528170 1294
1528180 1292
1528190 1290
1528200 1286
1528210 1286
1528220 1283
1528230 1280
1528240 1280
1528250 1275
1528260 1272
1528270 1272
1528280 1268
1528290 1264
1528300 1264
1528310 1260
1528320 1257
1528330 1257
1528340 1255
1528350 1251
1528360 1251
1528370 1247
1528380 1244
1528390 1244
1528400 1241
1528410 1238
1528420 1234
1528430 1234
1528440 1231
1528450 1227
1528460 1227
1528470 1224
1528480 1220
1528490 1220
1528500 1217
1528510 1214
1528520 1214
1528530 1211
1528540 1209
1528550 1209
1528560 1206
1528570 1203
1528580 1203
1528590 1200
1528600 1196
1528610 1196
1528620 1191
1528630 1183
1528640 1177
1528650 1177
1528660 1171
1528670 1165
1528680 1165
1528690 1160
1528700 1151
1528710 1151
1528720 1145
1528730 1150
1528740 1150
1528750 1155
1528760 1156
1528770 1156
1528780 1153
1528790 1148
1528800 1148
1528810 1142
1528820 1137
1528830 1137
1528840 1134
1528850 1134
1528860 1132
1528870 1132
1528880 1129
1528890 1124
1528900 1124
1528910 1120
1528920 1116
1528930 1116
1528940 1113
1528950 1109
1528960 1109
1528970 1107
1528980 1104
1528990 1104
1529000 1101
1529010 1097
1529020 1097
1529030 1095
1529040 1092
1529050 1092
1529060 1089
1529070 1087
1529080 1085
1529090 1085
1529100 1082
1529110 1080
1529120 1080
1529130 1078
1529140 1076
1529150 1076
1529160 1074
1529170 1072
1529180 1072
1529190 1071
1529200 1069
1529210 1069
1529220 1068
1529230 1066
1529240 1066
1529250 1064
1529260 1062
1529270 1062
1529280 1060
1529290 1058
1529300 1057
1529310 1057
1529320 1056
1529330 1055
1529340 1055
1529350 1054
1529360 1053
1529370 1053
1529380 1052
1529390 1051
1529400 1051
1529410 1051
1529420 1051
1529430 1051
1529440 1050
1529450 1049
1529460 1049
1529470 1047
1529480 1045
1529490 1045
1529500 1044
1529510 1043
1529520 1043
1529530 1043
1529540 1041
1529550 1040
1529560 1040
1529570 1038
1529580 1037
1529590 1037
1529600 1036
1529610 1035
1529620 1035
1529630 1034
1529640 1032
1529650 1032
1529660 1032
1529670 1031
1529680 1031
1529690 1030
1529700 1028
1529710 1028
1529720 1028
1529730 1026
1529740 1026
1529750 1024
1529760 1023
1529770 1023
1529780 1023
1529790 1022
1529800 1022
1529810 1022
1529820 1021
1529830 1020
1529840 1020
1529850 1020
1529860 1020
1529870 1020
1529880 1020
1529890 1020
1529900 1020
1529910 1020
1529920 1020
1529930 1020
1529940 1020
1529950 1021
1529960 1021
1529970 1022
1529980 1022
1529990 1021
1530000 1021
1530010 1022
1530020 1022
1530030 1022
1530040 1022
1530050 1022
1530060 1022
1530070 1022
1530080 1023
1530090 1023
1530100 1023
1530110 1023
1530120 1023
1530130 1023
1530140 1023
1530150 1023
1530160 1024
1530170 1024
1530180 1024
1530190 1024
1530200 1023
1530210 1022
1530220 1022
1530230 1021
1530240 1021
1530250 1021
1530260 1020
1530270 1020
1530280 1020
1530290 1020
1530300 1020
1530310 1020
1530320 1020
1530330 1020
1530340 1020
1530350 1020
1530360 1020
1530370 1020
1530380 1020
1530390 1021
1530400 1021
1530410 1021
1530420 1020
1530430 1020
1530440 1021
1530450 1020
1530460 1019
1530470 1019
1530480 1019
1530490 1019
1530500 1019
1530510 1019
1530520 1019
1530530 1019
1530540 1019
1530550 1019
1530560 1019
1530570 1019
1530580 1019
1530590 1019
1530600 1019
1530610 1019
1530620 1019
1530630 1019
1530640 1018
1530650 1018
1530660 1018
1530670 1018
1530680 1018
1530690 1018
1530700 1018
1530710 1018
1530720 1018
1530730 1018
1530740 1018
1530750 1018
1530760 1018
1530770 1018
1530780 1018
1530790 1018
1530800 1019
1530810 1019
1530820 1019
1530830 1019
1530840 1019
1530850 1019
1530860 1019
1530870 1019
1530880 1019
1530890 1019
1530900 1019
1530910 1019
1530920 1019
1530930 1018
1530940 1018
1530950 1018
1530960 1017
1530970 1017
1530980 1017
1530990 1017
1531000 1017
1531010 1017
1531020 1017
1531030 1017
1531040 1018
1531050 1018
1531060 1018
1531070 1019
1531080 1019
1531090 1019
1531100 1019
1531110 1019
1531120 1018
1531130 1018
1531140 1018
1531150 1018
1531160 1018
1531170 1018
1531180 1018
1531190 1018
1531200 1018
1531210 1018
1531220 1018
1531230 1018
1531240 1018
1531250 1018
1531260 1018
1531270 1018
1531280 1018
1531290 1018
1531300 1018
1531310 1018
1531320 1018
1531330 1018
1531340 1018
1531350 1018
1531360 1018
1531370 1018
1531380 1018
1531390 1018
1531400 1018
1531410 1018
1531420 1018
1531430 1018
1531440 1018
1531450 1018
1531460 1018
1531470 1018
1531480 1018
1531490 1018
1531500 1018
1531510 1018
1531520 1018
1531530 1018
1531540 1018
1531550 1018
1531560 1018
1531570 1018
1531580 1019
1531590 1019
1531600 1019
1531610 1019
1531620 1020
1531630 1020
1531640 1020
1531650 1020
1531660 1020
1531670 1020
1531680 1020
1531690 1020
1531700 1020
1531710 1020
1531720 1020
1531730 1021
1531740 1021
1531750 1021
1531760 1021
1531770 1022
1531780 1024
1531790 1024
1531800 1024
1531810 1025
1531820 1025
1531830 1026
1531840 1027
1531850 1027
1531860 1028
1531870 1029
1531880 1029
1531890 1030
1531900 1031
1531910 1031
1531920 1032
1531930 1033
1531940 1033
1531950 1034
1531960 1035
1531970 1035
1531980 1036
1531990 1037
1532000 1038
1532010 1038
1532020 1039
1532030 1039
1532040 1039
1532050 1041
1532060 1043
1532070 1043
1532080 1046
1532090 1047
1532100 1047
1532110 1047
1532120 1047
1532130 1047
1532140 1047
1532150 1047
1532160 1047
1532170 1047
1532180 1048
1532190 1048
1532200 1049
1532210 1049
1532220 1050
1532230 1050
1532240 1053
1532250 1054
1532260 1054
1532270 1055
1532280 1056
1532290 1056
1532300 1057
1532310 1058
1532320 1058
1532330 1058
1532340 1058
1532350 1058
1532360 1059
1532370 1059
1532380 1059
1532390 1060
1532400 1061
1532410 1061
1532420 1062
1532430 1063
1532440 1064
1532450 1064
1532460 1065
1532470 1066
1532480 1066
1532490 1067
1532500 1069
1532510 1069
1532520 1070
1532530 1070
1532540 1070
1532550 1070
1532560 1071
1532570 1071
1532580 1073
1532590 1074
1532600 1074
1532610 1075
1532620 1076
1532630 1076
1532640 1076
1532650 1076
1532660 1076
1532670 1076
1532680 1075
1532690 1075
1532700 1075
1532710 1074
1532720 1073
1532730 1073
1532740 1072
1532750 1072
1532760 1072
1532770 1072
1532780 1075
1532790 1075
1532800 1078
1532810 1080
1532820 1080
1532830 1082
1532840 1083
1532850 1083
1532860 1085
1532870 1086
1532880 1086
1532890 1086
1532900 1085
1532910 1086
1532920 1086
1532930 1087
1532940 1089
1532950 1089
1532960 1090
1532970 1092
1532980 1092
1532990 1095
1533000 1101
1533010 1101
1533020 1105
1533030 1108
1533040 1108
1533050 1111
1533060 1113
1533070 1113
1533080 1115
1533090 1118
1533100 1118
1533110 1121
1533120 1117
1533130 1117
1533140 1117
1533150 1120
1533160 1122
1533170 1122
1533180 1123
1533190 1125
1533200 1125
1533210 1130
1533220 1135
1533230 1135
1533240 1138
1533250 1141
1533260 1141
1533270 1146
1533280 1149
1533290 1149
1533300 1152
1533310 1154
1533320 1154
1533330 1156
1533340 1157
1533350 1159
1533360 1159
1533370 1161
1533380 1162
1533390 1162
1533400 1164
1533410 1165
1533420 1165
1533430 1165
1533440 1165
1533450 1165
1533460 1165
1533470 1163
1533480 1163
1533490 1160
1533500 1159
1533510 1159
1533520 1157
1533530 1160
1533540 1160
1533550 1163
1533560 1164
1533570 1166
1533580 1166
1533590 1171
1533600 1176
1533610 1176
1533620 1179
1533630 1180
1533640 1180
1533650 1180
1533660 1181
1533670 1181
1533680 1182
1533690 1184
1533700 1184
1533710 1186
1533720 1187
1533730 1187
1533740 1190
1533750 1192
1533760 1192
1533770 1193
1533780 1195
1533790 1195
1533800 1195
1533810 1196
1533820 1197
1533830 1197
1533840 1198
1533850 1199
1533860 1199
1533870 1199
1533880 1198
1533890 1198
1533900 1199
1533910 1200
1533920 1200
1533930 1200
1533940 1201
1533950 1201
1533960 1202
1533970 1203
1533980 1203
1533990 1202
1534000 1203
1534010 1204
1534020 1204
1534030 1205
1534040 1205
1534050 1205
1534060 1205
1534070 1206
1534080 1206
1534090 1207
1534100 1207
1534110 1207
1534120 1206
1534130 1206
1534140 1206
1534150 1207
1534160 1208
1534170 1208
1534180 1209
1534190 1210
1534200 1210
1534210 1211
1534220 1211
1534230 1211
1534240 1211
1534250 1211
1534260 1212
1534270 1212
1534280 1213
1534290 1214
1534300 1214
1534310 1215
1534320 1215
1534330 1215
1534340 1215
1534350 1215
1534360 1215
1534370 1215
1534380 1215
1534390 1215
1534400 1216
1534410 1214
1534420 1214
1534430 1212
1534440 1213
1534450 1213
1534460 1214
1534470 1213
1534480 1213
1534490 1213
1534500 1216
1534510 1218
1534520 1218
1534530 1220
1534540 1221
1534550 1221
1534560 1222
1534570 1221
1534580 1221
1534590 1218
1534600 1215
1534610 1215
1534620 1213
1534630 1212
1534640 1212
1534650 1211
1534660 1209
1534670 1209
1534680 1207
1534690 1204
1534700 1198
1534710 1198
1534720 1192
1534730 1192
1534740 1192
1534750 1194
1534760 1197
1534770 1197
1534780 1202
1534790 1210
1534800 1210
1534810 1218
1534820 1226
1534830 1226
1534840 1234
1534850 1243
1534860 1243
1534870 1249
1534880 1253
1534890 1253
1534900 1256
1534910 1259
1534920 1261
1534930 1261
1534940 1263
1534950 1267
1534960 1267
1534970 1274
1534980 1281
1534990 1281
1535000 1287
1535010 1290
1535020 1290
1535030 1293
1535040 1296
1535050 1296
1535060 1299
1535070 1300
1535080 1300
1535090 1301
1535100 1302
1535110 1302
1535120 1303
1535130 1304
1535140 1306
1535150 1306
1535160 1307
1535170 1308
1535180 1308
1535190 1310
1535200 1312
1535210 1312
1535220 1314
1535230 1317
1535240 1317
1535250 1319
1535260 1321
1535270 1321
1535280 1325
1535290 1330
1535300 1330
1535310 1335
1535320 1336
1535330 1336
1535340 1337
1535350 1338
1535360 1338
1535370 1338
1535380 1339
1535390 1339
1535400 1339
1535410 1340
1535420 1340
1535430 1340
1535440 1341
1535450 1343
1535460 1343
1535470 1346
1535480 1348
1535490 1348
1535500 1351
1535510 1353
1535520 1353
1535530 1355
1535540 1357
1535550 1357
1535560 1359
1535570 1360
1535580 1362
1535590 1362
1535600 1363
1535610 1364
1535620 1364
1535630 1366
1535640 1368
1535650 1368
1535660 1367
1535670 1369
1535680 1369
1535690 1370
1535700 1372
1535710 1372
1535720 1374
1535730 1377
1535740 1377
1535750 1379
1535760 1381
1535770 1381
1535780 1384
1535790 1386
1535800 1388
1535810 1388
1535820 1390
1535830 1393
1535840 1393
1535850 1395
1535860 1398
1535870 1398
1535880 1400
1535890 1403
1535900 1403
1535910 1405
1535920 1407
1535930 1407
1535940 1409
1535950 1411
1535960 1411
1535970 1413
1535980 1415
1535990 1415
1536000 1417
1536010 1419
1536020 1419
1536030 1421
1536040 1423
1536050 1424
1536060 1424
1536070 1426
1536080 1427
1536090 1427
1536100 1430
1536110 1433
1536120 1433
1536130 1436
1536140 1439
1536150 1439
1536160 1441
1536170 1442
1536180 1442
1536190 1443
1536200 1444
1536210 1444
1536220 1445
1536230 1445
1536240 1445
1536250 1445
1536260 1445
1536270 1446
1536280 1446
1536290 1446
1536300 1445
1536310 1445
1536320 1445
1536330 1445
1536340 1445
1536350 1445
1536360 1445
1536370 1445
1536380 1445
1536390 1445
1536400 1445
1536410 1446
1536420 1446
1536430 1446
1536440 1447
1536450 1448
1536460 1448
1536470 1450
1536480 1453
1536490 1457
1536500 1457
1536510 1461
1536520 1463
1536530 1463
1536540 1464
1536550 1463
1536560 1463
1536570 1460
1536580 1454
1536590 1454
1536600 1448
1536610 1442
1536620 1442
1536630 1437
1536640 1433
1536650 1433
1536660 1428
1536670 1423
1536680 1423
1536690 1415
1536700 1403
1536710 1394
1536720 1394
1536730 1386
1536740 1380
1536750 1380
1536760 1374
1536770 1369
1536780 1369
1536790 1364
1536800 1360
1536810 1360
1536820 1356
1536830 1352
1536840 1352
1536850 1349
1536860 1345
1536870 1345
1536880 1340
1536890 1334
1536900 1334
1536910 1328
1536920 1321
1536930 1314
1536940 1314
1536950 1306
1536960 1298
1536970 1298
1536980 1290
1536990 1285
1537000 1285
1537010 1277
1537020 1270
1537030 1270
1537040 1265
1537050 1259
1537060 1259
1537070 1254
1537080 1250
1537090 1250
1537100 1245
1537110 1242
1537120 1242
1537130 1239
1537140 1238
1537150 1235
1537160 1235
1537170 1232
1537180 1228
1537190 1228
1537200 1224
1537210 1219
1537220 1219
1537230 1215
1537240 1211
1537250 1211
1537260 1207
1537270 1202
1537280 1202
1537290 1197
1537300 1192
1537310 1192
1537320 1186
1537330 1181
1537340 1181
1537350 1175
1537360 1170
1537370 1164
1537380 1164
1537390 1157
1537400 1150
1537410 1150
1537420 1143
1537430 1137
1537440 1137
1537450 1131
1537460 1126
1537470 1126
1537480 1121
1537490 1115
1537500 1115
1537510 1109
1537520 1102
1537530 1102
1537540 1095
1537550 1089
1537560 1089
1537570 1084
1537580 1080
1537590 1080
1537600 1076
1537610 1072
1537620 1067
1537630 1067
1537640 1063
1537650 1058
1537660 1058
1537670 1053
1537680 1049
1537690 1049
1537700 1044
1537710 1040
1537720 1040
1537730 1037
1537740 1034
1537750 1034
1537760 1032
1537770 1030
1537780 1030
1537790 1029
1537800 1028
1537810 1028
1537820 1026
1537830 1026
1537840 1024
1537850 1024
1537860 1022
1537870 1021
1537880 1021
1537890 1016
1537900 1011
1537910 1011
1537920 1008
1537930 1006
1537940 1006
1537950 1005
1537960 1004
1537970 1004
1537980 1003
1537990 1003
1538000 1003
1538010 1003
1538020 1004
1538030 1004
1538040 1004
1538050 1004
1538060 1006
1538070 1006
1538080 1011
1538090 1018
1538100 1018
1538110 1026
1538120 1036
1538130 1036
1538140 1044
1538150 1051
1538160 1051
1538170 1058
1538180 1064
1538190 1064
1538200 1070
1538210 1076
1538220 1076
1538230 1080
1538240 1084
1538250 1084
1538260 1088
1538270 1092
1538280 1095
1538290 1095
1538300 1100
1538310 1104
1538320 1104
1538330 1108
1538340 1112
1538350 1112
1538360 1118
1538370 1122
1538380 1122
1538390 1125
1538400 1127
1538410 1127
1538420 1128
1538430 1129
1538440 1129
1538450 1129
1538460 1129
1538470 1129
1538480 1129
1538490 1129
1538500 1129
1538510 1129
1538520 1132
1538530 1137
1538540 1137
1538550 1141
1538560 1145
1538570 1145
1538580 1148
1538590 1153
1538600 1153
1538610 1159
1538620 1166
1538630 1166
1538640 1171
1538650 1178
1538660 1178
1538670 1185
1538680 1192
1538690 1192
1538700 1200
1538710 1209
1538720 1222
1538730 1222
1538740 1232
1538750 1246
1538760 1246
1538770 1259
1538780 1266
1538790 1266
1538800 1272
1538810 1279
1538820 1279
1538830 1286
1538840 1290
1538850 1290
1538860 1292
1538870 1295
1538880 1295
1538890 1298
1538900 1301
1538910 1301
1538920 1306
1538930 1311
1538940 1317
1538950 1317
1538960 1323
1538970 1329
1538980 1329
1538990 1336
1539000 1347
1539010 1347
1539020 1356
1539030 1364
1539040 1364
1539050 1368
1539060 1372
1539070 1372
1539080 1374
1539090 1377
1539100 1377
1539110 1380
1539120 1383
1539130 1383
1539140 1387
1539150 1390
1539160 1392
1539170 1392
1539180 1393
1539190 1393
1539200 1393
1539210 1393
1539220 1394
1539230 1394
1539240 1395
1539250 1397
1539260 1397
1539270 1398
1539280 1401
1539290 1401
1539300 1405
1539310 1410
1539320 1410
1539330 1413
1539340 1417
1539350 1417
1539360 1421
1539370 1426
1539380 1426
1539390 1431
1539400 1437
1539410 1441
1539420 1441
1539430 1445
1539440 1450
1539450 1450
1539460 1457
1539470 1464
1539480 1464
1539490 1469
1539500 1476
1539510 1476
1539520 1484
1539530 1488
1539540 1488
1539550 1493
1539560 1497
1539570 1497
1539580 1501
1539590 1506
1539600 1506
1539610 1509
1539620 1510
1539630 1512
1539640 1512
1539650 1516
1539660 1521
1539670 1521
1539680 1526
1539690 1530
1539700 1530
1539710 1534
1539720 1537
1539730 1537
1539740 1538
1539750 1538
1539760 1538
1539770 1536
1539780 1535
1539790 1535
1539800 1536
1539810 1537
1539820 1537
1539830 1538
1539840 1538
1539850 1537
1539860 1537
1539870 1537
1539880 1537
1539890 1537
1539900 1538
1539910 1539
1539920 1539
1539930 1540
1539940 1542
1539950 1542
1539960 1544
1539970 1546
1539980 1546
1539990 1548
