1520000 1604
1520010 1604
1520020 1603
1520030 1603
1520040 1603
1520050 1602
1520060 1602
1520070 1602
1520080 1602
1520090 1602
1520100 1602
1520110 1601
1520120 1600
1520130 1599
1520140 1599
1520150 1598
1520160 1597
1520170 1597
1520180 1597
1520190 1596
1520200 1596
1520210 1596
1520220 1596
1520230 1596
1520240 1596
1520250 1596
1520260 1596
1520270 1596
1520280 1595
1520290 1595
1520300 1593
1520310 1591
1520320 1591
1520330 1590
1520340 1588
1520350 1585
1520360 1585
1520370 1582
1520380 1577
1520390 1577
1520400 1574
1520410 1570
1520420 1570
1520430 1567
1520440 1565
1520450 1565
1520460 1564
1520470 1563
1520480 1563
1520490 1564
1520500 1564
1520510 1564
1520520 1563
1520530 1562
1520540 1562
1520550 1560
1520560 1559
1520570 1559
1520580 1558
1520590 1557
1520600 1557
1520610 1557
1520620 1557
1520630 1554
1520640 1554
1520650 1552
1520660 1550
1520670 1550
1520680 1548
1520690 1547
1520700 1547
1520710 1546
1520720 1545
1520730 1545
1520740 1544
1520750 1544
1520760 1544
1520770 1547
1520780 1549
1520790 1549
1520800 1549
1520810 1550
1520820 1548
1520830 1548
1520840 1544
1520850 1540
1520860 1540
1520870 1536
1520880 1535
1520890 1535
1520900 1532
1520910 1531
1520920 1531
1520930 1529
1520940 1529
1520950 1529
1520960 1529
1520970 1528
1520980 1528
1520990 1527
1521000 1525
1521010 1525
1521020 1525
1521030 1523
1521040 1520
1521050 1520
1521060 1519
1521070 1519
1521080 1519
1521090 1521
1521100 1521
1521110 1521
1521120 1520
1521130 1521
1521140 1521
1521150 1522
1521160 1521
1521170 1521
1521180 1519
1521190 1519
1521200 1519
1521210 1522
1521220 1523
1521230 1523
1521240 1526
1521250 1530
1521260 1533
1521270 1533
1521280 1537
1521290 1542
1521300 1542
1521310 1545
1521320 1551
1521330 1551
1521340 1555
1521350 1558
1521360 1558
1521370 1563
1521380 1570
1521390 1570
1521400 1571
1521410 1570
1521420 1570
1521430 1569
1521440 1567
1521450 1567
1521460 1566
1521470 1564
1521480 1562
1521490 1562
1521500 1562
1521510 1560
1521520 1560
1521530 1556
1521540 1554
1521550 1554
1521560 1554
1521570 1552
1521580 1552
1521590 1551
1521600 1551
1521610 1551
1521620 1550
1521630 1550
1521640 1550
1521650 1549
1521660 1548
1521670 1548
1521680 1547
1521690 1546
1521700 1546
1521710 1546
1521720 1544
1521730 1543
1521740 1543
1521750 1541
1521760 1539
1521770 1539
1521780 1537
1521790 1536
1521800 1536
1521810 1534
1521820 1531
1521830 1531
1521840 1529
1521850 1526
1521860 1526
1521870 1525
1521880 1523
1521890 1523
1521900 1521
1521910 1517
1521920 1516
1521930 1516
1521940 1514
1521950 1513
1521960 1513
1521970 1511
1521980 1510
1521990 1510
1522000 1508
1522010 1506
1522020 1506
1522030 1505
1522040 1504
1522050 1504
1522060 1503
1522070 1502
1522080 1502
1522090 1501
1522100 1500
1522110 1500
1522120 1499
1522130 1498
1522140 1495
1522150 1495
1522160 1490
1522170 1489
1522180 1489
1522190 1488
1522200 1486
1522210 1486
1522220 1485
1522230 1483
1522240 1483
1522250 1482
1522260 1480
1522270 1480
1522280 1479
1522290 1477
1522300 1477
1522310 1476
1522320 1474
1522330 1474
1522340 1470
1522350 1468
1522360 1468
1522370 1466
1522380 1465
1522390 1463
1522400 1463
1522410 1462
1522420 1460
1522430 1460
1522440 1457
1522450 1455
1522460 1455
1522470 1453
1522480 1451
1522490 1451
1522500 1449
1522510 1449
1522520 1449
1522530 1447
1522540 1445
1522550 1445
1522560 1442
1522570 1440
1522580 1440
1522590 1438
1522600 1435
1522610 1434
1522620 1434
1522630 1432
1522640 1429
1522650 1429
1522660 1427
1522670 1424
1522680 1424
1522690 1421
1522700 1419
1522710 1419
1522720 1416
1522730 1412
1522740 1412
1522750 1408
1522760 1406
1522770 1406
1522780 1404
1522790 1402
1522800 1402
1522810 1401
1522820 1398
1522830 1396
1522840 1396
1522850 1393
1522860 1390
1522870 1390
1522880 1388
1522890 1388
1522900 1388
1522910 1387
1522920 1384
1522930 1384
1522940 1381
1522950 1380
1522960 1380
1522970 1379
1522980 1379
1522990 1379
1523000 1379
1523010 1378
1523020 1378
1523030 1375
1523040 1372
1523050 1369
1523060 1369
1523070 1368
1523080 1365
1523090 1365
1523100 1363
1523110 1361
1523120 1361
1523130 1358
1523140 1355
1523150 1355
1523160 1353
1523170 1350
1523180 1350
1523190 1347
1523200 1344
1523210 1344
1523220 1339
1523230 1334
1523240 1334
1523250 1329
1523260 1327
1523270 1324
1523280 1324
1523290 1322
1523300 1321
1523310 1321
1523320 1318
1523330 1317
1523340 1317
1523350 1313
1523360 1309
1523370 1309
1523380 1304
1523390 1297
1523400 1297
1523410 1290
1523420 1284
1523430 1284
1523440 1281
1523450 1282
1523460 1282
1523470 1281
1523480 1280
1523490 1280
1523500 1280
1523510 1278
1523520 1276
1523530 1276
1523540 1273
1523550 1269
1523560 1269
1523570 1265
1523580 1261
1523590 1261
1523600 1258
1523610 1256
1523620 1256
1523630 1254
1523640 1251
1523650 1251
1523660 1248
1523670 1244
1523680 1244
1523690 1240
1523700 1237
1523710 1235
1523720 1235
1523730 1233
1523740 1232
1523750 1232
1523760 1230
1523770 1227
1523780 1227
1523790 1223
1523800 1219
1523810 1219
1523820 1214
1523830 1211
1523840 1211
1523850 1208
1523860 1207
1523870 1207
1523880 1205
1523890 1202
1523900 1202
1523910 1198
1523920 1195
1523930 1191
1523940 1191
1523950 1187
1523960 1182
1523970 1182
1523980 1177
1523990 1174
1524000 1174
1524010 1170
1524020 1167
1524030 1167
1524040 1164
1524050 1161
1524060 1161
1524070 1157
1524080 1154
1524090 1154
1524100 1152
1524110 1150
1524120 1150
1524130 1147
1524140 1144
1524150 1144
1524160 1142
1524170 1139
1524180 1137
1524190 1137
1524200 1134
1524210 1132
1524220 1132
1524230 1130
1524240 1127
1524250 1127
1524260 1126
1524270 1125
1524280 1125
1524290 1124
1524300 1123
1524310 1123
1524320 1122
1524330 1122
1524340 1122
1524350 1121
1524360 1120
1524370 1120
1524380 1119
1524390 1118
1524400 1118
1524410 1118
1524420 1118
1524430 1118
1524440 1118
1524450 1118
1524460 1118
1524470 1118
1524480 1117
1524490 1117
1524500 1117
1524510 1117
1524520 1117
1524530 1117
1524540 1117
1524550 1117
1524560 1117
1524570 1117
1524580 1117
1524590 1117
1524600 1118
1524610 1118
1524620 1118
1524630 1118
1524640 1118
1524650 1118
1524660 1118
1524670 1118
1524680 1118
1524690 1118
1524700 1118
1524710 1119
1524720 1119
1524730 1119
1524740 1120
1524750 1120
1524760 1121
1524770 1121
1524780 1121
1524790 1122
1524800 1122
1524810 1122
1524820 1122
1524830 1123
1524840 1124
1524850 1124
1524860 1126
1524870 1130
1524880 1130
1524890 1133
1524900 1136
1524910 1136
1524920 1139
1524930 1143
1524940 1143
1524950 1146
1524960 1150
1524970 1150
1524980 1154
1524990 1158
1525000 1158
1525010 1161
1525020 1165
1525030 1165
1525040 1169
1525050 1172
1525060 1176
1525070 1176
1525080 1179
1525090 1183
1525100 1183
1525110 1187
1525120 1190
1525130 1190
1525140 1194
1525150 1198
1525160 1198
1525170 1201
1525180 1205
1525190 1205
1525200 1209
1525210 1212
1525220 1212
1525230 1216
1525240 1220
1525250 1220
1525260 1225
1525270 1230
1525280 1235
1525290 1235
1525300 1239
1525310 1244
1525320 1244
1525330 1248
1525340 1252
1525350 1252
1525360 1258
1525370 1264
1525380 1264
1525390 1271
1525400 1275
1525410 1275
1525420 1280
1525430 1286
1525440 1286
1525450 1292
1525460 1298
1525470 1298
1525480 1303
1525490 1308
1525500 1313
1525510 1313
1525520 1317
1525530 1322
1525540 1322
1525550 1327
1525560 1331
1525570 1331
1525580 1336
1525590 1339
1525600 1339
1525610 1343
1525620 1348
1525630 1348
1525640 1352
1525650 1356
1525660 1356
1525670 1359
1525680 1362
1525690 1362
1525700 1366
1525710 1369
1525720 1369
1525730 1372
1525740 1377
1525750 1380
1525760 1380
1525770 1384
1525780 1388
1525790 1388
1525800 1392
1525810 1395
1525820 1395
1525830 1398
1525840 1401
1525850 1401
1525860 1406
1525870 1410
1525880 1410
1525890 1414
1525900 1418
1525910 1418
1525920 1423
1525930 1428
1525940 1428
1525950 1433
1525960 1437
1525970 1441
1525980 1441
1525990 1445
1526000 1449
1526010 1449
1526020 1454
1526030 1458
1526040 1458
1526050 1462
1526060 1465
1526070 1465
1526080 1469
1526090 1473
1526100 1473
1526110 1477
1526120 1481
1526130 1481
1526140 1484
1526150 1488
1526160 1488
1526170 1491
1526180 1494
1526190 1497
1526200 1497
1526210 1501
1526220 1505
1526230 1505
1526240 1509
1526250 1513
1526260 1513
1526270 1515
1526280 1518
1526290 1518
1526300 1521
1526310 1525
1526320 1525
1526330 1528
1526340 1531
1526350 1531
1526360 1533
1526370 1535
1526380 1535
1526390 1536
1526400 1536
1526410 1537
1526420 1537
1526430 1538
1526440 1538
1526450 1538
1526460 1539
1526470 1538
1526480 1538
1526490 1538
1526500 1538
1526510 1538
1526520 1537
1526530 1536
1526540 1536
1526550 1536
1526560 1535
1526570 1535
1526580 1534
1526590 1533
1526600 1533
1526610 1532
1526620 1532
1526630 1531
1526640 1531
1526650 1530
1526660 1529
1526670 1529
1526680 1528
1526690 1528
1526700 1528
1526710 1527
1526720 1526
1526730 1526
1526740 1526
1526750 1524
1526760 1524
1526770 1523
1526780 1522
1526790 1522
1526800 1520
1526810 1517
1526820 1517
1526830 1514
1526840 1510
1526850 1504
1526860 1504
1526870 1497
1526880 1491
1526890 1491
1526900 1485
1526910 1478
1526920 1478
1526930 1472
1526940 1465
1526950 1465
1526960 1459
1526970 1452
1526980 1452
1526990 1445
1527000 1437
1527010 1437
1527020 1428
1527030 1416
1527040 1416
1527050 1419
1527060 1427
1527070 1430
1527080 1430
1527090 1431
1527100 1433
1527110 1433
1527120 1438
1527130 1443
1527140 1443
1527150 1446
1527160 1450
1527170 1450
1527180 1453
1527190 1455
1527200 1455
1527210 1456
1527220 1456
1527230 1456
1527240 1454
1527250 1452
1527260 1452
1527270 1448
1527280 1443
1527290 1443
1527300 1438
1527310 1433
1527320 1427
1527330 1427
1527340 1422
1527350 1417
1527360 1417
1527370 1412
1527380 1408
1527390 1408
1527400 1404
1527410 1399
1527420 1399
1527430 1392
1527440 1382
1527450 1382
1527460 1372
1527470 1364
1527480 1364
1527490 1359
1527500 1356
1527510 1356
1527520 1364
1527530 1374
1527540 1379
1527550 1379
1527560 1382
1527570 1385
1527580 1385
1527590 1388
1527600 1390
1527610 1390
1527620 1389
1527630 1388
1527640 1388
1527650 1385
1527660 1383
1527670 1383
1527680 1381
1527690 1380
1527700 1380
1527710 1377
1527720 1373
1527730 1373
1527740 1368
1527750 1362
1527760 1354
1527770 1354
1527780 1346
1527790 1339
1527800 1339
1527810 1331
1527820 1321
1527830 1321
1527840 1312
1527850 1304
1527860 1304
1527870 1301
1527880 1305
1527890 1305
1527900 1309
1527910 1313
1527920 1313
1527930 1317
1527940 1321
1527950 1321
1527960 1325
1527970 1326
1527980 1326
1527990 1326
1528000 1324
1528010 1322
1528020 1322
1528030 1320
1528040 1317
1528050 1317
1528060 1315
1528070 1314
1528080 1314
1528090 1314
1528100 1313
1528110 1313
1528120 1312
1528130 1310
1528140 1310
1528150 1310
1528160 1307
1528170 1307
1528180 1304
1528190 1300
1528200 1296
1528210 1296
1528220 1293
1528230 1290
1528240 1290
1528250 1287
1528260 1283
1528270 1283
1528280 1279
1528290 1276
1528300 1276
1528310 1273
1528320 1271
1528330 1271
1528340 1268
1528350 1264
1528360 1264
1528370 1259
1528380 1255
1528390 1255
1528400 1252
1528410 1254
1528420 1251
1528430 1251
1528440 1246
1528450 1241
1528460 1241
1528470 1237
1528480 1236
1528490 1236
1528500 1234
1528510 1231
1528520 1231
1528530 1227
1528540 1223
1528550 1223
1528560 1219
1528570 1214
1528580 1214
1528590 1210
1528600 1206
1528610 1206
1528620 1203
1528630 1199
1528640 1192
1528650 1192
1528660 1182
1528670 1173
1528680 1173
1528690 1167
1528700 1170
1528710 1170
1528720 1170
1528730 1172
1528740 1172
1528750 1173
1528760 1171
1528770 1171
1528780 1165
1528790 1160
1528800 1160
1528810 1155
1528820 1153
1528830 1153
1528840 1152
1528850 1150
1528860 1145
1528870 1145
1528880 1140
1528890 1135
1528900 1135
1528910 1129
1528920 1127
1528930 1127
1528940 1128
1528950 1126
1528960 1126
1528970 1123
1528980 1119
1528990 1119
1529000 1115
1529010 1112
1529020 1112
1529030 1109
1529040 1104
1529050 1104
1529060 1100
1529070 1097
1529080 1097
1529090 1094
1529100 1092
1529110 1089
1529120 1089
1529130 1085
1529140 1083
1529150 1083
1529160 1082
1529170 1081
1529180 1081
1529190 1079
1529200 1077
1529210 1077
1529220 1076
1529230 1074
1529240 1074
1529250 1072
1529260 1071
1529270 1071
1529280 1069
1529290 1067
1529300 1067
1529310 1066
1529320 1064
1529330 1063
1529340 1063
1529350 1061
1529360 1060
1529370 1060
1529380 1059
1529390 1057
1529400 1057
1529410 1057
1529420 1056
1529430 1056
1529440 1055
1529450 1053
1529460 1053
1529470 1052
1529480 1051
1529490 1051
1529500 1050
1529510 1049
1529520 1049
1529530 1047
1529540 1046
1529550 1044
1529560 1044
1529570 1043
1529580 1042
1529590 1042
1529600 1040
1529610 1038
1529620 1038
1529630 1037
1529640 1036
1529650 1036
1529660 1034
1529670 1033
1529680 1033
1529690 1032
1529700 1031
1529710 1031
1529720 1030
1529730 1029
1529740 1029
1529750 1028
1529760 1027
1529770 1026
1529780 1026
1529790 1025
1529800 1024
1529810 1024
1529820 1023
1529830 1022
1529840 1022
1529850 1022
1529860 1022
1529870 1022
1529880 1022
1529890 1022
1529900 1022
1529910 1022
1529920 1022
1529930 1022
1529940 1023
1529950 1022
1529960 1022
1529970 1022
1529980 1023
1529990 1023
1530000 1023
1530010 1023
1530020 1024
1530030 1024
1530040 1024
1530050 1025
1530060 1025
1530070 1026
1530080 1027
1530090 1027
1530100 1026
1530110 1026
1530120 1026
1530130 1026
1530140 1026
1530150 1026
1530160 1027
1530170 1027
1530180 1027
1530190 1026
1530200 1026
1530210 1025
1530220 1025
1530230 1025
1530240 1025
1530250 1025
1530260 1025
1530270 1024
1530280 1024
1530290 1024
1530300 1024
1530310 1024
1530320 1024
1530330 1024
1530340 1024
1530350 1024
1530360 1023
1530370 1023
1530380 1023
1530390 1023
1530400 1023
1530410 1023
1530420 1023
1530430 1022
1530440 1022
1530450 1021
1530460 1020
1530470 1020
1530480 1020
1530490 1020
1530500 1020
1530510 1019
1530520 1019
1530530 1019
1530540 1019
1530550 1019
1530560 1019
1530570 1019
1530580 1019
1530590 1019
1530600 1019
1530610 1018
1530620 1018
1530630 1018
1530640 1018
1530650 1018
1530660 1018
1530670 1018
1530680 1018
1530690 1018
1530700 1018
1530710 1018
1530720 1018
1530730 1018
1530740 1018
1530750 1018
1530760 1018
1530770 1018
1530780 1018
1530790 1018
1530800 1018
1530810 1018
1530820 1018
1530830 1018
1530840 1018
1530850 1018
1530860 1018
1530870 1018
1530880 1018
1530890 1018
1530900 1018
1530910 1018
1530920 1018
1530930 1018
1530940 1018
1530950 1018
1530960 1019
1530970 1019
1530980 1019
1530990 1019
1531000 1019
1531010 1019
1531020 1018
1531030 1018
1531040 1018
1531050 1017
1531060 1017
1531070 1017
1531080 1017
1531090 1017
1531100 1017
1531110 1017
1531120 1017
1531130 1017
1531140 1018
1531150 1018
1531160 1018
1531170 1019
1531180 1018
1531190 1018
1531200 1018
1531210 1018
1531220 1018
1531230 1018
1531240 1018
1531250 1018
1531260 1018
1531270 1018
1531280 1018
1531290 1018
1531300 1018
1531310 1018
1531320 1018
1531330 1018
1531340 1018
1531350 1018
1531360 1018
1531370 1018
1531380 1018
1531390 1018
1531400 1018
1531410 1018
1531420 1018
1531430 1018
1531440 1018
1531450 1018
1531460 1018
1531470 1018
1531480 1018
1531490 1018
1531500 1018
1531510 1018
1531520 1018
1531530 1018
1531540 1018
1531550 1018
1531560 1018
1531570 1018
1531580 1018
1531590 1018
1531600 1018
1531610 1019
1531620 1019
1531630 1019
1531640 1019
1531650 1019
1531660 1019
1531670 1019
1531680 1019
1531690 1019
1531700 1019
1531710 1019
1531720 1019
1531730 1019
1531740 1019
1531750 1019
1531760 1020
1531770 1020
1531780 1022
1531790 1022
1531800 1023
1531810 1024
1531820 1024
1531830 1025
1531840 1026
1531850 1026
1531860 1026
1531870 1027
1531880 1027
1531890 1028
1531900 1029
1531910 1029
1531920 1030
1531930 1030
1531940 1030
1531950 1031
1531960 1032
1531970 1032
1531980 1033
1531990 1034
1532000 1035
1532010 1035
1532020 1036
1532030 1037
1532040 1037
1532050 1038
1532060 1039
1532070 1039
1532080 1040
1532090 1041
1532100 1041
1532110 1041
1532120 1042
1532130 1042
1532140 1042
1532150 1043
1532160 1043
1532170 1043
1532180 1044
1532190 1044
1532200 1044
1532210 1045
1532220 1045
1532230 1046
1532240 1048
1532250 1050
1532260 1050
1532270 1051
1532280 1051
1532290 1051
1532300 1051
1532310 1051
1532320 1051
1532330 1052
1532340 1053
1532350 1053
1532360 1054
1532370 1055
1532380 1055
1532390 1056
1532400 1056
1532410 1056
1532420 1057
1532430 1058
1532440 1058
1532450 1059
1532460 1060
1532470 1062
1532480 1062
1532490 1063
1532500 1064
1532510 1064
1532520 1064
1532530 1066
1532540 1066
1532550 1067
1532560 1067
1532570 1067
1532580 1068
1532590 1068
1532600 1068
1532610 1069
1532620 1069
1532630 1069
1532640 1070
1532650 1070
1532660 1070
1532670 1070
1532680 1070
1532690 1069
1532700 1069
1532710 1069
1532720 1068
1532730 1068
1532740 1067
1532750 1067
1532760 1067
1532770 1066
1532780 1067
1532790 1067
1532800 1068
1532810 1070
1532820 1070
1532830 1072
1532840 1074
1532850 1074
1532860 1075
1532870 1076
1532880 1076
1532890 1075
1532900 1076
1532910 1078
1532920 1078
1532930 1080
1532940 1080
1532950 1080
1532960 1084
1532970 1089
1532980 1089
1532990 1093
1533000 1094
1533010 1094
1533020 1096
1533030 1098
1533040 1098
1533050 1099
1533060 1101
1533070 1101
1533080 1106
1533090 1108
1533100 1108
1533110 1107
1533120 1108
1533130 1112
1533140 1112
1533150 1114
1533160 1116
1533170 1116
1533180 1117
1533190 1119
1533200 1119
1533210 1120
1533220 1123
1533230 1123
1533240 1126
1533250 1131
1533260 1131
1533270 1135
1533280 1139
1533290 1139
1533300 1142
1533310 1144
1533320 1144
1533330 1147
1533340 1149
1533350 1151
1533360 1151
1533370 1152
1533380 1155
1533390 1155
1533400 1157
1533410 1158
1533420 1158
1533430 1158
1533440 1158
1533450 1158
1533460 1158
1533470 1154
1533480 1154
1533490 1151
1533500 1149
1533510 1149
1533520 1151
1533530 1153
1533540 1153
1533550 1154
1533560 1158
1533570 1164
1533580 1164
1533590 1169
1533600 1173
1533610 1173
1533620 1175
1533630 1176
1533640 1176
1533650 1176
1533660 1177
1533670 1177
1533680 1178
1533690 1178
1533700 1178
1533710 1179
1533720 1180
1533730 1180
1533740 1180
1533750 1181
1533760 1181
1533770 1182
1533780 1184
1533790 1185
1533800 1185
1533810 1185
1533820 1186
1533830 1186
1533840 1188
1533850 1184
1533860 1184
1533870 1186
1533880 1187
1533890 1187
1533900 1188
1533910 1188
1533920 1188
1533930 1190
1533940 1191
1533950 1191
1533960 1192
1533970 1192
1533980 1192
1533990 1192
1534000 1193
1534010 1193
1534020 1194
1534030 1195
1534040 1196
1534050 1196
1534060 1198
1534070 1199
1534080 1199
1534090 1198
1534100 1198
1534110 1198
1534120 1199
1534130 1199
1534140 1199
1534150 1200
1534160 1200
1534170 1200
1534180 1201
1534190 1202
1534200 1202
1534210 1202
1534220 1202
1534230 1202
1534240 1202
1534250 1203
1534260 1205
1534270 1205
1534280 1207
1534290 1208
1534300 1208
1534310 1209
1534320 1208
1534330 1208
1534340 1209
1534350 1210
1534360 1210
1534370 1210
1534380 1208
1534390 1208
1534400 1208
1534410 1206
1534420 1206
1534430 1204
1534440 1205
1534450 1205
1534460 1205
1534470 1206
1534480 1208
1534490 1208
1534500 1210
1534510 1211
1534520 1211
1534530 1213
1534540 1213
1534550 1213
1534560 1214
1534570 1214
1534580 1214
1534590 1212
1534600 1208
1534610 1208
1534620 1205
1534630 1200
1534640 1200
1534650 1198
1534660 1196
1534670 1196
1534680 1193
1534690 1189
1534700 1186
1534710 1186
1534720 1185
1534730 1188
1534740 1188
1534750 1190
1534760 1194
1534770 1194
1534780 1200
1534790 1208
1534800 1208
1534810 1216
1534820 1225
1534830 1225
1534840 1233
1534850 1240
1534860 1240
1534870 1246
1534880 1249
1534890 1249
1534900 1252
1534910 1254
1534920 1257
1534930 1257
1534940 1259
1534950 1261
1534960 1261
1534970 1265
1534980 1272
1534990 1272
1535000 1279
1535010 1284
1535020 1284
1535030 1288
1535040 1290
1535050 1290
1535060 1292
1535070 1294
1535080 1294
1535090 1295
1535100 1296
1535110 1296
1535120 1297
1535130 1298
1535140 1300
1535150 1300
1535160 1301
1535170 1302
1535180 1302
1535190 1304
1535200 1305
1535210 1305
1535220 1308
1535230 1310
1535240 1310
1535250 1312
1535260 1313
1535270 1313
1535280 1315
1535290 1318
1535300 1318
1535310 1320
1535320 1322
1535330 1322
1535340 1324
1535350 1326
1535360 1326
1535370 1327
1535380 1328
1535390 1330
1535400 1330
1535410 1332
1535420 1333
1535430 1333
1535440 1334
1535450 1335
1535460 1335
1535470 1337
1535480 1340
1535490 1340
1535500 1342
1535510 1345
1535520 1345
1535530 1347
1535540 1349
1535550 1349
1535560 1351
1535570 1353
1535580 1353
1535590 1355
1535600 1357
1535610 1358
1535620 1358
1535630 1359
1535640 1360
1535650 1360
1535660 1362
1535670 1363
1535680 1363
1535690 1365
1535700 1366
1535710 1366
1535720 1368
1535730 1370
1535740 1370
1535750 1372
1535760 1375
1535770 1375
1535780 1377
1535790 1379
1535800 1379
1535810 1381
1535820 1383
1535830 1386
1535840 1386
1535850 1388
1535860 1391
1535870 1391
1535880 1392
1535890 1395
1535900 1395
1535910 1398
1535920 1400
1535930 1400
1535940 1402
1535950 1404
1535960 1404
1535970 1407
1535980 1410
1535990 1410
1536000 1412
1536010 1414
1536020 1414
1536030 1416
1536040 1418
1536050 1420
1536060 1420
1536070 1422
1536080 1423
1536090 1423
1536100 1425
1536110 1426
1536120 1426
1536130 1428
1536140 1430
1536150 1430
1536160 1432
1536170 1434
1536180 1434
1536190 1435
1536200 1436
1536210 1436
1536220 1437
1536230 1438
1536240 1438
1536250 1439
1536260 1440
1536270 1440
1536280 1440
1536290 1442
1536300 1442
1536310 1442
1536320 1442
1536330 1442
1536340 1442
1536350 1442
1536360 1440
1536370 1440
1536380 1441
1536390 1441
1536400 1441
1536410 1442
1536420 1443
1536430 1443
1536440 1444
1536450 1444
1536460 1444
1536470 1445
1536480 1446
1536490 1447
1536500 1447
1536510 1450
1536520 1452
1536530 1452
1536540 1454
1536550 1455
1536560 1455
1536570 1455
1536580 1454
1536590 1454
1536600 1451
1536610 1446
1536620 1446
1536630 1440
1536640 1434
1536650 1434
1536660 1427
1536670 1421
1536680 1421
1536690 1411
1536700 1404
1536710 1397
1536720 1397
1536730 1390
1536740 1382
1536750 1382
1536760 1374
1536770 1368
1536780 1368
1536790 1364
1536800 1361
1536810 1361
1536820 1359
1536830 1356
1536840 1356
1536850 1353
1536860 1349
1536870 1349
1536880 1344
1536890 1338
1536900 1338
1536910 1330
1536920 1322
1536930 1322
1536940 1314
1536950 1307
1536960 1300
1536970 1300
1536980 1293
1536990 1287
1537000 1287
1537010 1280
1537020 1272
1537030 1272
1537040 1264
1537050 1257
1537060 1257
1537070 1251
1537080 1246
1537090 1246
1537100 1241
1537110 1237
1537120 1237
1537130 1231
1537140 1225
1537150 1225
1537160 1221
1537170 1216
1537180 1212
1537190 1212
1537200 1208
1537210 1206
1537220 1206
1537230 1204
1537240 1201
1537250 1201
1537260 1196
1537270 1192
1537280 1192
1537290 1188
1537300 1185
1537310 1185
1537320 1181
1537330 1176
1537340 1176
1537350 1171
1537360 1165
1537370 1165
1537380 1159
1537390 1152
1537400 1146
1537410 1146
1537420 1139
1537430 1134
1537440 1134
1537450 1128
1537460 1123
1537470 1123
1537480 1117
1537490 1111
1537500 1111
1537510 1103
1537520 1097
1537530 1097
1537540 1092
1537550 1087
1537560 1087
1537570 1082
1537580 1076
1537590 1076
1537600 1071
1537610 1066
1537620 1061
1537630 1061
1537640 1056
1537650 1052
1537660 1052
1537670 1049
1537680 1044
1537690 1044
1537700 1040
1537710 1037
1537720 1037
1537730 1033
1537740 1030
1537750 1030
1537760 1028
1537770 1026
1537780 1026
1537790 1025
1537800 1024
1537810 1024
1537820 1022
1537830 1021
1537840 1021
1537850 1021
1537860 1018
1537870 1012
1537880 1012
1537890 1007
1537900 1006
1537910 1006
1537920 1005
1537930 1004
1537940 1004
1537950 1003
1537960 1003
1537970 1003
1537980 1003
1537990 1004
1538000 1004
1538010 1004
1538020 1004
1538030 1004
1538040 1004
1538050 1005
1538060 1009
1538070 1009
1538080 1015
1538090 1022
1538100 1022
1538110 1029
1538120 1037
1538130 1037
1538140 1045
1538150 1053
1538160 1053
1538170 1060
1538180 1065
1538190 1065
1538200 1071
1538210 1077
1538220 1077
1538230 1082
1538240 1086
1538250 1086
1538260 1091
1538270 1095
1538280 1101
1538290 1101
1538300 1107
1538310 1111
1538320 1111
1538330 1113
1538340 1117
1538350 1117
1538360 1120
1538370 1123
1538380 1123
1538390 1126
1538400 1128
1538410 1128
1538420 1129
1538430 1130
1538440 1130
1538450 1129
1538460 1130
1538470 1130
1538480 1130
1538490 1131
1538500 1133
1538510 1133
1538520 1137
1538530 1141
1538540 1141
1538550 1144
1538560 1147
1538570 1147
1538580 1153
1538590 1159
1538600 1159
1538610 1165
1538620 1171
1538630 1171
1538640 1178
1538650 1184
1538660 1184
1538670 1196
1538680 1209
1538690 1209
1538700 1221
1538710 1232
1538720 1232
1538730 1239
1538740 1250
1538750 1261
1538760 1266
1538770 1277
1538780 1289
1538790 1289
1538800 1296
1538810 1305
1538820 1305
1538830 1309
1538840 1313
1538850 1313
1538860 1319
1538870 1321
1538880 1321
1538890 1323
1538900 1328
1538910 1328
1538920 1329
1538930 1330
1538940 1330
1538950 1334
1538960 1345
1538970 1350
1538980 1350
1538990 1354
1539000 1359
1539010 1359
1539020 1364
1539030 1372
1539040 1372
1539050 1378
1539060 1384
1539070 1384
1539080 1390
1539090 1397
1539100 1397
1539110 1402
1539120 1407
1539130 1407
1539140 1408
1539150 1408
1539160 1408
1539170 1410
1539180 1412
1539190 1414
1539200 1414
1539210 1416
1539220 1418
1539230 1418
1539240 1418
1539250 1417
1539260 1417
1539270 1417
1539280 1418
1539290 1418
1539300 1419
1539310 1422
1539320 1422
1539330 1425
1539340 1429
1539350 1429
1539360 1434
1539370 1439
1539380 1439
1539390 1445
1539400 1449
1539410 1454
1539420 1454
1539430 1457
1539440 1461
1539450 1461
1539460 1466
1539470 1472
1539480 1472
1539490 1479
1539500 1485
1539510 1485
1539520 1489
1539530 1493
1539540 1493
1539550 1497
1539560 1500
1539570 1500
1539580 1502
1539590 1505
1539600 1505
1539610 1506
1539620 1509
1539630 1512
1539640 1512
1539650 1514
1539660 1517
1539670 1517
1539680 1520
1539690 1523
1539700 1523
1539710 1525
1539720 1527
1539730 1527
1539740 1528
1539750 1529
1539760 1529
1539770 1529
1539780 1530
1539790 1530
1539800 1531
1539810 1532
1539820 1532
1539830 1533
1539840 1534
1539850 1535
1539860 1535
1539870 1537
1539880 1538
1539890 1538
1539900 1539
1539910 1540
1539920 1540
1539930 1543
1539940 1546
1539950 1546
1539960 1547
1539970 1548
1539980 1548
1539990 1549
