1520000 1734
1520010 1734
1520020 1731
1520030 1728
1520040 1728
1520050 1727
1520060 1725
1520070 1725
1520080 1723
1520090 1721
1520100 1721
1520110 1721
1520120 1721
1520130 1721
1520140 1720
1520150 1720
1520160 1720
1520170 1719
1520180 1718
1520190 1718
1520200 1716
1520210 1714
1520220 1712
1520230 1712
1520240 1709
1520250 1707
1520260 1707
1520270 1706
1520280 1703
1520290 1703
1520300 1701
1520310 1699
1520320 1699
1520330 1698
1520340 1698
1520350 1698
1520360 1699
1520370 1700
1520380 1700
1520390 1700
1520400 1699
1520410 1699
1520420 1698
1520430 1698
1520440 1697
1520450 1697
1520460 1695
1520470 1692
1520480 1692
1520490 1689
1520500 1686
1520510 1686
1520520 1685
1520530 1681
1520540 1681
1520550 1677
1520560 1676
1520570 1676
1520580 1674
1520590 1672
1520600 1672
1520610 1670
1520620 1666
1520630 1666
1520640 1665
1520650 1663
1520660 1664
1520670 1664
1520680 1665
1520690 1665
1520700 1665
1520710 1665
1520720 1664
1520730 1664
1520740 1662
1520750 1660
1520760 1660
1520770 1657
1520780 1654
1520790 1654
1520800 1652
1520810 1649
1520820 1649
1520830 1647
1520840 1643
1520850 1643
1520860 1640
1520870 1637
1520880 1635
1520890 1635
1520900 1633
1520910 1631
1520920 1631
1520930 1628
1520940 1625
1520950 1625
1520960 1623
1520970 1622
1520980 1622
1520990 1621
1521000 1618
1521010 1618
1521020 1614
1521030 1611
1521040 1611
1521050 1607
1521060 1604
1521070 1604
1521080 1600
1521090 1596
1521100 1591
1521110 1591
1521120 1587
1521130 1581
1521140 1581
1521150 1576
1521160 1571
1521170 1571
1521180 1568
1521190 1564
1521200 1564
1521210 1560
1521220 1556
1521230 1556
1521240 1552
1521250 1549
1521260 1549
1521270 1546
1521280 1542
1521290 1542
1521300 1539
1521310 1536
1521320 1534
1521330 1534
1521340 1530
1521350 1527
1521360 1527
1521370 1526
1521380 1525
1521390 1525
1521400 1524
1521410 1522
1521420 1522
1521430 1518
1521440 1514
1521450 1514
1521460 1512
1521470 1512
1521480 1512
1521490 1512
1521500 1513
1521510 1513
1521520 1513
1521530 1514
1521540 1514
1521550 1515
1521560 1514
1521570 1513
1521580 1513
1521590 1512
1521600 1513
1521610 1513
1521620 1514
1521630 1514
1521640 1514
1521650 1512
1521660 1511
1521670 1511
1521680 1510
1521690 1509
1521700 1509
1521710 1508
1521720 1505
1521730 1505
1521740 1503
1521750 1499
1521760 1499
1521770 1496
1521780 1494
1521790 1490
1521800 1490
1521810 1487
1521820 1486
1521830 1486
1521840 1484
1521850 1483
1521860 1483
1521870 1480
1521880 1477
1521890 1477
1521900 1472
1521910 1465
1521920 1465
1521930 1459
1521940 1452
1521950 1452
1521960 1447
1521970 1443
1521980 1443
1521990 1441
1522000 1441
1522010 1443
1522020 1443
1522030 1443
1522040 1443
1522050 1443
1522060 1442
1522070 1442
1522080 1442
1522090 1442
1522100 1440
1522110 1440
1522120 1438
1522130 1436
1522140 1436
1522150 1435
1522160 1434
1522170 1434
1522180 1432
1522190 1430
1522200 1430
1522210 1427
1522220 1425
1522230 1423
1522240 1423
1522250 1421
1522260 1419
1522270 1419
1522280 1417
1522290 1416
1522300 1416
1522310 1414
1522320 1412
1522330 1412
1522340 1411
1522350 1409
1522360 1409
1522370 1406
1522380 1405
1522390 1405
1522400 1403
1522410 1401
1522420 1401
1522430 1398
1522440 1396
1522450 1393
1522460 1393
1522470 1390
1522480 1387
1522490 1387
1522500 1382
1522510 1377
1522520 1377
1522530 1372
1522540 1368
1522550 1368
1522560 1364
1522570 1361
1522580 1361
1522590 1360
1522600 1358
1522610 1358
1522620 1357
1522630 1357
1522640 1357
1522650 1358
1522660 1358
1522670 1356
1522680 1356
1522690 1352
1522700 1349
1522710 1349
1522720 1346
1522730 1343
1522740 1343
1522750 1341
1522760 1340
1522770 1337
1522780 1335
1522790 1333
1522800 1333
1522810 1330
1522820 1328
1522830 1328
1522840 1325
1522850 1323
1522860 1323
1522870 1320
1522880 1316
1522890 1311
1522900 1311
1522910 1307
1522920 1303
1522930 1303
1522940 1299
1522950 1297
1522960 1297
1522970 1295
1522980 1293
1522990 1293
1523000 1292
1523010 1290
1523020 1290
1523030 1287
1523040 1282
1523050 1282
1523060 1277
1523070 1272
1523080 1272
1523090 1268
1523100 1264
1523110 1264
1523120 1263
1523130 1262
1523140 1262
1523150 1262
1523160 1263
1523170 1263
1523180 1263
1523190 1261
1523200 1259
1523210 1259
1523220 1257
1523230 1254
1523240 1254
1523250 1251
1523260 1247
1523270 1247
1523280 1241
1523290 1236
1523300 1236
1523310 1230
1523320 1229
1523330 1229
1523340 1230
1523350 1232
1523360 1234
1523370 1234
1523380 1232
1523390 1229
1523400 1229
1523410 1227
1523420 1225
1523430 1225
1523440 1223
1523450 1221
1523460 1221
1523470 1219
1523480 1218
1523490 1218
1523500 1216
1523510 1215
1523520 1215
1523530 1213
1523540 1212
1523550 1212
1523560 1210
1523570 1207
1523580 1205
1523590 1205
1523600 1202
1523610 1200
1523620 1200
1523630 1197
1523640 1195
1523650 1195
1523660 1192
1523670 1190
1523680 1190
1523690 1188
1523700 1186
1523710 1186
1523720 1184
1523730 1182
1523740 1182
1523750 1180
1523760 1178
1523770 1178
1523780 1176
1523790 1174
1523800 1172
1523810 1172
1523820 1169
1523830 1167
1523840 1167
1523850 1164
1523860 1161
1523870 1161
1523880 1157
1523890 1153
1523900 1153
1523910 1152
1523920 1151
1523930 1151
1523940 1149
1523950 1146
1523960 1146
1523970 1144
1523980 1143
1523990 1143
1524000 1140
1524010 1139
1524020 1137
1524030 1137
1524040 1135
1524050 1133
1524060 1133
1524070 1132
1524080 1131
1524090 1131
1524100 1130
1524110 1129
1524120 1129
1524130 1127
1524140 1122
1524150 1122
1524160 1121
1524170 1121
1524180 1121
1524190 1121
1524200 1120
1524210 1120
1524220 1120
1524230 1119
1524240 1119
1524250 1119
1524260 1117
1524270 1117
1524280 1117
1524290 1116
1524300 1116
1524310 1116
1524320 1116
1524330 1116
1524340 1116
1524350 1116
1524360 1116
1524370 1116
1524380 1116
1524390 1116
1524400 1116
1524410 1115
1524420 1115
1524430 1115
1524440 1115
1524450 1115
1524460 1115
1524470 1115
1524480 1115
1524490 1115
1524500 1115
1524510 1115
1524520 1116
1524530 1116
1524540 1116
1524550 1116
1524560 1116
1524570 1116
1524580 1116
1524590 1116
1524600 1117
1524610 1117
1524620 1117
1524630 1117
1524640 1117
1524650 1117
1524660 1119
1524670 1120
1524680 1120
1524690 1121
1524700 1122
1524710 1123
1524720 1123
1524730 1125
1524740 1127
1524750 1127
1524760 1129
1524770 1131
1524780 1131
1524790 1133
1524800 1136
1524810 1136
1524820 1139
1524830 1143
1524840 1143
1524850 1146
1524860 1149
1524870 1149
1524880 1152
1524890 1154
1524900 1154
1524910 1157
1524920 1160
1524930 1165
1524940 1165
1524950 1168
1524960 1171
1524970 1171
1524980 1176
1524990 1180
1525000 1180
1525010 1184
1525020 1187
1525030 1187
1525040 1190
1525050 1191
1525060 1191
1525070 1193
1525080 1193
1525090 1193
1525100 1193
1525110 1196
1525120 1196
1525130 1198
1525140 1199
1525150 1204
1525160 1204
1525170 1211
1525180 1218
1525190 1218
1525200 1223
1525210 1228
1525220 1228
1525230 1233
1525240 1237
1525250 1237
1525260 1242
1525270 1246
1525280 1246
1525290 1249
1525300 1252
1525310 1252
1525320 1254
1525330 1257
1525340 1257
1525350 1261
1525360 1265
1525370 1269
1525380 1269
1525390 1273
1525400 1278
1525410 1278
1525420 1282
1525430 1288
1525440 1288
1525450 1294
1525460 1298
1525470 1298
1525480 1303
1525490 1306
1525500 1306
1525510 1311
1525520 1316
1525530 1316
1525540 1322
1525550 1327
1525560 1327
1525570 1331
1525580 1335
1525590 1339
1525600 1339
1525610 1344
1525620 1349
1525630 1349
1525640 1354
1525650 1359
1525660 1359
1525670 1363
1525680 1368
1525690 1368
1525700 1372
1525710 1377
1525720 1377
1525730 1383
1525740 1388
1525750 1388
1525760 1393
1525770 1398
1525780 1398
1525790 1403
1525800 1407
1525810 1412
1525820 1412
1525830 1416
1525840 1421
1525850 1421
1525860 1425
1525870 1430
1525880 1430
1525890 1435
1525900 1439
1525910 1439
1525920 1443
1525930 1447
1525940 1447
1525950 1451
1525960 1455
1525970 1455
1525980 1460
1525990 1465
1526000 1465
1526010 1469
1526020 1474
1526030 1479
1526040 1479
1526050 1484
1526060 1489
1526070 1489
1526080 1495
1526090 1501
1526100 1501
1526110 1508
1526120 1513
1526130 1513
1526140 1518
1526150 1523
1526160 1523
1526170 1528
1526180 1532
1526190 1532
1526200 1535
1526210 1537
1526220 1537
1526230 1539
1526240 1540
1526250 1540
1526260 1541
1526270 1541
1526280 1541
1526290 1541
1526300 1541
1526310 1542
1526320 1542
1526330 1543
1526340 1544
1526350 1544
1526360 1545
1526370 1547
1526380 1547
1526390 1549
1526400 1551
1526410 1551
1526420 1552
1526430 1554
1526440 1554
1526450 1557
1526460 1559
1526470 1559
1526480 1560
1526490 1561
1526500 1561
1526510 1561
1526520 1561
1526530 1561
1526540 1561
1526550 1561
1526560 1561
1526570 1561
1526580 1561
1526590 1561
1526600 1561
1526610 1560
1526620 1559
1526630 1559
1526640 1558
1526650 1557
1526660 1557
1526670 1556
1526680 1555
1526690 1555
1526700 1554
1526710 1553
1526720 1552
1526730 1552
1526740 1551
1526750 1550
1526760 1550
1526770 1548
1526780 1547
1526790 1547
1526800 1545
1526810 1544
1526820 1544
1526830 1542
1526840 1540
1526850 1540
1526860 1538
1526870 1535
1526880 1535
1526890 1534
1526900 1532
1526910 1532
1526920 1532
1526930 1532
1526940 1532
1526950 1532
1526960 1533
1526970 1534
1526980 1534
1526990 1535
1527000 1535
1527010 1535
1527020 1536
1527030 1537
1527040 1537
1527050 1538
1527060 1538
1527070 1538
1527080 1539
1527090 1540
1527100 1540
1527110 1540
1527120 1541
1527130 1541
1527140 1541
1527150 1541
1527160 1542
1527170 1542
1527180 1542
1527190 1542
1527200 1542
1527210 1543
1527220 1544
1527230 1544
1527240 1545
1527250 1545
1527260 1545
1527270 1545
1527280 1544
1527290 1544
1527300 1542
1527310 1539
1527320 1539
1527330 1538
1527340 1536
1527350 1536
1527360 1535
1527370 1534
1527380 1534
1527390 1534
1527400 1533
1527410 1532
1527420 1532
1527430 1531
1527440 1530
1527450 1530
1527460 1529
1527470 1528
1527480 1528
1527490 1527
1527500 1526
1527510 1526
1527520 1525
1527530 1523
1527540 1523
1527550 1521
1527560 1519
1527570 1519
1527580 1516
1527590 1513
1527600 1513
1527610 1509
1527620 1507
1527630 1504
1527640 1504
1527650 1501
1527660 1499
1527670 1499
1527680 1497
1527690 1496
1527700 1496
1527710 1495
1527720 1495
1527730 1495
1527740 1495
1527750 1494
1527760 1494
1527770 1492
1527780 1491
1527790 1491
1527800 1489
1527810 1487
1527820 1487
1527830 1486
1527840 1485
1527850 1484
1527860 1484
1527870 1483
1527880 1483
1527890 1483
1527900 1482
1527910 1481
1527920 1481
1527930 1479
1527940 1477
1527950 1477
1527960 1475
1527970 1473
1527980 1473
1527990 1470
1528000 1468
1528010 1468
1528020 1465
1528030 1463
1528040 1463
1528050 1460
1528060 1458
1528070 1455
1528080 1455
1528090 1452
1528100 1450
1528110 1450
1528120 1448
1528130 1445
1528140 1445
1528150 1443
1528160 1440
1528170 1440
1528180 1436
1528190 1433
1528200 1433
1528210 1430
1528220 1427
1528230 1427
1528240 1423
1528250 1419
1528260 1419
1528270 1414
1528280 1410
1528290 1406
1528300 1406
1528310 1403
1528320 1400
1528330 1400
1528340 1396
1528350 1391
1528360 1391
1528370 1388
1528380 1384
1528390 1384
1528400 1380
1528410 1376
1528420 1376
1528430 1373
1528440 1369
1528450 1369
1528460 1365
1528470 1361
1528480 1361
1528490 1357
1528500 1352
1528510 1349
1528520 1349
1528530 1345
1528540 1340
1528550 1340
1528560 1336
1528570 1333
1528580 1333
1528590 1331
1528600 1327
1528610 1327
1528620 1323
1528630 1318
1528640 1318
1528650 1316
1528660 1313
1528670 1313
1528680 1309
1528690 1304
1528700 1304
1528710 1301
1528720 1298
1528730 1294
1528740 1294
1528750 1290
1528760 1287
1528770 1287
1528780 1283
1528790 1279
1528800 1279
1528810 1276
1528820 1273
1528830 1273
1528840 1270
1528850 1267
1528860 1267
1528870 1263
1528880 1260
1528890 1260
1528900 1257
1528910 1253
1528920 1253
1528930 1255
1528940 1251
1528950 1247
1528960 1247
1528970 1244
1528980 1240
1528990 1240
1529000 1233
1529010 1228
1529020 1228
1529030 1223
1529040 1221
1529050 1221
1529060 1218
1529070 1213
1529080 1213
1529090 1210
1529100 1209
1529110 1209
1529120 1205
1529130 1201
1529140 1201
1529150 1200
1529160 1200
1529170 1200
1529180 1196
1529190 1190
1529200 1187
1529210 1187
1529220 1182
1529230 1173
1529240 1173
1529250 1166
1529260 1162
1529270 1162
1529280 1161
1529290 1165
1529300 1165
1529310 1169
1529320 1173
1529330 1173
1529340 1173
1529350 1172
1529360 1172
1529370 1170
1529380 1168
1529390 1168
1529400 1166
1529410 1164
1529420 1163
1529430 1163
1529440 1161
1529450 1159
1529460 1159
1529470 1158
1529480 1156
1529490 1156
1529500 1155
1529510 1154
1529520 1154
1529530 1151
1529540 1148
1529550 1148
1529560 1144
1529570 1143
1529580 1143
1529590 1142
1529600 1140
1529610 1140
1529620 1138
1529630 1134
1529640 1129
1529650 1129
1529660 1125
1529670 1120
1529680 1120
1529690 1117
1529700 1112
1529710 1112
1529720 1108
1529730 1106
1529740 1106
1529750 1103
1529760 1100
1529770 1100
1529780 1098
1529790 1096
1529800 1096
1529810 1093
1529820 1091
1529830 1091
1529840 1089
1529850 1086
1529860 1084
1529870 1084
1529880 1082
1529890 1081
1529900 1081
1529910 1080
1529920 1078
1529930 1078
1529940 1076
1529950 1075
1529960 1075
1529970 1073
1529980 1072
1529990 1072
1530000 1071
1530010 1069
1530020 1069
1530030 1068
1530040 1066
1530050 1066
1530060 1065
1530070 1064
1530080 1064
1530090 1064
1530100 1063
1530110 1063
1530120 1063
1530130 1063
1530140 1063
1530150 1063
1530160 1062
1530170 1062
1530180 1062
1530190 1061
1530200 1060
1530210 1060
1530220 1059
1530230 1058
1530240 1058
1530250 1058
1530260 1057
1530270 1057
1530280 1056
1530290 1055
1530300 1054
1530310 1054
1530320 1053
1530330 1052
1530340 1052
1530350 1051
1530360 1049
1530370 1049
1530380 1048
1530390 1047
1530400 1047
1530410 1046
1530420 1044
1530430 1044
1530440 1043
1530450 1041
1530460 1041
1530470 1040
1530480 1039
1530490 1039
1530500 1038
1530510 1037
1530520 1035
1530530 1035
1530540 1034
1530550 1033
1530560 1033
1530570 1032
1530580 1030
1530590 1030
1530600 1029
1530610 1028
1530620 1028
1530630 1027
1530640 1027
1530650 1027
1530660 1026
1530670 1025
1530680 1025
1530690 1024
1530700 1024
1530710 1024
1530720 1023
1530730 1022
1530740 1022
1530750 1022
1530760 1021
1530770 1021
1530780 1021
1530790 1021
1530800 1021
1530810 1021
1530820 1020
1530830 1020
1530840 1020
1530850 1020
1530860 1020
1530870 1020
1530880 1020
1530890 1019
1530900 1019
1530910 1019
1530920 1020
1530930 1020
1530940 1019
1530950 1019
1530960 1019
1530970 1019
1530980 1019
1530990 1019
1531000 1019
1531010 1019
1531020 1019
1531030 1019
1531040 1019
1531050 1019
1531060 1019
1531070 1019
1531080 1019
1531090 1019
1531100 1019
1531110 1018
1531120 1018
1531130 1018
1531140 1018
1531150 1018
1531160 1018
1531170 1018
1531180 1018
1531190 1018
1531200 1018
1531210 1019
1531220 1019
1531230 1019
1531240 1019
1531250 1019
1531260 1019
1531270 1019
1531280 1019
1531290 1019
1531300 1019
1531310 1019
1531320 1018
1531330 1018
1531340 1018
1531350 1018
1531360 1018
1531370 1018
1531380 1018
1531390 1018
1531400 1018
1531410 1018
1531420 1018
1531430 1018
1531440 1018
1531450 1018
1531460 1018
1531470 1018
1531480 1018
1531490 1017
1531500 1017
1531510 1017
1531520 1017
1531530 1017
1531540 1018
1531550 1018
1531560 1018
1531570 1018
1531580 1018
1531590 1018
1531600 1017
1531610 1017
1531620 1017
1531630 1018
1531640 1018
1531650 1017
1531660 1017
1531670 1017
1531680 1017
1531690 1017
1531700 1017
1531710 1017
1531720 1017
1531730 1018
1531740 1018
1531750 1018
1531760 1018
1531770 1018
1531780 1018
1531790 1018
1531800 1018
1531810 1018
1531820 1017
1531830 1018
1531840 1018
1531850 1018
1531860 1018
1531870 1018
1531880 1018
1531890 1018
1531900 1018
1531910 1018
1531920 1018
1531930 1017
1531940 1017
1531950 1016
1531960 1016
1531970 1016
1531980 1017
1531990 1018
1532000 1018
1532010 1018
1532020 1018
1532030 1018
1532040 1018
1532050 1018
1532060 1018
1532070 1018
1532080 1018
1532090 1018
1532100 1019
1532110 1019
1532120 1019
1532130 1019
1532140 1021
1532150 1023
1532160 1023
1532170 1023
1532180 1023
1532190 1023
1532200 1024
1532210 1024
1532220 1024
1532230 1024
1532240 1024
1532250 1024
1532260 1025
1532270 1025
1532280 1025
1532290 1026
1532300 1026
1532310 1026
1532320 1027
1532330 1027
1532340 1028
1532350 1028
1532360 1028
1532370 1029
1532380 1029
1532390 1029
1532400 1029
1532410 1029
1532420 1029
1532430 1029
1532440 1029
1532450 1029
1532460 1030
1532470 1030
1532480 1030
1532490 1030
1532500 1030
1532510 1030
1532520 1030
1532530 1030
1532540 1030
1532550 1030
1532560 1030
1532570 1030
1532580 1030
1532590 1030
1532600 1030
1532610 1030
1532620 1031
1532630 1031
1532640 1031
1532650 1031
1532660 1031
1532670 1032
1532680 1032
1532690 1032
1532700 1032
1532710 1032
1532720 1032
1532730 1032
1532740 1032
1532750 1032
1532760 1031
1532770 1031
1532780 1031
1532790 1031
1532800 1031
1532810 1031
1532820 1031
1532830 1031
1532840 1031
1532850 1031
1532860 1031
1532870 1031
1532880 1031
1532890 1031
1532900 1031
1532910 1031
1532920 1031
1532930 1031
1532940 1031
1532950 1031
1532960 1031
1532970 1031
1532980 1031
1532990 1031
1533000 1031
1533010 1031
1533020 1031
1533030 1031
1533040 1031
1533050 1032
1533060 1033
1533070 1033
1533080 1035
1533090 1037
1533100 1037
1533110 1038
1533120 1040
1533130 1040
1533140 1041
1533150 1043
1533160 1043
1533170 1045
1533180 1046
1533190 1046
1533200 1047
1533210 1049
1533220 1050
1533230 1050
1533240 1051
1533250 1052
1533260 1052
1533270 1054
1533280 1056
1533290 1056
1533300 1057
1533310 1058
1533320 1058
1533330 1059
1533340 1060
1533350 1060
1533360 1062
1533370 1063
1533380 1063
1533390 1064
1533400 1066
1533410 1066
1533420 1068
1533430 1068
1533440 1070
1533450 1070
1533460 1071
1533470 1073
1533480 1073
1533490 1074
1533500 1076
1533510 1076
1533520 1078
1533530 1079
1533540 1079
1533550 1081
1533560 1083
1533570 1083
1533580 1084
1533590 1086
1533600 1086
1533610 1088
1533620 1090
1533630 1090
1533640 1091
1533650 1092
1533660 1092
1533670 1095
1533680 1098
1533690 1101
1533700 1101
1533710 1103
1533720 1105
1533730 1105
1533740 1107
1533750 1108
1533760 1108
1533770 1110
1533780 1111
1533790 1111
1533800 1111
1533810 1112
1533820 1112
1533830 1113
1533840 1114
1533850 1114
1533860 1114
1533870 1111
1533880 1111
1533890 1109
1533900 1108
1533910 1109
1533920 1109
1533930 1110
1533940 1110
1533950 1110
1533960 1109
1533970 1109
1533980 1109
1533990 1109
1534000 1109
1534010 1109
1534020 1109
1534030 1110
1534040 1110
1534050 1111
1534060 1112
1534070 1112
1534080 1113
1534090 1114
1534100 1114
1534110 1116
1534120 1118
1534130 1120
1534140 1120
1534150 1122
1534160 1125
1534170 1125
1534180 1128
1534190 1130
1534200 1130
1534210 1132
1534220 1133
1534230 1133
1534240 1135
1534250 1136
1534260 1136
1534270 1137
1534280 1139
1534290 1139
1534300 1141
1534310 1143
1534320 1140
1534330 1142
1534340 1143
1534350 1145
1534360 1145
1534370 1143
1534380 1141
1534390 1141
1534400 1142
1534410 1142
1534420 1142
1534430 1139
1534440 1136
1534450 1136
1534460 1135
1534470 1131
1534480 1131
1534490 1128
1534500 1129
1534510 1129
1534520 1131
1534530 1134
1534540 1134
1534550 1136
1534560 1137
1534570 1138
1534580 1138
1534590 1137
1534600 1138
1534610 1138
1534620 1139
1534630 1143
1534640 1143
1534650 1145
1534660 1149
1534670 1149
1534680 1154
1534690 1157
1534700 1157
1534710 1159
1534720 1161
1534730 1161
1534740 1163
1534750 1165
1534760 1165
1534770 1169
1534780 1172
1534790 1176
1534800 1176
1534810 1180
1534820 1183
1534830 1183
1534840 1187
1534850 1190
1534860 1190
1534870 1193
1534880 1195
1534890 1195
1534900 1197
1534910 1199
1534920 1199
1534930 1200
1534940 1201
1534950 1201
1534960 1203
1534970 1205
1534980 1205
1534990 1206
1535000 1208
1535010 1208
1535020 1209
1535030 1211
1535040 1212
1535050 1212
1535060 1215
1535070 1217
1535080 1217
1535090 1218
1535100 1219
1535110 1219
1535120 1221
1535130 1223
1535140 1223
1535150 1226
1535160 1230
1535170 1230
1535180 1233
1535190 1235
1535200 1235
1535210 1238
1535220 1240
1535230 1240
1535240 1242
1535250 1243
1535260 1245
1535270 1245
1535280 1246
1535290 1247
1535300 1247
1535310 1248
1535320 1250
1535330 1250
1535340 1251
1535350 1253
1535360 1253
1535370 1254
1535380 1256
1535390 1256
1535400 1257
1535410 1258
1535420 1258
1535430 1259
1535440 1260
1535450 1260
1535460 1260
1535470 1261
1535480 1261
1535490 1261
1535500 1262
1535510 1263
1535520 1263
1535530 1263
1535540 1264
1535550 1264
1535560 1266
1535570 1268
1535580 1268
1535590 1270
1535600 1272
1535610 1272
1535620 1274
1535630 1277
1535640 1277
1535650 1280
1535660 1283
1535670 1283
1535680 1287
1535690 1290
1535700 1294
1535710 1294
1535720 1297
1535730 1301
1535740 1301
1535750 1304
1535760 1307
1535770 1307
1535780 1309
1535790 1311
1535800 1311
1535810 1314
1535820 1316
1535830 1316
1535840 1319
1535850 1321
1535860 1321
1535870 1324
1535880 1326
1535890 1326
1535900 1329
1535910 1332
1535920 1335
1535930 1335
1535940 1337
1535950 1339
1535960 1339
1535970 1341
1535980 1342
1535990 1342
1536000 1344
1536010 1345
1536020 1345
1536030 1347
1536040 1348
1536050 1348
1536060 1350
1536070 1351
1536080 1351
1536090 1352
1536100 1353
1536110 1353
1536120 1354
1536130 1354
1536140 1354
1536150 1354
1536160 1354
1536170 1355
1536180 1355
1536190 1357
1536200 1358
1536210 1358
1536220 1360
1536230 1363
1536240 1363
1536250 1366
1536260 1368
1536270 1368
1536280 1370
1536290 1371
1536300 1371
1536310 1372
1536320 1373
1536330 1373
1536340 1374
1536350 1374
1536360 1374
1536370 1375
1536380 1375
1536390 1376
1536400 1376
1536410 1377
1536420 1378
1536430 1378
1536440 1379
1536450 1380
1536460 1380
1536470 1379
1536480 1380
1536490 1380
1536500 1381
1536510 1382
1536520 1382
1536530 1383
1536540 1384
1536550 1384
1536560 1385
1536570 1385
1536580 1385
1536590 1384
1536600 1383
1536610 1382
1536620 1382
1536630 1383
1536640 1382
1536650 1382
1536660 1380
1536670 1378
1536680 1378
1536690 1376
1536700 1373
1536710 1373
1536720 1370
1536730 1362
1536740 1362
1536750 1355
1536760 1348
1536770 1348
1536780 1342
1536790 1338
1536800 1338
1536810 1333
1536820 1329
1536830 1324
1536840 1324
1536850 1320
1536860 1313
1536870 1313
1536880 1304
1536890 1297
1536900 1297
1536910 1288
1536920 1277
1536930 1277
1536940 1268
1536950 1261
1536960 1261
1536970 1253
1536980 1247
1536990 1247
1537000 1240
1537010 1233
1537020 1233
1537030 1227
1537040 1220
1537050 1213
1537060 1213
1537070 1206
1537080 1199
1537090 1199
1537100 1193
1537110 1187
1537120 1187
1537130 1182
1537140 1177
1537150 1177
1537160 1172
1537170 1168
1537180 1168
1537190 1163
1537200 1158
1537210 1158
1537220 1153
1537230 1148
1537240 1148
1537250 1143
1537260 1140
1537270 1137
1537280 1137
1537290 1133
1537300 1127
1537310 1127
1537320 1120
1537330 1112
1537340 1112
1537350 1104
1537360 1097
1537370 1097
1537380 1091
1537390 1083
1537400 1083
1537410 1076
1537420 1071
1537430 1071
1537440 1068
1537450 1065
1537460 1065
1537470 1061
1537480 1058
1537490 1052
1537500 1052
1537510 1045
1537520 1039
1537530 1039
1537540 1033
1537550 1029
1537560 1029
1537570 1025
1537580 1022
1537590 1022
1537600 1019
1537610 1017
1537620 1017
1537630 1015
1537640 1015
1537650 1015
1537660 1014
1537670 1009
1537680 1009
1537690 1006
1537700 1006
1537710 1005
1537720 1005
1537730 1005
1537740 1005
1537750 1005
1537760 1005
1537770 1005
1537780 1005
1537790 1005
1537800 1005
1537810 1005
1537820 1005
1537830 1005
1537840 1005
1537850 1006
1537860 1006
1537870 1006
1537880 1006
1537890 1006
1537900 1006
1537910 1006
1537920 1006
1537930 1006
1537940 1006
1537950 1008
1537960 1011
1537970 1011
1537980 1016
1537990 1023
1538000 1023
1538010 1030
1538020 1037
1538030 1037
1538040 1045
1538050 1052
1538060 1052
1538070 1057
1538080 1063
1538090 1063
1538100 1069
1538110 1074
1538120 1074
1538130 1078
1538140 1083
1538150 1083
1538160 1087
1538170 1091
1538180 1095
1538190 1095
1538200 1098
1538210 1102
1538220 1102
1538230 1105
1538240 1110
1538250 1110
1538260 1112
1538270 1115
1538280 1115
1538290 1118
1538300 1120
1538310 1120
1538320 1123
1538330 1125
1538340 1125
1538350 1127
1538360 1129
1538370 1129
1538380 1131
1538390 1135
1538400 1138
1538410 1138
1538420 1141
1538430 1146
1538440 1146
1538450 1151
1538460 1158
1538470 1158
1538480 1167
1538490 1177
1538500 1177
1538510 1187
1538520 1196
1538530 1196
1538540 1203
1538550 1209
1538560 1209
1538570 1216
1538580 1222
1538590 1222
1538600 1229
1538610 1235
1538620 1241
1538630 1241
1538640 1248
1538650 1256
1538660 1256
1538670 1267
1538680 1279
1538690 1279
1538700 1287
1538710 1294
1538720 1294
1538730 1301
1538740 1306
1538750 1306
1538760 1312
1538770 1315
1538780 1315
1538790 1317
1538800 1320
1538810 1320
1538820 1324
1538830 1326
1538840 1329
1538850 1329
1538860 1333
1538870 1338
1538880 1338
1538890 1344
1538900 1350
1538910 1350
1538920 1355
1538930 1359
1538940 1359
1538950 1363
1538960 1368
1538970 1368
1538980 1372
1538990 1378
1539000 1378
1539010 1382
1539020 1387
1539030 1387
1539040 1393
1539050 1397
1539060 1402
1539070 1402
1539080 1407
1539090 1413
1539100 1413
1539110 1416
1539120 1418
1539130 1418
1539140 1421
1539150 1424
1539160 1424
1539170 1428
1539180 1427
1539190 1427
1539200 1429
1539210 1431
1539220 1431
1539230 1432
1539240 1435
1539250 1435
1539260 1438
1539270 1439
1539280 1439
1539290 1441
1539300 1442
1539310 1443
1539320 1443
1539330 1443
1539340 1444
1539350 1444
1539360 1443
1539370 1442
1539380 1442
1539390 1443
1539400 1443
1539410 1443
1539420 1443
1539430 1443
1539440 1443
1539450 1444
1539460 1447
1539470 1447
1539480 1449
1539490 1450
1539500 1450
1539510 1451
1539520 1453
1539530 1455
1539540 1455
1539550 1458
1539560 1459
1539570 1459
1539580 1461
1539590 1462
1539600 1462
1539610 1462
1539620 1462
1539630 1462
1539640 1460
1539650 1460
1539660 1460
1539670 1458
1539680 1458
1539690 1458
1539700 1457
1539710 1458
1539720 1458
1539730 1459
1539740 1461
1539750 1463
1539760 1463
1539770 1467
1539780 1470
1539790 1470
1539800 1473
1539810 1477
1539820 1477
1539830 1480
1539840 1484
1539850 1484
1539860 1485
1539870 1486
1539880 1486
1539890 1485
1539900 1485
1539910 1485
1539920 1485
1539930 1485
1539940 1485
1539950 1485
1539960 1485
1539970 1484
1539980 1484
1539990 1483
