1520000 1825
1520010 1819
1520020 1819
1520030 1812
1520040 1807
1520050 1807
1520060 1802
1520070 1797
1520080 1794
1520090 1794
1520100 1791
1520110 1787
1520120 1787
1520130 1783
1520140 1779
1520150 1779
1520160 1775
1520170 1772
1520180 1772
1520190 1769
1520200 1765
1520210 1765
1520220 1760
1520230 1755
1520240 1755
1520250 1750
1520260 1745
1520270 1745
1520280 1740
1520290 1734
1520300 1730
1520310 1730
1520320 1726
1520330 1720
1520340 1720
1520350 1713
1520360 1707
1520370 1707
1520380 1702
1520390 1698
1520400 1698
1520410 1693
1520420 1689
1520430 1689
1520440 1685
1520450 1680
1520460 1680
1520470 1675
1520480 1669
1520490 1669
1520500 1665
1520510 1659
1520520 1659
1520530 1652
1520540 1646
1520550 1641
1520560 1641
1520570 1636
1520580 1631
1520590 1631
1520600 1627
1520610 1622
1520620 1622
1520630 1617
1520640 1611
1520650 1611
1520660 1607
1520670 1603
1520680 1603
1520690 1599
1520700 1594
1520710 1594
1520720 1588
1520730 1582
1520740 1582
1520750 1577
1520760 1572
1520770 1567
1520780 1567
1520790 1563
1520800 1559
1520810 1559
1520820 1553
1520830 1547
1520840 1547
1520850 1543
1520860 1539
1520870 1539
1520880 1533
1520890 1528
1520900 1528
1520910 1521
1520920 1514
1520930 1514
1520940 1506
1520950 1501
1520960 1501
1520970 1495
1520980 1489
1520990 1482
1521000 1482
1521010 1476
1521020 1469
1521030 1469
1521040 1463
1521050 1459
1521060 1459
1521070 1454
1521080 1447
1521090 1447
1521100 1440
1521110 1431
1521120 1431
1521130 1424
1521140 1416
1521150 1416
1521160 1408
1521170 1404
1521180 1404
1521190 1408
1521200 1412
1521210 1419
1521220 1419
1521230 1426
1521240 1431
1521250 1431
1521260 1439
1521270 1443
1521280 1443
1521290 1443
1521300 1442
1521310 1442
1521320 1442
1521330 1444
1521340 1444
1521350 1444
1521360 1444
1521370 1444
1521380 1446
1521390 1445
1521400 1445
1521410 1443
1521420 1442
1521430 1441
1521440 1441
1521450 1438
1521460 1434
1521470 1434
1521480 1431
1521490 1427
1521500 1427
1521510 1423
1521520 1419
1521530 1419
1521540 1414
1521550 1408
1521560 1408
1521570 1402
1521580 1397
1521590 1397
1521600 1391
1521610 1387
1521620 1387
1521630 1383
1521640 1379
1521650 1379
1521660 1375
1521670 1369
1521680 1364
1521690 1364
1521700 1359
1521710 1354
1521720 1354
1521730 1349
1521740 1345
1521750 1345
1521760 1340
1521770 1336
1521780 1336
1521790 1332
1521800 1327
1521810 1327
1521820 1323
1521830 1319
1521840 1319
1521850 1314
1521860 1310
1521870 1310
1521880 1305
1521890 1299
1521900 1294
1521910 1294
1521920 1289
1521930 1285
1521940 1285
1521950 1280
1521960 1275
1521970 1275
1521980 1269
1521990 1264
1522000 1264
1522010 1259
1522020 1253
1522030 1253
1522040 1248
1522050 1245
1522060 1245
1522070 1243
1522080 1241
1522090 1241
1522100 1238
1522110 1236
1522120 1235
1522130 1235
1522140 1233
1522150 1231
1522160 1231
1522170 1228
1522180 1225
1522190 1225
1522200 1221
1522210 1218
1522220 1215
1522230 1213
1522240 1210
1522250 1210
1522260 1206
1522270 1202
1522280 1202
1522290 1199
1522300 1196
1522310 1196
1522320 1193
1522330 1191
1522340 1189
1522350 1189
1522360 1187
1522370 1184
1522380 1184
1522390 1182
1522400 1180
1522410 1180
1522420 1178
1522430 1176
1522440 1176
1522450 1175
1522460 1174
1522470 1174
1522480 1173
1522490 1170
1522500 1170
1522510 1169
1522520 1167
1522530 1167
1522540 1165
1522550 1162
1522560 1161
1522570 1161
1522580 1159
1522590 1157
1522600 1157
1522610 1155
1522620 1153
1522630 1153
1522640 1151
1522650 1149
1522660 1149
1522670 1148
1522680 1146
1522690 1146
1522700 1145
1522710 1144
1522720 1144
1522730 1143
1522740 1142
1522750 1142
1522760 1141
1522770 1139
1522780 1139
1522790 1137
1522800 1136
1522810 1136
1522820 1136
1522830 1134
1522840 1132
1522850 1132
1522860 1131
1522870 1131
1522880 1131
1522890 1130
1522900 1129
1522910 1129
1522920 1128
1522930 1127
1522940 1127
1522950 1126
1522960 1126
1522970 1126
1522980 1125
1522990 1124
1523000 1124
1523010 1123
1523020 1123
1523030 1122
1523040 1122
1523050 1121
1523060 1121
1523070 1121
1523080 1120
1523090 1119
1523100 1119
1523110 1119
1523120 1118
1523130 1118
1523140 1118
1523150 1118
1523160 1118
1523170 1117
1523180 1117
1523190 1117
1523200 1117
1523210 1116
1523220 1116
1523230 1116
1523240 1116
1523250 1116
1523260 1116
1523270 1115
1523280 1115
1523290 1115
1523300 1115
1523310 1115
1523320 1115
1523330 1114
1523340 1114
1523350 1114
1523360 1114
1523370 1114
1523380 1114
1523390 1114
1523400 1115
1523410 1115
1523420 1116
1523430 1115
1523440 1115
1523450 1114
1523460 1114
1523470 1114
1523480 1114
1523490 1114
1523500 1114
1523510 1114
1523520 1114
1523530 1114
1523540 1114
1523550 1114
1523560 1114
1523570 1114
1523580 1113
1523590 1113
1523600 1113
1523610 1113
1523620 1113
1523630 1113
1523640 1113
1523650 1112
1523660 1112
1523670 1112
1523680 1112
1523690 1112
1523700 1112
1523710 1112
1523720 1112
1523730 1112
1523740 1112
1523750 1112
1523760 1112
1523770 1112
1523780 1112
1523790 1112
1523800 1111
1523810 1111
1523820 1111
1523830 1111
1523840 1111
1523850 1111
1523860 1111
1523870 1111
1523880 1111
1523890 1111
1523900 1111
1523910 1111
1523920 1111
1523930 1111
1523940 1110
1523950 1110
1523960 1110
1523970 1110
1523980 1110
1523990 1110
1524000 1110
1524010 1110
1524020 1110
1524030 1110
1524040 1110
1524050 1110
1524060 1110
1524070 1110
1524080 1110
1524090 1109
1524100 1109
1524110 1109
1524120 1109
1524130 1109
1524140 1109
1524150 1109
1524160 1109
1524170 1109
1524180 1109
1524190 1109
1524200 1109
1524210 1109
1524220 1109
1524230 1109
1524240 1109
1524250 1108
1524260 1108
1524270 1108
1524280 1109
1524290 1109
1524300 1109
1524310 1109
1524320 1109
1524330 1109
1524340 1109
1524350 1109
1524360 1109
1524370 1108
1524380 1108
1524390 1108
1524400 1108
1524410 1108
1524420 1108
1524430 1107
1524440 1106
1524450 1106
1524460 1107
1524470 1107
1524480 1107
1524490 1108
1524500 1110
1524510 1110
1524520 1111
1524530 1112
1524540 1112
1524550 1114
1524560 1116
1524570 1116
1524580 1118
1524590 1121
1524600 1124
1524610 1124
1524620 1126
1524630 1129
1524640 1129
1524650 1130
1524660 1132
1524670 1132
1524680 1134
1524690 1136
1524700 1136
1524710 1138
1524720 1140
1524730 1140
1524740 1141
1524750 1143
1524760 1143
1524770 1145
1524780 1146
1524790 1146
1524800 1148
1524810 1150
1524820 1150
1524830 1153
1524840 1156
1524850 1159
1524860 1159
1524870 1162
1524880 1164
1524890 1164
1524900 1167
1524910 1170
1524920 1170
1524930 1172
1524940 1175
1524950 1175
1524960 1177
1524970 1180
1524980 1180
1524990 1183
1525000 1186
1525010 1186
1525020 1189
1525030 1193
1525040 1193
1525050 1195
1525060 1198
1525070 1202
1525080 1202
1525090 1205
1525100 1209
1525110 1209
1525120 1213
1525130 1215
1525140 1215
1525150 1218
1525160 1221
1525170 1221
1525180 1223
1525190 1225
1525200 1225
1525210 1226
1525220 1230
1525230 1230
1525240 1235
1525250 1238
1525260 1238
1525270 1239
1525280 1240
1525290 1243
1525300 1243
1525310 1244
1525320 1246
1525330 1246
1525340 1247
1525350 1248
1525360 1248
1525370 1249
1525380 1250
1525390 1250
1525400 1251
1525410 1252
1525420 1252
1525430 1254
1525440 1256
1525450 1256
1525460 1253
1525470 1255
1525480 1255
1525490 1257
1525500 1259
1525510 1260
1525520 1260
1525530 1261
1525540 1262
1525550 1262
1525560 1264
1525570 1265
1525580 1265
1525590 1265
1525600 1266
1525610 1266
1525620 1267
1525630 1268
1525640 1268
1525650 1270
1525660 1272
1525670 1272
1525680 1273
1525690 1274
1525700 1274
1525710 1274
1525720 1275
1525730 1276
1525740 1276
1525750 1277
1525760 1277
1525770 1277
1525780 1277
1525790 1276
1525800 1276
1525810 1277
1525820 1279
1525830 1279
1525840 1280
1525850 1281
1525860 1281
1525870 1282
1525880 1283
1525890 1283
1525900 1283
1525910 1284
1525920 1284
1525930 1284
1525940 1285
1525950 1285
1525960 1286
1525970 1288
1525980 1289
1525990 1289
1526000 1290
1526010 1290
1526020 1290
1526030 1289
1526040 1289
1526050 1289
1526060 1290
1526070 1290
1526080 1290
1526090 1291
1526100 1292
1526110 1292
1526120 1293
1526130 1294
1526140 1294
1526150 1294
1526160 1295
1526170 1295
1526180 1296
1526190 1296
1526200 1296
1526210 1296
1526220 1296
1526230 1296
1526240 1296
1526250 1295
1526260 1295
1526270 1295
1526280 1295
1526290 1296
1526300 1296
1526310 1297
1526320 1296
1526330 1296
1526340 1296
1526350 1295
1526360 1295
1526370 1295
1526380 1294
1526390 1294
1526400 1295
1526410 1296
1526420 1297
1526430 1297
1526440 1298
1526450 1298
1526460 1298
1526470 1298
1526480 1299
1526490 1299
1526500 1301
1526510 1303
1526520 1303
1526530 1305
1526540 1307
1526550 1307
1526560 1309
1526570 1309
1526580 1309
1526590 1309
1526600 1309
1526610 1309
1526620 1309
1526630 1308
1526640 1308
1526650 1308
1526660 1308
1526670 1308
1526680 1308
1526690 1308
1526700 1308
1526710 1308
1526720 1308
1526730 1308
1526740 1308
1526750 1309
1526760 1309
1526770 1309
1526780 1310
1526790 1310
1526800 1310
1526810 1310
1526820 1310
1526830 1310
1526840 1310
1526850 1310
1526860 1310
1526870 1310
1526880 1309
1526890 1309
1526900 1309
1526910 1310
1526920 1309
1526930 1309
1526940 1309
1526950 1308
1526960 1308
1526970 1306
1526980 1304
1526990 1304
1527000 1304
1527010 1302
1527020 1302
1527030 1299
1527040 1297
1527050 1297
1527060 1299
1527070 1302
1527080 1302
1527090 1303
1527100 1304
1527110 1302
1527120 1302
1527130 1301
1527140 1301
1527150 1301
1527160 1301
1527170 1301
1527180 1301
1527190 1301
1527200 1301
1527210 1301
1527220 1297
1527230 1294
1527240 1294
1527250 1292
1527260 1290
1527270 1290
1527280 1285
1527290 1279
1527300 1279
1527310 1275
1527320 1274
1527330 1276
1527340 1276
1527350 1278
1527360 1275
1527370 1275
1527380 1271
1527390 1267
1527400 1267
1527410 1263
1527420 1259
1527430 1259
1527440 1261
1527450 1268
1527460 1268
1527470 1274
1527480 1278
1527490 1278
1527500 1282
1527510 1284
1527520 1284
1527530 1283
1527540 1278
1527550 1275
1527560 1275
1527570 1273
1527580 1273
1527590 1273
1527600 1279
1527610 1285
1527620 1285
1527630 1287
1527640 1284
1527650 1284
1527660 1283
1527670 1288
1527680 1288
1527690 1294
1527700 1297
1527710 1297
1527720 1299
1527730 1300
1527740 1300
1527750 1301
1527760 1302
1527770 1303
1527780 1303
1527790 1303
1527800 1305
1527810 1305
1527820 1306
1527830 1305
1527840 1305
1527850 1303
1527860 1304
1527870 1304
1527880 1304
1527890 1304
1527900 1304
1527910 1305
1527920 1306
1527930 1306
1527940 1307
1527950 1308
1527960 1308
1527970 1309
1527980 1310
1527990 1310
1528000 1312
1528010 1313
1528020 1313
1528030 1313
1528040 1314
1528050 1316
1528060 1316
1528070 1317
1528080 1318
1528090 1318
1528100 1318
1528110 1319
1528120 1319
1528130 1319
1528140 1320
1528150 1320
1528160 1321
1528170 1322
1528180 1322
1528190 1324
1528200 1324
1528210 1324
1528220 1325
1528230 1326
1528240 1327
1528250 1327
1528260 1327
1528270 1328
1528280 1328
1528290 1328
1528300 1329
1528310 1329
1528320 1330
1528330 1330
1528340 1330
1528350 1331
1528360 1332
1528370 1332
1528380 1332
1528390 1332
1528400 1332
1528410 1333
1528420 1334
1528430 1334
1528440 1334
1528450 1332
1528460 1333
1528470 1333
1528480 1333
1528490 1333
1528500 1333
1528510 1334
1528520 1334
1528530 1334
1528540 1334
1528550 1335
1528560 1335
1528570 1335
1528580 1335
1528590 1335
1528600 1335
1528610 1335
1528620 1335
1528630 1335
1528640 1336
1528650 1336
1528660 1336
1528670 1336
1528680 1336
1528690 1336
1528700 1336
1528710 1336
1528720 1336
1528730 1337
1528740 1337
1528750 1337
1528760 1338
1528770 1337
1528780 1337
1528790 1338
1528800 1338
1528810 1338
1528820 1338
1528830 1338
1528840 1338
1528850 1338
1528860 1338
1528870 1338
1528880 1337
1528890 1337
1528900 1336
1528910 1336
1528920 1336
1528930 1336
1528940 1336
1528950 1336
1528960 1336
1528970 1336
1528980 1336
1528990 1336
1529000 1336
1529010 1336
1529020 1335
1529030 1335
1529040 1335
1529050 1334
1529060 1334
1529070 1334
1529080 1334
1529090 1334
1529100 1333
1529110 1333
1529120 1333
1529130 1332
1529140 1332
1529150 1332
1529160 1332
1529170 1331
1529180 1331
1529190 1331
1529200 1330
1529210 1330
1529220 1330
1529230 1329
1529240 1328
1529250 1328
1529260 1327
1529270 1327
1529280 1327
1529290 1326
1529300 1325
1529310 1325
1529320 1325
1529330 1325
1529340 1325
1529350 1324
1529360 1322
1529370 1320
1529380 1320
1529390 1318
1529400 1316
1529410 1316
1529420 1314
1529430 1313
1529440 1313
1529450 1311
1529460 1309
1529470 1309
1529480 1307
1529490 1305
1529500 1305
1529510 1304
1529520 1303
1529530 1303
1529540 1302
1529550 1302
1529560 1302
1529570 1301
1529580 1301
1529590 1300
1529600 1300
1529610 1299
1529620 1299
1529630 1299
1529640 1298
1529650 1297
1529660 1297
1529670 1295
1529680 1295
1529690 1295
1529700 1293
1529710 1290
1529720 1290
1529730 1286
1529740 1281
1529750 1281
1529760 1277
1529770 1272
1529780 1272
1529790 1268
1529800 1265
1529810 1263
1529820 1263
1529830 1264
1529840 1263
1529850 1263
1529860 1260
1529870 1256
1529880 1256
1529890 1252
1529900 1251
1529910 1251
1529920 1252
1529930 1256
1529940 1256
1529950 1257
1529960 1259
1529970 1259
1529980 1263
1529990 1267
1530000 1267
1530010 1271
1530020 1276
1530030 1276
1530040 1278
1530050 1276
1530060 1277
1530070 1277
1530080 1280
1530090 1283
1530100 1283
1530110 1286
1530120 1289
1530130 1289
1530140 1292
1530150 1293
1530160 1293
1530170 1295
1530180 1297
1530190 1297
1530200 1299
1530210 1301
1530220 1301
1530230 1303
1530240 1305
1530250 1305
1530260 1307
1530270 1308
1530280 1308
1530290 1308
1530300 1309
1530310 1311
1530320 1311
1530330 1313
1530340 1316
1530350 1316
1530360 1319
1530370 1321
1530380 1321
1530390 1324
1530400 1326
1530410 1326
1530420 1327
1530430 1328
1530440 1328
1530450 1328
1530460 1329
1530470 1329
1530480 1329
1530490 1331
1530500 1332
1530510 1332
1530520 1334
1530530 1334
1530540 1334
1530550 1336
1530560 1338
1530570 1338
1530580 1341
1530590 1343
1530600 1343
1530610 1343
1530620 1344
1530630 1344
1530640 1345
1530650 1347
1530660 1347
1530670 1350
1530680 1351
1530690 1351
1530700 1353
1530710 1355
1530720 1357
1530730 1357
1530740 1360
1530750 1363
1530760 1363
1530770 1365
1530780 1366
1530790 1366
1530800 1368
1530810 1370
1530820 1370
1530830 1371
1530840 1372
1530850 1372
1530860 1374
1530870 1376
1530880 1376
1530890 1378
1530900 1379
1530910 1379
1530920 1381
1530930 1382
1530940 1383
1530950 1383
1530960 1384
1530970 1386
1530980 1386
1530990 1387
1531000 1388
1531010 1388
1531020 1390
1531030 1391
1531040 1391
1531050 1392
1531060 1393
1531070 1393
1531080 1393
1531090 1394
1531100 1394
1531110 1394
1531120 1395
1531130 1395
1531140 1395
1531150 1395
1531160 1395
1531170 1395
1531180 1395
1531190 1395
1531200 1395
1531210 1395
1531220 1395
1531230 1395
1531240 1396
1531250 1396
1531260 1394
1531270 1395
1531280 1395
1531290 1395
1531300 1395
1531310 1396
1531320 1396
1531330 1396
1531340 1396
1531350 1396
1531360 1396
1531370 1396
1531380 1396
1531390 1395
1531400 1395
1531410 1395
1531420 1395
1531430 1395
1531440 1395
1531450 1395
1531460 1395
1531470 1395
1531480 1395
1531490 1395
1531500 1395
1531510 1395
1531520 1395
1531530 1395
1531540 1395
1531550 1394
1531560 1394
1531570 1394
1531580 1393
1531590 1393
1531600 1393
1531610 1392
1531620 1391
1531630 1390
1531640 1390
1531650 1390
1531660 1389
1531670 1389
1531680 1388
1531690 1387
1531700 1387
1531710 1386
1531720 1385
1531730 1385
1531740 1384
1531750 1383
1531760 1383
1531770 1382
1531780 1381
1531790 1381
1531800 1380
1531810 1379
1531820 1379
1531830 1378
1531840 1378
1531850 1377
1531860 1377
1531870 1376
1531880 1375
1531890 1375
1531900 1374
1531910 1374
1531920 1374
1531930 1374
1531940 1372
1531950 1372
1531960 1371
1531970 1370
1531980 1370
1531990 1368
1532000 1367
1532010 1367
1532020 1366
1532030 1364
1532040 1364
1532050 1363
1532060 1361
1532070 1361
1532080 1360
1532090 1359
1532100 1358
1532110 1358
1532120 1356
1532130 1355
1532140 1355
1532150 1354
1532160 1351
1532170 1351
1532180 1348
1532190 1346
1532200 1346
1532210 1341
1532220 1336
1532230 1336
1532240 1330
1532250 1326
1532260 1326
1532270 1323
1532280 1321
1532290 1321
1532300 1316
1532310 1311
1532320 1308
1532330 1308
1532340 1306
1532350 1302
1532360 1302
1532370 1298
1532380 1296
1532390 1296
1532400 1293
1532410 1290
1532420 1290
1532430 1288
1532440 1285
1532450 1285
1532460 1282
1532470 1279
1532480 1279
1532490 1276
1532500 1274
1532510 1274
1532520 1272
1532530 1270
1532540 1267
1532550 1267
1532560 1265
1532570 1264
1532580 1264
1532590 1263
1532600 1262
1532610 1262
1532620 1261
1532630 1260
1532640 1260
1532650 1258
1532660 1256
1532670 1256
1532680 1255
1532690 1254
1532700 1254
1532710 1253
1532720 1252
1532730 1252
1532740 1251
1532750 1250
1532760 1248
1532770 1248
1532780 1246
1532790 1244
1532800 1244
1532810 1241
1532820 1238
1532830 1238
1532840 1234
1532850 1229
1532860 1229
1532870 1224
1532880 1220
1532890 1220
1532900 1217
1532910 1215
1532920 1215
1532930 1212
1532940 1209
1532950 1209
1532960 1206
1532970 1203
1532980 1200
1532990 1200
1533000 1198
1533010 1196
1533020 1196
1533030 1194
1533040 1192
1533050 1192
1533060 1189
1533070 1186
1533080 1186
1533090 1182
1533100 1179
1533110 1179
1533120 1177
1533130 1174
1533140 1174
1533150 1170
1533160 1166
1533170 1166
1533180 1163
1533190 1160
1533200 1160
1533210 1157
1533220 1154
1533230 1150
1533240 1150
1533250 1146
1533260 1142
1533270 1142
1533280 1136
1533290 1130
1533300 1130
1533310 1124
1533320 1118
1533330 1118
1533340 1113
1533350 1109
1533360 1109
1533370 1106
1533380 1102
1533390 1102
1533400 1098
1533410 1094
1533420 1094
1533430 1090
1533440 1086
1533450 1082
1533460 1082
1533470 1079
1533480 1076
1533490 1076
1533500 1072
1533510 1069
1533520 1069
1533530 1065
1533540 1062
1533550 1062
1533560 1059
1533570 1055
1533580 1055
1533590 1052
1533600 1049
1533610 1049
1533620 1046
1533630 1042
1533640 1042
1533650 1038
1533660 1034
1533670 1032
1533680 1032
1533690 1030
1533700 1027
1533710 1027
1533720 1025
1533730 1024
1533740 1024
1533750 1023
1533760 1022
1533770 1022
1533780 1021
1533790 1020
1533800 1020
1533810 1019
1533820 1019
1533830 1019
1533840 1018
1533850 1018
1533860 1018
1533870 1017
1533880 1016
1533890 1015
1533900 1015
1533910 1015
1533920 1014
1533930 1014
1533940 1014
1533950 1014
1533960 1014
1533970 1014
1533980 1014
1533990 1014
1534000 1014
1534010 1014
1534020 1014
1534030 1013
1534040 1013
1534050 1013
1534060 1013
1534070 1013
1534080 1013
1534090 1013
1534100 1014
1534110 1014
1534120 1014
1534130 1014
1534140 1014
1534150 1014
1534160 1014
1534170 1014
1534180 1014
1534190 1014
1534200 1014
1534210 1014
1534220 1014
1534230 1014
1534240 1014
1534250 1014
1534260 1014
1534270 1014
1534280 1014
1534290 1014
1534300 1014
1534310 1014
1534320 1014
1534330 1014
1534340 1014
1534350 1014
1534360 1014
1534370 1014
1534380 1014
1534390 1014
1534400 1014
1534410 1014
1534420 1014
1534430 1014
1534440 1014
1534450 1014
1534460 1014
1534470 1014
1534480 1014
1534490 1014
1534500 1014
1534510 1014
1534520 1014
1534530 1014
1534540 1013
1534550 1013
1534560 1013
1534570 1013
1534580 1014
1534590 1014
1534600 1014
1534610 1013
1534620 1013
1534630 1013
1534640 1013
1534650 1013
1534660 1013
1534670 1013
1534680 1013
1534690 1013
1534700 1013
1534710 1013
1534720 1013
1534730 1013
1534740 1013
1534750 1013
1534760 1013
1534770 1013
1534780 1013
1534790 1013
1534800 1014
1534810 1014
1534820 1013
1534830 1013
1534840 1013
1534850 1013
1534860 1013
1534870 1013
1534880 1013
1534890 1014
1534900 1014
1534910 1014
1534920 1013
1534930 1013
1534940 1013
1534950 1013
1534960 1013
1534970 1013
1534980 1013
1534990 1013
1535000 1013
1535010 1013
1535020 1013
1535030 1013
1535040 1013
1535050 1014
1535060 1014
1535070 1014
1535080 1013
1535090 1013
1535100 1013
1535110 1013
1535120 1013
1535130 1013
1535140 1013
1535150 1013
1535160 1013
1535170 1013
1535180 1013
1535190 1012
1535200 1013
1535210 1013
1535220 1013
1535230 1013
1535240 1013
1535250 1013
1535260 1013
1535270 1013
1535280 1013
1535290 1013
1535300 1013
1535310 1013
1535320 1013
1535330 1013
1535340 1013
1535350 1013
1535360 1012
1535370 1012
1535380 1012
1535390 1012
1535400 1012
1535410 1012
1535420 1011
1535430 1011
1535440 1011
1535450 1012
1535460 1012
1535470 1012
1535480 1012
1535490 1012
1535500 1012
1535510 1013
1535520 1013
1535530 1013
1535540 1013
1535550 1013
1535560 1013
1535570 1013
1535580 1013
1535590 1013
1535600 1014
1535610 1014
1535620 1014
1535630 1014
1535640 1014
1535650 1014
1535660 1014
1535670 1014
1535680 1014
1535690 1014
1535700 1014
1535710 1014
1535720 1014
1535730 1014
1535740 1013
1535750 1013
1535760 1013
1535770 1012
1535780 1012
1535790 1012
1535800 1013
1535810 1013
1535820 1016
1535830 1016
1535840 1016
1535850 1013
1535860 1012
1535870 1012
1535880 1011
1535890 1012
1535900 1012
1535910 1012
1535920 1012
1535930 1012
1535940 1012
1535950 1012
1535960 1012
1535970 1012
1535980 1012
1535990 1012
1536000 1012
1536010 1012
1536020 1012
1536030 1012
1536040 1013
1536050 1012
1536060 1012
1536070 1011
1536080 1011
1536090 1011
1536100 1011
1536110 1011
1536120 1011
1536130 1012
1536140 1012
1536150 1012
1536160 1012
1536170 1012
1536180 1012
1536190 1012
1536200 1012
1536210 1012
1536220 1012
1536230 1012
1536240 1012
1536250 1012
1536260 1012
1536270 1012
1536280 1012
1536290 1012
1536300 1012
1536310 1012
1536320 1012
1536330 1012
1536340 1012
1536350 1012
1536360 1012
1536370 1012
1536380 1012
1536390 1012
1536400 1012
1536410 1012
1536420 1012
1536430 1012
1536440 1012
1536450 1012
1536460 1012
1536470 1012
1536480 1012
1536490 1012
1536500 1012
1536510 1012
1536520 1012
1536530 1012
1536540 1012
1536550 1012
1536560 1012
1536570 1012
1536580 1012
1536590 1012
1536600 1012
1536610 1012
1536620 1012
1536630 1012
1536640 1012
1536650 1012
1536660 1012
1536670 1012
1536680 1013
1536690 1013
1536700 1013
1536710 1013
1536720 1013
1536730 1013
1536740 1013
1536750 1013
1536760 1013
1536770 1013
1536780 1013
1536790 1013
1536800 1013
1536810 1013
1536820 1013
1536830 1013
1536840 1014
1536850 1014
1536860 1014
1536870 1015
1536880 1015
1536890 1015
1536900 1015
1536910 1015
1536920 1015
1536930 1015
1536940 1015
1536950 1015
1536960 1015
1536970 1015
1536980 1016
1536990 1015
1537000 1015
1537010 1015
1537020 1015
1537030 1015
1537040 1015
1537050 1015
1537060 1015
1537070 1015
1537080 1014
1537090 1014
1537100 1014
1537110 1014
1537120 1014
1537130 1014
1537140 1013
1537150 1014
1537160 1014
1537170 1015
1537180 1015
1537190 1015
1537200 1015
1537210 1015
1537220 1015
1537230 1015
1537240 1018
1537250 1018
1537260 1021
1537270 1021
1537280 1021
1537290 1021
1537300 1021
1537310 1021
1537320 1021
1537330 1021
1537340 1021
1537350 1021
1537360 1021
1537370 1021
1537380 1021
1537390 1021
1537400 1021
1537410 1021
1537420 1021
1537430 1022
1537440 1022
1537450 1022
1537460 1023
1537470 1023
1537480 1023
1537490 1023
1537500 1023
1537510 1023
1537520 1024
1537530 1024
1537540 1024
1537550 1024
1537560 1025
1537570 1025
1537580 1025
1537590 1025
1537600 1025
1537610 1025
1537620 1025
1537630 1025
1537640 1025
1537650 1025
1537660 1025
1537670 1026
1537680 1026
1537690 1026
1537700 1025
1537710 1026
1537720 1026
1537730 1026
1537740 1026
1537750 1027
1537760 1027
1537770 1027
1537780 1028
1537790 1028
1537800 1028
1537810 1028
1537820 1028
1537830 1028
1537840 1028
1537850 1028
1537860 1028
1537870 1028
1537880 1028
1537890 1028
1537900 1028
1537910 1028
1537920 1028
1537930 1029
1537940 1029
1537950 1029
1537960 1030
1537970 1031
1537980 1031
1537990 1032
1538000 1033
1538010 1033
1538020 1034
1538030 1034
1538040 1034
1538050 1035
1538060 1036
1538070 1036
1538080 1037
1538090 1038
1538100 1038
1538110 1038
1538120 1040
1538130 1040
1538140 1042
1538150 1046
1538160 1046
1538170 1050
1538180 1055
1538190 1055
1538200 1060
1538210 1065
1538220 1069
1538230 1069
1538240 1074
1538250 1078
1538260 1078
1538270 1082
1538280 1086
1538290 1086
1538300 1090
1538310 1094
1538320 1094
1538330 1098
1538340 1100
1538350 1100
1538360 1102
1538370 1105
1538380 1105
1538390 1107
1538400 1109
1538410 1109
1538420 1112
1538430 1115
1538440 1118
1538450 1118
1538460 1121
1538470 1124
1538480 1124
1538490 1127
1538500 1131
1538510 1131
1538520 1134
1538530 1138
1538540 1138
1538550 1141
1538560 1144
1538570 1144
1538580 1146
1538590 1148
1538600 1148
1538610 1150
1538620 1152
1538630 1152
1538640 1154
1538650 1155
1538660 1156
1538670 1156
1538680 1158
1538690 1160
1538700 1160
1538710 1161
1538720 1160
1538730 1160
1538740 1161
1538750 1162
1538760 1162
1538770 1163
1538780 1163
1538790 1163
1538800 1163
1538810 1164
1538820 1164
1538830 1165
1538840 1166
1538850 1166
1538860 1166
1538870 1166
1538880 1166
1538890 1166
1538900 1166
1538910 1166
1538920 1166
1538930 1166
1538940 1167
1538950 1167
1538960 1167
1538970 1166
1538980 1166
1538990 1166
1539000 1165
1539010 1165
1539020 1164
1539030 1163
1539040 1163
1539050 1161
1539060 1161
1539070 1161
1539080 1161
1539090 1161
1539100 1161
1539110 1161
1539120 1160
1539130 1160
1539140 1160
1539150 1158
1539160 1156
1539170 1156
1539180 1154
1539190 1154
1539200 1154
1539210 1154
1539220 1154
1539230 1154
1539240 1154
1539250 1153
1539260 1153
1539270 1153
1539280 1153
1539290 1153
1539300 1153
1539310 1153
1539320 1153
1539330 1153
1539340 1154
1539350 1154
1539360 1154
1539370 1154
1539380 1154
1539390 1154
1539400 1153
1539410 1153
1539420 1153
1539430 1152
1539440 1152
1539450 1152
1539460 1152
1539470 1151
1539480 1151
1539490 1150
1539500 1149
1539510 1149
1539520 1148
1539530 1147
1539540 1147
1539550 1147
1539560 1146
1539570 1145
1539580 1145
1539590 1144
1539600 1143
1539610 1143
1539620 1142
1539630 1141
1539640 1141
1539650 1138
1539660 1136
1539670 1136
1539680 1135
1539690 1134
1539700 1134
1539710 1133
1539720 1131
1539730 1131
1539740 1130
1539750 1130
1539760 1130
1539770 1129
1539780 1129
1539790 1128
1539800 1128
1539810 1128
1539820 1129
1539830 1129
1539840 1129
1539850 1129
1539860 1129
1539870 1129
1539880 1129
1539890 1129
1539900 1129
1539910 1130
1539920 1130
1539930 1131
1539940 1133
1539950 1133
1539960 1134
1539970 1136
1539980 1136
1539990 1138
