1520000 1767
1520010 1766
1520020 1765
1520030 1765
1520040 1764
1520050 1763
1520060 1763
1520070 1762
1520080 1762
1520090 1762
1520100 1762
1520110 1762
1520120 1762
1520130 1762
1520140 1762
1520150 1762
1520160 1762
1520170 1762
1520180 1762
1520190 1762
1520200 1762
1520210 1763
1520220 1763
1520230 1764
1520240 1765
1520250 1765
1520260 1765
1520270 1765
1520280 1765
1520290 1765
1520300 1765
1520310 1765
1520320 1766
1520330 1766
1520340 1766
1520350 1766
1520360 1765
1520370 1765
1520380 1765
1520390 1764
1520400 1764
1520410 1764
1520420 1764
1520430 1763
1520440 1763
1520450 1764
1520460 1765
1520470 1765
1520480 1766
1520490 1767
1520500 1767
1520510 1767
1520520 1768
1520530 1768
1520540 1768
1520550 1769
1520560 1769
1520570 1769
1520580 1767
1520590 1767
1520600 1763
1520610 1759
1520620 1755
1520630 1755
1520640 1753
1520650 1752
1520660 1752
1520670 1752
1520680 1753
1520690 1753
1520700 1756
1520710 1758
1520720 1758
1520730 1759
1520740 1760
1520750 1760
1520760 1762
1520770 1763
1520780 1763
1520790 1764
1520800 1763
1520810 1763
1520820 1762
1520830 1759
1520840 1759
1520850 1756
1520860 1753
1520870 1749
1520880 1749
1520890 1744
1520900 1739
1520910 1739
1520920 1735
1520930 1731
1520940 1731
1520950 1727
1520960 1723
1520970 1723
1520980 1719
1520990 1714
1521000 1714
1521010 1710
1521020 1705
1521030 1705
1521040 1702
1521050 1698
1521060 1698
1521070 1695
1521080 1691
1521090 1688
1521100 1688
1521110 1684
1521120 1679
1521130 1679
1521140 1675
1521150 1670
1521160 1670
1521170 1665
1521180 1660
1521190 1660
1521200 1655
1521210 1651
1521220 1651
1521230 1647
1521240 1643
1521250 1643
1521260 1640
1521270 1637
1521280 1637
1521290 1634
1521300 1629
1521310 1624
1521320 1624
1521330 1619
1521340 1615
1521350 1615
1521360 1611
1521370 1607
1521380 1607
1521390 1602
1521400 1595
1521410 1595
1521420 1589
1521430 1583
1521440 1583
1521450 1577
1521460 1571
1521470 1571
1521480 1564
1521490 1558
1521500 1558
1521510 1551
1521520 1546
1521530 1540
1521540 1540
1521550 1533
1521560 1527
1521570 1527
1521580 1520
1521590 1516
1521600 1516
1521610 1513
1521620 1511
1521630 1511
1521640 1509
1521650 1506
1521660 1506
1521670 1503
1521680 1499
1521690 1499
1521700 1497
1521710 1495
1521720 1495
1521730 1493
1521740 1491
1521750 1489
1521760 1489
1521770 1487
1521780 1480
1521790 1480
1521800 1470
1521810 1462
1521820 1462
1521830 1457
1521840 1452
1521850 1452
1521860 1448
1521870 1445
1521880 1445
1521890 1443
1521900 1441
1521910 1441
1521920 1439
1521930 1436
1521940 1436
1521950 1433
1521960 1428
1521970 1423
1521980 1423
1521990 1418
1522000 1414
1522010 1414
1522020 1408
1522030 1402
1522040 1402
1522050 1396
1522060 1391
1522070 1391
1522080 1387
1522090 1384
1522100 1384
1522110 1381
1522120 1377
1522130 1377
1522140 1375
1522150 1371
1522160 1371
1522170 1367
1522180 1362
1522190 1362
1522200 1356
1522210 1350
1522220 1344
1522230 1344
1522240 1338
1522250 1333
1522260 1333
1522270 1329
1522280 1325
1522290 1325
1522300 1321
1522310 1317
1522320 1317
1522330 1311
1522340 1306
1522350 1306
1522360 1301
1522370 1297
1522380 1297
1522390 1294
1522400 1291
1522410 1291
1522420 1287
1522430 1282
1522440 1277
1522450 1277
1522460 1273
1522470 1268
1522480 1268
1522490 1264
1522500 1260
1522510 1260
1522520 1256
1522530 1254
1522540 1254
1522550 1253
1522560 1252
1522570 1252
1522580 1250
1522590 1249
1522600 1249
1522610 1247
1522620 1244
1522630 1244
1522640 1241
1522650 1239
1522660 1237
1522670 1237
1522680 1236
1522690 1234
1522700 1234
1522710 1231
1522720 1229
1522730 1229
1522740 1226
1522750 1223
1522760 1223
1522770 1218
1522780 1213
1522790 1213
1522800 1208
1522810 1203
1522820 1203
1522830 1199
1522840 1194
1522850 1194
1522860 1191
1522870 1185
1522880 1179
1522890 1179
1522900 1172
1522910 1169
1522920 1169
1522930 1167
1522940 1165
1522950 1165
1522960 1163
1522970 1162
1522980 1162
1522990 1161
1523000 1160
1523010 1160
1523020 1158
1523030 1158
1523040 1158
1523050 1157
1523060 1156
1523070 1156
1523080 1155
1523090 1153
1523100 1151
1523110 1151
1523120 1150
1523130 1149
1523140 1149
1523150 1148
1523160 1147
1523170 1147
1523180 1145
1523190 1144
1523200 1144
1523210 1143
1523220 1143
1523230 1143
1523240 1142
1523250 1140
1523260 1140
1523270 1139
1523280 1138
1523290 1138
1523300 1138
1523310 1137
1523320 1137
1523330 1137
1523340 1136
1523350 1135
1523360 1135
1523370 1134
1523380 1134
1523390 1134
1523400 1134
1523410 1133
1523420 1133
1523430 1131
1523440 1130
1523450 1130
1523460 1130
1523470 1130
1523480 1130
1523490 1129
1523500 1129
1523510 1129
1523520 1128
1523530 1127
1523540 1127
1523550 1127
1523560 1126
1523570 1126
1523580 1126
1523590 1125
1523600 1125
1523610 1125
1523620 1124
1523630 1124
1523640 1124
1523650 1124
1523660 1124
1523670 1124
1523680 1123
1523690 1122
1523700 1122
1523710 1121
1523720 1121
1523730 1121
1523740 1120
1523750 1120
1523760 1120
1523770 1120
1523780 1119
1523790 1119
1523800 1119
1523810 1119
1523820 1119
1523830 1119
1523840 1118
1523850 1118
1523860 1118
1523870 1117
1523880 1117
1523890 1117
1523900 1116
1523910 1116
1523920 1116
1523930 1115
1523940 1115
1523950 1115
1523960 1115
1523970 1115
1523980 1115
1523990 1114
1524000 1114
1524010 1114
1524020 1114
1524030 1114
1524040 1113
1524050 1113
1524060 1113
1524070 1113
1524080 1113
1524090 1112
1524100 1112
1524110 1112
1524120 1112
1524130 1111
1524140 1111
1524150 1111
1524160 1111
1524170 1111
1524180 1111
1524190 1111
1524200 1111
1524210 1111
1524220 1111
1524230 1111
1524240 1111
1524250 1111
1524260 1110
1524270 1110
1524280 1110
1524290 1110
1524300 1110
1524310 1110
1524320 1111
1524330 1111
1524340 1112
1524350 1114
1524360 1114
1524370 1115
1524380 1117
1524390 1117
1524400 1120
1524410 1123
1524420 1123
1524430 1125
1524440 1129
1524450 1129
1524460 1132
1524470 1136
1524480 1140
1524490 1140
1524500 1144
1524510 1148
1524520 1148
1524530 1153
1524540 1157
1524550 1157
1524560 1161
1524570 1166
1524580 1166
1524590 1170
1524600 1174
1524610 1174
1524620 1179
1524630 1183
1524640 1183
1524650 1187
1524660 1192
1524670 1192
1524680 1196
1524690 1200
1524700 1204
1524710 1204
1524720 1207
1524730 1209
1524740 1209
1524750 1214
1524760 1219
1524770 1219
1524780 1224
1524790 1230
1524800 1230
1524810 1234
1524820 1239
1524830 1239
1524840 1244
1524850 1249
1524860 1249
1524870 1254
1524880 1258
1524890 1258
1524900 1263
1524910 1268
1524920 1274
1524930 1274
1524940 1278
1524950 1283
1524960 1283
1524970 1288
1524980 1293
1524990 1293
1525000 1299
1525010 1304
1525020 1304
1525030 1310
1525040 1316
1525050 1316
1525060 1322
1525070 1328
1525080 1328
1525090 1334
1525100 1339
1525110 1339
1525120 1345
1525130 1349
1525140 1353
1525150 1353
1525160 1357
1525170 1361
1525180 1361
1525190 1364
1525200 1369
1525210 1369
1525220 1372
1525230 1375
1525240 1375
1525250 1376
1525260 1377
1525270 1377
1525280 1379
1525290 1380
1525300 1380
1525310 1381
1525320 1382
1525330 1382
1525340 1383
1525350 1384
1525360 1385
1525370 1385
1525380 1385
1525390 1386
1525400 1386
1525410 1387
1525420 1388
1525430 1388
1525440 1390
1525450 1391
1525460 1391
1525470 1391
1525480 1392
1525490 1392
1525500 1393
1525510 1394
1525520 1394
1525530 1395
1525540 1396
1525550 1396
1525560 1397
1525570 1397
1525580 1396
1525590 1396
1525600 1395
1525610 1396
1525620 1396
1525630 1398
1525640 1400
1525650 1400
1525660 1401
1525670 1402
1525680 1402
1525690 1403
1525700 1404
1525710 1404
1525720 1406
1525730 1408
1525740 1408
1525750 1409
1525760 1411
1525770 1411
1525780 1412
1525790 1414
1525800 1414
1525810 1415
1525820 1415
1525830 1417
1525840 1417
1525850 1418
1525860 1419
1525870 1419
1525880 1420
1525890 1421
1525900 1421
1525910 1422
1525920 1422
1525930 1422
1525940 1423
1525950 1422
1525960 1422
1525970 1422
1525980 1422
1525990 1422
1526000 1423
1526010 1425
1526020 1425
1526030 1426
1526040 1428
1526050 1426
1526060 1426
1526070 1427
1526080 1428
1526090 1428
1526100 1428
1526110 1429
1526120 1429
1526130 1430
1526140 1429
1526150 1429
1526160 1430
1526170 1430
1526180 1430
1526190 1430
1526200 1430
1526210 1430
1526220 1430
1526230 1430
1526240 1430
1526250 1430
1526260 1431
1526270 1431
1526280 1431
1526290 1431
1526300 1431
1526310 1431
1526320 1431
1526330 1433
1526340 1433
1526350 1434
1526360 1435
1526370 1435
1526380 1436
1526390 1437
1526400 1437
1526410 1438
1526420 1438
1526430 1438
1526440 1438
1526450 1438
1526460 1438
1526470 1438
1526480 1438
1526490 1438
1526500 1438
1526510 1439
1526520 1440
1526530 1440
1526540 1440
1526550 1440
1526560 1440
1526570 1440
1526580 1439
1526590 1439
1526600 1439
1526610 1438
1526620 1438
1526630 1438
1526640 1437
1526650 1437
1526660 1437
1526670 1436
1526680 1436
1526690 1436
1526700 1435
1526710 1435
1526720 1435
1526730 1434
1526740 1434
1526750 1434
1526760 1433
1526770 1432
1526780 1432
1526790 1431
1526800 1431
1526810 1431
1526820 1430
1526830 1429
1526840 1429
1526850 1428
1526860 1428
1526870 1428
1526880 1429
1526890 1429
1526900 1429
1526910 1429
1526920 1429
1526930 1429
1526940 1429
1526950 1429
1526960 1428
1526970 1428
1526980 1427
1526990 1427
1527000 1427
1527010 1426
1527020 1426
1527030 1426
1527040 1425
1527050 1424
1527060 1424
1527070 1421
1527080 1422
1527090 1422
1527100 1424
1527110 1424
1527120 1424
1527130 1424
1527140 1423
1527150 1423
1527160 1422
1527170 1420
1527180 1416
1527190 1416
1527200 1411
1527210 1411
1527220 1411
1527230 1415
1527240 1416
1527250 1416
1527260 1416
1527270 1417
1527280 1417
1527290 1418
1527300 1419
1527310 1419
1527320 1419
1527330 1419
1527340 1419
1527350 1419
1527360 1419
1527370 1419
1527380 1419
1527390 1419
1527400 1418
1527410 1418
1527420 1415
1527430 1412
1527440 1412
1527450 1409
1527460 1405
1527470 1405
1527480 1404
1527490 1405
1527500 1405
1527510 1404
1527520 1400
1527530 1400
1527540 1401
1527550 1407
1527560 1407
1527570 1411
1527580 1414
1527590 1414
1527600 1416
1527610 1418
1527620 1420
1527630 1420
1527640 1420
1527650 1420
1527660 1420
1527670 1419
1527680 1418
1527690 1418
1527700 1420
1527710 1423
1527720 1423
1527730 1424
1527740 1426
1527750 1426
1527760 1427
1527770 1428
1527780 1428
1527790 1430
1527800 1431
1527810 1431
1527820 1432
1527830 1433
1527840 1434
1527850 1434
1527860 1435
1527870 1436
1527880 1436
1527890 1437
1527900 1437
1527910 1437
1527920 1438
1527930 1439
1527940 1439
1527950 1440
1527960 1440
1527970 1440
1527980 1441
1527990 1442
1528000 1442
1528010 1443
1528020 1443
1528030 1443
1528040 1445
1528050 1446
1528060 1446
1528070 1446
1528080 1446
1528090 1448
1528100 1448
1528110 1449
1528120 1450
1528130 1450
1528140 1450
1528150 1451
1528160 1451
1528170 1452
1528180 1453
1528190 1453
1528200 1453
1528210 1454
1528220 1454
1528230 1454
1528240 1455
1528250 1455
1528260 1456
1528270 1456
1528280 1456
1528290 1457
1528300 1457
1528310 1458
1528320 1458
1528330 1458
1528340 1459
1528350 1459
1528360 1459
1528370 1459
1528380 1459
1528390 1459
1528400 1460
1528410 1460
1528420 1460
1528430 1460
1528440 1460
1528450 1460
1528460 1460
1528470 1460
1528480 1460
1528490 1460
1528500 1460
1528510 1460
1528520 1460
1528530 1459
1528540 1459
1528550 1459
1528560 1459
1528570 1459
1528580 1459
1528590 1459
1528600 1459
1528610 1459
1528620 1460
1528630 1460
1528640 1460
1528650 1461
1528660 1461
1528670 1460
1528680 1460
1528690 1460
1528700 1459
1528710 1459
1528720 1459
1528730 1459
1528740 1459
1528750 1459
1528760 1459
1528770 1458
1528780 1458
1528790 1458
1528800 1457
1528810 1456
1528820 1456
1528830 1456
1528840 1456
1528850 1456
1528860 1455
1528870 1455
1528880 1455
1528890 1454
1528900 1453
1528910 1453
1528920 1453
1528930 1452
1528940 1452
1528950 1451
1528960 1450
1528970 1450
1528980 1450
1528990 1449
1529000 1446
1529010 1446
1529020 1445
1529030 1444
1529040 1444
1529050 1444
1529060 1443
1529070 1443
1529080 1442
1529090 1442
1529100 1442
1529110 1441
1529120 1441
1529130 1441
1529140 1440
1529150 1439
1529160 1439
1529170 1437
1529180 1436
1529190 1436
1529200 1435
1529210 1434
1529220 1433
1529230 1433
1529240 1433
1529250 1432
1529260 1432
1529270 1431
1529280 1431
1529290 1431
1529300 1431
1529310 1430
1529320 1430
1529330 1430
1529340 1429
1529350 1429
1529360 1429
1529370 1428
1529380 1428
1529390 1427
1529400 1426
1529410 1426
1529420 1424
1529430 1423
1529440 1421
1529450 1421
1529460 1419
1529470 1417
1529480 1417
1529490 1415
1529500 1413
1529510 1413
1529520 1411
1529530 1409
1529540 1409
1529550 1406
1529560 1404
1529570 1404
1529580 1402
1529590 1400
1529600 1400
1529610 1396
1529620 1392
1529630 1392
1529640 1388
1529650 1384
1529660 1380
1529670 1380
1529680 1376
1529690 1372
1529700 1372
1529710 1369
1529720 1366
1529730 1366
1529740 1362
1529750 1359
1529760 1359
1529770 1356
1529780 1353
1529790 1353
1529800 1350
1529810 1347
1529820 1347
1529830 1345
1529840 1345
1529850 1345
1529860 1347
1529870 1346
1529880 1345
1529890 1345
1529900 1344
1529910 1344
1529920 1344
1529930 1344
1529940 1345
1529950 1345
1529960 1345
1529970 1346
1529980 1346
1529990 1347
1530000 1350
1530010 1350
1530020 1352
1530030 1354
1530040 1354
1530050 1356
1530060 1358
1530070 1358
1530080 1360
1530090 1362
1530100 1363
1530110 1363
1530120 1364
1530130 1366
1530140 1366
1530150 1367
1530160 1368
1530170 1368
1530180 1369
1530190 1368
1530200 1368
1530210 1368
1530220 1369
1530230 1369
1530240 1369
1530250 1369
1530260 1369
1530270 1368
1530280 1367
1530290 1367
1530300 1365
1530310 1363
1530320 1362
1530330 1362
1530340 1359
1530350 1357
1530360 1357
1530370 1355
1530380 1352
1530390 1352
1530400 1350
1530410 1349
1530420 1349
1530430 1347
1530440 1345
1530450 1345
1530460 1342
1530470 1340
1530480 1340
1530490 1339
1530500 1337
1530510 1337
1530520 1336
1530530 1334
1530540 1334
1530550 1332
1530560 1331
1530570 1329
1530580 1329
1530590 1327
1530600 1324
1530610 1324
1530620 1322
1530630 1319
1530640 1319
1530650 1316
1530660 1314
1530670 1314
1530680 1312
1530690 1310
1530700 1310
1530710 1307
1530720 1305
1530730 1305
1530740 1303
1530750 1300
1530760 1300
1530770 1297
1530780 1295
1530790 1293
1530800 1293
1530810 1292
1530820 1288
1530830 1288
1530840 1282
1530850 1277
1530860 1277
1530870 1272
1530880 1270
1530890 1270
1530900 1270
1530910 1267
1530920 1267
1530930 1264
1530940 1262
1530950 1262
1530960 1262
1530970 1260
1530980 1260
1530990 1256
1531000 1253
1531010 1252
1531020 1252
1531030 1251
1531040 1246
1531050 1246
1531060 1242
1531070 1239
1531080 1239
1531090 1233
1531100 1227
1531110 1227
1531120 1222
1531130 1217
1531140 1217
1531150 1213
1531160 1210
1531170 1210
1531180 1210
1531190 1212
1531200 1212
1531210 1210
1531220 1206
1531230 1202
1531240 1202
1531250 1199
1531260 1199
1531270 1199
1531280 1199
1531290 1197
1531300 1197
1531310 1193
1531320 1189
1531330 1189
1531340 1187
1531350 1186
1531360 1186
1531370 1185
1531380 1184
1531390 1184
1531400 1182
1531410 1179
1531420 1179
1531430 1178
1531440 1178
1531450 1177
1531460 1177
1531470 1174
1531480 1171
1531490 1171
1531500 1166
1531510 1160
1531520 1160
1531530 1155
1531540 1153
1531550 1153
1531560 1151
1531570 1152
1531580 1152
1531590 1152
1531600 1150
1531610 1150
1531620 1145
1531630 1143
1531640 1143
1531650 1143
1531660 1145
1531670 1145
1531680 1141
1531690 1139
1531700 1139
1531710 1139
1531720 1142
1531730 1146
1531740 1146
1531750 1148
1531760 1149
1531770 1149
1531780 1147
1531790 1145
1531800 1145
1531810 1145
1531820 1146
1531830 1146
1531840 1143
1531850 1138
1531860 1138
1531870 1133
1531880 1129
1531890 1129
1531900 1128
1531910 1128
1531920 1132
1531930 1132
1531940 1137
1531950 1140
1531960 1140
1531970 1138
1531980 1136
1531990 1136
1532000 1133
1532010 1129
1532020 1129
1532030 1125
1532040 1122
1532050 1122
1532060 1120
1532070 1118
1532080 1118
1532090 1115
1532100 1111
1532110 1111
1532120 1108
1532130 1107
1532140 1104
1532150 1104
1532160 1103
1532170 1102
1532180 1102
1532190 1103
1532200 1103
1532210 1103
1532220 1103
1532230 1102
1532240 1102
1532250 1101
1532260 1100
1532270 1100
1532280 1099
1532290 1097
1532300 1097
1532310 1095
1532320 1093
1532330 1093
1532340 1093
1532350 1092
1532360 1091
1532370 1091
1532380 1090
1532390 1090
1532400 1090
1532410 1090
1532420 1090
1532430 1090
1532440 1090
1532450 1090
1532460 1090
1532470 1090
1532480 1090
1532490 1090
1532500 1089
1532510 1088
1532520 1088
1532530 1084
1532540 1079
1532550 1079
1532560 1077
1532570 1075
1532580 1074
1532590 1074
1532600 1071
1532610 1068
1532620 1068
1532630 1064
1532640 1061
1532650 1061
1532660 1059
1532670 1057
1532680 1057
1532690 1056
1532700 1055
1532710 1055
1532720 1053
1532730 1052
1532740 1052
1532750 1050
1532760 1049
1532770 1049
1532780 1047
1532790 1045
1532800 1045
1532810 1042
1532820 1040
1532830 1037
1532840 1037
1532850 1035
1532860 1033
1532870 1033
1532880 1031
1532890 1030
1532900 1030
1532910 1028
1532920 1026
1532930 1026
1532940 1024
1532950 1023
1532960 1023
1532970 1021
1532980 1020
1532990 1020
1533000 1019
1533010 1018
1533020 1018
1533030 1017
1533040 1017
1533050 1017
1533060 1017
1533070 1017
1533080 1017
1533090 1017
1533100 1016
1533110 1016
1533120 1016
1533130 1016
1533140 1015
1533150 1015
1533160 1015
1533170 1015
1533180 1015
1533190 1015
1533200 1015
1533210 1015
1533220 1015
1533230 1015
1533240 1015
1533250 1014
1533260 1014
1533270 1014
1533280 1014
1533290 1015
1533300 1015
1533310 1015
1533320 1015
1533330 1015
1533340 1015
1533350 1015
1533360 1015
1533370 1015
1533380 1015
1533390 1015
1533400 1015
1533410 1015
1533420 1014
1533430 1014
1533440 1014
1533450 1014
1533460 1014
1533470 1014
1533480 1014
1533490 1014
1533500 1014
1533510 1014
1533520 1014
1533530 1014
1533540 1014
1533550 1015
1533560 1015
1533570 1015
1533580 1015
1533590 1015
1533600 1015
1533610 1013
1533620 1013
1533630 1014
1533640 1015
1533650 1015
1533660 1016
1533670 1016
1533680 1016
1533690 1016
1533700 1016
1533710 1017
1533720 1017
1533730 1018
1533740 1019
1533750 1019
1533760 1018
1533770 1018
1533780 1018
1533790 1018
1533800 1018
1533810 1018
1533820 1018
1533830 1018
1533840 1018
1533850 1018
1533860 1018
1533870 1018
1533880 1019
1533890 1020
1533900 1020
1533910 1021
1533920 1022
1533930 1022
1533940 1023
1533950 1024
1533960 1025
1533970 1025
1533980 1026
1533990 1026
1534000 1026
1534010 1027
1534020 1027
1534030 1027
1534040 1027
1534050 1027
1534060 1027
1534070 1027
1534080 1027
1534090 1027
1534100 1027
1534110 1027
1534120 1027
1534130 1027
1534140 1027
1534150 1027
1534160 1028
1534170 1028
1534180 1028
1534190 1028
1534200 1028
1534210 1029
1534220 1029
1534230 1029
1534240 1029
1534250 1029
1534260 1029
1534270 1029
1534280 1029
1534290 1029
1534300 1029
1534310 1029
1534320 1029
1534330 1029
1534340 1029
1534350 1030
1534360 1031
1534370 1031
1534380 1032
1534390 1031
1534400 1032
1534410 1032
1534420 1033
1534430 1034
1534440 1034
1534450 1035
1534460 1036
1534470 1036
1534480 1037
1534490 1037
1534500 1037
1534510 1038
1534520 1039
1534530 1039
1534540 1039
1534550 1040
1534560 1040
1534570 1040
1534580 1040
1534590 1040
1534600 1041
1534610 1042
1534620 1042
1534630 1042
1534640 1042
1534650 1042
1534660 1042
1534670 1042
1534680 1042
1534690 1042
1534700 1042
1534710 1042
1534720 1042
1534730 1043
1534740 1043
1534750 1043
1534760 1043
1534770 1044
1534780 1044
1534790 1044
1534800 1044
1534810 1044
1534820 1044
1534830 1043
1534840 1043
1534850 1043
1534860 1042
1534870 1042
1534880 1042
1534890 1041
1534900 1041
1534910 1041
1534920 1040
1534930 1039
1534940 1039
1534950 1039
1534960 1037
1534970 1037
1534980 1037
1534990 1037
1535000 1037
1535010 1037
1535020 1037
1535030 1037
1535040 1037
1535050 1038
1535060 1038
1535070 1038
1535080 1038
1535090 1038
1535100 1038
1535110 1036
1535120 1036
1535130 1036
1535140 1036
1535150 1036
1535160 1036
1535170 1036
1535180 1035
1535190 1035
1535200 1035
1535210 1034
1535220 1034
1535230 1034
1535240 1034
1535250 1034
1535260 1035
1535270 1035
1535280 1035
1535290 1035
1535300 1035
1535310 1035
1535320 1035
1535330 1036
1535340 1035
1535350 1035
1535360 1033
1535370 1033
1535380 1033
1535390 1033
1535400 1034
1535410 1034
1535420 1034
1535430 1035
1535440 1035
1535450 1035
1535460 1035
1535470 1035
1535480 1035
1535490 1034
1535500 1034
1535510 1034
1535520 1036
1535530 1035
1535540 1035
1535550 1036
1535560 1039
1535570 1039
1535580 1040
1535590 1041
1535600 1041
1535610 1042
1535620 1043
1535630 1043
1535640 1043
1535650 1044
1535660 1044
1535670 1044
1535680 1046
1535690 1046
1535700 1048
1535710 1051
1535720 1051
1535730 1050
1535740 1051
1535750 1054
1535760 1054
1535770 1058
1535780 1060
1535790 1060
1535800 1062
1535810 1064
1535820 1064
1535830 1067
1535840 1069
1535850 1069
1535860 1071
1535870 1072
1535880 1072
1535890 1073
1535900 1075
1535910 1075
1535920 1077
1535930 1078
1535940 1078
1535950 1080
1535960 1082
1535970 1083
1535980 1083
1535990 1083
1536000 1084
1536010 1084
1536020 1084
1536030 1085
1536040 1085
1536050 1085
1536060 1085
1536070 1085
1536080 1083
1536090 1083
1536100 1083
1536110 1083
1536120 1083
1536130 1083
1536140 1083
1536150 1082
1536160 1082
1536170 1081
1536180 1077
1536190 1077
1536200 1075
1536210 1075
1536220 1074
1536230 1074
1536240 1073
1536250 1072
1536260 1072
1536270 1071
1536280 1072
1536290 1072
1536300 1073
1536310 1077
1536320 1077
1536330 1082
1536340 1085
1536350 1085
1536360 1088
1536370 1089
1536380 1089
1536390 1090
1536400 1092
1536410 1092
1536420 1092
1536430 1094
1536440 1096
1536450 1096
1536460 1097
1536470 1098
1536480 1098
1536490 1098
1536500 1097
1536510 1097
1536520 1095
1536530 1090
1536540 1090
1536550 1086
1536560 1082
1536570 1082
1536580 1080
1536590 1077
1536600 1077
1536610 1076
1536620 1075
1536630 1075
1536640 1074
1536650 1074
1536660 1073
1536670 1073
1536680 1073
1536690 1074
1536700 1074
1536710 1073
1536720 1071
1536730 1071
1536740 1069
1536750 1067
1536760 1067
1536770 1064
1536780 1061
1536790 1061
1536800 1058
1536810 1056
1536820 1056
1536830 1053
1536840 1050
1536850 1050
1536860 1046
1536870 1037
1536880 1034
1536890 1034
1536900 1029
1536910 1024
1536920 1024
1536930 1020
1536940 1018
1536950 1018
1536960 1015
1536970 1013
1536980 1013
1536990 1013
1537000 1013
1537010 1013
1537020 1013
1537030 1013
1537040 1013
1537050 1012
1537060 1012
1537070 1012
1537080 1011
1537090 1011
1537100 1011
1537110 1011
1537120 1011
1537130 1011
1537140 1011
1537150 1011
1537160 1011
1537170 1011
1537180 1011
1537190 1011
1537200 1011
1537210 1010
1537220 1009
1537230 1009
1537240 1009
1537250 1009
1537260 1009
1537270 1009
1537280 1009
1537290 1009
1537300 1008
1537310 1007
1537320 1007
1537330 1007
1537340 1007
1537350 1008
1537360 1008
1537370 1008
1537380 1009
1537390 1009
1537400 1009
1537410 1009
1537420 1009
1537430 1009
1537440 1009
1537450 1009
1537460 1009
1537470 1009
1537480 1009
1537490 1009
1537500 1009
1537510 1009
1537520 1009
1537530 1009
1537540 1009
1537550 1009
1537560 1009
1537570 1009
1537580 1009
1537590 1009
1537600 1010
1537610 1010
1537620 1011
1537630 1012
1537640 1012
1537650 1012
1537660 1012
1537670 1012
1537680 1012
1537690 1012
1537700 1012
1537710 1012
1537720 1013
1537730 1013
1537740 1019
1537750 1021
1537760 1021
1537770 1022
1537780 1023
1537790 1024
1537800 1024
1537810 1025
1537820 1026
1537830 1026
1537840 1027
1537850 1029
1537860 1029
1537870 1031
1537880 1033
1537890 1033
1537900 1036
1537910 1038
1537920 1038
1537930 1041
1537940 1043
1537950 1043
1537960 1045
1537970 1048
1537980 1048
1537990 1051
1538000 1052
1538010 1052
1538020 1052
1538030 1053
1538040 1055
1538050 1055
1538060 1057
1538070 1058
1538080 1058
1538090 1059
1538100 1060
1538110 1060
1538120 1061
1538130 1063
1538140 1063
1538150 1065
1538160 1067
1538170 1067
1538180 1069
1538190 1071
1538200 1071
1538210 1071
1538220 1071
1538230 1073
1538240 1073
1538250 1075
1538260 1078
1538270 1078
1538280 1080
1538290 1082
1538300 1082
1538310 1083
1538320 1083
1538330 1083
1538340 1084
1538350 1086
1538360 1086
1538370 1087
1538380 1088
1538390 1088
1538400 1090
1538410 1092
1538420 1092
1538430 1096
1538440 1099
1538450 1099
1538460 1103
1538470 1107
1538480 1111
1538490 1111
1538500 1114
1538510 1117
1538520 1117
1538530 1119
1538540 1119
1538550 1119
1538560 1118
1538570 1117
1538580 1117
1538590 1115
1538600 1112
1538610 1112
1538620 1110
1538630 1108
1538640 1108
1538650 1108
1538660 1108
1538670 1108
1538680 1109
1538690 1111
1538700 1116
1538710 1116
1538720 1120
1538730 1125
1538740 1125
1538750 1129
1538760 1134
1538770 1134
1538780 1137
1538790 1141
1538800 1141
1538810 1144
1538820 1148
1538830 1148
1538840 1151
1538850 1154
1538860 1154
1538870 1156
1538880 1159
1538890 1159
1538900 1161
1538910 1164
1538920 1166
1538930 1166
1538940 1169
1538950 1171
1538960 1171
1538970 1173
1538980 1174
1538990 1174
1539000 1174
1539010 1175
1539020 1175
1539030 1176
1539040 1176
1539050 1176
1539060 1175
1539070 1175
1539080 1175
1539090 1176
1539100 1176
1539110 1176
1539120 1177
1539130 1177
1539140 1176
1539150 1176
1539160 1176
1539170 1176
1539180 1176
1539190 1177
1539200 1177
1539210 1177
1539220 1177
1539230 1178
1539240 1176
1539250 1177
1539260 1179
1539270 1179
1539280 1180
1539290 1181
1539300 1181
1539310 1182
1539320 1183
1539330 1183
1539340 1184
1539350 1186
1539360 1187
1539370 1187
1539380 1188
1539390 1189
1539400 1189
1539410 1189
1539420 1190
1539430 1190
1539440 1190
1539450 1190
1539460 1190
1539470 1191
1539480 1191
1539490 1191
1539500 1192
1539510 1194
1539520 1194
1539530 1195
1539540 1195
1539550 1195
1539560 1195
1539570 1196
1539580 1196
1539590 1196
1539600 1195
1539610 1194
1539620 1194
1539630 1195
1539640 1195
1539650 1195
1539660 1194
1539670 1194
1539680 1194
1539690 1194
1539700 1194
1539710 1194
1539720 1193
1539730 1194
1539740 1194
1539750 1195
1539760 1195
1539770 1195
1539780 1194
1539790 1193
1539800 1193
1539810 1193
1539820 1193
1539830 1193
1539840 1193
1539850 1194
1539860 1194
1539870 1194
1539880 1195
1539890 1195
1539900 1195
1539910 1196
1539920 1196
1539930 1196
1539940 1196
1539950 1197
1539960 1197
1539970 1197
1539980 1197
1539990 1197
