1520000 1836
1520010 1833
1520020 1833
1520030 1829
1520040 1825
1520050 1825
1520060 1821
1520070 1818
1520080 1818
1520090 1814
1520100 1810
1520110 1810
1520120 1806
1520130 1803
1520140 1801
1520150 1801
1520160 1800
1520170 1799
1520180 1799
1520190 1798
1520200 1797
1520210 1797
1520220 1795
1520230 1792
1520240 1792
1520250 1789
1520260 1785
1520270 1785
1520280 1780
1520290 1776
1520300 1776
1520310 1772
1520320 1769
1520330 1769
1520340 1766
1520350 1764
1520360 1764
1520370 1760
1520380 1756
1520390 1753
1520400 1753
1520410 1752
1520420 1746
1520430 1746
1520440 1741
1520450 1736
1520460 1736
1520470 1730
1520480 1723
1520490 1723
1520500 1716
1520510 1709
1520520 1709
1520530 1703
1520540 1698
1520550 1698
1520560 1691
1520570 1684
1520580 1684
1520590 1677
1520600 1671
1520610 1667
1520620 1667
1520630 1663
1520640 1655
1520650 1655
1520660 1648
1520670 1642
1520680 1642
1520690 1637
1520700 1632
1520710 1632
1520720 1626
1520730 1619
1520740 1619
1520750 1611
1520760 1603
1520770 1603
1520780 1597
1520790 1591
1520800 1591
1520810 1584
1520820 1578
1520830 1572
1520840 1572
1520850 1564
1520860 1557
1520870 1557
1520880 1550
1520890 1544
1520900 1544
1520910 1538
1520920 1532
1520930 1532
1520940 1527
1520950 1522
1520960 1522
1520970 1516
1520980 1511
1520990 1511
1521000 1506
1521010 1500
1521020 1500
1521030 1496
1521040 1491
1521050 1486
1521060 1486
1521070 1480
1521080 1474
1521090 1474
1521100 1468
1521110 1463
1521120 1463
1521130 1457
1521140 1452
1521150 1452
1521160 1446
1521170 1440
1521180 1440
1521190 1435
1521200 1429
1521210 1429
1521220 1423
1521230 1418
1521240 1418
1521250 1413
1521260 1408
1521270 1408
1521280 1403
1521290 1398
1521300 1393
1521310 1393
1521320 1387
1521330 1381
1521340 1381
1521350 1375
1521360 1370
1521370 1370
1521380 1364
1521390 1358
1521400 1358
1521410 1354
1521420 1350
1521430 1350
1521440 1345
1521450 1338
1521460 1338
1521470 1331
1521480 1324
1521490 1324
1521500 1317
1521510 1310
1521520 1304
1521530 1304
1521540 1297
1521550 1291
1521560 1291
1521570 1284
1521580 1276
1521590 1276
1521600 1268
1521610 1256
1521620 1256
1521630 1253
1521640 1253
1521650 1253
1521660 1251
1521670 1249
1521680 1249
1521690 1246
1521700 1242
1521710 1242
1521720 1241
1521730 1246
1521740 1241
1521750 1241
1521760 1242
1521770 1240
1521780 1240
1521790 1238
1521800 1236
1521810 1236
1521820 1234
1521830 1232
1521840 1232
1521850 1227
1521860 1225
1521870 1225
1521880 1225
1521890 1222
1521900 1222
1521910 1220
1521920 1218
1521930 1218
1521940 1215
1521950 1212
1521960 1210
1521970 1210
1521980 1207
1521990 1205
1522000 1205
1522010 1203
1522020 1201
1522030 1201
1522040 1198
1522050 1196
1522060 1196
1522070 1193
1522080 1190
1522090 1190
1522100 1188
1522110 1184
1522120 1184
1522130 1181
1522140 1178
1522150 1178
1522160 1177
1522170 1175
1522180 1172
1522190 1172
1522200 1168
1522210 1165
1522220 1165
1522230 1162
1522240 1159
1522250 1159
1522260 1156
1522270 1154
1522280 1154
1522290 1153
1522300 1152
1522310 1152
1522320 1151
1522330 1150
1522340 1150
1522350 1148
1522360 1148
1522370 1148
1522380 1147
1522390 1147
1522400 1147
1522410 1147
1522420 1147
1522430 1146
1522440 1146
1522450 1145
1522460 1144
1522470 1144
1522480 1143
1522490 1143
1522500 1143
1522510 1142
1522520 1142
1522530 1142
1522540 1141
1522550 1140
1522560 1140
1522570 1140
1522580 1139
1522590 1139
1522600 1138
1522610 1137
1522620 1137
1522630 1136
1522640 1135
1522650 1135
1522660 1135
1522670 1134
1522680 1133
1522690 1133
1522700 1132
1522710 1132
1522720 1132
1522730 1131
1522740 1130
1522750 1130
1522760 1129
1522770 1129
1522780 1129
1522790 1128
1522800 1126
1522810 1126
1522820 1126
1522830 1125
1522840 1125
1522850 1125
1522860 1124
1522870 1124
1522880 1124
1522890 1123
1522900 1123
1522910 1123
1522920 1122
1522930 1122
1522940 1122
1522950 1121
1522960 1121
1522970 1121
1522980 1121
1522990 1121
1523000 1121
1523010 1120
1523020 1120
1523030 1120
1523040 1120
1523050 1120
1523060 1120
1523070 1120
1523080 1119
1523090 1119
1523100 1119
1523110 1118
1523120 1118
1523130 1118
1523140 1118
1523150 1117
1523160 1117
1523170 1117
1523180 1117
1523190 1117
1523200 1117
1523210 1117
1523220 1117
1523230 1116
1523240 1116
1523250 1116
1523260 1116
1523270 1116
1523280 1116
1523290 1116
1523300 1116
1523310 1116
1523320 1116
1523330 1116
1523340 1116
1523350 1116
1523360 1116
1523370 1116
1523380 1116
1523390 1116
1523400 1115
1523410 1115
1523420 1115
1523430 1115
1523440 1115
1523450 1115
1523460 1115
1523470 1115
1523480 1113
1523490 1111
1523500 1111
1523510 1110
1523520 1110
1523530 1110
1523540 1110
1523550 1109
1523560 1109
1523570 1109
1523580 1108
1523590 1108
1523600 1108
1523610 1108
1523620 1108
1523630 1108
1523640 1108
1523650 1108
1523660 1108
1523670 1108
1523680 1108
1523690 1108
1523700 1108
1523710 1108
1523720 1108
1523730 1108
1523740 1107
1523750 1107
1523760 1107
1523770 1106
1523780 1106
1523790 1106
1523800 1106
1523810 1106
1523820 1106
1523830 1106
1523840 1106
1523850 1106
1523860 1106
1523870 1106
1523880 1106
1523890 1106
1523900 1106
1523910 1106
1523920 1106
1523930 1106
1523940 1106
1523950 1106
1523960 1106
1523970 1106
1523980 1106
1523990 1106
1524000 1106
1524010 1106
1524020 1105
1524030 1105
1524040 1105
1524050 1105
1524060 1105
1524070 1105
1524080 1105
1524090 1105
1524100 1105
1524110 1105
1524120 1105
1524130 1105
1524140 1105
1524150 1105
1524160 1105
1524170 1105
1524180 1105
1524190 1105
1524200 1105
1524210 1105
1524220 1105
1524230 1105
1524240 1105
1524250 1105
1524260 1105
1524270 1105
1524280 1105
1524290 1105
1524300 1105
1524310 1105
1524320 1105
1524330 1105
1524340 1106
1524350 1106
1524360 1106
1524370 1106
1524380 1106
1524390 1106
1524400 1105
1524410 1105
1524420 1105
1524430 1105
1524440 1105
1524450 1105
1524460 1105
1524470 1105
1524480 1105
1524490 1105
1524500 1105
1524510 1105
1524520 1105
1524530 1104
1524540 1104
1524550 1103
1524560 1103
1524570 1103
1524580 1103
1524590 1104
1524600 1104
1524610 1105
1524620 1106
1524630 1106
1524640 1106
1524650 1105
1524660 1105
1524670 1106
1524680 1107
1524690 1107
1524700 1107
1524710 1107
1524720 1107
1524730 1107
1524740 1107
1524750 1107
1524760 1107
1524770 1107
1524780 1109
1524790 1109
1524800 1110
1524810 1112
1524820 1112
1524830 1114
1524840 1115
1524850 1115
1524860 1116
1524870 1117
1524880 1117
1524890 1118
1524900 1119
1524910 1120
1524920 1120
1524930 1121
1524940 1122
1524950 1122
1524960 1123
1524970 1124
1524980 1124
1524990 1125
1525000 1126
1525010 1126
1525020 1127
1525030 1128
1525040 1128
1525050 1128
1525060 1129
1525070 1129
1525080 1130
1525090 1132
1525100 1132
1525110 1133
1525120 1135
1525130 1136
1525140 1136
1525150 1138
1525160 1141
1525170 1141
1525180 1143
1525190 1144
1525200 1144
1525210 1145
1525220 1146
1525230 1146
1525240 1148
1525250 1151
1525260 1151
1525270 1152
1525280 1153
1525290 1153
1525300 1153
1525310 1153
1525320 1153
1525330 1155
1525340 1157
1525350 1157
1525360 1159
1525370 1162
1525380 1163
1525390 1163
1525400 1165
1525410 1167
1525420 1167
1525430 1168
1525440 1170
1525450 1170
1525460 1172
1525470 1173
1525480 1173
1525490 1175
1525500 1179
1525510 1179
1525520 1181
1525530 1182
1525540 1182
1525550 1185
1525560 1187
1525570 1187
1525580 1189
1525590 1190
1525600 1192
1525610 1192
1525620 1194
1525630 1196
1525640 1196
1525650 1197
1525660 1198
1525670 1198
1525680 1199
1525690 1200
1525700 1200
1525710 1201
1525720 1202
1525730 1202
1525740 1204
1525750 1204
1525760 1204
1525770 1205
1525780 1205
1525790 1205
1525800 1204
1525810 1205
1525820 1206
1525830 1206
1525840 1208
1525850 1209
1525860 1209
1525870 1211
1525880 1211
1525890 1211
1525900 1211
1525910 1212
1525920 1212
1525930 1213
1525940 1214
1525950 1214
1525960 1216
1525970 1217
1525980 1217
1525990 1219
1526000 1219
1526010 1219
1526020 1220
1526030 1221
1526040 1222
1526050 1222
1526060 1223
1526070 1223
1526080 1223
1526090 1223
1526100 1224
1526110 1224
1526120 1224
1526130 1224
1526140 1224
1526150 1224
1526160 1225
1526170 1225
1526180 1226
1526190 1226
1526200 1226
1526210 1226
1526220 1226
1526230 1226
1526240 1225
1526250 1226
1526260 1227
1526270 1227
1526280 1228
1526290 1229
1526300 1229
1526310 1231
1526320 1231
1526330 1231
1526340 1232
1526350 1232
1526360 1232
1526370 1231
1526380 1229
1526390 1229
1526400 1228
1526410 1226
1526420 1226
1526430 1225
1526440 1225
1526450 1225
1526460 1224
1526470 1224
1526480 1224
1526490 1224
1526500 1225
1526510 1226
1526520 1226
1526530 1227
1526540 1227
1526550 1227
1526560 1227
1526570 1226
1526580 1226
1526590 1225
1526600 1224
1526610 1224
1526620 1224
1526630 1223
1526640 1223
1526650 1223
1526660 1223
1526670 1223
1526680 1224
1526690 1224
1526700 1224
1526710 1224
1526720 1224
1526730 1227
1526740 1227
1526750 1229
1526760 1230
1526770 1230
1526780 1230
1526790 1230
1526800 1230
1526810 1230
1526820 1229
1526830 1229
1526840 1228
1526850 1228
1526860 1228
1526870 1229
1526880 1230
1526890 1230
1526900 1230
1526910 1230
1526920 1230
1526930 1229
1526940 1228
1526950 1229
1526960 1229
1526970 1231
1526980 1232
1526990 1232
1527000 1233
1527010 1234
1527020 1234
1527030 1235
1527040 1236
1527050 1236
1527060 1237
1527070 1239
1527080 1239
1527090 1240
1527100 1241
1527110 1241
1527120 1240
1527130 1240
1527140 1240
1527150 1240
1527160 1239
1527170 1235
1527180 1235
1527190 1229
1527200 1221
1527210 1221
1527220 1217
1527230 1222
1527240 1222
1527250 1226
1527260 1227
1527270 1227
1527280 1227
1527290 1227
1527300 1227
1527310 1227
1527320 1229
1527330 1229
1527340 1231
1527350 1232
1527360 1232
1527370 1232
1527380 1230
1527390 1230
1527400 1226
1527410 1222
1527420 1217
1527430 1217
1527440 1213
1527450 1209
1527460 1209
1527470 1207
1527480 1206
1527490 1206
1527500 1205
1527510 1205
1527520 1205
1527530 1207
1527540 1209
1527550 1209
1527560 1211
1527570 1214
1527580 1214
1527590 1218
1527600 1221
1527610 1221
1527620 1223
1527630 1222
1527640 1217
1527650 1217
1527660 1211
1527670 1207
1527680 1207
1527690 1203
1527700 1197
1527710 1197
1527720 1190
1527730 1188
1527740 1188
1527750 1188
1527760 1189
1527770 1189
1527780 1192
1527790 1195
1527800 1195
1527810 1200
1527820 1200
1527830 1200
1527840 1201
1527850 1203
1527860 1205
1527870 1205
1527880 1207
1527890 1208
1527900 1208
1527910 1210
1527920 1209
1527930 1209
1527940 1209
1527950 1208
1527960 1208
1527970 1207
1527980 1207
1527990 1207
1528000 1207
1528010 1207
1528020 1207
1528030 1208
1528040 1209
1528050 1209
1528060 1210
1528070 1210
1528080 1210
1528090 1210
1528100 1212
1528110 1213
1528120 1213
1528130 1214
1528140 1215
1528150 1215
1528160 1218
1528170 1220
1528180 1220
1528190 1222
1528200 1223
1528210 1223
1528220 1223
1528230 1225
1528240 1225
1528250 1227
1528260 1230
1528270 1230
1528280 1232
1528290 1232
1528300 1232
1528310 1234
1528320 1239
1528330 1240
1528340 1240
1528350 1242
1528360 1244
1528370 1244
1528380 1245
1528390 1245
1528400 1245
1528410 1247
1528420 1248
1528430 1248
1528440 1249
1528450 1250
1528460 1250
1528470 1251
1528480 1252
1528490 1252
1528500 1253
1528510 1254
1528520 1254
1528530 1255
1528540 1257
1528550 1259
1528560 1259
1528570 1260
1528580 1261
1528590 1261
1528600 1261
1528610 1261
1528620 1261
1528630 1260
1528640 1260
1528650 1260
1528660 1260
1528670 1261
1528680 1261
1528690 1263
1528700 1265
1528710 1265
1528720 1266
1528730 1266
1528740 1266
1528750 1265
1528760 1264
1528770 1265
1528780 1265
1528790 1266
1528800 1267
1528810 1267
1528820 1268
1528830 1268
1528840 1268
1528850 1268
1528860 1268
1528870 1268
1528880 1269
1528890 1269
1528900 1269
1528910 1270
1528920 1270
1528930 1270
1528940 1271
1528950 1271
1528960 1271
1528970 1272
1528980 1272
1528990 1272
1529000 1272
1529010 1273
1529020 1273
1529030 1273
1529040 1273
1529050 1272
1529060 1272
1529070 1272
1529080 1270
1529090 1270
1529100 1269
1529110 1266
1529120 1266
1529130 1262
1529140 1258
1529150 1258
1529160 1255
1529170 1253
1529180 1253
1529190 1252
1529200 1252
1529210 1252
1529220 1252
1529230 1251
1529240 1249
1529250 1249
1529260 1247
1529270 1245
1529280 1245
1529290 1245
1529300 1244
1529310 1244
1529320 1242
1529330 1243
1529340 1243
1529350 1247
1529360 1246
1529370 1246
1529380 1246
1529390 1245
1529400 1245
1529410 1249
1529420 1252
1529430 1252
1529440 1256
1529450 1260
1529460 1262
1529470 1262
1529480 1258
1529490 1254
1529500 1254
1529510 1252
1529520 1253
1529530 1253
1529540 1253
1529550 1252
1529560 1252
1529570 1251
1529580 1253
1529590 1253
1529600 1255
1529610 1258
1529620 1258
1529630 1258
1529640 1255
1529650 1255
1529660 1253
1529670 1250
1529680 1250
1529690 1250
1529700 1250
1529710 1251
1529720 1251
1529730 1252
1529740 1251
1529750 1251
1529760 1247
1529770 1243
1529780 1243
1529790 1239
1529800 1235
1529810 1235
1529820 1231
1529830 1226
1529840 1226
1529850 1219
1529860 1214
1529870 1214
1529880 1215
1529890 1217
1529900 1218
1529910 1218
1529920 1219
1529930 1221
1529940 1221
1529950 1223
1529960 1224
1529970 1224
1529980 1221
1529990 1216
1530000 1216
1530010 1215
1530020 1210
1530030 1210
1530040 1204
1530050 1199
1530060 1199
1530070 1194
1530080 1189
1530090 1189
1530100 1190
1530110 1193
1530120 1194
1530130 1194
1530140 1195
1530150 1196
1530160 1196
1530170 1195
1530180 1196
1530190 1196
1530200 1198
1530210 1200
1530220 1200
1530230 1205
1530240 1211
1530250 1211
1530260 1213
1530270 1213
1530280 1213
1530290 1213
1530300 1216
1530310 1216
1530320 1220
1530330 1223
1530340 1223
1530350 1226
1530360 1229
1530370 1231
1530380 1231
1530390 1232
1530400 1234
1530410 1234
1530420 1236
1530430 1241
1530440 1241
1530450 1245
1530460 1247
1530470 1247
1530480 1250
1530490 1252
1530500 1252
1530510 1252
1530520 1253
1530530 1253
1530540 1255
1530550 1259
1530560 1259
1530570 1262
1530580 1264
1530590 1267
1530600 1267
1530610 1270
1530620 1272
1530630 1272
1530640 1273
1530650 1274
1530660 1274
1530670 1276
1530680 1278
1530690 1278
1530700 1280
1530710 1282
1530720 1282
1530730 1284
1530740 1286
1530750 1286
1530760 1288
1530770 1290
1530780 1290
1530790 1292
1530800 1294
1530810 1295
1530820 1295
1530830 1296
1530840 1298
1530850 1298
1530860 1300
1530870 1302
1530880 1302
1530890 1303
1530900 1305
1530910 1305
1530920 1306
1530930 1309
1530940 1309
1530950 1310
1530960 1312
1530970 1312
1530980 1313
1530990 1313
1531000 1313
1531010 1314
1531020 1314
1531030 1315
1531040 1315
1531050 1316
1531060 1317
1531070 1317
1531080 1317
1531090 1318
1531100 1318
1531110 1320
1531120 1321
1531130 1321
1531140 1323
1531150 1324
1531160 1324
1531170 1325
1531180 1326
1531190 1326
1531200 1328
1531210 1328
1531220 1328
1531230 1329
1531240 1331
1531250 1331
1531260 1332
1531270 1333
1531280 1334
1531290 1334
1531300 1335
1531310 1336
1531320 1336
1531330 1337
1531340 1338
1531350 1338
1531360 1339
1531370 1339
1531380 1339
1531390 1341
1531400 1342
1531410 1342
1531420 1342
1531430 1343
1531440 1343
1531450 1344
1531460 1344
1531470 1344
1531480 1345
1531490 1346
1531500 1346
1531510 1346
1531520 1347
1531530 1348
1531540 1348
1531550 1348
1531560 1349
1531570 1349
1531580 1349
1531590 1350
1531600 1350
1531610 1350
1531620 1351
1531630 1351
1531640 1352
1531650 1352
1531660 1352
1531670 1353
1531680 1354
1531690 1354
1531700 1354
1531710 1355
1531720 1355
1531730 1355
1531740 1355
1531750 1356
1531760 1356
1531770 1357
1531780 1357
1531790 1357
1531800 1357
1531810 1358
1531820 1358
1531830 1358
1531840 1359
1531850 1359
1531860 1359
1531870 1359
1531880 1359
1531890 1360
1531900 1360
1531910 1360
1531920 1360
1531930 1361
1531940 1361
1531950 1361
1531960 1361
1531970 1362
1531980 1362
1531990 1363
1532000 1363
1532010 1363
1532020 1364
1532030 1365
1532040 1365
1532050 1367
1532060 1368
1532070 1368
1532080 1369
1532090 1368
1532100 1368
1532110 1369
1532120 1369
1532130 1369
1532140 1369
1532150 1370
1532160 1370
1532170 1371
1532180 1371
1532190 1372
1532200 1372
1532210 1372
1532220 1372
1532230 1372
1532240 1372
1532250 1372
1532260 1372
1532270 1373
1532280 1373
1532290 1373
1532300 1374
1532310 1373
1532320 1373
1532330 1374
1532340 1374
1532350 1374
1532360 1375
1532370 1375
1532380 1375
1532390 1375
1532400 1375
1532410 1375
1532420 1375
1532430 1376
1532440 1376
1532450 1376
1532460 1376
1532470 1376
1532480 1376
1532490 1376
1532500 1376
1532510 1376
1532520 1375
1532530 1375
1532540 1375
1532550 1375
1532560 1374
1532570 1374
1532580 1374
1532590 1373
1532600 1373
1532610 1373
1532620 1372
1532630 1371
1532640 1371
1532650 1371
1532660 1370
1532670 1370
1532680 1369
1532690 1368
1532700 1368
1532710 1367
1532720 1365
1532730 1365
1532740 1364
1532750 1363
1532760 1363
1532770 1362
1532780 1361
1532790 1361
1532800 1359
1532810 1358
1532820 1358
1532830 1357
1532840 1355
1532850 1353
1532860 1353
1532870 1352
1532880 1351
1532890 1351
1532900 1349
1532910 1347
1532920 1347
1532930 1345
1532940 1343
1532950 1343
1532960 1341
1532970 1340
1532980 1340
1532990 1338
1533000 1336
1533010 1336
1533020 1334
1533030 1332
1533040 1332
1533050 1330
1533060 1326
1533070 1326
1533080 1324
1533090 1322
1533100 1320
1533110 1320
1533120 1318
1533130 1316
1533140 1316
1533150 1314
1533160 1311
1533170 1311
1533180 1305
1533190 1298
1533200 1298
1533210 1293
1533220 1289
1533230 1289
1533240 1287
1533250 1286
1533260 1286
1533270 1286
1533280 1283
1533290 1283
1533300 1281
1533310 1278
1533320 1274
1533330 1274
1533340 1270
1533350 1265
1533360 1265
1533370 1261
1533380 1257
1533390 1257
1533400 1252
1533410 1249
1533420 1249
1533430 1244
1533440 1241
1533450 1241
1533460 1238
1533470 1234
1533480 1234
1533490 1231
1533500 1227
1533510 1227
1533520 1224
1533530 1219
1533540 1214
1533550 1214
1533560 1209
1533570 1207
1533580 1207
1533590 1203
1533600 1199
1533610 1199
1533620 1193
1533630 1189
1533640 1189
1533650 1184
1533660 1181
1533670 1181
1533680 1177
1533690 1172
1533700 1172
1533710 1167
1533720 1162
1533730 1162
1533740 1156
1533750 1153
1533760 1151
1533770 1151
1533780 1147
1533790 1145
1533800 1145
1533810 1142
1533820 1136
1533830 1136
1533840 1129
1533850 1125
1533860 1125
1533870 1123
1533880 1119
1533890 1119
1533900 1115
1533910 1110
1533920 1110
1533930 1107
1533940 1103
1533950 1103
1533960 1098
1533970 1093
1533980 1093
1533990 1088
1534000 1084
1534010 1079
1534020 1079
1534030 1074
1534040 1069
1534050 1069
1534060 1066
1534070 1065
1534080 1065
1534090 1064
1534100 1062
1534110 1062
1534120 1061
1534130 1059
1534140 1059
1534150 1058
1534160 1056
1534170 1056
1534180 1053
1534190 1051
1534200 1051
1534210 1049
1534220 1048
1534230 1046
1534240 1046
1534250 1046
1534260 1045
1534270 1045
1534280 1044
1534290 1042
1534300 1042
1534310 1040
1534320 1037
1534330 1037
1534340 1033
1534350 1030
1534360 1030
1534370 1030
1534380 1030
1534390 1030
1534400 1030
1534410 1029
1534420 1029
1534430 1028
1534440 1027
1534450 1026
1534460 1026
1534470 1026
1534480 1025
1534490 1025
1534500 1024
1534510 1023
1534520 1023
1534530 1022
1534540 1022
1534550 1022
1534560 1021
1534570 1020
1534580 1020
1534590 1020
1534600 1019
1534610 1019
1534620 1019
1534630 1019
1534640 1019
1534650 1019
1534660 1019
1534670 1019
1534680 1019
1534690 1019
1534700 1018
1534710 1018
1534720 1018
1534730 1017
1534740 1017
1534750 1017
1534760 1016
1534770 1016
1534780 1016
1534790 1016
1534800 1016
1534810 1016
1534820 1016
1534830 1016
1534840 1016
1534850 1016
1534860 1016
1534870 1016
1534880 1015
1534890 1015
1534900 1015
1534910 1015
1534920 1015
1534930 1015
1534940 1015
1534950 1015
1534960 1015
1534970 1015
1534980 1015
1534990 1015
1535000 1015
1535010 1015
1535020 1015
1535030 1015
1535040 1015
1535050 1015
1535060 1015
1535070 1015
1535080 1015
1535090 1015
1535100 1015
1535110 1015
1535120 1015
1535130 1015
1535140 1015
1535150 1015
1535160 1015
1535170 1015
1535180 1015
1535190 1015
1535200 1015
1535210 1015
1535220 1016
1535230 1016
1535240 1016
1535250 1016
1535260 1016
1535270 1016
1535280 1016
1535290 1016
1535300 1016
1535310 1016
1535320 1016
1535330 1016
1535340 1016
1535350 1016
1535360 1016
1535370 1016
1535380 1016
1535390 1016
1535400 1016
1535410 1016
1535420 1016
1535430 1016
1535440 1016
1535450 1016
1535460 1016
1535470 1016
1535480 1016
1535490 1016
1535500 1016
1535510 1016
1535520 1016
1535530 1016
1535540 1015
1535550 1015
1535560 1015
1535570 1015
1535580 1016
1535590 1016
1535600 1015
1535610 1015
1535620 1015
1535630 1015
1535640 1015
1535650 1015
1535660 1015
1535670 1015
1535680 1015
1535690 1015
1535700 1017
1535710 1017
1535720 1017
1535730 1014
1535740 1014
1535750 1014
1535760 1014
1535770 1014
1535780 1014
1535790 1013
1535800 1014
1535810 1014
1535820 1014
1535830 1014
1535840 1014
1535850 1015
1535860 1014
1535870 1014
1535880 1014
1535890 1014
1535900 1014
1535910 1014
1535920 1014
1535930 1014
1535940 1014
1535950 1012
1535960 1012
1535970 1012
1535980 1014
1535990 1014
1536000 1014
1536010 1014
1536020 1014
1536030 1014
1536040 1014
1536050 1014
1536060 1014
1536070 1014
1536080 1014
1536090 1014
1536100 1014
1536110 1014
1536120 1014
1536130 1014
1536140 1014
1536150 1014
1536160 1014
1536170 1014
1536180 1014
1536190 1013
1536200 1014
1536210 1014
1536220 1014
1536230 1014
1536240 1014
1536250 1013
1536260 1014
1536270 1013
1536280 1013
1536290 1014
1536300 1014
1536310 1014
1536320 1014
1536330 1014
1536340 1014
1536350 1014
1536360 1014
1536370 1014
1536380 1014
1536390 1014
1536400 1014
1536410 1014
1536420 1014
1536430 1014
1536440 1014
1536450 1014
1536460 1014
1536470 1014
1536480 1014
1536490 1014
1536500 1014
1536510 1014
1536520 1014
1536530 1014
1536540 1014
1536550 1015
1536560 1015
1536570 1015
1536580 1015
1536590 1015
1536600 1015
1536610 1015
1536620 1015
1536630 1016
1536640 1016
1536650 1016
1536660 1016
1536670 1016
1536680 1016
1536690 1016
1536700 1016
1536710 1016
1536720 1016
1536730 1016
1536740 1016
1536750 1016
1536760 1016
1536770 1016
1536780 1016
1536790 1017
1536800 1017
1536810 1017
1536820 1017
1536830 1018
1536840 1018
1536850 1018
1536860 1018
1536870 1018
1536880 1018
1536890 1018
1536900 1018
1536910 1018
1536920 1018
1536930 1018
1536940 1018
1536950 1018
1536960 1018
1536970 1018
1536980 1019
1536990 1019
1537000 1019
1537010 1019
1537020 1019
1537030 1019
1537040 1019
1537050 1019
1537060 1019
1537070 1019
1537080 1019
1537090 1019
1537100 1019
1537110 1019
1537120 1019
1537130 1019
1537140 1020
1537150 1020
1537160 1020
1537170 1020
1537180 1020
1537190 1020
1537200 1021
1537210 1021
1537220 1021
1537230 1021
1537240 1021
1537250 1021
1537260 1021
1537270 1021
1537280 1021
1537290 1021
1537300 1021
1537310 1021
1537320 1021
1537330 1020
1537340 1020
1537350 1019
1537360 1019
1537370 1019
1537380 1019
1537390 1019
1537400 1019
1537410 1019
1537420 1019
1537430 1018
1537440 1018
1537450 1017
1537460 1019
1537470 1019
1537480 1019
1537490 1019
1537500 1019
1537510 1019
1537520 1020
1537530 1020
1537540 1021
1537550 1021
1537560 1021
1537570 1021
1537580 1021
1537590 1021
1537600 1021
1537610 1022
1537620 1022
1537630 1022
1537640 1022
1537650 1023
1537660 1023
1537670 1023
1537680 1025
1537690 1025
1537700 1026
1537710 1026
1537720 1026
1537730 1026
1537740 1026
1537750 1026
1537760 1026
1537770 1027
1537780 1027
1537790 1027
1537800 1027
1537810 1027
1537820 1027
1537830 1027
1537840 1027
1537850 1027
1537860 1027
1537870 1028
1537880 1028
1537890 1028
1537900 1028
1537910 1028
1537920 1028
1537930 1029
1537940 1029
1537950 1029
1537960 1029
1537970 1029
1537980 1030
1537990 1031
1538000 1031
1538010 1031
1538020 1031
1538030 1031
1538040 1032
1538050 1032
1538060 1032
1538070 1033
1538080 1033
1538090 1033
1538100 1033
1538110 1033
1538120 1033
1538130 1033
1538140 1033
1538150 1034
1538160 1034
1538170 1034
1538180 1034
1538190 1034
1538200 1034
1538210 1034
1538220 1034
1538230 1034
1538240 1035
1538250 1035
1538260 1034
1538270 1035
1538280 1035
1538290 1035
1538300 1036
1538310 1036
1538320 1036
1538330 1036
1538340 1036
1538350 1036
1538360 1037
1538370 1039
1538380 1039
1538390 1042
1538400 1043
1538410 1043
1538420 1047
1538430 1053
1538440 1053
1538450 1057
1538460 1062
1538470 1062
1538480 1065
1538490 1069
1538500 1069
1538510 1074
1538520 1079
1538530 1083
1538540 1083
1538550 1085
1538560 1086
1538570 1086
1538580 1088
1538590 1090
1538600 1090
1538610 1091
1538620 1094
1538630 1094
1538640 1095
1538650 1096
1538660 1096
1538670 1098
1538680 1099
1538690 1099
1538700 1100
1538710 1101
1538720 1101
1538730 1102
1538740 1103
1538750 1103
1538760 1104
1538770 1105
1538780 1107
1538790 1107
1538800 1108
1538810 1109
1538820 1109
1538830 1110
1538840 1111
1538850 1111
1538860 1112
1538870 1113
1538880 1113
1538890 1114
1538900 1115
1538910 1115
1538920 1116
1538930 1117
1538940 1117
1538950 1118
1538960 1119
1538970 1119
1538980 1120
1538990 1121
1539000 1121
1539010 1121
1539020 1122
1539030 1123
1539040 1123
1539050 1123
1539060 1123
1539070 1123
1539080 1122
1539090 1122
1539100 1122
1539110 1122
1539120 1122
1539130 1122
1539140 1122
1539150 1123
1539160 1123
1539170 1123
1539180 1123
1539190 1123
1539200 1123
1539210 1122
1539220 1119
1539230 1119
1539240 1116
1539250 1114
1539260 1114
1539270 1115
1539280 1114
1539290 1114
1539300 1113
1539310 1111
1539320 1111
1539330 1109
1539340 1107
1539350 1107
1539360 1107
1539370 1107
1539380 1107
1539390 1106
1539400 1106
1539410 1106
1539420 1107
1539430 1106
1539440 1109
1539450 1109
1539460 1111
1539470 1112
1539480 1112
1539490 1114
1539500 1117
1539510 1117
1539520 1123
1539530 1126
1539540 1126
1539550 1125
1539560 1125
1539570 1125
1539580 1125
1539590 1125
1539600 1125
1539610 1125
1539620 1125
1539630 1125
1539640 1125
1539650 1126
1539660 1126
1539670 1126
1539680 1127
1539690 1128
1539700 1128
1539710 1128
1539720 1129
1539730 1129
1539740 1129
1539750 1129
1539760 1129
1539770 1130
1539780 1130
1539790 1130
1539800 1131
1539810 1131
1539820 1131
1539830 1131
1539840 1132
1539850 1132
1539860 1132
1539870 1132
1539880 1132
1539890 1132
1539900 1131
1539910 1131
1539920 1131
1539930 1131
1539940 1131
1539950 1131
1539960 1131
1539970 1130
1539980 1130
1539990 1130
