1520000 1421
1520010 1429
1520020 1430
1520030 1430
1520040 1431
1520050 1437
1520060 1437
1520070 1444
1520080 1452
1520090 1452
1520100 1462
1520110 1475
1520120 1475
1520130 1488
1520140 1497
1520150 1503
1520160 1503
1520170 1510
1520180 1523
1520190 1523
1520200 1541
1520210 1546
1520220 1546
1520230 1560
1520240 1578
1520250 1578
1520260 1590
1520270 1599
1520280 1599
1520290 1606
1520300 1611
1520310 1611
1520320 1614
1520330 1614
1520340 1614
1520350 1612
1520360 1608
1520370 1608
1520380 1606
1520390 1608
1520400 1611
1520410 1611
1520420 1617
1520430 1628
1520440 1628
1520450 1638
1520460 1647
1520470 1647
1520480 1654
1520490 1655
1520500 1655
1520510 1654
1520520 1654
1520530 1654
1520540 1653
1520550 1654
1520560 1654
1520570 1656
1520580 1664
1520590 1664
1520600 1674
1520610 1680
1520620 1685
1520630 1685
1520640 1689
1520650 1690
1520660 1690
1520670 1691
1520680 1696
1520690 1696
1520700 1703
1520710 1713
1520720 1713
1520730 1724
1520740 1733
1520750 1733
1520760 1739
1520770 1747
1520780 1747
1520790 1754
1520800 1761
1520810 1761
1520820 1768
1520830 1775
1520840 1782
1520850 1782
1520860 1788
1520870 1795
1520880 1795
1520890 1802
1520900 1809
1520910 1809
1520920 1816
1520930 1823
1520940 1823
1520950 1829
1520960 1836
1520970 1836
1520980 1843
1520990 1851
1521000 1851
1521010 1858
1521020 1866
1521030 1866
1521040 1875
1521050 1883
1521060 1883
1521070 1891
1521080 1898
1521090 1905
1521100 1905
1521110 1911
1521120 1918
1521130 1918
1521140 1924
1521150 1930
1521160 1930
1521170 1938
1521180 1945
1521190 1945
1521200 1950
1521210 1955
1521220 1955
1521230 1960
1521240 1964
1521250 1964
1521260 1967
1521270 1971
1521280 1971
1521290 1976
1521300 1980
1521310 1983
1521320 1983
1521330 1987
1521340 1992
1521350 1992
1521360 1996
1521370 2000
1521380 2000
1521390 2003
1521400 2006
1521410 2006
1521420 2006
1521430 2006
1521440 2006
1521450 2005
1521460 2004
1521470 2004
1521480 2002
1521490 2001
1521500 2001
1521510 2000
1521520 1998
1521530 1998
1521540 1995
1521550 1992
1521560 1989
1521570 1989
1521580 1984
1521590 1980
1521600 1980
1521610 1976
1521620 1971
1521630 1971
1521640 1967
1521650 1965
1521660 1965
1521670 1963
1521680 1961
1521690 1961
1521700 1959
1521710 1958
1521720 1958
1521730 1957
1521740 1956
1521750 1956
1521760 1955
1521770 1955
1521780 1954
1521790 1954
1521800 1954
1521810 1953
1521820 1953
1521830 1951
1521840 1950
1521850 1950
1521860 1949
1521870 1947
1521880 1947
1521890 1944
1521900 1941
1521910 1941
1521920 1939
1521930 1936
1521940 1936
1521950 1933
1521960 1931
1521970 1931
1521980 1930
1521990 1929
1522000 1929
1522010 1929
1522020 1929
1522030 1928
1522040 1928
1522050 1928
1522060 1927
1522070 1927
1522080 1926
1522090 1925
1522100 1925
1522110 1924
1522120 1923
1522130 1923
1522140 1922
1522150 1920
1522160 1920
1522170 1918
1522180 1916
1522190 1916
1522200 1914
1522210 1912
1522220 1912
1522230 1909
1522240 1906
1522250 1904
1522260 1904
1522270 1903
1522280 1900
1522290 1900
1522300 1898
1522310 1895
1522320 1895
1522330 1892
1522340 1890
1522350 1890
1522360 1887
1522370 1884
1522380 1884
1522390 1881
1522400 1878
1522410 1878
1522420 1875
1522430 1872
1522440 1872
1522450 1868
1522460 1865
1522470 1865
1522480 1863
1522490 1861
1522500 1858
1522510 1858
1522520 1856
1522530 1853
1522540 1853
1522550 1849
1522560 1845
1522570 1845
1522580 1841
1522590 1838
1522600 1838
1522610 1835
1522620 1832
1522630 1832
1522640 1828
1522650 1825
1522660 1825
1522670 1822
1522680 1819
1522690 1819
1522700 1816
1522710 1813
1522720 1811
1522730 1811
1522740 1809
1522750 1807
1522760 1807
1522770 1805
1522780 1802
1522790 1802
1522800 1799
1522810 1796
1522820 1796
1522830 1793
1522840 1792
1522850 1792
1522860 1790
1522870 1788
1522880 1788
1522890 1784
1522900 1781
1522910 1781
1522920 1778
1522930 1776
1522940 1776
1522950 1773
1522960 1771
1522970 1768
1522980 1768
1522990 1765
1523000 1762
1523010 1762
1523020 1757
1523030 1753
1523040 1753
1523050 1749
1523060 1746
1523070 1746
1523080 1742
1523090 1739
1523100 1739
1523110 1735
1523120 1731
1523130 1731
1523140 1727
1523150 1723
1523160 1723
1523170 1719
1523180 1715
1523190 1712
1523200 1712
1523210 1708
1523220 1704
1523230 1704
1523240 1700
1523250 1697
1523260 1697
1523270 1694
1523280 1690
1523290 1690
1523300 1687
1523310 1684
1523320 1684
1523330 1681
1523340 1676
1523350 1676
1523360 1672
1523370 1668
1523380 1668
1523390 1664
1523400 1660
1523410 1660
1523420 1656
1523430 1653
1523440 1649
1523450 1649
1523460 1646
1523470 1643
1523480 1643
1523490 1640
1523500 1638
1523510 1638
1523520 1635
1523530 1631
1523540 1631
1523550 1627
1523560 1622
1523570 1622
1523580 1618
1523590 1614
1523600 1614
1523610 1612
1523620 1609
1523630 1609
1523640 1608
1523650 1606
1523660 1604
1523670 1604
1523680 1602
1523690 1600
1523700 1600
1523710 1596
1523720 1593
1523730 1593
1523740 1591
1523750 1588
1523760 1588
1523770 1586
1523780 1585
1523790 1585
1523800 1583
1523810 1581
1523820 1581
1523830 1579
1523840 1578
1523850 1578
1523860 1576
1523870 1573
1523880 1573
1523890 1569
1523900 1566
1523910 1564
1523920 1564
1523930 1561
1523940 1560
1523950 1560
1523960 1558
1523970 1556
1523980 1556
1523990 1555
1524000 1553
1524010 1553
1524020 1551
1524030 1550
1524040 1550
1524050 1548
1524060 1546
1524070 1546
1524080 1544
1524090 1542
1524100 1542
1524110 1540
1524120 1538
1524130 1536
1524140 1536
1524150 1534
1524160 1532
1524170 1532
1524180 1530
1524190 1528
1524200 1528
1524210 1526
1524220 1525
1524230 1525
1524240 1524
1524250 1523
1524260 1523
1524270 1521
1524280 1519
1524290 1519
1524300 1518
1524310 1516
1524320 1516
1524330 1513
1524340 1510
1524350 1510
1524360 1508
1524370 1507
1524380 1505
1524390 1505
1524400 1504
1524410 1503
1524420 1503
1524430 1501
1524440 1499
1524450 1499
1524460 1497
1524470 1495
1524480 1495
1524490 1492
1524500 1489
1524510 1489
1524520 1487
1524530 1485
1524540 1485
1524550 1483
1524560 1481
1524570 1481
1524580 1478
1524590 1475
1524600 1472
1524610 1472
1524620 1470
1524630 1467
1524640 1467
1524650 1465
1524660 1463
1524670 1463
1524680 1462
1524690 1459
1524700 1459
1524710 1457
1524720 1455
1524730 1455
1524740 1452
1524750 1449
1524760 1449
1524770 1448
1524780 1446
1524790 1446
1524800 1443
1524810 1439
1524820 1439
1524830 1436
1524840 1434
1524850 1430
1524860 1430
1524870 1427
1524880 1423
1524890 1423
1524900 1420
1524910 1418
1524920 1418
1524930 1415
1524940 1412
1524950 1412
1524960 1410
1524970 1406
1524980 1406
1524990 1403
1525000 1401
1525010 1401
1525020 1398
1525030 1395
1525040 1395
1525050 1392
1525060 1388
1525070 1384
1525080 1384
1525090 1380
1525100 1377
1525110 1377
1525120 1374
1525130 1371
1525140 1371
1525150 1369
1525160 1366
1525170 1366
1525180 1364
1525190 1360
1525200 1360
1525210 1356
1525220 1352
1525230 1352
1525240 1348
1525250 1345
1525260 1345
1525270 1342
1525280 1338
1525290 1338
1525300 1334
1525310 1329
1525320 1325
1525330 1325
1525340 1322
1525350 1317
1525360 1317
1525370 1312
1525380 1308
1525390 1308
1525400 1301
1525410 1295
1525420 1295
1525430 1289
1525440 1282
1525450 1282
1525460 1273
1525470 1264
1525480 1264
1525490 1257
1525500 1251
1525510 1251
1525520 1245
1525530 1240
1525540 1235
1525550 1235
1525560 1228
1525570 1221
1525580 1221
1525590 1216
1525600 1212
1525610 1212
1525620 1208
1525630 1203
1525640 1203
1525650 1199
1525660 1194
1525670 1194
1525680 1190
1525690 1185
1525700 1185
1525710 1179
1525720 1173
1525730 1173
1525740 1167
1525750 1162
1525760 1158
1525770 1158
1525780 1155
1525790 1152
1525800 1152
1525810 1149
1525820 1146
1525830 1146
1525840 1143
1525850 1141
1525860 1141
1525870 1138
1525880 1136
1525890 1136
1525900 1134
1525910 1132
1525920 1132
1525930 1130
1525940 1129
1525950 1129
1525960 1127
1525970 1125
1525980 1125
1525990 1123
1526000 1121
1526010 1117
1526020 1117
1526030 1114
1526040 1111
1526050 1111
1526060 1110
1526070 1110
1526080 1110
1526090 1109
1526100 1109
1526110 1109
1526120 1108
1526130 1107
1526140 1107
1526150 1106
1526160 1105
1526170 1105
1526180 1104
1526190 1104
1526200 1104
1526210 1103
1526220 1102
1526230 1101
1526240 1101
1526250 1100
1526260 1100
1526270 1100
1526280 1100
1526290 1099
1526300 1099
1526310 1098
1526320 1097
1526330 1097
1526340 1096
1526350 1096
1526360 1096
1526370 1096
1526380 1096
1526390 1096
1526400 1096
1526410 1096
1526420 1096
1526430 1096
1526440 1096
1526450 1096
1526460 1096
1526470 1096
1526480 1096
1526490 1096
1526500 1096
1526510 1096
1526520 1096
1526530 1096
1526540 1096
1526550 1096
1526560 1096
1526570 1096
1526580 1096
1526590 1096
1526600 1096
1526610 1096
1526620 1096
1526630 1096
1526640 1096
1526650 1096
1526660 1096
1526670 1096
1526680 1096
1526690 1096
1526700 1096
1526710 1096
1526720 1096
1526730 1096
1526740 1096
1526750 1096
1526760 1096
1526770 1096
1526780 1096
1526790 1096
1526800 1096
1526810 1096
1526820 1096
1526830 1096
1526840 1097
1526850 1097
1526860 1097
1526870 1097
1526880 1097
1526890 1097
1526900 1097
1526910 1097
1526920 1097
1526930 1098
1526940 1098
1526950 1099
1526960 1099
1526970 1101
1526980 1103
1526990 1103
1527000 1106
1527010 1108
1527020 1108
1527030 1109
1527040 1110
1527050 1110
1527060 1112
1527070 1115
1527080 1115
1527090 1117
1527100 1119
1527110 1119
1527120 1122
1527130 1125
1527140 1125
1527150 1127
1527160 1130
1527170 1131
1527180 1131
1527190 1133
1527200 1134
1527210 1134
1527220 1136
1527230 1137
1527240 1137
1527250 1139
1527260 1140
1527270 1140
1527280 1141
1527290 1141
1527300 1141
1527310 1144
1527320 1146
1527330 1146
1527340 1148
1527350 1150
1527360 1150
1527370 1152
1527380 1153
1527390 1153
1527400 1153
1527410 1154
1527420 1155
1527430 1155
1527440 1157
1527450 1158
1527460 1158
1527470 1161
1527480 1162
1527490 1162
1527500 1163
1527510 1163
1527520 1163
1527530 1163
1527540 1164
1527550 1164
1527560 1166
1527570 1167
1527580 1167
1527590 1167
1527600 1167
1527610 1167
1527620 1168
1527630 1169
1527640 1170
1527650 1170
1527660 1171
1527670 1171
1527680 1171
1527690 1172
1527700 1172
1527710 1172
1527720 1173
1527730 1174
1527740 1174
1527750 1174
1527760 1175
1527770 1175
1527780 1175
1527790 1176
1527800 1176
1527810 1177
1527820 1177
1527830 1177
1527840 1177
1527850 1178
1527860 1178
1527870 1178
1527880 1178
1527890 1179
1527900 1179
1527910 1179
1527920 1180
1527930 1180
1527940 1180
1527950 1181
1527960 1181
1527970 1181
1527980 1182
1527990 1182
1528000 1182
1528010 1183
1528020 1183
1528030 1184
1528040 1185
1528050 1185
1528060 1185
1528070 1186
1528080 1186
1528090 1186
1528100 1188
1528110 1188
1528120 1188
1528130 1189
1528140 1190
1528150 1190
1528160 1191
1528170 1192
1528180 1192
1528190 1192
1528200 1193
1528210 1193
1528220 1194
1528230 1195
1528240 1195
1528250 1196
1528260 1196
1528270 1196
1528280 1197
1528290 1197
1528300 1197
1528310 1198
1528320 1199
1528330 1199
1528340 1200
1528350 1200
1528360 1201
1528370 1201
1528380 1201
1528390 1201
1528400 1201
1528410 1201
1528420 1201
1528430 1201
1528440 1201
1528450 1201
1528460 1201
1528470 1202
1528480 1202
1528490 1202
1528500 1202
1528510 1203
1528520 1203
1528530 1203
1528540 1203
1528550 1203
1528560 1204
1528570 1205
1528580 1205
1528590 1205
1528600 1206
1528610 1206
1528620 1206
1528630 1206
1528640 1207
1528650 1207
1528660 1207
1528670 1207
1528680 1207
1528690 1208
1528700 1208
1528710 1208
1528720 1208
1528730 1208
1528740 1208
1528750 1208
1528760 1209
1528770 1209
1528780 1209
1528790 1209
1528800 1209
1528810 1209
1528820 1209
1528830 1209
1528840 1209
1528850 1208
1528860 1208
1528870 1208
1528880 1207
1528890 1207
1528900 1207
1528910 1207
1528920 1207
1528930 1207
1528940 1206
1528950 1206
1528960 1206
1528970 1206
1528980 1207
1528990 1207
1529000 1208
1529010 1208
1529020 1208
1529030 1208
1529040 1208
1529050 1208
1529060 1208
1529070 1206
1529080 1202
1529090 1202
1529100 1198
1529110 1195
1529120 1195
1529130 1193
1529140 1192
1529150 1192
1529160 1192
1529170 1192
1529180 1192
1529190 1191
1529200 1191
1529210 1191
1529220 1190
1529230 1190
1529240 1190
1529250 1191
1529260 1191
1529270 1191
1529280 1193
1529290 1195
1529300 1198
1529310 1198
1529320 1201
1529330 1202
1529340 1202
1529350 1206
1529360 1211
1529370 1211
1529380 1213
1529390 1213
1529400 1213
1529410 1213
1529420 1211
1529430 1211
1529440 1207
1529450 1205
1529460 1205
1529470 1207
1529480 1210
1529490 1210
1529500 1213
1529510 1215
1529520 1216
1529530 1216
1529540 1216
1529550 1215
1529560 1215
1529570 1212
1529580 1209
1529590 1209
1529600 1208
1529610 1208
1529620 1208
1529630 1209
1529640 1211
1529650 1211
1529660 1214
1529670 1216
1529680 1216
1529690 1218
1529700 1220
1529710 1220
1529720 1222
1529730 1223
1529740 1223
1529750 1224
1529760 1226
1529770 1227
1529780 1227
1529790 1227
1529800 1228
1529810 1228
1529820 1228
1529830 1229
1529840 1229
1529850 1228
1529860 1228
1529870 1228
1529880 1228
1529890 1228
1529900 1228
1529910 1229
1529920 1230
1529930 1230
1529940 1230
1529950 1230
1529960 1230
1529970 1229
1529980 1229
1529990 1228
1530000 1228
1530010 1227
1530020 1227
1530030 1227
1530040 1226
1530050 1226
1530060 1226
1530070 1226
1530080 1226
1530090 1226
1530100 1226
1530110 1226
1530120 1226
1530130 1227
1530140 1227
1530150 1227
1530160 1227
1530170 1228
1530180 1228
1530190 1228
1530200 1228
1530210 1228
1530220 1230
1530230 1232
1530240 1232
1530250 1232
1530260 1233
1530270 1233
1530280 1233
1530290 1234
1530300 1234
1530310 1234
1530320 1235
1530330 1235
1530340 1235
1530350 1236
1530360 1236
1530370 1236
1530380 1237
1530390 1238
1530400 1238
1530410 1238
1530420 1238
1530430 1238
1530440 1239
1530450 1240
1530460 1241
1530470 1241
1530480 1241
1530490 1242
1530500 1242
1530510 1242
1530520 1243
1530530 1243
1530540 1243
1530550 1243
1530560 1243
1530570 1244
1530580 1244
1530590 1244
1530600 1245
1530610 1246
1530620 1246
1530630 1246
1530640 1247
1530650 1247
1530660 1247
1530670 1248
1530680 1248
1530690 1248
1530700 1248
1530710 1248
1530720 1248
1530730 1248
1530740 1248
1530750 1248
1530760 1249
1530770 1249
1530780 1249
1530790 1249
1530800 1249
1530810 1249
1530820 1249
1530830 1248
1530840 1248
1530850 1248
1530860 1248
1530870 1248
1530880 1248
1530890 1248
1530900 1248
1530910 1248
1530920 1247
1530930 1247
1530940 1247
1530950 1248
1530960 1248
1530970 1248
1530980 1247
1530990 1247
1531000 1247
1531010 1247
1531020 1246
1531030 1246
1531040 1246
1531050 1246
1531060 1246
1531070 1245
1531080 1245
1531090 1245
1531100 1245
1531110 1245
1531120 1245
1531130 1244
1531140 1244
1531150 1244
1531160 1244
1531170 1243
1531180 1243
1531190 1243
1531200 1242
1531210 1242
1531220 1242
1531230 1241
1531240 1241
1531250 1241
1531260 1240
1531270 1239
1531280 1239
1531290 1239
1531300 1238
1531310 1238
1531320 1236
1531330 1236
1531340 1236
1531350 1237
1531360 1236
1531370 1236
1531380 1235
1531390 1235
1531400 1235
1531410 1235
1531420 1235
1531430 1235
1531440 1235
1531450 1235
1531460 1234
1531470 1234
1531480 1234
1531490 1233
1531500 1233
1531510 1233
1531520 1232
1531530 1232
1531540 1231
1531550 1231
1531560 1231
1531570 1231
1531580 1231
1531590 1231
1531600 1231
1531610 1230
1531620 1230
1531630 1230
1531640 1229
1531650 1228
1531660 1228
1531670 1228
1531680 1227
1531690 1227
1531700 1227
1531710 1227
1531720 1227
1531730 1227
1531740 1227
1531750 1228
1531760 1228
1531770 1228
1531780 1228
1531790 1227
1531800 1228
1531810 1228
1531820 1228
1531830 1228
1531840 1228
1531850 1228
1531860 1228
1531870 1228
1531880 1228
1531890 1228
1531900 1228
1531910 1228
1531920 1227
1531930 1227
1531940 1227
1531950 1227
1531960 1227
1531970 1227
1531980 1227
1531990 1227
1532000 1227
1532010 1227
1532020 1227
1532030 1227
1532040 1227
1532050 1228
1532060 1228
1532070 1228
1532080 1228
1532090 1228
1532100 1229
1532110 1228
1532120 1228
1532130 1228
1532140 1227
1532150 1227
1532160 1227
1532170 1226
1532180 1225
1532190 1225
1532200 1224
1532210 1224
1532220 1224
1532230 1224
1532240 1224
1532250 1224
1532260 1223
1532270 1223
1532280 1223
1532290 1222
1532300 1221
1532310 1221
1532320 1220
1532330 1220
1532340 1219
1532350 1219
1532360 1218
1532370 1218
1532380 1218
1532390 1217
1532400 1217
1532410 1217
1532420 1217
1532430 1217
1532440 1217
1532450 1217
1532460 1218
1532470 1218
1532480 1219
1532490 1218
1532500 1218
1532510 1218
1532520 1218
1532530 1218
1532540 1218
1532550 1218
1532560 1218
1532570 1217
1532580 1217
1532590 1216
1532600 1216
1532610 1215
1532620 1214
1532630 1214
1532640 1213
1532650 1211
1532660 1211
1532670 1210
1532680 1210
1532690 1210
1532700 1210
1532710 1209
1532720 1209
1532730 1208
1532740 1207
1532750 1207
1532760 1206
1532770 1206
1532780 1206
1532790 1205
1532800 1204
1532810 1203
1532820 1203
1532830 1202
1532840 1200
1532850 1200
1532860 1199
1532870 1198
1532880 1198
1532890 1197
1532900 1195
1532910 1195
1532920 1194
1532930 1193
1532940 1193
1532950 1191
1532960 1189
1532970 1189
1532980 1188
1532990 1186
1533000 1186
1533010 1185
1533020 1184
1533030 1184
1533040 1183
1533050 1183
1533060 1182
1533070 1182
1533080 1181
1533090 1180
1533100 1180
1533110 1179
1533120 1178
1533130 1178
1533140 1177
1533150 1176
1533160 1176
1533170 1175
1533180 1174
1533190 1174
1533200 1172
1533210 1170
1533220 1170
1533230 1169
1533240 1168
1533250 1168
1533260 1167
1533270 1167
1533280 1163
1533290 1163
1533300 1158
1533310 1154
1533320 1154
1533330 1149
1533340 1144
1533350 1144
1533360 1141
1533370 1138
1533380 1138
1533390 1134
1533400 1133
1533410 1133
1533420 1133
1533430 1132
1533440 1132
1533450 1131
1533460 1133
1533470 1133
1533480 1137
1533490 1142
1533500 1146
1533510 1146
1533520 1151
1533530 1156
1533540 1156
1533550 1161
1533560 1166
1533570 1166
1533580 1170
1533590 1175
1533600 1175
1533610 1180
1533620 1186
1533630 1186
1533640 1190
1533650 1192
1533660 1192
1533670 1193
1533680 1196
1533690 1196
1533700 1197
1533710 1198
1533720 1198
1533730 1200
1533740 1201
1533750 1203
1533760 1203
1533770 1205
1533780 1207
1533790 1207
1533800 1210
1533810 1212
1533820 1212
1533830 1214
1533840 1215
1533850 1215
1533860 1217
1533870 1222
1533880 1222
1533890 1226
1533900 1230
1533910 1230
1533920 1233
1533930 1237
1533940 1237
1533950 1240
1533960 1243
1533970 1247
1533980 1247
1533990 1250
1534000 1254
1534010 1254
1534020 1257
1534030 1261
1534040 1261
1534050 1264
1534060 1266
1534070 1266
1534080 1270
1534090 1272
1534100 1272
1534110 1275
1534120 1278
1534130 1278
1534140 1279
1534150 1279
1534160 1279
1534170 1282
1534180 1286
1534190 1286
1534200 1291
1534210 1294
1534220 1297
1534230 1297
1534240 1300
1534250 1302
1534260 1302
1534270 1304
1534280 1304
1534290 1304
1534300 1304
1534310 1305
1534320 1305
1534330 1308
1534340 1312
1534350 1312
1534360 1314
1534370 1318
1534380 1318
1534390 1320
1534400 1322
1534410 1322
1534420 1324
1534430 1326
1534440 1327
1534450 1327
1534460 1329
1534470 1330
1534480 1330
1534490 1332
1534500 1333
1534510 1333
1534520 1335
1534530 1336
1534540 1336
1534550 1338
1534560 1339
1534570 1339
1534580 1341
1534590 1342
1534600 1342
1534610 1344
1534620 1346
1534630 1346
1534640 1347
1534650 1349
1534660 1349
1534670 1352
1534680 1354
1534690 1355
1534700 1355
1534710 1357
1534720 1359
1534730 1359
1534740 1360
1534750 1361
1534760 1361
1534770 1363
1534780 1364
1534790 1364
1534800 1364
1534810 1365
1534820 1365
1534830 1366
1534840 1367
1534850 1367
1534860 1367
1534870 1367
1534880 1367
1534890 1368
1534900 1368
1534910 1368
1534920 1368
1534930 1368
1534940 1368
1534950 1368
1534960 1369
1534970 1370
1534980 1370
1534990 1370
1535000 1370
1535010 1370
1535020 1369
1535030 1369
1535040 1369
1535050 1370
1535060 1370
1535070 1370
1535080 1370
1535090 1370
1535100 1370
1535110 1370
1535120 1370
1535130 1370
1535140 1370
1535150 1370
1535160 1370
1535170 1370
1535180 1370
1535190 1370
1535200 1370
1535210 1370
1535220 1369
1535230 1369
1535240 1369
1535250 1368
1535260 1368
1535270 1368
1535280 1367
1535290 1367
1535300 1367
1535310 1366
1535320 1366
1535330 1365
1535340 1365
1535350 1365
1535360 1365
1535370 1364
1535380 1364
1535390 1364
1535400 1364
1535410 1363
1535420 1363
1535430 1362
1535440 1361
1535450 1361
1535460 1359
1535470 1354
1535480 1354
1535490 1351
1535500 1346
1535510 1346
1535520 1343
1535530 1338
1535540 1338
1535550 1334
1535560 1331
1535570 1331
1535580 1328
1535590 1325
1535600 1325
1535610 1321
1535620 1318
1535630 1315
1535640 1315
1535650 1310
1535660 1303
1535670 1303
1535680 1300
1535690 1297
1535700 1297
1535710 1295
1535720 1294
1535730 1294
1535740 1292
1535750 1289
1535760 1289
1535770 1285
1535780 1280
1535790 1280
1535800 1276
1535810 1271
1535820 1271
1535830 1266
1535840 1262
1535850 1258
1535860 1258
1535870 1254
1535880 1250
1535890 1250
1535900 1247
1535910 1243
1535920 1243
1535930 1240
1535940 1234
1535950 1234
1535960 1228
1535970 1223
1535980 1223
1535990 1217
1536000 1213
1536010 1213
1536020 1208
1536030 1203
1536040 1203
1536050 1199
1536060 1196
1536070 1196
1536080 1194
1536090 1190
1536100 1187
1536110 1187
1536120 1184
1536130 1181
1536140 1181
1536150 1179
1536160 1176
1536170 1176
1536180 1174
1536190 1173
1536200 1173
1536210 1170
1536220 1168
1536230 1168
1536240 1166
1536250 1165
1536260 1165
1536270 1163
1536280 1161
1536290 1161
1536300 1160
1536310 1158
1536320 1157
1536330 1157
1536340 1155
1536350 1153
1536360 1153
1536370 1151
1536380 1149
1536390 1149
1536400 1148
1536410 1146
1536420 1146
1536430 1145
1536440 1145
1536450 1145
1536460 1144
1536470 1144
1536480 1144
1536490 1143
1536500 1141
1536510 1141
1536520 1138
1536530 1135
1536540 1135
1536550 1130
1536560 1124
1536570 1116
1536580 1116
1536590 1107
1536600 1101
1536610 1101
1536620 1102
1536630 1104
1536640 1104
1536650 1105
1536660 1109
1536670 1109
1536680 1116
1536690 1119
1536700 1119
1536710 1121
1536720 1123
1536730 1123
1536740 1124
1536750 1125
1536760 1125
1536770 1127
1536780 1129
1536790 1131
1536800 1131
1536810 1133
1536820 1135
1536830 1135
1536840 1138
1536850 1140
1536860 1141
1536870 1144
1536880 1146
1536890 1146
1536900 1149
1536910 1151
1536920 1151
1536930 1153
1536940 1154
1536950 1154
1536960 1154
1536970 1155
1536980 1155
1536990 1156
1537000 1156
1537010 1156
1537020 1157
1537030 1159
1537040 1159
1537050 1159
1537060 1162
1537070 1165
1537080 1165
1537090 1168
1537100 1170
1537110 1170
1537120 1173
1537130 1174
1537140 1174
1537150 1175
1537160 1176
1537170 1176
1537180 1178
1537190 1179
1537200 1179
1537210 1180
1537220 1181
1537230 1181
1537240 1183
1537250 1185
1537260 1188
1537270 1188
1537280 1191
1537290 1194
1537300 1194
1537310 1197
1537320 1201
1537330 1201
1537340 1203
1537350 1205
1537360 1205
1537370 1206
1537380 1208
1537390 1208
1537400 1209
1537410 1211
1537420 1211
1537430 1213
1537440 1217
1537450 1217
1537460 1221
1537470 1225
1537480 1225
1537490 1230
1537500 1234
1537510 1239
1537520 1239
1537530 1243
1537540 1246
1537550 1246
1537560 1249
1537570 1254
1537580 1254
1537590 1258
1537600 1262
1537610 1262
1537620 1266
1537630 1269
1537640 1269
1537650 1272
1537660 1275
1537670 1275
1537680 1279
1537690 1282
1537700 1282
1537710 1286
1537720 1289
1537730 1293
1537740 1293
1537750 1297
1537760 1300
1537770 1300
1537780 1304
1537790 1308
1537800 1308
1537810 1310
1537820 1314
1537830 1314
1537840 1318
1537850 1321
1537860 1321
1537870 1324
1537880 1328
1537890 1328
1537900 1332
1537910 1336
1537920 1336
1537930 1339
1537940 1343
1537950 1343
1537960 1346
1537970 1349
1537980 1353
1537990 1353
1538000 1358
1538010 1363
1538020 1363
1538030 1368
1538040 1373
1538050 1373
1538060 1378
1538070 1383
1538080 1383
1538090 1387
1538100 1390
1538110 1390
1538120 1391
1538130 1395
1538140 1395
1538150 1399
1538160 1403
1538170 1403
1538180 1407
1538190 1410
1538200 1414
1538210 1414
1538220 1418
1538230 1421
1538240 1421
1538250 1425
1538260 1427
1538270 1427
1538280 1430
1538290 1434
1538300 1434
1538310 1436
1538320 1439
1538330 1439
1538340 1442
1538350 1445
1538360 1445
1538370 1448
1538380 1452
1538390 1452
1538400 1455
1538410 1458
1538420 1458
1538430 1461
1538440 1464
1538450 1467
1538460 1467
1538470 1471
1538480 1475
1538490 1475
1538500 1478
1538510 1480
1538520 1480
1538530 1482
1538540 1486
1538550 1486
1538560 1491
1538570 1494
1538580 1494
1538590 1497
1538600 1501
1538610 1501
1538620 1505
1538630 1507
1538640 1507
1538650 1509
1538660 1512
1538670 1515
1538680 1515
1538690 1518
1538700 1521
1538710 1521
1538720 1522
1538730 1523
1538740 1523
1538750 1525
1538760 1527
1538770 1527
1538780 1529
1538790 1531
1538800 1531
1538810 1533
1538820 1535
1538830 1535
1538840 1537
1538850 1538
1538860 1538
1538870 1540
1538880 1542
1538890 1542
1538900 1544
1538910 1546
1538920 1547
1538930 1547
1538940 1549
1538950 1551
1538960 1551
1538970 1553
1538980 1554
1538990 1554
1539000 1556
1539010 1558
1539020 1558
1539030 1560
1539040 1562
1539050 1562
1539060 1562
1539070 1563
1539080 1563
1539090 1563
1539100 1563
1539110 1563
1539120 1562
1539130 1562
1539140 1561
1539150 1561
1539160 1561
1539170 1560
1539180 1560
1539190 1560
1539200 1560
1539210 1560
1539220 1559
1539230 1559
1539240 1558
1539250 1558
1539260 1557
1539270 1557
1539280 1557
1539290 1556
1539300 1556
1539310 1556
1539320 1555
1539330 1555
1539340 1553
1539350 1552
1539360 1552
1539370 1552
1539380 1552
1539390 1550
1539400 1550
1539410 1549
1539420 1548
1539430 1548
1539440 1548
1539450 1545
1539460 1545
1539470 1543
1539480 1542
1539490 1542
1539500 1541
1539510 1539
1539520 1539
1539530 1538
1539540 1537
1539550 1537
1539560 1535
1539570 1533
1539580 1533
1539590 1532
1539600 1531
1539610 1530
1539620 1530
1539630 1528
1539640 1527
1539650 1527
1539660 1526
1539670 1524
1539680 1524
1539690 1523
1539700 1522
1539710 1522
1539720 1521
1539730 1520
1539740 1520
1539750 1518
1539760 1517
1539770 1517
1539780 1516
1539790 1514
1539800 1514
1539810 1513
1539820 1511
1539830 1511
1539840 1508
1539850 1508
1539860 1506
1539870 1506
1539880 1505
1539890 1505
1539900 1505
1539910 1503
1539920 1502
1539930 1502
1539940 1500
1539950 1498
1539960 1498
1539970 1497
1539980 1495
1539990 1495
