1520000 1968
1520010 1968
1520020 1967
1520030 1966
1520040 1966
1520050 1965
1520060 1963
1520070 1963
1520080 1961
1520090 1960
1520100 1960
1520110 1959
1520120 1958
1520130 1958
1520140 1957
1520150 1957
1520160 1957
1520170 1956
1520180 1956
1520190 1956
1520200 1956
1520210 1956
1520220 1956
1520230 1956
1520240 1956
1520250 1955
1520260 1955
1520270 1954
1520280 1955
1520290 1955
1520300 1955
1520310 1952
1520320 1952
1520330 1950
1520340 1949
1520350 1949
1520360 1948
1520370 1948
1520380 1948
1520390 1947
1520400 1946
1520410 1946
1520420 1946
1520430 1945
1520440 1943
1520450 1943
1520460 1939
1520470 1938
1520480 1938
1520490 1935
1520500 1931
1520510 1931
1520520 1927
1520530 1924
1520540 1924
1520550 1923
1520560 1921
1520570 1921
1520580 1918
1520590 1915
1520600 1915
1520610 1912
1520620 1910
1520630 1910
1520640 1908
1520650 1907
1520660 1906
1520670 1906
1520680 1904
1520690 1901
1520700 1901
1520710 1898
1520720 1895
1520730 1895
1520740 1892
1520750 1889
1520760 1889
1520770 1886
1520780 1884
1520790 1884
1520800 1882
1520810 1880
1520820 1880
1520830 1877
1520840 1875
1520850 1875
1520860 1873
1520870 1871
1520880 1871
1520890 1869
1520900 1866
1520910 1863
1520920 1863
1520930 1861
1520940 1858
1520950 1858
1520960 1855
1520970 1854
1520980 1854
1520990 1852
1521000 1850
1521010 1850
1521020 1848
1521030 1846
1521040 1846
1521050 1844
1521060 1841
1521070 1841
1521080 1839
1521090 1837
1521100 1837
1521110 1834
1521120 1831
1521130 1829
1521140 1829
1521150 1827
1521160 1825
1521170 1825
1521180 1822
1521190 1819
1521200 1819
1521210 1816
1521220 1813
1521230 1813
1521240 1809
1521250 1806
1521260 1806
1521270 1799
1521280 1796
1521290 1796
1521300 1791
1521310 1788
1521320 1788
1521330 1789
1521340 1789
1521350 1789
1521360 1789
1521370 1788
1521380 1788
1521390 1788
1521400 1788
1521410 1789
1521420 1789
1521430 1789
1521440 1789
1521450 1789
1521460 1788
1521470 1786
1521480 1786
1521490 1785
1521500 1784
1521510 1784
1521520 1782
1521530 1780
1521540 1780
1521550 1780
1521560 1778
1521570 1778
1521580 1776
1521590 1774
1521600 1774
1521610 1773
1521620 1773
1521630 1771
1521640 1771
1521650 1770
1521660 1769
1521670 1769
1521680 1767
1521690 1764
1521700 1764
1521710 1763
1521720 1762
1521730 1762
1521740 1760
1521750 1756
1521760 1756
1521770 1754
1521780 1752
1521790 1752
1521800 1751
1521810 1750
1521820 1750
1521830 1749
1521840 1747
1521850 1746
1521860 1746
1521870 1746
1521880 1746
1521890 1746
1521900 1744
1521910 1741
1521920 1741
1521930 1739
1521940 1736
1521950 1736
1521960 1731
1521970 1727
1521980 1727
1521990 1724
1522000 1722
1522010 1722
1522020 1721
1522030 1720
1522040 1720
1522050 1717
1522060 1713
1522070 1713
1522080 1709
1522090 1706
1522100 1703
1522110 1703
1522120 1703
1522130 1704
1522140 1704
1522150 1707
1522160 1707
1522170 1707
1522180 1705
1522190 1701
1522200 1701
1522210 1695
1522220 1691
1522230 1691
1522240 1687
1522250 1683
1522260 1683
1522270 1679
1522280 1676
1522290 1676
1522300 1674
1522310 1670
1522320 1666
1522330 1666
1522340 1662
1522350 1660
1522360 1660
1522370 1658
1522380 1654
1522390 1654
1522400 1649
1522410 1644
1522420 1644
1522430 1640
1522440 1640
1522450 1640
1522460 1638
1522470 1637
1522480 1637
1522490 1635
1522500 1633
1522510 1633
1522520 1631
1522530 1628
1522540 1628
1522550 1625
1522560 1623
1522570 1621
1522580 1621
1522590 1619
1522600 1616
1522610 1616
1522620 1612
1522630 1606
1522640 1606
1522650 1600
1522660 1594
1522670 1594
1522680 1588
1522690 1582
1522700 1582
1522710 1579
1522720 1576
1522730 1576
1522740 1573
1522750 1567
1522760 1567
1522770 1563
1522780 1559
1522790 1559
1522800 1560
1522810 1560
1522820 1552
1522830 1552
1522840 1545
1522850 1544
1522860 1544
1522870 1540
1522880 1531
1522890 1531
1522900 1524
1522910 1519
1522920 1519
1522930 1516
1522940 1513
1522950 1513
1522960 1510
1522970 1505
1522980 1505
1522990 1501
1523000 1496
1523010 1496
1523020 1489
1523030 1483
1523040 1476
1523050 1476
1523060 1468
1523070 1463
1523080 1463
1523090 1458
1523100 1452
1523110 1452
1523120 1447
1523130 1443
1523140 1443
1523150 1439
1523160 1435
1523170 1435
1523180 1431
1523190 1427
1523200 1427
1523210 1421
1523220 1416
1523230 1416
1523240 1411
1523250 1404
1523260 1404
1523270 1399
1523280 1394
1523290 1389
1523300 1389
1523310 1384
1523320 1380
1523330 1380
1523340 1377
1523350 1373
1523360 1373
1523370 1368
1523380 1364
1523390 1364
1523400 1361
1523410 1357
1523420 1357
1523430 1353
1523440 1348
1523450 1348
1523460 1344
1523470 1340
1523480 1340
1523490 1337
1523500 1332
1523510 1327
1523520 1327
1523530 1324
1523540 1321
1523550 1321
1523560 1318
1523570 1316
1523580 1316
1523590 1313
1523600 1310
1523610 1310
1523620 1306
1523630 1303
1523640 1303
1523650 1301
1523660 1297
1523670 1297
1523680 1292
1523690 1288
1523700 1288
1523710 1284
1523720 1280
1523730 1280
1523740 1275
1523750 1269
1523760 1262
1523770 1262
1523780 1253
1523790 1246
1523800 1246
1523810 1238
1523820 1231
1523830 1231
1523840 1224
1523850 1217
1523860 1217
1523870 1212
1523880 1207
1523890 1207
1523900 1202
1523910 1197
1523920 1197
1523930 1193
1523940 1188
1523950 1188
1523960 1183
1523970 1181
1523980 1181
1523990 1182
1524000 1181
1524010 1178
1524020 1178
1524030 1175
1524040 1172
1524050 1172
1524060 1169
1524070 1166
1524080 1166
1524090 1162
1524100 1159
1524110 1159
1524120 1156
1524130 1153
1524140 1153
1524150 1151
1524160 1150
1524170 1150
1524180 1150
1524190 1150
1524200 1150
1524210 1149
1524220 1147
1524230 1146
1524240 1146
1524250 1145
1524260 1143
1524270 1143
1524280 1142
1524290 1142
1524300 1142
1524310 1141
1524320 1141
1524330 1141
1524340 1140
1524350 1138
1524360 1138
1524370 1137
1524380 1135
1524390 1135
1524400 1134
1524410 1133
1524420 1133
1524430 1132
1524440 1130
1524450 1130
1524460 1129
1524470 1128
1524480 1127
1524490 1127
1524500 1125
1524510 1124
1524520 1124
1524530 1122
1524540 1121
1524550 1121
1524560 1120
1524570 1119
1524580 1118
1524590 1117
1524600 1116
1524610 1116
1524620 1115
1524630 1114
1524640 1114
1524650 1113
1524660 1111
1524670 1111
1524680 1110
1524690 1110
1524700 1109
1524710 1109
1524720 1108
1524730 1107
1524740 1107
1524750 1106
1524760 1106
1524770 1106
1524780 1105
1524790 1105
1524800 1105
1524810 1104
1524820 1103
1524830 1103
1524840 1102
1524850 1101
1524860 1101
1524870 1101
1524880 1101
1524890 1101
1524900 1101
1524910 1101
1524920 1101
1524930 1101
1524940 1101
1524950 1101
1524960 1101
1524970 1101
1524980 1101
1524990 1101
1525000 1101
1525010 1101
1525020 1101
1525030 1101
1525040 1101
1525050 1101
1525060 1101
1525070 1101
1525080 1101
1525090 1101
1525100 1101
1525110 1101
1525120 1101
1525130 1101
1525140 1101
1525150 1101
1525160 1101
1525170 1101
1525180 1102
1525190 1103
1525200 1105
1525210 1105
1525220 1105
1525230 1105
1525240 1105
1525250 1106
1525260 1107
1525270 1107
1525280 1109
1525290 1111
1525300 1111
1525310 1113
1525320 1114
1525330 1114
1525340 1116
1525350 1118
1525360 1118
1525370 1119
1525380 1122
1525390 1122
1525400 1124
1525410 1125
1525420 1126
1525430 1126
1525440 1127
1525450 1128
1525460 1128
1525470 1129
1525480 1130
1525490 1130
1525500 1131
1525510 1132
1525520 1132
1525530 1134
1525540 1136
1525550 1136
1525560 1138
1525570 1140
1525580 1140
1525590 1142
1525600 1144
1525610 1144
1525620 1146
1525630 1148
1525640 1148
1525650 1150
1525660 1153
1525670 1155
1525680 1155
1525690 1155
1525700 1155
1525710 1155
1525720 1155
1525730 1156
1525740 1156
1525750 1156
1525760 1158
1525770 1158
1525780 1161
1525790 1166
1525800 1166
1525810 1172
1525820 1179
1525830 1179
1525840 1185
1525850 1188
1525860 1188
1525870 1189
1525880 1189
1525890 1189
1525900 1189
1525910 1190
1525920 1192
1525930 1192
1525940 1192
1525950 1191
1525960 1191
1525970 1190
1525980 1189
1525990 1189
1526000 1189
1526010 1188
1526020 1188
1526030 1186
1526040 1185
1526050 1185
1526060 1184
1526070 1186
1526080 1186
1526090 1188
1526100 1191
1526110 1191
1526120 1194
1526130 1198
1526140 1202
1526150 1202
1526160 1204
1526170 1205
1526180 1205
1526190 1205
1526200 1205
1526210 1205
1526220 1204
1526230 1206
1526240 1206
1526250 1209
1526260 1213
1526270 1213
1526280 1217
1526290 1218
1526300 1218
1526310 1219
1526320 1221
1526330 1221
1526340 1225
1526350 1230
1526360 1230
1526370 1233
1526380 1236
1526390 1239
1526400 1239
1526410 1241
1526420 1243
1526430 1243
1526440 1244
1526450 1246
1526460 1246
1526470 1248
1526480 1251
1526490 1251
1526500 1252
1526510 1251
1526520 1251
1526530 1248
1526540 1247
1526550 1247
1526560 1248
1526570 1250
1526580 1250
1526590 1251
1526600 1252
1526610 1250
1526620 1250
1526630 1252
1526640 1253
1526650 1253
1526660 1254
1526670 1257
1526680 1257
1526690 1263
1526700 1267
1526710 1267
1526720 1271
1526730 1276
1526740 1276
1526750 1281
1526760 1285
1526770 1285
1526780 1289
1526790 1293
1526800 1293
1526810 1298
1526820 1302
1526830 1302
1526840 1306
1526850 1311
1526860 1315
1526870 1315
1526880 1320
1526890 1326
1526900 1326
1526910 1331
1526920 1334
1526930 1334
1526940 1339
1526950 1344
1526960 1344
1526970 1346
1526980 1348
1526990 1348
1527000 1350
1527010 1354
1527020 1354
1527030 1359
1527040 1362
1527050 1362
1527060 1366
1527070 1369
1527080 1373
1527090 1373
1527100 1375
1527110 1378
1527120 1378
1527130 1379
1527140 1381
1527150 1381
1527160 1383
1527170 1385
1527180 1385
1527190 1388
1527200 1390
1527210 1390
1527220 1392
1527230 1395
1527240 1395
1527250 1397
1527260 1398
1527270 1398
1527280 1400
1527290 1402
1527300 1402
1527310 1403
1527320 1405
1527330 1407
1527340 1407
1527350 1409
1527360 1411
1527370 1411
1527380 1412
1527390 1413
1527400 1413
1527410 1414
1527420 1415
1527430 1415
1527440 1416
1527450 1417
1527460 1417
1527470 1418
1527480 1418
1527490 1418
1527500 1419
1527510 1420
1527520 1420
1527530 1421
1527540 1421
1527550 1421
1527560 1421
1527570 1422
1527580 1422
1527590 1422
1527600 1423
1527610 1423
1527620 1423
1527630 1423
1527640 1424
1527650 1424
1527660 1424
1527670 1425
1527680 1425
1527690 1425
1527700 1426
1527710 1426
1527720 1426
1527730 1426
1527740 1426
1527750 1426
1527760 1425
1527770 1425
1527780 1424
1527790 1424
1527800 1423
1527810 1423
1527820 1423
1527830 1422
1527840 1422
1527850 1421
1527860 1421
1527870 1421
1527880 1420
1527890 1418
1527900 1418
1527910 1418
1527920 1417
1527930 1417
1527940 1416
1527950 1416
1527960 1416
1527970 1415
1527980 1414
1527990 1414
1528000 1413
1528010 1412
1528020 1412
1528030 1412
1528040 1411
1528050 1411
1528060 1411
1528070 1411
1528080 1411
1528090 1411
1528100 1411
1528110 1410
1528120 1410
1528130 1409
1528140 1408
1528150 1408
1528160 1408
1528170 1407
1528180 1407
1528190 1406
1528200 1405
1528210 1405
1528220 1404
1528230 1403
1528240 1403
1528250 1402
1528260 1400
1528270 1399
1528280 1399
1528290 1398
1528300 1396
1528310 1396
1528320 1395
1528330 1394
1528340 1394
1528350 1393
1528360 1392
1528370 1392
1528380 1391
1528390 1389
1528400 1389
1528410 1388
1528420 1387
1528430 1387
1528440 1386
1528450 1385
1528460 1385
1528470 1384
1528480 1382
1528490 1382
1528500 1380
1528510 1379
1528520 1377
1528530 1377
1528540 1374
1528550 1372
1528560 1372
1528570 1369
1528580 1367
1528590 1367
1528600 1365
1528610 1362
1528620 1362
1528630 1360
1528640 1357
1528650 1357
1528660 1354
1528670 1351
1528680 1351
1528690 1349
1528700 1346
1528710 1346
1528720 1344
1528730 1342
1528740 1340
1528750 1340
1528760 1337
1528770 1336
1528780 1336
1528790 1333
1528800 1331
1528810 1331
1528820 1328
1528830 1325
1528840 1325
1528850 1322
1528860 1320
1528870 1320
1528880 1319
1528890 1316
1528900 1316
1528910 1315
1528920 1314
1528930 1314
1528940 1314
1528950 1314
1528960 1314
1528970 1314
1528980 1314
1528990 1313
1529000 1313
1529010 1312
1529020 1308
1529030 1308
1529040 1303
1529050 1302
1529060 1302
1529070 1302
1529080 1303
1529090 1303
1529100 1303
1529110 1303
1529120 1303
1529130 1306
1529140 1308
1529150 1308
1529160 1309
1529170 1314
1529180 1314
1529190 1319
1529200 1325
1529210 1325
1529220 1330
1529230 1335
1529240 1339
1529250 1339
1529260 1344
1529270 1349
1529280 1349
1529290 1355
1529300 1361
1529310 1361
1529320 1366
1529330 1371
1529340 1371
1529350 1379
1529360 1385
1529370 1385
1529380 1391
1529390 1398
1529400 1398
1529410 1403
1529420 1408
1529430 1408
1529440 1414
1529450 1420
1529460 1427
1529470 1427
1529480 1434
1529490 1440
1529500 1440
1529510 1446
1529520 1452
1529530 1452
1529540 1457
1529550 1463
1529560 1463
1529570 1466
1529580 1469
1529590 1469
1529600 1473
1529610 1476
1529620 1476
1529630 1480
1529640 1484
1529650 1484
1529660 1488
1529670 1492
1529680 1492
1529690 1496
1529700 1500
1529710 1503
1529720 1503
1529730 1506
1529740 1509
1529750 1509
1529760 1511
1529770 1513
1529780 1513
1529790 1515
1529800 1517
1529810 1517
1529820 1519
1529830 1520
1529840 1520
1529850 1521
1529860 1521
1529870 1521
1529880 1522
1529890 1522
1529900 1522
1529910 1522
1529920 1522
1529930 1521
1529940 1521
1529950 1521
1529960 1521
1529970 1521
1529980 1520
1529990 1519
1530000 1519
1530010 1518
1530020 1518
1530030 1518
1530040 1517
1530050 1516
1530060 1516
1530070 1515
1530080 1514
1530090 1514
1530100 1513
1530110 1512
1530120 1512
1530130 1511
1530140 1509
1530150 1509
1530160 1507
1530170 1504
1530180 1502
1530190 1502
1530200 1498
1530210 1495
1530220 1495
1530230 1491
1530240 1487
1530250 1487
1530260 1484
1530270 1481
1530280 1481
1530290 1478
1530300 1474
1530310 1474
1530320 1472
1530330 1469
1530340 1469
1530350 1466
1530360 1459
1530370 1459
1530380 1452
1530390 1448
1530400 1448
1530410 1443
1530420 1440
1530430 1438
1530440 1438
1530450 1436
1530460 1433
1530470 1433
1530480 1429
1530490 1426
1530500 1426
1530510 1423
1530520 1420
1530530 1420
1530540 1416
1530550 1412
1530560 1412
1530570 1409
1530580 1408
1530590 1408
1530600 1406
1530610 1403
1530620 1403
1530630 1397
1530640 1390
1530650 1384
1530660 1384
1530670 1378
1530680 1374
1530690 1374
1530700 1372
1530710 1370
1530720 1370
1530730 1369
1530740 1367
1530750 1367
1530760 1364
1530770 1362
1530780 1362
1530790 1360
1530800 1358
1530810 1358
1530820 1356
1530830 1353
1530840 1353
1530850 1350
1530860 1346
1530870 1346
1530880 1343
1530890 1341
1530900 1338
1530910 1338
1530920 1336
1530930 1332
1530940 1332
1530950 1329
1530960 1324
1530970 1324
1530980 1320
1530990 1315
1531000 1315
1531010 1311
1531020 1308
1531030 1308
1531040 1305
1531050 1303
1531060 1303
1531070 1301
1531080 1300
1531090 1300
1531100 1298
1531110 1296
1531120 1294
1531130 1294
1531140 1292
1531150 1290
1531160 1290
1531170 1288
1531180 1286
1531190 1286
1531200 1284
1531210 1281
1531220 1281
1531230 1279
1531240 1276
1531250 1276
1531260 1273
1531270 1270
1531280 1270
1531290 1268
1531300 1265
1531310 1265
1531320 1262
1531330 1259
1531340 1259
1531350 1256
1531360 1253
1531370 1250
1531380 1250
1531390 1247
1531400 1243
1531410 1243
1531420 1240
1531430 1237
1531440 1237
1531450 1234
1531460 1231
1531470 1231
1531480 1228
1531490 1226
1531500 1226
1531510 1224
1531520 1222
1531530 1222
1531540 1220
1531550 1218
1531560 1218
1531570 1216
1531580 1214
1531590 1214
1531600 1212
1531610 1210
1531620 1206
1531630 1206
1531640 1202
1531650 1198
1531660 1198
1531670 1196
1531680 1195
1531690 1195
1531700 1193
1531710 1193
1531720 1193
1531730 1193
1531740 1194
1531750 1194
1531760 1194
1531770 1195
1531780 1195
1531790 1195
1531800 1195
1531810 1195
1531820 1195
1531830 1195
1531840 1195
1531850 1195
1531860 1195
1531870 1194
1531880 1194
1531890 1194
1531900 1194
1531910 1194
1531920 1194
1531930 1194
1531940 1194
1531950 1194
1531960 1194
1531970 1194
1531980 1195
1531990 1195
1532000 1195
1532010 1194
1532020 1194
1532030 1194
1532040 1194
1532050 1194
1532060 1194
1532070 1194
1532080 1194
1532090 1194
1532100 1194
1532110 1195
1532120 1196
1532130 1196
1532140 1198
1532150 1200
1532160 1200
1532170 1202
1532180 1203
1532190 1203
1532200 1203
1532210 1204
1532220 1204
1532230 1204
1532240 1205
1532250 1205
1532260 1206
1532270 1207
1532280 1207
1532290 1209
1532300 1211
1532310 1212
1532320 1212
1532330 1212
1532340 1213
1532350 1213
1532360 1213
1532370 1215
1532380 1215
1532390 1216
1532400 1219
1532410 1219
1532420 1223
1532430 1227
1532440 1227
1532450 1230
1532460 1233
1532470 1233
1532480 1235
1532490 1237
1532500 1237
1532510 1239
1532520 1242
1532530 1242
1532540 1245
1532550 1248
1532560 1250
1532570 1250
1532580 1251
1532590 1254
1532600 1254
1532610 1257
1532620 1259
1532630 1259
1532640 1260
1532650 1262
1532660 1262
1532670 1263
1532680 1264
1532690 1264
1532700 1268
1532710 1270
1532720 1270
1532730 1272
1532740 1274
1532750 1274
1532760 1276
1532770 1277
1532780 1277
1532790 1278
1532800 1281
1532810 1284
1532820 1284
1532830 1287
1532840 1291
1532850 1291
1532860 1296
1532870 1301
1532880 1301
1532890 1305
1532900 1310
1532910 1310
1532920 1316
1532930 1322
1532940 1322
1532950 1328
1532960 1334
1532970 1334
1532980 1339
1532990 1344
1533000 1344
1533010 1346
1533020 1349
1533030 1353
1533040 1353
1533050 1357
1533060 1359
1533070 1359
1533080 1362
1533090 1366
1533100 1366
1533110 1369
1533120 1372
1533130 1372
1533140 1377
1533150 1381
1533160 1381
1533170 1384
1533180 1386
1533190 1387
1533200 1388
1533210 1389
1533220 1389
1533230 1392
1533240 1394
1533250 1394
1533260 1394
1533270 1396
1533280 1400
1533290 1400
1533300 1402
1533310 1403
1533320 1403
1533330 1404
1533340 1406
1533350 1406
1533360 1411
1533370 1419
1533380 1419
1533390 1422
1533400 1423
1533410 1423
1533420 1421
1533430 1421
1533440 1421
1533450 1427
1533460 1427
1533470 1427
1533480 1424
1533490 1424
1533500 1424
1533510 1426
1533520 1429
1533530 1432
1533540 1432
1533550 1434
1533560 1437
1533570 1437
1533580 1440
1533590 1442
1533600 1442
1533610 1447
1533620 1451
1533630 1451
1533640 1454
1533650 1459
1533660 1459
1533670 1465
1533680 1469
1533690 1469
1533700 1474
1533710 1479
1533720 1479
1533730 1483
1533740 1488
1533750 1493
1533760 1493
1533770 1497
1533780 1503
1533790 1503
1533800 1507
1533810 1512
1533820 1512
1533830 1515
1533840 1517
1533850 1517
1533860 1522
1533870 1526
1533880 1526
1533890 1530
1533900 1533
1533910 1533
1533920 1536
1533930 1539
1533940 1539
1533950 1543
1533960 1547
1533970 1547
1533980 1552
1533990 1556
1534000 1559
1534010 1559
1534020 1561
1534030 1564
1534040 1564
1534050 1568
1534060 1571
1534070 1571
1534080 1575
1534090 1578
1534100 1578
1534110 1582
1534120 1587
1534130 1587
1534140 1591
1534150 1595
1534160 1595
1534170 1599
1534180 1603
1534190 1603
1534200 1607
1534210 1610
1534220 1614
1534230 1614
1534240 1618
1534250 1621
1534260 1621
1534270 1625
1534280 1630
1534290 1630
1534300 1634
1534310 1639
1534320 1639
1534330 1644
1534340 1649
1534350 1649
1534360 1654
1534370 1659
1534380 1659
1534390 1663
1534400 1666
1534410 1666
1534420 1668
1534430 1669
1534440 1669
1534450 1670
1534460 1670
1534470 1670
1534480 1670
1534490 1669
1534500 1667
1534510 1667
1534520 1666
1534530 1664
1534540 1664
1534550 1663
1534560 1660
1534570 1660
1534580 1656
1534590 1652
1534600 1652
1534610 1646
1534620 1641
1534630 1641
1534640 1634
1534650 1628
1534660 1628
1534670 1622
1534680 1618
1534690 1618
1534700 1615
1534710 1611
1534720 1608
1534730 1608
1534740 1605
1534750 1602
1534760 1602
1534770 1598
1534780 1594
1534790 1594
1534800 1590
1534810 1587
1534820 1587
1534830 1584
1534840 1581
1534850 1581
1534860 1577
1534870 1573
1534880 1573
1534890 1568
1534900 1563
1534910 1563
1534920 1559
1534930 1554
1534940 1551
1534950 1551
1534960 1548
1534970 1544
1534980 1544
1534990 1540
1535000 1536
1535010 1536
1535020 1532
1535030 1530
1535040 1530
1535050 1529
1535060 1526
1535070 1526
1535080 1523
1535090 1520
1535100 1520
1535110 1517
1535120 1512
1535130 1512
1535140 1508
1535150 1504
1535160 1504
1535170 1500
1535180 1496
1535190 1493
1535200 1493
1535210 1488
1535220 1483
1535230 1483
1535240 1478
1535250 1474
1535260 1474
1535270 1471
1535280 1468
1535290 1468
1535300 1466
1535310 1463
1535320 1463
1535330 1461
1535340 1458
1535350 1458
1535360 1455
1535370 1452
1535380 1452
1535390 1450
1535400 1447
1535410 1443
1535420 1443
1535430 1439
1535440 1437
1535450 1437
1535460 1434
1535470 1432
1535480 1432
1535490 1428
1535500 1425
1535510 1425
1535520 1422
1535530 1418
1535540 1418
1535550 1415
1535560 1412
1535570 1412
1535580 1409
1535590 1405
1535600 1405
1535610 1402
1535620 1398
1535630 1398
1535640 1394
1535650 1391
1535660 1387
1535670 1387
1535680 1383
1535690 1377
1535700 1377
1535710 1372
1535720 1369
1535730 1369
1535740 1364
1535750 1359
1535760 1359
1535770 1355
1535780 1350
1535790 1350
1535800 1346
1535810 1344
1535820 1344
1535830 1341
1535840 1337
1535850 1337
1535860 1332
1535870 1328
1535880 1328
1535890 1325
1535900 1323
1535910 1320
1535920 1320
1535930 1316
1535940 1313
1535950 1313
1535960 1310
1535970 1308
1535980 1308
1535990 1305
1536000 1302
1536010 1302
1536020 1300
1536030 1297
1536040 1297
1536050 1294
1536060 1291
1536070 1291
1536080 1288
1536090 1285
1536100 1285
1536110 1283
1536120 1281
1536130 1277
1536140 1277
1536150 1274
1536160 1272
1536170 1272
1536180 1269
1536190 1265
1536200 1265
1536210 1261
1536220 1258
1536230 1258
1536240 1255
1536250 1252
1536260 1252
1536270 1250
1536280 1248
1536290 1248
1536300 1246
1536310 1244
1536320 1244
1536330 1242
1536340 1238
1536350 1238
1536360 1235
1536370 1232
1536380 1229
1536390 1229
1536400 1226
1536410 1224
1536420 1224
1536430 1222
1536440 1220
1536450 1220
1536460 1219
1536470 1217
1536480 1217
1536490 1216
1536500 1214
1536510 1214
1536520 1212
1536530 1209
1536540 1209
1536550 1207
1536560 1204
1536570 1204
1536580 1202
1536590 1198
1536600 1195
1536610 1195
1536620 1192
1536630 1190
1536640 1190
1536650 1187
1536660 1184
1536670 1184
1536680 1181
1536690 1180
1536700 1180
1536710 1179
1536720 1178
1536730 1178
1536740 1177
1536750 1177
1536760 1177
1536770 1176
1536780 1176
1536790 1176
1536800 1174
1536810 1173
1536820 1173
1536830 1172
1536840 1172
1536850 1171
1536860 1171
1536870 1168
1536880 1163
1536890 1163
1536900 1159
1536910 1157
1536920 1157
1536930 1156
1536940 1155
1536950 1155
1536960 1153
1536970 1150
1536980 1150
1536990 1149
1537000 1149
1537010 1149
1537020 1148
1537030 1146
1537040 1146
1537050 1145
1537060 1147
1537070 1147
1537080 1147
1537090 1147
1537100 1147
1537110 1147
1537120 1148
1537130 1149
1537140 1149
1537150 1149
1537160 1149
1537170 1149
1537180 1149
1537190 1149
1537200 1149
1537210 1150
1537220 1154
1537230 1154
1537240 1159
1537250 1164
1537260 1164
1537270 1168
1537280 1170
1537290 1170
1537300 1171
1537310 1173
1537320 1174
1537330 1174
1537340 1176
1537350 1178
1537360 1178
1537370 1180
1537380 1181
1537390 1181
1537400 1183
1537410 1185
1537420 1185
1537430 1186
1537440 1188
1537450 1188
1537460 1189
1537470 1191
1537480 1191
1537490 1193
1537500 1195
1537510 1195
1537520 1197
1537530 1199
1537540 1199
1537550 1203
1537560 1206
1537570 1209
1537580 1209
1537590 1210
1537600 1213
1537610 1213
1537620 1216
1537630 1220
1537640 1220
1537650 1223
1537660 1227
1537670 1227
1537680 1231
1537690 1234
1537700 1234
1537710 1238
1537720 1242
1537730 1242
1537740 1246
1537750 1247
1537760 1247
1537770 1248
1537780 1252
1537790 1255
1537800 1255
1537810 1258
1537820 1261
1537830 1261
1537840 1263
1537850 1265
1537860 1265
1537870 1268
1537880 1270
1537890 1270
1537900 1272
1537910 1273
1537920 1273
1537930 1274
1537940 1277
1537950 1277
1537960 1279
1537970 1281
1537980 1281
1537990 1284
1538000 1286
1538010 1286
1538020 1288
1538030 1289
1538040 1291
1538050 1291
1538060 1293
1538070 1297
1538080 1297
1538090 1300
1538100 1302
1538110 1302
1538120 1304
1538130 1306
1538140 1306
1538150 1308
1538160 1310
1538170 1310
1538180 1312
1538190 1313
1538200 1313
1538210 1315
1538220 1318
1538230 1318
1538240 1320
1538250 1322
1538260 1322
1538270 1324
1538280 1327
1538290 1329
1538300 1329
1538310 1332
1538320 1334
1538330 1334
1538340 1337
1538350 1339
1538360 1339
1538370 1342
1538380 1344
1538390 1344
1538400 1344
1538410 1345
1538420 1345
1538430 1347
1538440 1350
1538450 1350
1538460 1354
1538470 1357
1538480 1357
1538490 1361
1538500 1366
1538510 1372
1538520 1372
1538530 1378
1538540 1383
1538550 1383
1538560 1388
1538570 1393
1538580 1393
1538590 1398
1538600 1402
1538610 1402
1538620 1406
1538630 1410
1538640 1410
1538650 1413
1538660 1417
1538670 1417
1538680 1421
1538690 1424
1538700 1424
1538710 1427
1538720 1429
1538730 1429
1538740 1432
1538750 1435
1538760 1438
1538770 1438
1538780 1442
1538790 1445
1538800 1445
1538810 1448
1538820 1453
1538830 1453
1538840 1459
1538850 1465
1538860 1465
1538870 1471
1538880 1476
1538890 1476
1538900 1482
1538910 1487
1538920 1487
1538930 1491
1538940 1496
1538950 1496
1538960 1500
1538970 1505
1538980 1508
1538990 1508
1539000 1512
1539010 1517
1539020 1517
1539030 1520
1539040 1522
1539050 1522
1539060 1525
1539070 1527
1539080 1527
1539090 1529
1539100 1531
1539110 1531
1539120 1533
1539130 1535
1539140 1535
1539150 1537
1539160 1539
1539170 1539
1539180 1541
1539190 1544
1539200 1544
1539210 1547
1539220 1550
1539230 1553
1539240 1553
1539250 1555
1539260 1557
1539270 1557
1539280 1559
1539290 1560
1539300 1560
1539310 1561
1539320 1563
1539330 1563
1539340 1568
1539350 1568
1539360 1568
1539370 1572
1539380 1570
1539390 1570
1539400 1566
1539410 1565
1539420 1565
1539430 1564
1539440 1562
1539450 1562
1539460 1560
1539470 1557
1539480 1555
1539490 1555
1539500 1552
1539510 1550
1539520 1550
1539530 1549
1539540 1548
1539550 1548
1539560 1549
1539570 1552
1539580 1552
1539590 1556
1539600 1559
1539610 1559
1539620 1563
1539630 1566
1539640 1566
1539650 1569
1539660 1572
1539670 1572
1539680 1575
1539690 1577
1539700 1578
1539710 1578
1539720 1580
1539730 1582
1539740 1582
1539750 1585
1539760 1585
1539770 1585
1539780 1585
1539790 1586
1539800 1586
1539810 1587
1539820 1589
1539830 1589
1539840 1589
1539850 1590
1539860 1590
1539870 1591
1539880 1592
1539890 1592
1539900 1593
1539910 1594
1539920 1594
1539930 1595
1539940 1596
1539950 1598
1539960 1598
1539970 1599
1539980 1600
1539990 1600
