1520000 1907
1520010 1905
1520020 1902
1520030 1902
1520040 1900
1520050 1897
1520060 1897
1520070 1895
1520080 1894
1520090 1894
1520100 1891
1520110 1891
1520120 1891
1520130 1890
1520140 1890
1520150 1890
1520160 1890
1520170 1888
1520180 1884
1520190 1884
1520200 1881
1520210 1877
1520220 1877
1520230 1874
1520240 1870
1520250 1870
1520260 1868
1520270 1865
1520280 1865
1520290 1862
1520300 1859
1520310 1859
1520320 1857
1520330 1855
1520340 1855
1520350 1853
1520360 1852
1520370 1852
1520380 1851
1520390 1849
1520400 1847
1520410 1847
1520420 1845
1520430 1843
1520440 1843
1520450 1841
1520460 1838
1520470 1838
1520480 1836
1520490 1834
1520500 1834
1520510 1833
1520520 1829
1520530 1829
1520540 1826
1520550 1824
1520560 1824
1520570 1822
1520580 1819
1520590 1819
1520600 1817
1520610 1815
1520620 1813
1520630 1813
1520640 1812
1520650 1810
1520660 1810
1520670 1809
1520680 1808
1520690 1808
1520700 1807
1520710 1806
1520720 1806
1520730 1805
1520740 1804
1520750 1804
1520760 1803
1520770 1801
1520780 1803
1520790 1802
1520800 1799
1520810 1799
1520820 1794
1520830 1788
1520840 1788
1520850 1783
1520860 1776
1520870 1766
1520880 1766
1520890 1755
1520900 1745
1520910 1745
1520920 1737
1520930 1731
1520940 1731
1520950 1724
1520960 1717
1520970 1717
1520980 1710
1520990 1702
1521000 1702
1521010 1694
1521020 1689
1521030 1689
1521040 1687
1521050 1685
1521060 1685
1521070 1682
1521080 1680
1521090 1679
1521100 1679
1521110 1678
1521120 1677
1521130 1677
1521140 1677
1521150 1676
1521160 1676
1521170 1674
1521180 1673
1521190 1673
1521200 1672
1521210 1669
1521220 1669
1521230 1667
1521240 1665
1521250 1665
1521260 1662
1521270 1657
1521280 1657
1521290 1652
1521300 1646
1521310 1646
1521320 1641
1521330 1636
1521340 1634
1521350 1634
1521360 1631
1521370 1627
1521380 1627
1521390 1623
1521400 1617
1521410 1617
1521420 1612
1521430 1605
1521440 1605
1521450 1598
1521460 1592
1521470 1592
1521480 1588
1521490 1584
1521500 1584
1521510 1582
1521520 1579
1521530 1579
1521540 1574
1521550 1569
1521560 1569
1521570 1565
1521580 1561
1521590 1557
1521600 1557
1521610 1553
1521620 1548
1521630 1548
1521640 1544
1521650 1539
1521660 1539
1521670 1535
1521680 1533
1521690 1533
1521700 1528
1521710 1520
1521720 1520
1521730 1513
1521740 1505
1521750 1505
1521760 1497
1521770 1489
1521780 1489
1521790 1483
1521800 1478
1521810 1475
1521820 1475
1521830 1471
1521840 1467
1521850 1467
1521860 1461
1521870 1455
1521880 1455
1521890 1450
1521900 1445
1521910 1445
1521920 1439
1521930 1432
1521940 1432
1521950 1425
1521960 1418
1521970 1418
1521980 1410
1521990 1402
1522000 1402
1522010 1395
1522020 1388
1522030 1388
1522040 1382
1522050 1376
1522060 1374
1522070 1374
1522080 1367
1522090 1363
1522100 1363
1522110 1361
1522120 1361
1522130 1361
1522140 1362
1522150 1364
1522160 1364
1522170 1367
1522180 1373
1522190 1373
1522200 1379
1522210 1386
1522220 1386
1522230 1389
1522240 1389
1522250 1389
1522260 1387
1522270 1384
1522280 1384
1522290 1381
1522300 1379
1522310 1377
1522320 1377
1522330 1377
1522340 1377
1522350 1377
1522360 1377
1522370 1375
1522380 1375
1522390 1373
1522400 1370
1522410 1370
1522420 1368
1522430 1365
1522440 1365
1522450 1362
1522460 1358
1522470 1358
1522480 1354
1522490 1349
1522500 1349
1522510 1343
1522520 1339
1522530 1334
1522540 1334
1522550 1330
1522560 1326
1522570 1326
1522580 1321
1522590 1316
1522600 1316
1522610 1312
1522620 1306
1522630 1306
1522640 1301
1522650 1297
1522660 1297
1522670 1293
1522680 1288
1522690 1288
1522700 1283
1522710 1277
1522720 1277
1522730 1273
1522740 1268
1522750 1268
1522760 1263
1522770 1256
1522780 1250
1522790 1250
1522800 1245
1522810 1240
1522820 1240
1522830 1237
1522840 1234
1522850 1234
1522860 1230
1522870 1225
1522880 1225
1522890 1219
1522900 1213
1522910 1213
1522920 1209
1522930 1207
1522940 1207
1522950 1205
1522960 1203
1522970 1203
1522980 1200
1522990 1198
1523000 1197
1523010 1197
1523020 1197
1523030 1194
1523040 1194
1523050 1191
1523060 1188
1523070 1188
1523080 1185
1523090 1181
1523100 1181
1523110 1174
1523120 1170
1523130 1170
1523140 1167
1523150 1165
1523160 1165
1523170 1163
1523180 1161
1523190 1161
1523200 1159
1523210 1157
1523220 1157
1523230 1154
1523240 1152
1523250 1150
1523260 1150
1523270 1147
1523280 1144
1523290 1144
1523300 1141
1523310 1138
1523320 1138
1523330 1135
1523340 1133
1523350 1133
1523360 1131
1523370 1128
1523380 1128
1523390 1126
1523400 1123
1523410 1123
1523420 1121
1523430 1119
1523440 1119
1523450 1117
1523460 1115
1523470 1115
1523480 1112
1523490 1110
1523500 1108
1523510 1108
1523520 1107
1523530 1106
1523540 1106
1523550 1106
1523560 1106
1523570 1106
1523580 1106
1523590 1106
1523600 1106
1523610 1106
1523620 1106
1523630 1106
1523640 1106
1523650 1106
1523660 1106
1523670 1106
1523680 1106
1523690 1106
1523700 1106
1523710 1106
1523720 1106
1523730 1106
1523740 1106
1523750 1106
1523760 1106
1523770 1106
1523780 1106
1523790 1106
1523800 1106
1523810 1105
1523820 1105
1523830 1105
1523840 1105
1523850 1105
1523860 1105
1523870 1105
1523880 1105
1523890 1105
1523900 1105
1523910 1105
1523920 1105
1523930 1105
1523940 1105
1523950 1105
1523960 1105
1523970 1105
1523980 1105
1523990 1105
1524000 1105
1524010 1105
1524020 1106
1524030 1108
1524040 1108
1524050 1112
1524060 1112
1524070 1112
1524080 1112
1524090 1113
1524100 1113
1524110 1113
1524120 1113
1524130 1119
1524140 1119
1524150 1120
1524160 1120
1524170 1122
1524180 1123
1524190 1123
1524200 1127
1524210 1130
1524220 1130
1524230 1130
1524240 1129
1524250 1129
1524260 1129
1524270 1127
1524280 1125
1524290 1125
1524300 1124
1524310 1123
1524320 1123
1524330 1123
1524340 1123
1524350 1123
1524360 1123
1524370 1125
1524380 1125
1524390 1126
1524400 1127
1524410 1127
1524420 1127
1524430 1128
1524440 1130
1524450 1130
1524460 1132
1524470 1133
1524480 1133
1524490 1134
1524500 1139
1524510 1139
1524520 1143
1524530 1147
1524540 1147
1524550 1149
1524560 1152
1524570 1152
1524580 1154
1524590 1156
1524600 1156
1524610 1158
1524620 1160
1524630 1160
1524640 1163
1524650 1166
1524660 1166
1524670 1169
1524680 1173
1524690 1177
1524700 1177
1524710 1181
1524720 1185
1524730 1185
1524740 1189
1524750 1192
1524760 1192
1524770 1193
1524780 1197
1524790 1197
1524800 1201
1524810 1203
1524820 1203
1524830 1205
1524840 1208
1524850 1208
1524860 1210
1524870 1212
1524880 1212
1524890 1213
1524900 1215
1524910 1215
1524920 1218
1524930 1220
1524940 1223
1524950 1223
1524960 1225
1524970 1228
1524980 1228
1524990 1230
1525000 1233
1525010 1233
1525020 1236
1525030 1238
1525040 1238
1525050 1241
1525060 1243
1525070 1243
1525080 1246
1525090 1248
1525100 1248
1525110 1250
1525120 1253
1525130 1253
1525140 1257
1525150 1261
1525160 1265
1525170 1265
1525180 1269
1525190 1273
1525200 1273
1525210 1277
1525220 1280
1525230 1280
1525240 1282
1525250 1285
1525260 1285
1525270 1290
1525280 1294
1525290 1294
1525300 1297
1525310 1300
1525320 1300
1525330 1303
1525340 1308
1525350 1308
1525360 1310
1525370 1311
1525380 1311
1525390 1313
1525400 1315
1525410 1318
1525420 1318
1525430 1320
1525440 1322
1525450 1322
1525460 1326
1525470 1329
1525480 1329
1525490 1331
1525500 1333
1525510 1333
1525520 1333
1525530 1335
1525540 1335
1525550 1340
1525560 1344
1525570 1344
1525580 1348
1525590 1351
1525600 1351
1525610 1353
1525620 1355
1525630 1356
1525640 1356
1525650 1358
1525660 1358
1525670 1358
1525680 1358
1525690 1358
1525700 1358
1525710 1359
1525720 1360
1525730 1360
1525740 1361
1525750 1361
1525760 1361
1525770 1361
1525780 1361
1525790 1361
1525800 1361
1525810 1361
1525820 1361
1525830 1362
1525840 1362
1525850 1362
1525860 1362
1525870 1361
1525880 1359
1525890 1359
1525900 1357
1525910 1358
1525920 1358
1525930 1360
1525940 1359
1525950 1359
1525960 1358
1525970 1357
1525980 1357
1525990 1359
1526000 1359
1526010 1359
1526020 1358
1526030 1356
1526040 1356
1526050 1357
1526060 1357
1526070 1357
1526080 1356
1526090 1356
1526100 1356
1526110 1357
1526120 1360
1526130 1363
1526140 1363
1526150 1365
1526160 1367
1526170 1367
1526180 1370
1526190 1375
1526200 1375
1526210 1382
1526220 1387
1526230 1387
1526240 1392
1526250 1396
1526260 1396
1526270 1399
1526280 1401
1526290 1401
1526300 1402
1526310 1403
1526320 1403
1526330 1404
1526340 1405
1526350 1407
1526360 1407
1526370 1410
1526380 1413
1526390 1413
1526400 1416
1526410 1419
1526420 1419
1526430 1423
1526440 1427
1526450 1427
1526460 1429
1526470 1431
1526480 1431
1526490 1432
1526500 1434
1526510 1434
1526520 1435
1526530 1437
1526540 1437
1526550 1438
1526560 1440
1526570 1440
1526580 1442
1526590 1446
1526600 1451
1526610 1451
1526620 1458
1526630 1465
1526640 1465
1526650 1473
1526660 1477
1526670 1477
1526680 1480
1526690 1483
1526700 1483
1526710 1486
1526720 1490
1526730 1490
1526740 1492
1526750 1493
1526760 1493
1526770 1494
1526780 1494
1526790 1494
1526800 1494
1526810 1494
1526820 1494
1526830 1494
1526840 1495
1526850 1498
1526860 1498
1526870 1500
1526880 1501
1526890 1501
1526900 1502
1526910 1504
1526920 1504
1526930 1505
1526940 1506
1526950 1506
1526960 1508
1526970 1509
1526980 1509
1526990 1510
1527000 1511
1527010 1511
1527020 1512
1527030 1512
1527040 1512
1527050 1513
1527060 1512
1527070 1512
1527080 1512
1527090 1511
1527100 1511
1527110 1511
1527120 1510
1527130 1509
1527140 1509
1527150 1508
1527160 1507
1527170 1507
1527180 1506
1527190 1504
1527200 1504
1527210 1503
1527220 1501
1527230 1501
1527240 1499
1527250 1498
1527260 1498
1527270 1496
1527280 1494
1527290 1494
1527300 1492
1527310 1490
1527320 1487
1527330 1487
1527340 1485
1527350 1482
1527360 1482
1527370 1480
1527380 1477
1527390 1477
1527400 1474
1527410 1471
1527420 1471
1527430 1469
1527440 1466
1527450 1466
1527460 1464
1527470 1461
1527480 1461
1527490 1459
1527500 1456
1527510 1456
1527520 1454
1527530 1452
1527540 1452
1527550 1449
1527560 1446
1527570 1444
1527580 1444
1527590 1441
1527600 1438
1527610 1438
1527620 1435
1527630 1433
1527640 1433
1527650 1430
1527660 1428
1527670 1428
1527680 1426
1527690 1423
1527700 1423
1527710 1421
1527720 1418
1527730 1418
1527740 1416
1527750 1414
1527760 1414
1527770 1411
1527780 1409
1527790 1407
1527800 1407
1527810 1405
1527820 1402
1527830 1402
1527840 1399
1527850 1397
1527860 1397
1527870 1394
1527880 1393
1527890 1393
1527900 1391
1527910 1390
1527920 1390
1527930 1388
1527940 1386
1527950 1386
1527960 1384
1527970 1382
1527980 1382
1527990 1380
1528000 1378
1528010 1378
1528020 1376
1528030 1374
1528040 1372
1528050 1372
1528060 1370
1528070 1368
1528080 1368
1528090 1367
1528100 1365
1528110 1365
1528120 1363
1528130 1361
1528140 1361
1528150 1359
1528160 1357
1528170 1357
1528180 1355
1528190 1354
1528200 1354
1528210 1352
1528220 1351
1528230 1351
1528240 1349
1528250 1348
1528260 1347
1528270 1347
1528280 1345
1528290 1345
1528300 1345
1528310 1344
1528320 1344
1528330 1344
1528340 1343
1528350 1341
1528360 1341
1528370 1337
1528380 1333
1528390 1333
1528400 1332
1528410 1332
1528420 1332
1528430 1332
1528440 1332
1528450 1332
1528460 1332
1528470 1331
1528480 1331
1528490 1331
1528500 1331
1528510 1330
1528520 1330
1528530 1331
1528540 1331
1528550 1331
1528560 1331
1528570 1331
1528580 1331
1528590 1332
1528600 1333
1528610 1333
1528620 1334
1528630 1335
1528640 1335
1528650 1335
1528660 1335
1528670 1335
1528680 1336
1528690 1336
1528700 1336
1528710 1336
1528720 1337
1528730 1337
1528740 1337
1528750 1337
1528760 1338
1528770 1338
1528780 1338
1528790 1338
1528800 1338
1528810 1339
1528820 1339
1528830 1339
1528840 1339
1528850 1340
1528860 1340
1528870 1340
1528880 1341
1528890 1341
1528900 1341
1528910 1343
1528920 1343
1528930 1346
1528940 1348
1528950 1348
1528960 1349
1528970 1350
1528980 1352
1528990 1352
1529000 1355
1529010 1358
1529020 1358
1529030 1361
1529040 1364
1529050 1364
1529060 1367
1529070 1371
1529080 1371
1529090 1375
1529100 1378
1529110 1378
1529120 1380
1529130 1383
1529140 1383
1529150 1387
1529160 1390
1529170 1390
1529180 1394
1529190 1398
1529200 1398
1529210 1401
1529220 1404
1529230 1407
1529240 1407
1529250 1411
1529260 1415
1529270 1415
1529280 1419
1529290 1424
1529300 1424
1529310 1429
1529320 1434
1529330 1434
1529340 1437
1529350 1440
1529360 1440
1529370 1445
1529380 1448
1529390 1448
1529400 1452
1529410 1455
1529420 1455
1529430 1459
1529440 1463
1529450 1463
1529460 1467
1529470 1470
1529480 1473
1529490 1473
1529500 1478
1529510 1482
1529520 1482
1529530 1485
1529540 1488
1529550 1488
1529560 1492
1529570 1496
1529580 1496
1529590 1499
1529600 1503
1529610 1503
1529620 1506
1529630 1508
1529640 1508
1529650 1511
1529660 1514
1529670 1514
1529680 1516
1529690 1518
1529700 1520
1529710 1520
1529720 1523
1529730 1524
1529740 1524
1529750 1526
1529760 1527
1529770 1527
1529780 1528
1529790 1529
1529800 1529
1529810 1530
1529820 1530
1529830 1530
1529840 1530
1529850 1530
1529860 1530
1529870 1530
1529880 1530
1529890 1530
1529900 1530
1529910 1529
1529920 1529
1529930 1528
1529940 1527
1529950 1526
1529960 1526
1529970 1525
1529980 1522
1529990 1522
1530000 1520
1530010 1517
1530020 1517
1530030 1514
1530040 1511
1530050 1511
1530060 1508
1530070 1505
1530080 1505
1530090 1501
1530100 1498
1530110 1498
1530120 1497
1530130 1495
1530140 1495
1530150 1492
1530160 1489
1530170 1489
1530180 1487
1530190 1484
1530200 1481
1530210 1481
1530220 1478
1530230 1475
1530240 1475
1530250 1472
1530260 1470
1530270 1470
1530280 1467
1530290 1464
1530300 1464
1530310 1461
1530320 1458
1530330 1458
1530340 1452
1530350 1448
1530360 1448
1530370 1445
1530380 1443
1530390 1443
1530400 1440
1530410 1438
1530420 1434
1530430 1434
1530440 1430
1530450 1426
1530460 1426
1530470 1422
1530480 1419
1530490 1419
1530500 1416
1530510 1413
1530520 1413
1530530 1410
1530540 1407
1530550 1407
1530560 1402
1530570 1397
1530580 1397
1530590 1394
1530600 1391
1530610 1391
1530620 1387
1530630 1383
1530640 1383
1530650 1381
1530660 1377
1530670 1374
1530680 1374
1530690 1370
1530700 1366
1530710 1366
1530720 1362
1530730 1360
1530740 1360
1530750 1357
1530760 1354
1530770 1354
1530780 1350
1530790 1346
1530800 1346
1530810 1343
1530820 1340
1530830 1340
1530840 1337
1530850 1333
1530860 1333
1530870 1330
1530880 1327
1530890 1327
1530900 1322
1530910 1317
1530920 1312
1530930 1312
1530940 1306
1530950 1301
1530960 1301
1530970 1296
1530980 1293
1530990 1293
1531000 1290
1531010 1286
1531020 1286
1531030 1282
1531040 1278
1531050 1278
1531060 1274
1531070 1270
1531080 1270
1531090 1266
1531100 1261
1531110 1261
1531120 1256
1531130 1251
1531140 1247
1531150 1247
1531160 1244
1531170 1241
1531180 1241
1531190 1238
1531200 1235
1531210 1235
1531220 1232
1531230 1230
1531240 1230
1531250 1228
1531260 1226
1531270 1226
1531280 1224
1531290 1223
1531300 1223
1531310 1220
1531320 1217
1531330 1217
1531340 1215
1531350 1213
1531360 1213
1531370 1213
1531380 1214
1531390 1214
1531400 1214
1531410 1215
1531420 1216
1531430 1216
1531440 1216
1531450 1216
1531460 1216
1531470 1216
1531480 1217
1531490 1217
1531500 1217
1531510 1218
1531520 1218
1531530 1219
1531540 1220
1531550 1220
1531560 1221
1531570 1222
1531580 1222
1531590 1223
1531600 1224
1531610 1225
1531620 1225
1531630 1226
1531640 1227
1531650 1227
1531660 1228
1531670 1229
1531680 1229
1531690 1230
1531700 1230
1531710 1230
1531720 1231
1531730 1231
1531740 1231
1531750 1232
1531760 1233
1531770 1233
1531780 1233
1531790 1234
1531800 1234
1531810 1235
1531820 1235
1531830 1235
1531840 1235
1531850 1236
1531860 1236
1531870 1236
1531880 1237
1531890 1238
1531900 1238
1531910 1238
1531920 1239
1531930 1239
1531940 1239
1531950 1240
1531960 1240
1531970 1240
1531980 1241
1531990 1241
1532000 1242
1532010 1243
1532020 1243
1532030 1243
1532040 1244
1532050 1244
1532060 1246
1532070 1248
1532080 1248
1532090 1249
1532100 1250
1532110 1252
1532120 1252
1532130 1254
1532140 1255
1532150 1255
1532160 1257
1532170 1259
1532180 1259
1532190 1260
1532200 1262
1532210 1262
1532220 1264
1532230 1266
1532240 1266
1532250 1266
1532260 1268
1532270 1268
1532280 1269
1532290 1268
1532300 1268
1532310 1270
1532320 1272
1532330 1275
1532340 1275
1532350 1280
1532360 1286
1532370 1286
1532380 1288
1532390 1292
1532400 1292
1532410 1296
1532420 1300
1532430 1300
1532440 1303
1532450 1307
1532460 1307
1532470 1310
1532480 1313
1532490 1313
1532500 1317
1532510 1320
1532520 1320
1532530 1324
1532540 1328
1532550 1328
1532560 1331
1532570 1335
1532580 1338
1532590 1338
1532600 1341
1532610 1345
1532620 1345
1532630 1348
1532640 1351
1532650 1351
1532660 1355
1532670 1358
1532680 1358
1532690 1361
1532700 1364
1532710 1364
1532720 1368
1532730 1371
1532740 1371
1532750 1372
1532760 1375
1532770 1375
1532780 1380
1532790 1386
1532800 1386
1532810 1393
1532820 1398
1532830 1408
1532840 1408
1532850 1413
1532860 1417
1532870 1417
1532880 1419
1532890 1421
1532900 1421
1532910 1422
1532920 1423
1532930 1423
1532940 1426
1532950 1429
1532960 1429
1532970 1431
1532980 1434
1532990 1434
1533000 1436
1533010 1438
1533020 1438
1533030 1440
1533040 1442
1533050 1444
1533060 1444
1533070 1447
1533080 1449
1533090 1449
1533100 1452
1533110 1454
1533120 1454
1533130 1457
1533140 1460
1533150 1460
1533160 1463
1533170 1466
1533180 1466
1533190 1469
1533200 1472
1533210 1472
1533220 1474
1533230 1476
1533240 1476
1533250 1479
1533260 1481
1533270 1481
1533280 1483
1533290 1485
1533300 1488
1533310 1488
1533320 1490
1533330 1493
1533340 1493
1533350 1495
1533360 1497
1533370 1497
1533380 1499
1533390 1501
1533400 1501
1533410 1503
1533420 1506
1533430 1506
1533440 1508
1533450 1510
1533460 1510
1533470 1512
1533480 1515
1533490 1515
1533500 1518
1533510 1520
1533520 1520
1533530 1523
1533540 1526
1533550 1529
1533560 1529
1533570 1533
1533580 1535
1533590 1535
1533600 1537
1533610 1538
1533620 1538
1533630 1539
1533640 1543
1533650 1543
1533660 1548
1533670 1551
1533680 1551
1533690 1555
1533700 1557
1533710 1557
1533720 1560
1533730 1563
1533740 1563
1533750 1566
1533760 1569
1533770 1572
1533780 1572
1533790 1575
1533800 1579
1533810 1579
1533820 1583
1533830 1586
1533840 1586
1533850 1589
1533860 1592
1533870 1592
1533880 1595
1533890 1599
1533900 1599
1533910 1602
1533920 1606
1533930 1606
1533940 1611
1533950 1616
1533960 1616
1533970 1621
1533980 1625
1533990 1625
1534000 1629
1534010 1633
1534020 1638
1534030 1638
1534040 1642
1534050 1646
1534060 1646
1534070 1651
1534080 1655
1534090 1655
1534100 1661
1534110 1668
1534120 1668
1534130 1676
1534140 1684
1534150 1684
1534160 1692
1534170 1698
1534180 1698
1534190 1703
1534200 1708
1534210 1708
1534220 1712
1534230 1715
1534240 1715
1534250 1717
1534260 1717
1534270 1716
1534280 1716
1534290 1715
1534300 1714
1534310 1714
1534320 1713
1534330 1713
1534340 1713
1534350 1711
1534360 1709
1534370 1709
1534380 1706
1534390 1703
1534400 1703
1534410 1701
1534420 1699
1534430 1699
1534440 1696
1534450 1692
1534460 1692
1534470 1688
1534480 1684
1534490 1680
1534500 1680
1534510 1675
1534520 1669
1534530 1669
1534540 1664
1534550 1660
1534560 1660
1534570 1657
1534580 1655
1534590 1655
1534600 1653
1534610 1650
1534620 1650
1534630 1648
1534640 1647
1534650 1647
1534660 1646
1534670 1646
1534680 1646
1534690 1645
1534700 1642
1534710 1642
1534720 1636
1534730 1630
1534740 1627
1534750 1627
1534760 1624
1534770 1620
1534780 1620
1534790 1615
1534800 1611
1534810 1611
1534820 1607
1534830 1604
1534840 1604
1534850 1601
1534860 1598
1534870 1598
1534880 1595
1534890 1593
1534900 1593
1534910 1590
1534920 1587
1534930 1587
1534940 1585
1534950 1582
1534960 1582
1534970 1579
1534980 1576
1534990 1573
1535000 1573
1535010 1569
1535020 1566
1535030 1566
1535040 1562
1535050 1557
1535060 1557
1535070 1555
1535080 1552
1535090 1552
1535100 1549
1535110 1546
1535120 1546
1535130 1542
1535140 1538
1535150 1538
1535160 1535
1535170 1532
1535180 1532
1535190 1529
1535200 1527
1535210 1524
1535220 1524
1535230 1521
1535240 1519
1535250 1519
1535260 1517
1535270 1514
1535280 1514
1535290 1512
1535300 1509
1535310 1509
1535320 1505
1535330 1500
1535340 1500
1535350 1495
1535360 1489
1535370 1489
1535380 1485
1535390 1480
1535400 1483
1535410 1478
1535420 1473
1535430 1473
1535440 1470
1535450 1466
1535460 1463
1535470 1463
1535480 1458
1535490 1454
1535500 1454
1535510 1451
1535520 1448
1535530 1448
1535540 1446
1535550 1443
1535560 1443
1535570 1439
1535580 1436
1535590 1436
1535600 1433
1535610 1431
1535620 1431
1535630 1428
1535640 1424
1535650 1424
1535660 1422
1535670 1419
1535680 1418
1535690 1418
1535700 1416
1535710 1414
1535720 1414
1535730 1412
1535740 1409
1535750 1409
1535760 1406
1535770 1403
1535780 1403
1535790 1400
1535800 1396
1535810 1396
1535820 1393
1535830 1389
1535840 1389
1535850 1385
1535860 1381
1535870 1381
1535880 1378
1535890 1374
1535900 1374
1535910 1370
1535920 1368
1535930 1365
1535940 1365
1535950 1363
1535960 1361
1535970 1361
1535980 1358
1535990 1355
1536000 1355
1536010 1351
1536020 1348
1536030 1348
1536040 1345
1536050 1341
1536060 1341
1536070 1338
1536080 1335
1536090 1335
1536100 1331
1536110 1327
1536120 1327
1536130 1322
1536140 1316
1536150 1316
1536160 1311
1536170 1307
1536180 1303
1536190 1303
1536200 1299
1536210 1295
1536220 1295
1536230 1291
1536240 1286
1536250 1286
1536260 1282
1536270 1279
1536280 1279
1536290 1276
1536300 1274
1536310 1274
1536320 1272
1536330 1269
1536340 1269
1536350 1265
1536360 1260
1536370 1260
1536380 1255
1536390 1251
1536400 1247
1536410 1247
1536420 1243
1536430 1240
1536440 1240
1536450 1236
1536460 1232
1536470 1232
1536480 1226
1536490 1221
1536500 1221
1536510 1215
1536520 1211
1536530 1211
1536540 1207
1536550 1203
1536560 1203
1536570 1201
1536580 1200
1536590 1200
1536600 1199
1536610 1198
1536620 1198
1536630 1197
1536640 1196
1536650 1195
1536660 1195
1536670 1195
1536680 1194
1536690 1194
1536700 1193
1536710 1192
1536720 1192
1536730 1191
1536740 1191
1536750 1191
1536760 1190
1536770 1189
1536780 1189
1536790 1189
1536800 1188
1536810 1188
1536820 1188
1536830 1187
1536840 1187
1536850 1187
1536860 1187
1536870 1187
1536880 1185
1536890 1182
1536900 1179
1536910 1179
1536920 1173
1536930 1170
1536940 1170
1536950 1168
1536960 1167
1536970 1167
1536980 1167
1536990 1167
1537000 1167
1537010 1166
1537020 1165
1537030 1165
1537040 1165
1537050 1166
1537060 1166
1537070 1166
1537080 1167
1537090 1167
1537100 1169
1537110 1170
1537120 1170
1537130 1170
1537140 1171
1537150 1172
1537160 1172
1537170 1172
1537180 1173
1537190 1173
1537200 1174
1537210 1174
1537220 1174
1537230 1175
1537240 1177
1537250 1177
1537260 1178
1537270 1179
1537280 1179
1537290 1180
1537300 1181
1537310 1181
1537320 1182
1537330 1183
1537340 1183
1537350 1184
1537360 1185
1537370 1187
1537380 1187
1537390 1188
1537400 1188
1537410 1188
1537420 1190
1537430 1191
1537440 1191
1537450 1191
1537460 1192
1537470 1192
1537480 1193
1537490 1193
1537500 1193
1537510 1194
1537520 1196
1537530 1196
1537540 1197
1537550 1198
1537560 1198
1537570 1198
1537580 1199
1537590 1199
1537600 1200
1537610 1199
1537620 1199
1537630 1199
1537640 1199
1537650 1200
1537660 1200
1537670 1200
1537680 1201
1537690 1201
1537700 1202
1537710 1205
1537720 1205
1537730 1209
1537740 1213
1537750 1213
1537760 1217
1537770 1220
1537780 1220
1537790 1224
1537800 1228
1537810 1228
1537820 1233
1537830 1238
1537840 1242
1537850 1242
1537860 1247
1537870 1251
1537880 1251
1537890 1253
1537900 1255
1537910 1255
1537920 1258
1537930 1263
1537940 1263
1537950 1267
1537960 1271
1537970 1271
1537980 1274
1537990 1276
1538000 1276
1538010 1279
1538020 1282
1538030 1282
1538040 1285
1538050 1287
1538060 1287
1538070 1290
1538080 1292
1538090 1295
1538100 1295
1538110 1297
1538120 1298
1538130 1298
1538140 1300
1538150 1302
1538160 1302
1538170 1305
1538180 1308
1538190 1308
1538200 1310
1538210 1312
1538220 1312
1538230 1314
1538240 1316
1538250 1316
1538260 1318
1538270 1320
1538280 1320
1538290 1322
1538300 1324
1538310 1324
1538320 1326
1538330 1328
1538340 1330
1538350 1330
1538360 1333
1538370 1335
1538380 1335
1538390 1336
1538400 1337
1538410 1337
1538420 1339
1538430 1340
1538440 1340
1538450 1341
1538460 1343
1538470 1343
1538480 1344
1538490 1345
1538500 1345
1538510 1347
1538520 1349
1538530 1349
1538540 1351
1538550 1352
1538560 1354
1538570 1354
1538580 1355
1538590 1356
1538600 1356
1538610 1358
1538620 1360
1538630 1360
1538640 1362
1538650 1365
1538660 1365
1538670 1368
1538680 1371
1538690 1371
1538700 1372
1538710 1375
1538720 1375
1538730 1378
1538740 1381
1538750 1381
1538760 1385
1538770 1388
1538780 1388
1538790 1390
1538800 1392
1538810 1395
1538820 1395
1538830 1397
1538840 1399
1538850 1399
1538860 1402
1538870 1404
1538880 1404
1538890 1405
1538900 1408
1538910 1408
1538920 1410
1538930 1411
1538940 1411
1538950 1413
1538960 1415
1538970 1415
1538980 1417
1538990 1420
1539000 1420
1539010 1421
1539020 1423
1539030 1423
1539040 1424
1539050 1426
1539060 1428
1539070 1428
1539080 1430
1539090 1431
1539100 1431
1539110 1432
1539120 1433
1539130 1433
1539140 1435
1539150 1436
1539160 1436
1539170 1438
1539180 1439
1539190 1439
1539200 1440
1539210 1441
1539220 1441
1539230 1442
1539240 1442
1539250 1442
1539260 1443
1539270 1444
1539280 1445
1539290 1445
1539300 1446
1539310 1447
1539320 1447
1539330 1449
1539340 1450
1539350 1450
1539360 1451
1539370 1453
1539380 1453
1539390 1454
1539400 1455
1539410 1455
1539420 1457
1539430 1460
1539440 1460
1539450 1462
1539460 1464
1539470 1464
1539480 1466
1539490 1467
1539500 1467
1539510 1470
1539520 1475
1539530 1481
1539540 1481
1539550 1486
1539560 1491
1539570 1491
1539580 1496
1539590 1500
1539600 1500
1539610 1505
1539620 1509
1539630 1509
1539640 1513
1539650 1516
1539660 1516
1539670 1520
1539680 1525
1539690 1525
1539700 1529
1539710 1533
1539720 1533
1539730 1537
1539740 1540
1539750 1543
1539760 1543
1539770 1545
1539780 1547
1539790 1547
1539800 1549
1539810 1552
1539820 1552
1539830 1555
1539840 1561
1539850 1561
1539860 1564
1539870 1568
1539880 1568
1539890 1572
1539900 1576
1539910 1576
1539920 1579
1539930 1582
1539940 1582
1539950 1587
1539960 1591
1539970 1591
1539980 1595
1539990 1599
