1520000 1591
1520010 1591
1520020 1589
1520030 1588
1520040 1588
1520050 1586
1520060 1584
1520070 1584
1520080 1582
1520090 1579
1520100 1575
1520110 1575
1520120 1570
1520130 1565
1520140 1565
1520150 1561
1520160 1557
1520170 1557
1520180 1553
1520190 1549
1520200 1549
1520210 1544
1520220 1539
1520230 1539
1520240 1536
1520250 1533
1520260 1533
1520270 1532
1520280 1531
1520290 1531
1520300 1528
1520310 1526
1520320 1526
1520330 1522
1520340 1519
1520350 1516
1520360 1516
1520370 1511
1520380 1507
1520390 1507
1520400 1502
1520410 1497
1520420 1497
1520430 1492
1520440 1488
1520450 1488
1520460 1485
1520470 1482
1520480 1482
1520490 1480
1520500 1476
1520510 1476
1520520 1473
1520530 1467
1520540 1467
1520550 1462
1520560 1458
1520570 1458
1520580 1454
1520590 1448
1520600 1444
1520610 1444
1520620 1440
1520630 1436
1520640 1436
1520650 1433
1520660 1429
1520670 1429
1520680 1426
1520690 1423
1520700 1423
1520710 1420
1520720 1417
1520730 1417
1520740 1414
1520750 1411
1520760 1411
1520770 1408
1520780 1405
1520790 1405
1520800 1402
1520810 1400
1520820 1400
1520830 1398
1520840 1395
1520850 1392
1520860 1392
1520870 1389
1520880 1386
1520890 1386
1520900 1384
1520910 1381
1520920 1381
1520930 1379
1520940 1376
1520950 1376
1520960 1373
1520970 1371
1520980 1371
1520990 1369
1521000 1367
1521010 1367
1521020 1364
1521030 1362
1521040 1362
1521050 1360
1521060 1358
1521070 1357
1521080 1357
1521090 1354
1521100 1350
1521110 1350
1521120 1346
1521130 1342
1521140 1342
1521150 1340
1521160 1337
1521170 1337
1521180 1333
1521190 1329
1521200 1329
1521210 1325
1521220 1321
1521230 1321
1521240 1319
1521250 1316
1521260 1316
1521270 1315
1521280 1313
1521290 1313
1521300 1308
1521310 1304
1521320 1300
1521330 1300
1521340 1297
1521350 1294
1521360 1294
1521370 1290
1521380 1285
1521390 1285
1521400 1280
1521410 1273
1521420 1273
1521430 1266
1521440 1258
1521450 1258
1521460 1251
1521470 1244
1521480 1244
1521490 1239
1521500 1234
1521510 1234
1521520 1230
1521530 1226
1521540 1226
1521550 1222
1521560 1219
1521570 1216
1521580 1216
1521590 1212
1521600 1206
1521610 1206
1521620 1198
1521630 1192
1521640 1192
1521650 1186
1521660 1182
1521670 1182
1521680 1179
1521690 1176
1521700 1176
1521710 1174
1521720 1171
1521730 1171
1521740 1168
1521750 1165
1521760 1165
1521770 1163
1521780 1161
1521790 1161
1521800 1159
1521810 1158
1521820 1155
1521830 1155
1521840 1151
1521850 1147
1521860 1147
1521870 1142
1521880 1137
1521890 1137
1521900 1133
1521910 1127
1521920 1127
1521930 1125
1521940 1125
1521950 1125
1521960 1125
1521970 1125
1521980 1125
1521990 1124
1522000 1124
1522010 1124
1522020 1124
1522030 1125
1522040 1125
1522050 1125
1522060 1125
1522070 1125
1522080 1125
1522090 1125
1522100 1125
1522110 1125
1522120 1126
1522130 1126
1522140 1126
1522150 1127
1522160 1127
1522170 1127
1522180 1128
1522190 1128
1522200 1128
1522210 1129
1522220 1129
1522230 1129
1522240 1130
1522250 1132
1522260 1132
1522270 1133
1522280 1134
1522290 1136
1522300 1136
1522310 1137
1522320 1138
1522330 1138
1522340 1139
1522350 1140
1522360 1140
1522370 1141
1522380 1144
1522390 1144
1522400 1146
1522410 1149
1522420 1149
1522430 1151
1522440 1154
1522450 1154
1522460 1156
1522470 1158
1522480 1158
1522490 1161
1522500 1164
1522510 1164
1522520 1167
1522530 1171
1522540 1174
1522550 1174
1522560 1177
1522570 1180
1522580 1180
1522590 1183
1522600 1185
1522610 1185
1522620 1185
1522630 1187
1522640 1187
1522650 1193
1522660 1198
1522670 1198
1522680 1203
1522690 1209
1522700 1209
1522710 1216
1522720 1223
1522730 1223
1522740 1231
1522750 1236
1522760 1244
1522770 1244
1522780 1250
1522790 1255
1522800 1255
1522810 1260
1522820 1264
1522830 1264
1522840 1267
1522850 1270
1522860 1270
1522870 1275
1522880 1280
1522890 1280
1522900 1286
1522910 1292
1522920 1292
1522930 1298
1522940 1303
1522950 1303
1522960 1313
1522970 1322
1522980 1322
1522990 1329
1523000 1335
1523010 1340
1523020 1340
1523030 1345
1523040 1348
1523050 1348
1523060 1352
1523070 1357
1523080 1357
1523090 1363
1523100 1369
1523110 1369
1523120 1378
1523130 1397
1523140 1397
1523150 1414
1523160 1425
1523170 1425
1523180 1431
1523190 1435
1523200 1435
1523210 1436
1523220 1434
1523230 1434
1523240 1433
1523250 1437
1523260 1438
1523270 1438
1523280 1442
1523290 1447
1523300 1447
1523310 1444
1523320 1443
1523330 1443
1523340 1448
1523350 1457
1523360 1457
1523370 1465
1523380 1471
1523390 1471
1523400 1468
1523410 1464
1523420 1464
1523430 1465
1523440 1470
1523450 1470
1523460 1474
1523470 1479
1523480 1479
1523490 1484
1523500 1489
1523510 1492
1523520 1492
1523530 1497
1523540 1505
1523550 1505
1523560 1512
1523570 1524
1523580 1524
1523590 1537
1523600 1551
1523610 1551
1523620 1561
1523630 1572
1523640 1572
1523650 1582
1523660 1594
1523670 1594
1523680 1611
1523690 1625
1523700 1625
1523710 1633
1523720 1648
1523730 1665
1523740 1665
1523750 1674
1523760 1681
1523770 1681
1523780 1691
1523790 1699
1523800 1699
1523810 1704
1523820 1706
1523830 1706
1523840 1708
1523850 1710
1523860 1710
1523870 1712
1523880 1716
1523890 1716
1523900 1719
1523910 1722
1523920 1722
1523930 1725
1523940 1728
1523950 1728
1523960 1730
1523970 1731
1523980 1730
1523990 1730
1524000 1729
1524010 1729
1524020 1729
1524030 1729
1524040 1728
1524050 1728
1524060 1726
1524070 1728
1524080 1728
1524090 1735
1524100 1740
1524110 1740
1524120 1741
1524130 1749
1524140 1749
1524150 1757
1524160 1758
1524170 1758
1524180 1758
1524190 1763
1524200 1763
1524210 1756
1524220 1765
1524230 1791
1524240 1791
1524250 1803
1524260 1807
1524270 1807
1524280 1810
1524290 1811
1524300 1811
1524310 1808
1524320 1807
1524330 1807
1524340 1811
1524350 1818
1524360 1818
1524370 1823
1524380 1826
1524390 1826
1524400 1828
1524410 1832
1524420 1832
1524430 1834
1524440 1836
1524450 1836
1524460 1836
1524470 1837
1524480 1837
1524490 1837
1524500 1836
1524510 1833
1524520 1833
1524530 1832
1524540 1833
1524550 1833
1524560 1835
1524570 1836
1524580 1836
1524590 1839
1524600 1842
1524610 1842
1524620 1844
1524630 1845
1524640 1845
1524650 1847
1524660 1849
1524670 1849
1524680 1850
1524690 1854
1524700 1856
1524710 1856
1524720 1859
1524730 1862
1524740 1862
1524750 1867
1524760 1873
1524770 1873
1524780 1879
1524790 1881
1524800 1881
1524810 1881
1524820 1882
1524830 1882
1524840 1886
1524850 1890
1524860 1890
1524870 1889
1524880 1887
1524890 1887
1524900 1888
1524910 1890
1524920 1890
1524930 1892
1524940 1893
1524950 1895
1524960 1895
1524970 1899
1524980 1901
1524990 1901
1525000 1903
1525010 1905
1525020 1905
1525030 1908
1525040 1913
1525050 1913
1525060 1919
1525070 1924
1525080 1924
1525090 1929
1525100 1933
1525110 1933
1525120 1935
1525130 1938
1525140 1938
1525150 1939
1525160 1941
1525170 1941
1525180 1943
1525190 1945
1525200 1946
1525210 1946
1525220 1947
1525230 1948
1525240 1948
1525250 1949
1525260 1950
1525270 1950
1525280 1950
1525290 1951
1525300 1951
1525310 1952
1525320 1953
1525330 1953
1525340 1953
1525350 1954
1525360 1954
1525370 1955
1525380 1959
1525390 1959
1525400 1959
1525410 1959
1525420 1959
1525430 1959
1525440 1957
1525450 1955
1525460 1955
1525470 1953
1525480 1950
1525490 1950
1525500 1946
1525510 1941
1525520 1941
1525530 1935
1525540 1928
1525550 1928
1525560 1921
1525570 1915
1525580 1915
1525590 1910
1525600 1905
1525610 1905
1525620 1902
1525630 1899
1525640 1899
1525650 1895
1525660 1887
1525670 1878
1525680 1878
1525690 1872
1525700 1865
1525710 1865
1525720 1855
1525730 1846
1525740 1846
1525750 1835
1525760 1821
1525770 1821
1525780 1808
1525790 1797
1525800 1797
1525810 1789
1525820 1780
1525830 1780
1525840 1772
1525850 1762
1525860 1762
1525870 1753
1525880 1744
1525890 1744
1525900 1735
1525910 1727
1525920 1718
1525930 1718
1525940 1709
1525950 1702
1525960 1702
1525970 1694
1525980 1686
1525990 1686
1526000 1678
1526010 1669
1526020 1669
1526030 1662
1526040 1655
1526050 1655
1526060 1649
1526070 1640
1526080 1640
1526090 1631
1526100 1623
1526110 1623
1526120 1616
1526130 1608
1526140 1608
1526150 1600
1526160 1593
1526170 1586
1526180 1586
1526190 1579
1526200 1572
1526210 1572
1526220 1566
1526230 1559
1526240 1559
1526250 1551
1526260 1544
1526270 1544
1526280 1537
1526290 1531
1526300 1531
1526310 1524
1526320 1519
1526330 1519
1526340 1513
1526350 1508
1526360 1508
1526370 1502
1526380 1496
1526390 1496
1526400 1490
1526410 1484
1526420 1479
1526430 1479
1526440 1474
1526450 1470
1526460 1470
1526470 1465
1526480 1459
1526490 1459
1526500 1453
1526510 1448
1526520 1448
1526530 1444
1526540 1440
1526550 1440
1526560 1436
1526570 1431
1526580 1431
1526590 1427
1526600 1423
1526610 1423
1526620 1420
1526630 1416
1526640 1413
1526650 1413
1526660 1410
1526670 1407
1526680 1407
1526690 1404
1526700 1402
1526710 1402
1526720 1400
1526730 1398
1526740 1398
1526750 1396
1526760 1394
1526770 1394
1526780 1393
1526790 1393
1526800 1393
1526810 1396
1526820 1397
1526830 1397
1526840 1399
1526850 1400
1526860 1400
1526870 1402
1526880 1403
1526890 1406
1526900 1406
1526910 1408
1526920 1410
1526930 1410
1526940 1413
1526950 1415
1526960 1415
1526970 1418
1526980 1420
1526990 1420
1527000 1422
1527010 1424
1527020 1424
1527030 1426
1527040 1428
1527050 1428
1527060 1432
1527070 1436
1527080 1436
1527090 1440
1527100 1445
1527110 1445
1527120 1449
1527130 1454
1527140 1460
1527150 1460
1527160 1464
1527170 1466
1527180 1466
1527190 1470
1527200 1475
1527210 1475
1527220 1480
1527230 1487
1527240 1487
1527250 1495
1527260 1505
1527270 1505
1527280 1515
1527290 1524
1527300 1524
1527310 1532
1527320 1541
1527330 1541
1527340 1553
1527350 1560
1527360 1561
1527370 1561
1527380 1561
1527390 1559
1527400 1559
1527410 1558
1527420 1563
1527430 1563
1527440 1575
1527450 1587
1527460 1587
1527470 1596
1527480 1607
1527490 1607
1527500 1616
1527510 1624
1527520 1624
1527530 1629
1527540 1637
1527550 1637
1527560 1646
1527570 1655
1527580 1655
1527590 1661
1527600 1670
1527610 1680
1527620 1680
1527630 1688
1527640 1698
1527650 1698
1527660 1706
1527670 1714
1527680 1714
1527690 1723
1527700 1733
1527710 1733
1527720 1740
1527730 1748
1527740 1748
1527750 1756
1527760 1764
1527770 1764
1527780 1773
1527790 1782
1527800 1782
1527810 1790
1527820 1800
1527830 1800
1527840 1808
1527850 1816
1527860 1823
1527870 1823
1527880 1831
1527890 1838
1527900 1838
1527910 1845
1527920 1852
1527930 1852
1527940 1859
1527950 1866
1527960 1866
1527970 1874
1527980 1886
1527990 1886
1528000 1899
1528010 1908
1528020 1908
1528030 1913
1528040 1917
1528050 1917
1528060 1921
1528070 1925
1528080 1925
1528090 1927
1528100 1927
1528110 1927
1528120 1927
1528130 1928
1528140 1929
1528150 1929
1528160 1932
1528170 1936
1528180 1936
1528190 1939
1528200 1942
1528210 1942
1528220 1944
1528230 1946
1528240 1946
1528250 1946
1528260 1947
1528270 1947
1528280 1949
1528290 1950
1528300 1950
1528310 1951
1528320 1952
1528330 1952
1528340 1952
1528350 1953
1528360 1954
1528370 1954
1528380 1959
1528390 1959
1528400 1959
1528410 1959
1528420 1959
1528430 1959
1528440 1958
1528450 1958
1528460 1958
1528470 1959
1528480 1960
1528490 1960
1528500 1961
1528510 1961
1528520 1961
1528530 1961
1528540 1961
1528550 1961
1528560 1959
1528570 1959
1528580 1958
1528590 1958
1528600 1959
1528610 1960
1528620 1960
1528630 1962
1528640 1963
1528650 1963
1528660 1964
1528670 1965
1528680 1965
1528690 1965
1528700 1965
1528710 1965
1528720 1965
1528730 1966
1528740 1966
1528750 1967
1528760 1967
1528770 1967
1528780 1968
1528790 1968
1528800 1968
1528810 1968
1528820 1968
1528830 1968
1528840 1968
1528850 1967
1528860 1966
1528870 1966
1528880 1965
1528890 1964
1528900 1964
1528910 1963
1528920 1961
1528930 1961
1528940 1959
1528950 1957
1528960 1957
1528970 1955
1528980 1953
1528990 1953
1529000 1951
1529010 1949
1529020 1949
1529030 1946
1529040 1944
1529050 1944
1529060 1941
1529070 1939
1529080 1937
1529090 1937
1529100 1935
1529110 1933
1529120 1933
1529130 1931
1529140 1929
1529150 1929
1529160 1927
1529170 1924
1529180 1924
1529190 1921
1529200 1919
1529210 1919
1529220 1917
1529230 1916
1529240 1916
1529250 1914
1529260 1913
1529270 1913
1529280 1912
1529290 1910
1529300 1910
1529310 1910
1529320 1910
1529330 1909
1529340 1909
1529350 1908
1529360 1906
1529370 1906
1529380 1904
1529390 1902
1529400 1902
1529410 1900
1529420 1898
1529430 1898
1529440 1895
1529450 1892
1529460 1892
1529470 1889
1529480 1887
1529490 1887
1529500 1884
1529510 1881
1529520 1881
1529530 1877
1529540 1872
1529550 1868
1529560 1868
1529570 1863
1529580 1859
1529590 1859
1529600 1851
1529610 1845
1529620 1845
1529630 1840
1529640 1833
1529650 1833
1529660 1825
1529670 1821
1529680 1821
1529690 1816
1529700 1812
1529710 1812
1529720 1807
1529730 1802
1529740 1802
1529750 1797
1529760 1792
1529770 1792
1529780 1787
1529790 1783
1529800 1780
1529810 1780
1529820 1775
1529830 1771
1529840 1771
1529850 1767
1529860 1763
1529870 1763
1529880 1760
1529890 1756
1529900 1756
1529910 1753
1529920 1751
1529930 1751
1529940 1749
1529950 1746
1529960 1746
1529970 1744
1529980 1741
1529990 1741
1530000 1739
1530010 1736
1530020 1736
1530030 1734
1530040 1732
1530050 1730
1530060 1730
1530070 1728
1530080 1725
1530090 1725
1530100 1724
1530110 1721
1530120 1721
1530130 1720
1530140 1717
1530150 1717
1530160 1715
1530170 1713
1530180 1713
1530190 1710
1530200 1707
1530210 1707
1530220 1702
1530230 1697
1530240 1697
1530250 1694
1530260 1690
1530270 1686
1530280 1686
1530290 1683
1530300 1679
1530310 1679
1530320 1676
1530330 1673
1530340 1673
1530350 1669
1530360 1667
1530370 1667
1530380 1663
1530390 1659
1530400 1659
1530410 1654
1530420 1650
1530430 1650
1530440 1644
1530450 1638
1530460 1638
1530470 1632
1530480 1625
1530490 1625
1530500 1618
1530510 1612
1530520 1607
1530530 1607
1530540 1603
1530550 1600
1530560 1600
1530570 1596
1530580 1591
1530590 1591
1530600 1588
1530610 1584
1530620 1584
1530630 1580
1530640 1577
1530650 1577
1530660 1575
1530670 1572
1530680 1572
1530690 1568
1530700 1563
1530710 1563
1530720 1556
1530730 1549
1530740 1549
1530750 1542
1530760 1534
1530770 1527
1530780 1527
1530790 1520
1530800 1516
1530810 1516
1530820 1512
1530830 1507
1530840 1507
1530850 1499
1530860 1489
1530870 1489
1530880 1480
1530890 1471
1530900 1471
1530910 1463
1530920 1456
1530930 1456
1530940 1450
1530950 1443
1530960 1443
1530970 1437
1530980 1428
1530990 1428
1531000 1420
1531010 1413
1531020 1407
1531030 1407
1531040 1401
1531050 1393
1531060 1393
1531070 1383
1531080 1375
1531090 1375
1531100 1366
1531110 1358
1531120 1358
1531130 1350
1531140 1344
1531150 1344
1531160 1337
1531170 1328
1531180 1328
1531190 1321
1531200 1316
1531210 1316
1531220 1309
1531230 1303
1531240 1298
1531250 1298
1531260 1293
1531270 1287
1531280 1287
1531290 1280
1531300 1275
1531310 1275
1531320 1270
1531330 1263
1531340 1263
1531350 1257
1531360 1251
1531370 1251
1531380 1246
1531390 1244
1531400 1244
1531410 1244
1531420 1244
1531430 1244
1531440 1245
1531450 1244
1531460 1244
1531470 1244
1531480 1244
1531490 1244
1531500 1244
1531510 1243
1531520 1243
1531530 1243
1531540 1244
1531550 1244
1531560 1244
1531570 1244
1531580 1244
1531590 1244
1531600 1244
1531610 1244
1531620 1244
1531630 1244
1531640 1244
1531650 1244
1531660 1245
1531670 1244
1531680 1244
1531690 1245
1531700 1246
1531710 1246
1531720 1248
1531730 1250
1531740 1252
1531750 1252
1531760 1254
1531770 1257
1531780 1257
1531790 1260
1531800 1263
1531810 1263
1531820 1266
1531830 1268
1531840 1268
1531850 1271
1531860 1274
1531870 1274
1531880 1277
1531890 1283
1531900 1283
1531910 1289
1531920 1296
1531930 1296
1531940 1303
1531950 1310
1531960 1310
1531970 1318
1531980 1325
1531990 1333
1532000 1333
1532010 1342
1532020 1350
1532030 1350
1532040 1357
1532050 1373
1532060 1373
1532070 1396
1532080 1413
1532090 1413
1532100 1426
1532110 1440
1532120 1440
1532130 1455
1532140 1462
1532150 1462
1532160 1469
1532170 1479
1532180 1479
1532190 1487
1532200 1490
1532210 1487
1532220 1487
1532230 1486
1532240 1489
1532250 1489
1532260 1503
1532270 1519
1532280 1519
1532290 1529
1532300 1539
1532310 1539
1532320 1548
1532330 1553
1532340 1553
1532350 1558
1532360 1566
1532370 1566
1532380 1579
1532390 1585
1532400 1585
1532410 1588
1532420 1596
1532430 1596
1532440 1606
1532450 1610
1532460 1612
1532470 1612
1532480 1616
1532490 1620
1532500 1620
1532510 1625
1532520 1630
1532530 1630
1532540 1635
1532550 1636
1532560 1636
1532570 1637
1532580 1641
1532590 1641
1532600 1648
1532610 1656
1532620 1656
1532630 1661
1532640 1666
1532650 1666
1532660 1670
1532670 1676
1532680 1676
1532690 1682
1532700 1689
1532710 1697
1532720 1697
1532730 1706
1532740 1716
1532750 1716
1532760 1724
1532770 1735
1532780 1735
1532790 1743
1532800 1749
1532810 1749
1532820 1753
1532830 1757
1532840 1757
1532850 1760
1532860 1764
1532870 1764
1532880 1767
1532890 1770
1532900 1770
1532910 1773
1532920 1776
1532930 1776
1532940 1779
1532950 1780
1532960 1782
1532970 1782
1532980 1783
1532990 1783
1533000 1783
1533010 1784
1533020 1785
1533030 1785
1533040 1787
1533050 1789
1533060 1789
1533070 1790
1533080 1792
1533090 1792
1533100 1793
1533110 1795
1533120 1795
1533130 1797
1533140 1798
1533150 1798
1533160 1801
1533170 1802
1533180 1801
1533190 1801
1533200 1801
1533210 1800
1533220 1800
1533230 1800
1533240 1800
1533250 1800
1533260 1799
1533270 1798
1533280 1798
1533290 1796
1533300 1794
1533310 1794
1533320 1794
1533330 1794
1533340 1794
1533350 1795
1533360 1797
1533370 1797
1533380 1798
1533390 1799
1533400 1799
1533410 1800
1533420 1801
1533430 1801
1533440 1801
1533450 1802
1533460 1803
1533470 1803
1533480 1805
1533490 1808
1533500 1808
1533510 1813
1533520 1818
1533530 1818
1533540 1823
1533550 1826
1533560 1826
1533570 1828
1533580 1830
1533590 1830
1533600 1831
1533610 1832
1533620 1832
1533630 1834
1533640 1835
1533650 1835
1533660 1837
1533670 1839
1533680 1840
1533690 1840
1533700 1842
1533710 1844
1533720 1844
1533730 1848
1533740 1851
1533750 1851
1533760 1854
1533770 1856
1533780 1856
1533790 1857
1533800 1857
1533810 1857
1533820 1857
1533830 1859
1533840 1859
1533850 1866
1533860 1871
1533870 1871
1533880 1879
1533890 1885
1533900 1885
1533910 1890
1533920 1894
1533930 1897
1533940 1897
1533950 1900
1533960 1903
1533970 1903
1533980 1905
1533990 1908
1534000 1908
1534010 1911
1534020 1916
1534030 1916
1534040 1921
1534050 1924
1534060 1924
1534070 1927
1534080 1931
1534090 1931
1534100 1935
1534110 1939
1534120 1939
1534130 1942
1534140 1944
1534150 1947
1534160 1947
1534170 1951
1534180 1954
1534190 1954
1534200 1956
1534210 1958
1534220 1958
1534230 1960
1534240 1961
1534250 1961
1534260 1961
1534270 1960
1534280 1960
1534290 1959
1534300 1956
1534310 1956
1534320 1954
1534330 1951
1534340 1951
1534350 1948
1534360 1944
1534370 1944
1534380 1940
1534390 1937
1534400 1934
1534410 1934
1534420 1930
1534430 1926
1534440 1926
1534450 1923
1534460 1920
1534470 1920
1534480 1917
1534490 1914
1534500 1914
1534510 1911
1534520 1907
1534530 1907
1534540 1903
1534550 1899
1534560 1899
1534570 1896
1534580 1894
1534590 1894
1534600 1892
1534610 1891
1534620 1891
1534630 1890
1534640 1887
1534650 1885
1534660 1885
1534670 1881
1534680 1878
1534690 1878
1534700 1875
1534710 1874
1534720 1874
1534730 1874
1534740 1873
1534750 1873
1534760 1870
1534770 1868
1534780 1868
1534790 1867
1534800 1866
1534810 1866
1534820 1865
1534830 1863
1534840 1863
1534850 1863
1534860 1862
1534870 1862
1534880 1862
1534890 1862
1534900 1861
1534910 1861
1534920 1861
1534930 1860
1534940 1860
1534950 1859
1534960 1857
1534970 1857
1534980 1855
1534990 1854
1535000 1854
1535010 1852
1535020 1851
1535030 1851
1535040 1849
1535050 1847
1535060 1847
1535070 1846
1535080 1844
1535090 1844
1535100 1842
1535110 1840
1535120 1838
1535130 1838
1535140 1836
1535150 1834
1535160 1834
1535170 1832
1535180 1830
1535190 1830
1535200 1828
1535210 1826
1535220 1826
1535230 1823
1535240 1820
1535250 1820
1535260 1817
1535270 1812
1535280 1812
1535290 1808
1535300 1805
1535310 1805
1535320 1802
1535330 1799
1535340 1799
1535350 1796
1535360 1792
1535370 1788
1535380 1788
1535390 1784
1535400 1779
1535410 1779
1535420 1774
1535430 1769
1535440 1769
1535450 1764
1535460 1759
1535470 1759
1535480 1754
1535490 1749
1535500 1749
1535510 1743
1535520 1736
1535530 1736
1535540 1729
1535550 1719
1535560 1719
1535570 1708
1535580 1700
1535590 1700
1535600 1692
1535610 1686
1535620 1681
1535630 1681
1535640 1676
1535650 1671
1535660 1671
1535670 1667
1535680 1662
1535690 1662
1535700 1658
1535710 1654
1535720 1654
1535730 1650
1535740 1646
1535750 1646
1535760 1643
1535770 1639
1535780 1639
1535790 1637
1535800 1636
1535810 1636
1535820 1636
1535830 1635
1535840 1635
1535850 1633
1535860 1631
1535870 1629
1535880 1629
1535890 1626
1535900 1624
1535910 1624
1535920 1622
1535930 1619
1535940 1619
1535950 1615
1535960 1613
1535970 1613
1535980 1611
1535990 1610
1536000 1610
1536010 1606
1536020 1603
1536030 1603
1536040 1600
1536050 1596
1536060 1596
1536070 1592
1536080 1587
1536090 1582
1536100 1582
1536110 1576
1536120 1572
1536130 1572
1536140 1567
1536150 1563
1536160 1563
1536170 1559
1536180 1554
1536190 1554
1536200 1550
1536210 1546
1536220 1546
1536230 1542
1536240 1538
1536250 1538
1536260 1535
1536270 1533
1536280 1533
1536290 1531
1536300 1529
1536310 1529
1536320 1529
1536330 1528
1536340 1527
1536350 1527
1536360 1524
1536370 1521
1536380 1521
1536390 1518
1536400 1517
1536410 1517
1536420 1514
1536430 1511
1536440 1511
1536450 1508
1536460 1505
1536470 1505
1536480 1502
1536490 1499
1536500 1499
1536510 1496
1536520 1492
1536530 1492
1536540 1489
1536550 1485
1536560 1485
1536570 1482
1536580 1478
1536590 1472
1536600 1472
1536610 1467
1536620 1462
1536630 1462
1536640 1456
1536650 1452
1536660 1452
1536670 1445
1536680 1433
1536690 1433
1536700 1426
1536710 1420
1536720 1420
1536730 1413
1536740 1407
1536750 1407
1536760 1401
1536770 1399
1536780 1399
1536790 1395
1536800 1390
1536810 1390
1536820 1383
1536830 1375
1536840 1367
1536850 1367
1536860 1360
1536870 1354
1536880 1354
1536890 1348
1536900 1344
1536910 1344
1536920 1340
1536930 1333
1536940 1333
1536950 1326
1536960 1320
1536970 1320
1536980 1312
1536990 1308
1537000 1308
1537010 1302
1537020 1296
1537030 1296
1537040 1289
1537050 1284
1537060 1279
1537070 1279
1537080 1274
1537090 1269
1537100 1269
1537110 1265
1537120 1260
1537130 1260
1537140 1255
1537150 1250
1537160 1250
1537170 1246
1537180 1241
1537190 1241
1537200 1237
1537210 1234
1537220 1234
1537230 1230
1537240 1224
1537250 1224
1537260 1218
1537270 1212
1537280 1212
1537290 1206
1537300 1201
1537310 1197
1537320 1197
1537330 1197
1537340 1195
1537350 1195
1537360 1195
1537370 1195
1537380 1195
1537390 1195
1537400 1195
1537410 1195
1537420 1195
1537430 1195
1537440 1195
1537450 1195
1537460 1195
1537470 1195
1537480 1195
1537490 1195
1537500 1195
1537510 1196
1537520 1197
1537530 1197
1537540 1198
1537550 1200
1537560 1200
1537570 1200
1537580 1202
1537590 1203
1537600 1203
1537610 1204
1537620 1207
1537630 1207
1537640 1210
1537650 1213
1537660 1213
1537670 1217
1537680 1222
1537690 1222
1537700 1226
1537710 1230
1537720 1230
1537730 1233
1537740 1236
1537750 1236
1537760 1239
1537770 1243
1537780 1243
1537790 1247
1537800 1252
1537810 1256
1537820 1256
1537830 1259
1537840 1263
1537850 1263
1537860 1267
1537870 1272
1537880 1272
1537890 1278
1537900 1283
1537910 1283
1537920 1288
1537930 1292
1537940 1292
1537950 1297
1537960 1303
1537970 1303
1537980 1310
1537990 1317
1538000 1317
1538010 1324
1538020 1331
1538030 1337
1538040 1337
1538050 1343
1538060 1350
1538070 1350
1538080 1360
1538090 1368
1538100 1368
1538110 1377
1538120 1386
1538130 1386
1538140 1396
1538150 1404
1538160 1404
1538170 1411
1538180 1419
1538190 1419
1538200 1427
1538210 1435
1538220 1435
1538230 1443
1538240 1450
1538250 1450
1538260 1455
1538270 1461
1538280 1467
1538290 1467
1538300 1474
1538310 1482
1538320 1482
1538330 1490
1538340 1497
1538350 1497
1538360 1505
1538370 1512
1538380 1512
1538390 1520
1538400 1527
1538410 1527
1538420 1534
1538430 1542
1538440 1542
1538450 1549
1538460 1557
1538470 1557
1538480 1565
1538490 1573
1538500 1573
1538510 1582
1538520 1590
1538530 1598
1538540 1598
1538550 1606
1538560 1614
1538570 1614
1538580 1623
1538590 1631
1538600 1631
1538610 1639
1538620 1647
1538630 1647
1538640 1655
1538650 1662
1538660 1662
1538670 1670
1538680 1678
1538690 1678
1538700 1686
1538710 1693
1538720 1693
1538730 1701
1538740 1709
1538750 1717
1538760 1717
1538770 1724
1538780 1731
1538790 1731
1538800 1736
1538810 1740
1538820 1740
1538830 1743
1538840 1746
1538850 1746
1538860 1749
1538870 1751
1538880 1751
1538890 1751
1538900 1752
1538910 1752
1538920 1751
1538930 1750
1538940 1750
1538950 1749
1538960 1748
1538970 1748
1538980 1746
1538990 1744
1539000 1742
1539010 1742
1539020 1740
1539030 1736
1539040 1736
1539050 1731
1539060 1727
1539070 1727
1539080 1724
1539090 1721
1539100 1721
1539110 1718
1539120 1716
1539130 1716
1539140 1717
1539150 1718
1539160 1718
1539170 1718
1539180 1717
1539190 1717
1539200 1716
1539210 1715
1539220 1715
1539230 1713
1539240 1712
1539250 1713
1539260 1713
1539270 1714
1539280 1713
1539290 1713
1539300 1714
1539310 1714
1539320 1714
1539330 1714
1539340 1712
1539350 1712
1539360 1710
1539370 1707
1539380 1707
1539390 1703
1539400 1699
1539410 1699
1539420 1697
1539430 1696
1539440 1696
1539450 1697
1539460 1700
1539470 1700
1539480 1707
1539490 1713
1539500 1720
1539510 1720
1539520 1727
1539530 1735
1539540 1735
1539550 1742
1539560 1747
1539570 1747
1539580 1749
1539590 1750
1539600 1750
1539610 1751
1539620 1752
1539630 1752
1539640 1753
1539650 1754
1539660 1754
1539670 1756
1539680 1757
1539690 1757
1539700 1758
1539710 1760
1539720 1760
1539730 1762
1539740 1764
1539750 1766
1539760 1766
1539770 1768
1539780 1770
1539790 1770
1539800 1772
1539810 1774
1539820 1774
1539830 1775
1539840 1777
1539850 1777
1539860 1778
1539870 1779
1539880 1779
1539890 1780
1539900 1782
1539910 1782
1539920 1783
1539930 1784
1539940 1784
1539950 1785
1539960 1786
1539970 1787
1539980 1787
1539990 1787
