1520000 1461
1520010 1461
1520020 1459
1520030 1458
1520040 1458
1520050 1456
1520060 1455
1520070 1455
1520080 1453
1520090 1451
1520100 1451
1520110 1448
1520120 1444
1520130 1444
1520140 1439
1520150 1435
1520160 1435
1520170 1432
1520180 1429
1520190 1429
1520200 1426
1520210 1423
1520220 1423
1520230 1420
1520240 1416
1520250 1413
1520260 1413
1520270 1409
1520280 1404
1520290 1404
1520300 1398
1520310 1393
1520320 1393
1520330 1390
1520340 1387
1520350 1387
1520360 1385
1520370 1382
1520380 1382
1520390 1380
1520400 1379
1520410 1379
1520420 1377
1520430 1376
1520440 1376
1520450 1374
1520460 1370
1520470 1370
1520480 1367
1520490 1364
1520500 1361
1520510 1361
1520520 1357
1520530 1353
1520540 1353
1520550 1347
1520560 1342
1520570 1342
1520580 1337
1520590 1332
1520600 1332
1520610 1328
1520620 1324
1520630 1324
1520640 1320
1520650 1316
1520660 1316
1520670 1312
1520680 1307
1520690 1307
1520700 1302
1520710 1299
1520720 1299
1520730 1294
1520740 1290
1520750 1286
1520760 1286
1520770 1282
1520780 1278
1520790 1278
1520800 1276
1520810 1273
1520820 1273
1520830 1270
1520840 1266
1520850 1266
1520860 1263
1520870 1259
1520880 1259
1520890 1254
1520900 1247
1520910 1247
1520920 1242
1520930 1237
1520940 1237
1520950 1233
1520960 1228
1520970 1223
1520980 1223
1520990 1220
1521000 1217
1521010 1217
1521020 1214
1521030 1209
1521040 1209
1521050 1204
1521060 1200
1521070 1200
1521080 1198
1521090 1197
1521100 1197
1521110 1197
1521120 1196
1521130 1196
1521140 1194
1521150 1193
1521160 1193
1521170 1191
1521180 1189
1521190 1189
1521200 1187
1521210 1185
1521220 1182
1521230 1182
1521240 1180
1521250 1177
1521260 1177
1521270 1175
1521280 1172
1521290 1172
1521300 1168
1521310 1164
1521320 1164
1521330 1160
1521340 1157
1521350 1157
1521360 1155
1521370 1152
1521380 1152
1521390 1149
1521400 1146
1521410 1146
1521420 1143
1521430 1140
1521440 1140
1521450 1139
1521460 1139
1521470 1139
1521480 1139
1521490 1139
1521500 1139
1521510 1139
1521520 1139
1521530 1139
1521540 1139
1521550 1139
1521560 1141
1521570 1141
1521580 1142
1521590 1144
1521600 1144
1521610 1145
1521620 1147
1521630 1147
1521640 1149
1521650 1151
1521660 1151
1521670 1154
1521680 1155
1521690 1155
1521700 1157
1521710 1160
1521720 1162
1521730 1162
1521740 1164
1521750 1167
1521760 1167
1521770 1169
1521780 1171
1521790 1171
1521800 1174
1521810 1176
1521820 1176
1521830 1179
1521840 1182
1521850 1182
1521860 1184
1521870 1188
1521880 1188
1521890 1190
1521900 1193
1521910 1193
1521920 1196
1521930 1198
1521940 1199
1521950 1199
1521960 1200
1521970 1204
1521980 1204
1521990 1208
1522000 1209
1522010 1209
1522020 1212
1522030 1214
1522040 1214
1522050 1215
1522060 1218
1522070 1218
1522080 1224
1522090 1232
1522100 1232
1522110 1240
1522120 1248
1522130 1248
1522140 1252
1522150 1257
1522160 1257
1522170 1260
1522180 1263
1522190 1265
1522200 1265
1522210 1268
1522220 1271
1522230 1271
1522240 1275
1522250 1279
1522260 1279
1522270 1283
1522280 1288
1522290 1288
1522300 1293
1522310 1299
1522320 1299
1522330 1305
1522340 1312
1522350 1312
1522360 1322
1522370 1330
1522380 1330
1522390 1334
1522400 1343
1522410 1343
1522420 1350
1522430 1354
1522440 1357
1522450 1357
1522460 1363
1522470 1370
1522480 1370
1522490 1381
1522500 1394
1522510 1394
1522520 1403
1522530 1408
1522540 1408
1522550 1415
1522560 1425
1522570 1425
1522580 1436
1522590 1445
1522600 1445
1522610 1449
1522620 1455
1522630 1455
1522640 1461
1522650 1466
1522660 1466
1522670 1471
1522680 1475
1522690 1480
1522700 1480
1522710 1483
1522720 1488
1522730 1488
1522740 1494
1522750 1516
1522760 1516
1522770 1524
1522780 1524
1522790 1524
1522800 1520
1522810 1526
1522820 1526
1522830 1522
1522840 1519
1522850 1519
1522860 1520
1522870 1516
1522880 1516
1522890 1512
1522900 1524
1522910 1543
1522920 1543
1522930 1555
1522940 1569
1522950 1569
1522960 1581
1522970 1600
1522980 1600
1522990 1620
1523000 1640
1523010 1640
1523020 1654
1523030 1662
1523040 1662
1523050 1669
1523060 1673
1523070 1673
1523080 1677
1523090 1680
1523100 1680
1523110 1683
1523120 1682
1523130 1682
1523140 1680
1523150 1679
1523160 1677
1523170 1677
1523180 1676
1523190 1675
1523200 1675
1523210 1676
1523220 1679
1523230 1679
1523240 1704
1523250 1717
1523260 1717
1523270 1718
1523280 1722
1523290 1722
1523300 1726
1523310 1724
1523320 1724
1523330 1721
1523340 1715
1523350 1715
1523360 1705
1523370 1692
1523380 1692
1523390 1703
1523400 1721
1523410 1727
1523420 1727
1523430 1728
1523440 1735
1523450 1735
1523460 1741
1523470 1738
1523480 1738
1523490 1733
1523500 1728
1523510 1728
1523520 1721
1523530 1721
1523540 1721
1523550 1727
1523560 1728
1523570 1728
1523580 1731
1523590 1736
1523600 1736
1523610 1742
1523620 1746
1523630 1746
1523640 1754
1523650 1765
1523660 1773
1523670 1773
1523680 1781
1523690 1789
1523700 1789
1523710 1798
1523720 1808
1523730 1808
1523740 1818
1523750 1828
1523760 1828
1523770 1838
1523780 1843
1523790 1843
1523800 1853
1523810 1865
1523820 1865
1523830 1877
1523840 1883
1523850 1883
1523860 1891
1523870 1901
1523880 1901
1523890 1911
1523900 1922
1523910 1930
1523920 1930
1523930 1938
1523940 1947
1523950 1947
1523960 1955
1523970 1961
1523980 1961
1523990 1968
1524000 1975
1524010 1975
1524020 1982
1524030 1989
1524040 1989
1524050 1995
1524060 2002
1524070 2002
1524080 2009
1524090 2016
1524100 2016
1524110 2026
1524120 2044
1524130 2063
1524140 2063
1524150 2070
1524160 2074
1524170 2074
1524180 2077
1524190 2077
1524200 2077
1524210 2078
1524220 2082
1524230 2082
1524240 2086
1524250 2089
1524260 2089
1524270 2089
1524280 2086
1524290 2086
1524300 2082
1524310 2077
1524320 2077
1524330 2071
1524340 2064
1524350 2064
1524360 2056
1524370 2045
1524380 2030
1524390 2030
1524400 2019
1524410 2011
1524420 2011
1524430 2004
1524440 1999
1524450 1999
1524460 1999
1524470 1999
1524480 1999
1524490 2000
1524500 2002
1524510 2002
1524520 2003
1524530 2003
1524540 2003
1524550 2002
1524560 2001
1524570 2001
1524580 1999
1524590 1997
1524600 1997
1524610 1993
1524620 1992
1524630 1991
1524640 1991
1524650 1989
1524660 1987
1524670 1987
1524680 1984
1524690 1979
1524700 1979
1524710 1976
1524720 1975
1524730 1975
1524740 1975
1524750 1973
1524760 1973
1524770 1973
1524780 1973
1524790 1973
1524800 1972
1524810 1971
1524820 1971
1524830 1971
1524840 1970
1524850 1970
1524860 1970
1524870 1970
1524880 1968
1524890 1968
1524900 1966
1524910 1966
1524920 1966
1524930 1967
1524940 1971
1524950 1971
1524960 1975
1524970 1976
1524980 1976
1524990 1980
1525000 1980
1525010 1980
1525020 1982
1525030 1987
1525040 1987
1525050 1994
1525060 2001
1525070 2001
1525080 2008
1525090 2016
1525100 2024
1525110 2024
1525120 2034
1525130 2045
1525140 2045
1525150 2055
1525160 2064
1525170 2064
1525180 2071
1525190 2078
1525200 2078
1525210 2079
1525220 2077
1525230 2077
1525240 2072
1525250 2068
1525260 2068
1525270 2063
1525280 2057
1525290 2057
1525300 2051
1525310 2044
1525320 2044
1525330 2038
1525340 2032
1525350 2026
1525360 2026
1525370 2020
1525380 2015
1525390 2015
1525400 2011
1525410 2006
1525420 2006
1525430 2003
1525440 2001
1525450 2001
1525460 1997
1525470 1991
1525480 1991
1525490 1985
1525500 1979
1525510 1979
1525520 1975
1525530 1972
1525540 1972
1525550 1970
1525560 1970
1525570 1970
1525580 1968
1525590 1962
1525600 1954
1525610 1954
1525620 1946
1525630 1939
1525640 1939
1525650 1933
1525660 1926
1525670 1926
1525680 1921
1525690 1916
1525700 1916
1525710 1911
1525720 1904
1525730 1904
1525740 1899
1525750 1893
1525760 1893
1525770 1885
1525780 1876
1525790 1876
1525800 1870
1525810 1865
1525820 1865
1525830 1861
1525840 1858
1525850 1855
1525860 1855
1525870 1849
1525880 1840
1525890 1840
1525900 1829
1525910 1823
1525920 1823
1525930 1818
1525940 1794
1525950 1794
1525960 1783
1525970 1775
1525980 1775
1525990 1766
1526000 1757
1526010 1757
1526020 1748
1526030 1739
1526040 1739
1526050 1731
1526060 1723
1526070 1715
1526080 1715
1526090 1707
1526100 1699
1526110 1699
1526120 1691
1526130 1683
1526140 1683
1526150 1677
1526160 1674
1526170 1674
1526180 1668
1526190 1657
1526200 1657
1526210 1653
1526220 1644
1526230 1644
1526240 1639
1526250 1635
1526260 1635
1526270 1622
1526280 1610
1526290 1610
1526300 1592
1526310 1579
1526320 1569
1526330 1569
1526340 1561
1526350 1552
1526360 1552
1526370 1544
1526380 1537
1526390 1537
1526400 1530
1526410 1524
1526420 1524
1526430 1517
1526440 1513
1526450 1513
1526460 1510
1526470 1506
1526480 1506
1526490 1502
1526500 1497
1526510 1497
1526520 1492
1526530 1488
1526540 1488
1526550 1483
1526560 1479
1526570 1475
1526580 1475
1526590 1468
1526600 1461
1526610 1461
1526620 1455
1526630 1450
1526640 1450
1526650 1445
1526660 1440
1526670 1440
1526680 1436
1526690 1431
1526700 1431
1526710 1426
1526720 1421
1526730 1421
1526740 1417
1526750 1416
1526760 1416
1526770 1417
1526780 1422
1526790 1422
1526800 1424
1526810 1426
1526820 1429
1526830 1429
1526840 1431
1526850 1433
1526860 1433
1526870 1435
1526880 1437
1526890 1437
1526900 1439
1526910 1441
1526920 1441
1526930 1444
1526940 1447
1526950 1447
1526960 1450
1526970 1454
1526980 1454
1526990 1457
1527000 1461
1527010 1461
1527020 1464
1527030 1465
1527040 1466
1527050 1466
1527060 1470
1527070 1473
1527080 1473
1527090 1478
1527100 1483
1527110 1483
1527120 1487
1527130 1494
1527140 1494
1527150 1501
1527160 1509
1527170 1509
1527180 1517
1527190 1525
1527200 1525
1527210 1532
1527220 1540
1527230 1540
1527240 1547
1527250 1552
1527260 1552
1527270 1559
1527280 1566
1527290 1569
1527300 1569
1527310 1573
1527320 1580
1527330 1580
1527340 1587
1527350 1593
1527360 1593
1527370 1603
1527380 1614
1527390 1614
1527400 1625
1527410 1636
1527420 1636
1527430 1645
1527440 1657
1527450 1657
1527460 1676
1527470 1689
1527480 1689
1527490 1698
1527500 1706
1527510 1706
1527520 1715
1527530 1724
1527540 1734
1527550 1734
1527560 1743
1527570 1752
1527580 1752
1527590 1761
1527600 1772
1527610 1772
1527620 1781
1527630 1788
1527640 1788
1527650 1796
1527660 1804
1527670 1804
1527680 1814
1527690 1821
1527700 1821
1527710 1828
1527720 1837
1527730 1837
1527740 1847
1527750 1861
1527760 1861
1527770 1874
1527780 1883
1527790 1897
1527800 1897
1527810 1907
1527820 1917
1527830 1917
1527840 1928
1527850 1938
1527860 1938
1527870 1942
1527880 1947
1527890 1947
1527900 1957
1527910 1975
1527920 1975
1527930 1981
1527940 1992
1527950 1992
1527960 2002
1527970 2006
1527980 2006
1527990 2016
1528000 2024
1528010 2024
1528020 2010
1528030 2017
1528040 2026
1528050 2026
1528060 2041
1528070 2058
1528080 2058
1528090 2070
1528100 2078
1528110 2078
1528120 2084
1528130 2092
1528140 2092
1528150 2100
1528160 2103
1528170 2103
1528180 2104
1528190 2105
1528200 2105
1528210 2105
1528220 2106
1528230 2106
1528240 2106
1528250 2106
1528260 2107
1528270 2107
1528280 2107
1528290 2107
1528300 2107
1528310 2107
1528320 2107
1528330 2107
1528340 2108
1528350 2109
1528360 2109
1528370 2111
1528380 2113
1528390 2113
1528400 2115
1528410 2117
1528420 2117
1528430 2119
1528440 2120
1528450 2120
1528460 2121
1528470 2122
1528480 2122
1528490 2123
1528500 2124
1528510 2125
1528520 2125
1528530 2126
1528540 2126
1528550 2126
1528560 2127
1528570 2127
1528580 2127
1528590 2128
1528600 2128
1528610 2128
1528620 2128
1528630 2128
1528640 2128
1528650 2127
1528660 2127
1528670 2127
1528680 2126
1528690 2125
1528700 2125
1528710 2123
1528720 2123
1528730 2123
1528740 2122
1528750 2121
1528760 2121
1528770 2121
1528780 2119
1528790 2118
1528800 2118
1528810 2117
1528820 2116
1528830 2116
1528840 2114
1528850 2113
1528860 2113
1528870 2111
1528880 2110
1528890 2110
1528900 2109
1528910 2107
1528920 2107
1528930 2106
1528940 2104
1528950 2104
1528960 2102
1528970 2100
1528980 2100
1528990 2098
1529000 2096
1529010 2092
1529020 2092
1529030 2088
1529040 2084
1529050 2084
1529060 2080
1529070 2077
1529080 2077
1529090 2075
1529100 2073
1529110 2073
1529120 2071
1529130 2067
1529140 2067
1529150 2062
1529160 2055
1529170 2055
1529180 2050
1529190 2046
1529200 2046
1529210 2041
1529220 2033
1529230 2027
1529240 2027
1529250 2018
1529260 2009
1529270 2009
1529280 1997
1529290 1980
1529300 1980
1529310 1970
1529320 1963
1529330 1963
1529340 1957
1529350 1950
1529360 1950
1529370 1944
1529380 1940
1529390 1940
1529400 1935
1529410 1932
1529420 1932
1529430 1930
1529440 1929
1529450 1929
1529460 1928
1529470 1927
1529480 1927
1529490 1927
1529500 1927
1529510 1929
1529520 1929
1529530 1933
1529540 1938
1529550 1938
1529560 1941
1529570 1945
1529580 1945
1529590 1948
1529600 1949
1529610 1949
1529620 1949
1529630 1947
1529640 1947
1529650 1945
1529660 1943
1529670 1943
1529680 1941
1529690 1939
1529700 1939
1529710 1937
1529720 1937
1529730 1936
1529740 1936
1529750 1934
1529760 1933
1529770 1933
1529780 1933
1529790 1932
1529800 1932
1529810 1931
1529820 1929
1529830 1929
1529840 1929
1529850 1930
1529860 1930
1529870 1932
1529880 1933
1529890 1933
1529900 1932
1529910 1930
1529920 1930
1529930 1924
1529940 1916
1529950 1916
1529960 1911
1529970 1905
1529980 1899
1529990 1899
1530000 1889
1530010 1878
1530020 1878
1530030 1870
1530040 1863
1530050 1863
1530060 1857
1530070 1852
1530080 1852
1530090 1846
1530100 1841
1530110 1841
1530120 1839
1530130 1842
1530140 1842
1530150 1843
1530160 1844
1530170 1844
1530180 1847
1530190 1842
1530200 1831
1530210 1831
1530220 1820
1530230 1810
1530240 1810
1530250 1803
1530260 1802
1530270 1802
1530280 1805
1530290 1801
1530300 1801
1530310 1790
1530320 1781
1530330 1781
1530340 1773
1530350 1763
1530360 1763
1530370 1753
1530380 1743
1530390 1743
1530400 1733
1530410 1724
1530420 1724
1530430 1717
1530440 1707
1530450 1698
1530460 1698
1530470 1689
1530480 1679
1530490 1679
1530500 1669
1530510 1658
1530520 1658
1530530 1646
1530540 1637
1530550 1637
1530560 1630
1530570 1623
1530580 1623
1530590 1616
1530600 1605
1530610 1605
1530620 1593
1530630 1582
1530640 1582
1530650 1568
1530660 1557
1530670 1557
1530680 1547
1530690 1540
1530700 1535
1530710 1535
1530720 1529
1530730 1524
1530740 1524
1530750 1517
1530760 1503
1530770 1503
1530780 1486
1530790 1474
1530800 1474
1530810 1464
1530820 1455
1530830 1455
1530840 1446
1530850 1434
1530860 1431
1530870 1423
1530880 1415
1530890 1415
1530900 1408
1530910 1400
1530920 1400
1530930 1393
1530940 1386
1530950 1379
1530960 1379
1530970 1374
1530980 1367
1530990 1367
1531000 1361
1531010 1355
1531020 1355
1531030 1349
1531040 1344
1531050 1344
1531060 1338
1531070 1332
1531080 1332
1531090 1327
1531100 1322
1531110 1322
1531120 1316
1531130 1310
1531140 1310
1531150 1306
1531160 1301
1531170 1301
1531180 1297
1531190 1293
1531200 1288
1531210 1288
1531220 1282
1531230 1275
1531240 1275
1531250 1269
1531260 1267
1531270 1267
1531280 1265
1531290 1263
1531300 1263
1531310 1263
1531320 1261
1531330 1261
1531340 1262
1531350 1263
1531360 1263
1531370 1263
1531380 1263
1531390 1263
1531400 1265
1531410 1268
1531420 1271
1531430 1271
1531440 1273
1531450 1274
1531460 1274
1531470 1276
1531480 1277
1531490 1277
1531500 1278
1531510 1279
1531520 1279
1531530 1280
1531540 1282
1531550 1282
1531560 1283
1531570 1285
1531580 1285
1531590 1286
1531600 1288
1531610 1288
1531620 1290
1531630 1292
1531640 1292
1531650 1292
1531660 1295
1531670 1302
1531680 1302
1531690 1310
1531700 1318
1531710 1318
1531720 1326
1531730 1333
1531740 1333
1531750 1340
1531760 1346
1531770 1346
1531780 1351
1531790 1355
1531800 1355
1531810 1359
1531820 1363
1531830 1363
1531840 1367
1531850 1372
1531860 1372
1531870 1376
1531880 1381
1531890 1381
1531900 1386
1531910 1392
1531920 1397
1531930 1397
1531940 1403
1531950 1408
1531960 1408
1531970 1413
1531980 1418
1531990 1418
1532000 1425
1532010 1432
1532020 1432
1532030 1439
1532040 1447
1532050 1447
1532060 1454
1532070 1463
1532080 1463
1532090 1473
1532100 1482
1532110 1482
1532120 1490
1532130 1497
1532140 1497
1532150 1503
1532160 1508
1532170 1515
1532180 1515
1532190 1522
1532200 1529
1532210 1529
1532220 1537
1532230 1544
1532240 1544
1532250 1552
1532260 1559
1532270 1559
1532280 1567
1532290 1574
1532300 1574
1532310 1582
1532320 1590
1532330 1590
1532340 1598
1532350 1607
1532360 1607
1532370 1618
1532380 1628
1532390 1638
1532400 1638
1532410 1648
1532420 1659
1532430 1659
1532440 1670
1532450 1681
1532460 1681
1532470 1691
1532480 1701
1532490 1701
1532500 1713
1532510 1723
1532520 1723
1532530 1735
1532540 1749
1532550 1749
1532560 1757
1532570 1761
1532580 1761
1532590 1764
1532600 1768
1532610 1768
1532620 1772
1532630 1775
1532640 1778
1532650 1778
1532660 1781
1532670 1784
1532680 1784
1532690 1787
1532700 1790
1532710 1790
1532720 1794
1532730 1798
1532740 1798
1532750 1803
1532760 1807
1532770 1807
1532780 1813
1532790 1817
1532800 1817
1532810 1821
1532820 1825
1532830 1825
1532840 1828
1532850 1831
1532860 1831
1532870 1833
1532880 1835
1532890 1837
1532900 1837
1532910 1839
1532920 1841
1532930 1841
1532940 1844
1532950 1847
1532960 1847
1532970 1851
1532980 1855
1532990 1855
1533000 1858
1533010 1862
1533020 1862
1533030 1867
1533040 1873
1533050 1873
1533060 1878
1533070 1884
1533080 1884
1533090 1889
1533100 1895
1533110 1895
1533120 1901
1533130 1906
1533140 1911
1533150 1911
1533160 1915
1533170 1919
1533180 1919
1533190 1923
1533200 1927
1533210 1927
1533220 1931
1533230 1936
1533240 1936
1533250 1940
1533260 1945
1533270 1945
1533280 1950
1533290 1955
1533300 1955
1533310 1960
1533320 1964
1533330 1964
1533340 1967
1533350 1971
1533360 1971
1533370 1974
1533380 1976
1533390 1979
1533400 1979
1533410 1983
1533420 1987
1533430 1987
1533440 1990
1533450 1995
1533460 1995
1533470 1999
1533480 2003
1533490 2003
1533500 2006
1533510 2010
1533520 2010
1533530 2018
1533540 2021
1533550 2021
1533560 2025
1533570 2027
1533580 2027
1533590 2029
1533600 2030
1533610 2031
1533620 2031
1533630 2033
1533640 2035
1533650 2035
1533660 2038
1533670 2040
1533680 2040
1533690 2043
1533700 2046
1533710 2046
1533720 2048
1533730 2051
1533740 2051
1533750 2055
1533760 2058
1533770 2058
1533780 2062
1533790 2065
1533800 2065
1533810 2069
1533820 2073
1533830 2073
1533840 2077
1533850 2081
1533860 2085
1533870 2085
1533880 2090
1533890 2095
1533900 2095
1533910 2100
1533920 2105
1533930 2105
1533940 2109
1533950 2113
1533960 2113
1533970 2117
1533980 2119
1533990 2119
1534000 2121
1534010 2125
1534020 2125
1534030 2130
1534040 2134
1534050 2134
1534060 2139
1534070 2143
1534080 2143
1534090 2146
1534100 2149
1534110 2151
1534120 2151
1534130 2152
1534140 2150
1534150 2150
1534160 2146
1534170 2144
1534180 2144
1534190 2142
1534200 2139
1534210 2139
1534220 2136
1534230 2132
1534240 2132
1534250 2129
1534260 2126
1534270 2126
1534280 2122
1534290 2118
1534300 2118
1534310 2114
1534320 2110
1534330 2110
1534340 2106
1534350 2101
1534360 2097
1534370 2097
1534380 2093
1534390 2090
1534400 2090
1534410 2086
1534420 2083
1534430 2083
1534440 2080
1534450 2079
1534460 2079
1534470 2077
1534480 2075
1534490 2075
1534500 2073
1534510 2070
1534520 2070
1534530 2068
1534540 2066
1534550 2066
1534560 2065
1534570 2064
1534580 2063
1534590 2063
1534600 2061
1534610 2058
1534620 2058
1534630 2055
1534640 2052
1534650 2052
1534660 2050
1534670 2048
1534680 2048
1534690 2044
1534700 2041
1534710 2041
1534720 2038
1534730 2034
1534740 2034
1534750 2030
1534760 2026
1534770 2026
1534780 2023
1534790 2019
1534800 2019
1534810 2015
1534820 2011
1534830 2006
1534840 2006
1534850 2001
1534860 1993
1534870 1993
1534880 1981
1534890 1974
1534900 1974
1534910 1968
1534920 1964
1534930 1964
1534940 1959
1534950 1954
1534960 1954
1534970 1947
1534980 1939
1534990 1939
1535000 1931
1535010 1925
1535020 1925
1535030 1918
1535040 1912
1535050 1912
1535060 1907
1535070 1904
1535080 1900
1535090 1900
1535100 1894
1535110 1889
1535120 1889
1535130 1886
1535140 1884
1535150 1884
1535160 1882
1535170 1880
1535180 1880
1535190 1876
1535200 1873
1535210 1873
1535220 1870
1535230 1867
1535240 1867
1535250 1863
1535260 1857
1535270 1857
1535280 1850
1535290 1842
1535300 1842
1535310 1834
1535320 1829
1535330 1826
1535340 1826
1535350 1822
1535360 1820
1535370 1820
1535380 1818
1535390 1817
1535400 1817
1535410 1815
1535420 1813
1535430 1813
1535440 1810
1535450 1806
1535460 1806
1535470 1803
1535480 1800
1535490 1800
1535500 1798
1535510 1795
1535520 1795
1535530 1792
1535540 1789
1535550 1789
1535560 1786
1535570 1782
1535580 1779
1535590 1779
1535600 1776
1535610 1773
1535620 1773
1535630 1770
1535640 1766
1535650 1766
1535660 1764
1535670 1761
1535680 1761
1535690 1758
1535700 1753
1535710 1753
1535720 1747
1535730 1744
1535740 1744
1535750 1741
1535760 1740
1535770 1740
1535780 1733
1535790 1728
1535800 1722
1535810 1722
1535820 1717
1535830 1712
1535840 1712
1535850 1707
1535860 1703
1535870 1703
1535880 1698
1535890 1694
1535900 1694
1535910 1691
1535920 1687
1535930 1687
1535940 1682
1535950 1677
1535960 1677
1535970 1673
1535980 1669
1535990 1669
1536000 1664
1536010 1660
1536020 1660
1536030 1655
1536040 1651
1536050 1647
1536060 1649
1536070 1645
1536080 1640
1536090 1640
1536100 1636
1536110 1632
1536120 1632
1536130 1627
1536140 1621
1536150 1621
1536160 1616
1536170 1609
1536180 1609
1536190 1603
1536200 1596
1536210 1596
1536220 1589
1536230 1583
1536240 1583
1536250 1577
1536260 1572
1536270 1572
1536280 1565
1536290 1561
1536300 1558
1536310 1558
1536320 1554
1536330 1549
1536340 1549
1536350 1545
1536360 1541
1536370 1541
1536380 1537
1536390 1532
1536400 1532
1536410 1526
1536420 1520
1536430 1520
1536440 1515
1536450 1507
1536460 1507
1536470 1500
1536480 1494
1536490 1494
1536500 1488
1536510 1481
1536520 1481
1536530 1474
1536540 1468
1536550 1461
1536560 1461
1536570 1455
1536580 1449
1536590 1449
1536600 1443
1536610 1436
1536620 1436
1536630 1430
1536640 1424
1536650 1424
1536660 1418
1536670 1412
1536680 1412
1536690 1406
1536700 1399
1536710 1399
1536720 1393
1536730 1385
1536740 1385
1536750 1377
1536760 1370
1536770 1370
1536780 1360
1536790 1348
1536800 1339
1536810 1339
1536820 1329
1536830 1321
1536840 1321
1536850 1312
1536860 1302
1536870 1302
1536880 1295
1536890 1286
1536900 1286
1536910 1278
1536920 1272
1536930 1272
1536940 1267
1536950 1263
1536960 1263
1536970 1258
1536980 1252
1536990 1252
1537000 1247
1537010 1241
1537020 1236
1537030 1236
1537040 1230
1537050 1226
1537060 1226
1537070 1224
1537080 1222
1537090 1222
1537100 1220
1537110 1220
1537120 1220
1537130 1218
1537140 1216
1537150 1216
1537160 1214
1537170 1212
1537180 1212
1537190 1211
1537200 1209
1537210 1209
1537220 1208
1537230 1206
1537240 1206
1537250 1205
1537260 1203
1537270 1202
1537280 1202
1537290 1201
1537300 1200
1537310 1200
1537320 1199
1537330 1198
1537340 1198
1537350 1198
1537360 1198
1537370 1198
1537380 1198
1537390 1198
1537400 1198
1537410 1198
1537420 1198
1537430 1198
1537440 1198
1537450 1198
1537460 1198
1537470 1198
1537480 1198
1537490 1198
1537500 1198
1537510 1199
1537520 1200
1537530 1200
1537540 1201
1537550 1203
1537560 1203
1537570 1205
1537580 1207
1537590 1207
1537600 1209
1537610 1211
1537620 1211
1537630 1213
1537640 1217
1537650 1217
1537660 1221
1537670 1225
1537680 1225
1537690 1229
1537700 1234
1537710 1234
1537720 1239
1537730 1245
1537740 1245
1537750 1250
1537760 1256
1537770 1262
1537780 1262
1537790 1268
1537800 1275
1537810 1275
1537820 1281
1537830 1288
1537840 1288
1537850 1295
1537860 1301
1537870 1301
1537880 1308
1537890 1316
1537900 1316
1537910 1324
1537920 1332
1537930 1332
1537940 1342
1537950 1354
1537960 1354
1537970 1366
1537980 1376
1537990 1381
1538000 1381
1538010 1390
1538020 1398
1538030 1398
1538040 1407
1538050 1415
1538060 1415
1538070 1424
1538080 1432
1538090 1432
1538100 1441
1538110 1450
1538120 1450
1538130 1459
1538140 1472
1538150 1472
1538160 1484
1538170 1492
1538180 1492
1538190 1501
1538200 1509
1538210 1509
1538220 1517
1538230 1526
1538240 1535
1538250 1535
1538260 1543
1538270 1550
1538280 1550
1538290 1559
1538300 1569
1538310 1569
1538320 1577
1538330 1583
1538340 1583
1538350 1588
1538360 1594
1538370 1594
1538380 1600
1538390 1606
1538400 1606
1538410 1610
1538420 1617
1538430 1617
1538440 1626
1538450 1638
1538460 1638
1538470 1647
1538480 1656
1538490 1666
1538500 1666
1538510 1676
1538520 1683
1538530 1683
1538540 1690
1538550 1700
1538560 1700
1538570 1710
1538580 1717
1538590 1717
1538600 1721
1538610 1725
1538620 1725
1538630 1732
1538640 1740
1538650 1740
1538660 1752
1538670 1762
1538680 1762
1538690 1772
1538700 1779
1538710 1779
1538720 1784
1538730 1790
1538740 1797
1538750 1797
1538760 1809
1538770 1822
1538780 1822
1538790 1833
1538800 1838
1538810 1838
1538820 1842
1538830 1845
1538840 1845
1538850 1850
1538860 1856
1538870 1856
1538880 1863
1538890 1870
1538900 1870
1538910 1877
1538920 1884
1538930 1884
1538940 1887
1538950 1891
1538960 1891
1538970 1893
1538980 1896
1538990 1901
1539000 1901
1539010 1904
1539020 1906
1539030 1906
1539040 1908
1539050 1911
1539060 1911
1539070 1914
1539080 1916
1539090 1916
1539100 1916
1539110 1917
1539120 1917
1539130 1920
1539140 1922
1539150 1922
1539160 1922
1539170 1922
1539180 1922
1539190 1922
1539200 1925
1539210 1928
1539220 1928
1539230 1931
1539240 1934
1539250 1934
1539260 1936
1539270 1937
1539280 1937
1539290 1938
1539300 1938
1539310 1938
1539320 1937
1539330 1937
1539340 1937
1539350 1936
1539360 1935
1539370 1935
1539380 1934
1539390 1933
1539400 1933
1539410 1932
1539420 1932
1539430 1932
1539440 1932
1539450 1931
1539460 1930
1539470 1930
1539480 1928
1539490 1926
1539500 1926
1539510 1924
1539520 1922
1539530 1922
1539540 1923
1539550 1925
1539560 1925
1539570 1925
1539580 1930
1539590 1930
1539600 1932
1539610 1933
1539620 1933
1539630 1933
1539640 1934
1539650 1934
1539660 1933
1539670 1935
1539680 1935
1539690 1936
1539700 1938
1539710 1940
1539720 1940
1539730 1942
1539740 1945
1539750 1945
1539760 1948
1539770 1950
1539780 1950
1539790 1953
1539800 1956
1539810 1956
1539820 1958
1539830 1961
1539840 1961
1539850 1963
1539860 1966
1539870 1966
1539880 1969
1539890 1972
1539900 1972
1539910 1975
1539920 1977
1539930 1977
1539940 1980
1539950 1983
1539960 1987
1539970 1987
1539980 1990
1539990 1993
