1520000 1324
1520010 1319
1520020 1319
1520030 1314
1520040 1308
1520050 1308
1520060 1303
1520070 1298
1520080 1294
1520090 1294
1520100 1289
1520110 1284
1520120 1284
1520130 1279
1520140 1273
1520150 1273
1520160 1269
1520170 1264
1520180 1264
1520190 1260
1520200 1255
1520210 1255
1520220 1251
1520230 1247
1520240 1247
1520250 1243
1520260 1238
1520270 1238
1520280 1234
1520290 1229
1520300 1229
1520310 1225
1520320 1221
1520330 1217
1520340 1217
1520350 1213
1520360 1210
1520370 1210
1520380 1207
1520390 1203
1520400 1203
1520410 1200
1520420 1197
1520430 1197
1520440 1194
1520450 1191
1520460 1191
1520470 1187
1520480 1185
1520490 1185
1520500 1183
1520510 1181
1520520 1181
1520530 1178
1520540 1176
1520550 1176
1520560 1175
1520570 1175
1520580 1176
1520590 1176
1520600 1177
1520610 1178
1520620 1178
1520630 1178
1520640 1178
1520650 1178
1520660 1178
1520670 1178
1520680 1178
1520690 1177
1520700 1177
1520710 1177
1520720 1182
1520730 1188
1520740 1188
1520750 1193
1520760 1198
1520770 1198
1520780 1203
1520790 1205
1520800 1207
1520810 1207
1520820 1208
1520830 1210
1520840 1210
1520850 1210
1520860 1210
1520870 1210
1520880 1211
1520890 1214
1520900 1214
1520910 1215
1520920 1215
1520930 1215
1520940 1218
1520950 1225
1520960 1225
1520970 1236
1520980 1246
1520990 1246
1521000 1252
1521010 1260
1521020 1260
1521030 1270
1521040 1292
1521050 1312
1521060 1312
1521070 1328
1521080 1332
1521090 1332
1521100 1338
1521110 1345
1521120 1345
1521130 1358
1521140 1369
1521150 1369
1521160 1378
1521170 1390
1521180 1390
1521190 1395
1521200 1396
1521210 1396
1521220 1398
1521230 1408
1521240 1408
1521250 1418
1521260 1439
1521270 1439
1521280 1470
1521290 1487
1521300 1515
1521310 1515
1521320 1531
1521330 1538
1521340 1538
1521350 1542
1521360 1545
1521370 1545
1521380 1548
1521390 1552
1521400 1552
1521410 1561
1521420 1566
1521430 1566
1521440 1571
1521450 1577
1521460 1577
1521470 1584
1521480 1593
1521490 1593
1521500 1603
1521510 1611
1521520 1611
1521530 1613
1521540 1613
1521550 1614
1521560 1614
1521570 1619
1521580 1626
1521590 1626
1521600 1627
1521610 1624
1521620 1624
1521630 1632
1521640 1646
1521650 1646
1521660 1663
1521670 1677
1521680 1677
1521690 1694
1521700 1707
1521710 1707
1521720 1720
1521730 1729
1521740 1729
1521750 1740
1521760 1756
1521770 1756
1521780 1771
1521790 1780
1521800 1789
1521810 1789
1521820 1803
1521830 1816
1521840 1816
1521850 1834
1521860 1857
1521870 1857
1521880 1874
1521890 1879
1521900 1879
1521910 1884
1521920 1891
1521930 1891
1521940 1899
1521950 1911
1521960 1911
1521970 1922
1521980 1928
1521990 1928
1522000 1933
1522010 1940
1522020 1940
1522030 1945
1522040 1949
1522050 1956
1522060 1956
1522070 1961
1522080 1966
1522090 1966
1522100 1972
1522110 1983
1522120 1983
1522130 1992
1522140 2003
1522150 2003
1522160 2008
1522170 2017
1522180 2017
1522190 2027
1522200 2036
1522210 2036
1522220 2044
1522230 2051
1522240 2051
1522250 2055
1522260 2058
1522270 2058
1522280 2060
1522290 2064
1522300 2069
1522310 2069
1522320 2077
1522330 2088
1522340 2088
1522350 2095
1522360 2103
1522370 2103
1522380 2106
1522390 2112
1522400 2112
1522410 2123
1522420 2131
1522430 2131
1522440 2136
1522450 2137
1522460 2137
1522470 2146
1522480 2155
1522490 2155
1522500 2164
1522510 2172
1522520 2177
1522530 2177
1522540 2178
1522550 2176
1522560 2176
1522570 2175
1522580 2170
1522590 2170
1522600 2164
1522610 2158
1522620 2158
1522630 2152
1522640 2147
1522650 2147
1522660 2142
1522670 2137
1522680 2137
1522690 2134
1522700 2131
1522710 2131
1522720 2125
1522730 2121
1522740 2121
1522750 2116
1522760 2115
1522770 2117
1522780 2117
1522790 2116
1522800 2113
1522810 2113
1522820 2106
1522830 2103
1522840 2103
1522850 2104
1522860 2104
1522870 2104
1522880 2103
1522890 2104
1522900 2104
1522910 2105
1522920 2105
1522930 2105
1522940 2104
1522950 2102
1522960 2102
1522970 2101
1522980 2100
1522990 2100
1523000 2098
1523010 2094
1523020 2092
1523030 2092
1523040 2091
1523050 2092
1523060 2092
1523070 2092
1523080 2090
1523090 2090
1523100 2088
1523110 2083
1523120 2083
1523130 2083
1523140 2082
1523150 2082
1523160 2079
1523170 2084
1523180 2084
1523190 2086
1523200 2084
1523210 2084
1523220 2086
1523230 2089
1523240 2089
1523250 2089
1523260 2090
1523270 2093
1523280 2093
1523290 2096
1523300 2098
1523310 2098
1523320 2101
1523330 2108
1523340 2108
1523350 2110
1523360 2113
1523370 2113
1523380 2120
1523390 2125
1523400 2125
1523410 2132
1523420 2139
1523430 2139
1523440 2145
1523450 2153
1523460 2153
1523470 2161
1523480 2167
1523490 2167
1523500 2174
1523510 2180
1523520 2186
1523530 2186
1523540 2189
1523550 2191
1523560 2191
1523570 2197
1523580 2205
1523590 2205
1523600 2210
1523610 2211
1523620 2211
1523630 2213
1523640 2215
1523650 2215
1523660 2216
1523670 2217
1523680 2217
1523690 2224
1523700 2238
1523710 2238
1523720 2247
1523730 2248
1523740 2248
1523750 2248
1523760 2248
1523770 2249
1523780 2249
1523790 2250
1523800 2252
1523810 2252
1523820 2254
1523830 2258
1523840 2258
1523850 2265
1523860 2272
1523870 2272
1523880 2276
1523890 2281
1523900 2281
1523910 2282
1523920 2282
1523930 2282
1523940 2283
1523950 2284
1523960 2284
1523970 2278
1523980 2271
1523990 2261
1524000 2261
1524010 2250
1524020 2239
1524030 2239
1524040 2227
1524050 2216
1524060 2216
1524070 2204
1524080 2192
1524090 2192
1524100 2182
1524110 2174
1524120 2174
1524130 2168
1524140 2162
1524150 2162
1524160 2157
1524170 2152
1524180 2152
1524190 2148
1524200 2146
1524210 2146
1524220 2142
1524230 2139
1524240 2137
1524250 2137
1524260 2135
1524270 2133
1524280 2133
1524290 2131
1524300 2129
1524310 2129
1524320 2129
1524330 2130
1524340 2130
1524350 2129
1524360 2128
1524370 2128
1524380 2128
1524390 2127
1524400 2127
1524410 2126
1524420 2126
1524430 2126
1524440 2130
1524450 2137
1524460 2137
1524470 2145
1524480 2152
1524490 2159
1524500 2159
1524510 2165
1524520 2171
1524530 2171
1524540 2178
1524550 2183
1524560 2183
1524570 2186
1524580 2188
1524590 2188
1524600 2195
1524610 2198
1524620 2198
1524630 2200
1524640 2202
1524650 2202
1524660 2203
1524670 2205
1524680 2205
1524690 2208
1524700 2213
1524710 2213
1524720 2220
1524730 2226
1524740 2240
1524750 2240
1524760 2257
1524770 2254
1524780 2254
1524790 2241
1524800 2229
1524810 2229
1524820 2219
1524830 2208
1524840 2208
1524850 2198
1524860 2189
1524870 2189
1524880 2181
1524890 2174
1524900 2174
1524910 2168
1524920 2162
1524930 2162
1524940 2155
1524950 2148
1524960 2148
1524970 2141
1524980 2134
1524990 2125
1525000 2125
1525010 2116
1525020 2108
1525030 2108
1525040 2102
1525050 2096
1525060 2096
1525070 2090
1525080 2084
1525090 2084
1525100 2075
1525110 2066
1525120 2066
1525130 2056
1525140 2048
1525150 2048
1525160 2040
1525170 2033
1525180 2033
1525190 2026
1525200 2019
1525210 2019
1525220 2011
1525230 2004
1525240 1997
1525250 1997
1525260 1990
1525270 1984
1525280 1984
1525290 1979
1525300 1974
1525310 1974
1525320 1969
1525330 1963
1525340 1963
1525350 1958
1525360 1952
1525370 1952
1525380 1946
1525390 1940
1525400 1940
1525410 1933
1525420 1927
1525430 1927
1525440 1919
1525450 1910
1525460 1900
1525470 1900
1525480 1893
1525490 1886
1525500 1886
1525510 1877
1525520 1867
1525530 1867
1525540 1857
1525550 1852
1525560 1852
1525570 1846
1525580 1845
1525590 1845
1525600 1844
1525610 1845
1525620 1845
1525630 1846
1525640 1843
1525650 1843
1525660 1840
1525670 1836
1525680 1836
1525690 1831
1525700 1826
1525710 1824
1525720 1824
1525730 1820
1525740 1815
1525750 1815
1525760 1807
1525770 1799
1525780 1799
1525790 1793
1525800 1789
1525810 1789
1525820 1784
1525830 1778
1525840 1778
1525850 1772
1525860 1762
1525870 1762
1525880 1730
1525890 1703
1525900 1703
1525910 1687
1525920 1676
1525930 1676
1525940 1667
1525950 1659
1525960 1650
1525970 1650
1525980 1641
1525990 1633
1526000 1633
1526010 1625
1526020 1617
1526030 1617
1526040 1609
1526050 1601
1526060 1601
1526070 1593
1526080 1585
1526090 1585
1526100 1578
1526110 1571
1526120 1571
1526130 1564
1526140 1558
1526150 1558
1526160 1551
1526170 1545
1526180 1545
1526190 1539
1526200 1533
1526210 1529
1526220 1529
1526230 1527
1526240 1524
1526250 1524
1526260 1520
1526270 1518
1526280 1518
1526290 1516
1526300 1512
1526310 1512
1526320 1510
1526330 1507
1526340 1507
1526350 1505
1526360 1503
1526370 1503
1526380 1502
1526390 1501
1526400 1501
1526410 1500
1526420 1499
1526430 1499
1526440 1498
1526450 1496
1526460 1495
1526470 1495
1526480 1494
1526490 1493
1526500 1493
1526510 1493
1526520 1492
1526530 1492
1526540 1491
1526550 1491
1526560 1491
1526570 1491
1526580 1491
1526590 1491
1526600 1492
1526610 1493
1526620 1493
1526630 1495
1526640 1496
1526650 1496
1526660 1498
1526670 1503
1526680 1503
1526690 1507
1526700 1511
1526710 1516
1526720 1516
1526730 1520
1526740 1524
1526750 1524
1526760 1527
1526770 1530
1526780 1530
1526790 1534
1526800 1540
1526810 1540
1526820 1545
1526830 1550
1526840 1550
1526850 1555
1526860 1561
1526870 1561
1526880 1567
1526890 1572
1526900 1572
1526910 1578
1526920 1583
1526930 1589
1526940 1589
1526950 1595
1526960 1601
1526970 1601
1526980 1607
1526990 1613
1527000 1613
1527010 1619
1527020 1625
1527030 1625
1527040 1633
1527050 1645
1527060 1645
1527070 1654
1527080 1662
1527090 1662
1527100 1669
1527110 1675
1527120 1675
1527130 1681
1527140 1687
1527150 1687
1527160 1692
1527170 1695
1527180 1698
1527190 1698
1527200 1698
1527210 1702
1527220 1702
1527230 1711
1527240 1728
1527250 1728
1527260 1741
1527270 1751
1527280 1751
1527290 1761
1527300 1771
1527310 1771
1527320 1783
1527330 1795
1527340 1795
1527350 1803
1527360 1812
1527370 1812
1527380 1824
1527390 1835
1527400 1835
1527410 1844
1527420 1850
1527430 1855
1527440 1855
1527450 1860
1527460 1867
1527470 1867
1527480 1876
1527490 1886
1527500 1886
1527510 1896
1527520 1905
1527530 1905
1527540 1915
1527550 1925
1527560 1925
1527570 1931
1527580 1934
1527590 1934
1527600 1937
1527610 1943
1527620 1943
1527630 1951
1527640 1960
1527650 1960
1527660 1968
1527670 1966
1527680 1982
1527690 1982
1527700 1994
1527710 2002
1527720 2002
1527730 2019
1527740 2034
1527750 2034
1527760 2047
1527770 2059
1527780 2059
1527790 2070
1527800 2081
1527810 2081
1527820 2091
1527830 2099
1527840 2099
1527850 2106
1527860 2111
1527870 2111
1527880 2117
1527890 2122
1527900 2122
1527910 2130
1527920 2138
1527930 2145
1527940 2145
1527950 2151
1527960 2156
1527970 2156
1527980 2164
1527990 2171
1528000 2171
1528010 2179
1528020 2186
1528030 2186
1528040 2192
1528050 2199
1528060 2199
1528070 2205
1528080 2212
1528090 2212
1528100 2219
1528110 2226
1528120 2226
1528130 2233
1528140 2240
1528150 2240
1528160 2246
1528170 2252
1528180 2256
1528190 2256
1528200 2261
1528210 2264
1528220 2264
1528230 2266
1528240 2270
1528250 2270
1528260 2272
1528270 2271
1528280 2271
1528290 2267
1528300 2258
1528310 2258
1528320 2250
1528330 2241
1528340 2241
1528350 2233
1528360 2226
1528370 2226
1528380 2218
1528390 2209
1528400 2209
1528410 2202
1528420 2195
1528430 2189
1528440 2189
1528450 2184
1528460 2180
1528470 2180
1528480 2176
1528490 2171
1528500 2171
1528510 2166
1528520 2163
1528530 2163
1528540 2162
1528550 2162
1528560 2162
1528570 2161
1528580 2158
1528590 2158
1528600 2155
1528610 2152
1528620 2152
1528630 2148
1528640 2141
1528650 2134
1528660 2134
1528670 2128
1528680 2124
1528690 2124
1528700 2122
1528710 2119
1528720 2119
1528730 2114
1528740 2110
1528750 2110
1528760 2106
1528770 2102
1528780 2102
1528790 2098
1528800 2093
1528810 2093
1528820 2086
1528830 2080
1528840 2080
1528850 2071
1528860 2064
1528870 2064
1528880 2060
1528890 2055
1528900 2051
1528910 2051
1528920 2046
1528930 2043
1528940 2043
1528950 2041
1528960 2038
1528970 2038
1528980 2035
1528990 2033
1529000 2033
1529010 2031
1529020 2030
1529030 2030
1529040 2028
1529050 2025
1529060 2025
1529070 2022
1529080 2018
1529090 2018
1529100 2013
1529110 2009
1529120 2009
1529130 2006
1529140 2003
1529150 2000
1529160 2000
1529170 1996
1529180 1992
1529190 1992
1529200 1988
1529210 1982
1529220 1982
1529230 1975
1529240 1969
1529250 1969
1529260 1963
1529270 1956
1529280 1956
1529290 1950
1529300 1944
1529310 1944
1529320 1938
1529330 1932
1529340 1932
1529350 1925
1529360 1919
1529370 1919
1529380 1913
1529390 1908
1529400 1903
1529410 1903
1529420 1898
1529430 1893
1529440 1893
1529450 1888
1529460 1883
1529470 1883
1529480 1877
1529490 1868
1529500 1868
1529510 1858
1529520 1851
1529530 1851
1529540 1844
1529550 1838
1529560 1838
1529570 1831
1529580 1823
1529590 1823
1529600 1815
1529610 1804
1529620 1804
1529630 1793
1529640 1785
1529650 1778
1529660 1778
1529670 1770
1529680 1762
1529690 1762
1529700 1754
1529710 1747
1529720 1747
1529730 1740
1529740 1733
1529750 1733
1529760 1726
1529770 1717
1529780 1717
1529790 1708
1529800 1701
1529810 1701
1529820 1696
1529830 1694
1529840 1694
1529850 1694
1529860 1698
1529870 1698
1529880 1697
1529890 1692
1529900 1684
1529910 1684
1529920 1677
1529930 1675
1529940 1675
1529950 1674
1529960 1674
1529970 1674
1529980 1675
1529990 1677
1530000 1677
1530010 1676
1530020 1676
1530030 1676
1530040 1677
1530050 1672
1530060 1672
1530070 1669
1530080 1668
1530090 1668
1530100 1669
1530110 1670
1530120 1674
1530130 1674
1530140 1667
1530150 1656
1530160 1656
1530170 1646
1530180 1638
1530190 1638
1530200 1632
1530210 1629
1530220 1629
1530230 1634
1530240 1638
1530250 1638
1530260 1632
1530270 1625
1530280 1625
1530290 1606
1530300 1586
1530310 1586
1530320 1570
1530330 1550
1530340 1550
1530350 1540
1530360 1533
1530370 1526
1530380 1526
1530390 1518
1530400 1511
1530410 1511
1530420 1503
1530430 1489
1530440 1489
1530450 1475
1530460 1459
1530470 1459
1530480 1443
1530490 1436
1530500 1436
1530510 1429
1530520 1421
1530530 1420
1530540 1413
1530550 1405
1530560 1405
1530570 1397
1530580 1390
1530590 1390
1530600 1382
1530610 1375
1530620 1368
1530630 1368
1530640 1360
1530650 1355
1530660 1355
1530670 1351
1530680 1347
1530690 1347
1530700 1343
1530710 1340
1530720 1340
1530730 1335
1530740 1330
1530750 1330
1530760 1327
1530770 1322
1530780 1322
1530790 1317
1530800 1313
1530810 1313
1530820 1308
1530830 1303
1530840 1303
1530850 1299
1530860 1296
1530870 1295
1530880 1295
1530890 1294
1530900 1294
1530910 1294
1530920 1293
1530930 1293
1530940 1293
1530950 1293
1530960 1292
1530970 1292
1530980 1292
1530990 1291
1531000 1291
1531010 1291
1531020 1291
1531030 1291
1531040 1290
1531050 1290
1531060 1290
1531070 1290
1531080 1290
1531090 1290
1531100 1292
1531110 1293
1531120 1293
1531130 1293
1531140 1295
1531150 1296
1531160 1296
1531170 1298
1531180 1299
1531190 1299
1531200 1301
1531210 1302
1531220 1302
1531230 1305
1531240 1307
1531250 1307
1531260 1309
1531270 1312
1531280 1312
1531290 1315
1531300 1318
1531310 1318
1531320 1321
1531330 1325
1531340 1325
1531350 1328
1531360 1332
1531370 1334
1531380 1334
1531390 1336
1531400 1340
1531410 1340
1531420 1344
1531430 1349
1531440 1349
1531450 1353
1531460 1356
1531470 1356
1531480 1360
1531490 1365
1531500 1365
1531510 1369
1531520 1373
1531530 1373
1531540 1376
1531550 1380
1531560 1380
1531570 1385
1531580 1389
1531590 1393
1531600 1393
1531610 1398
1531620 1403
1531630 1403
1531640 1407
1531650 1412
1531660 1412
1531670 1418
1531680 1424
1531690 1424
1531700 1432
1531710 1446
1531720 1446
1531730 1453
1531740 1460
1531750 1460
1531760 1468
1531770 1472
1531780 1472
1531790 1477
1531800 1484
1531810 1484
1531820 1491
1531830 1500
1531840 1506
1531850 1506
1531860 1511
1531870 1518
1531880 1518
1531890 1526
1531900 1533
1531910 1533
1531920 1541
1531930 1549
1531940 1549
1531950 1557
1531960 1570
1531970 1570
1531980 1579
1531990 1583
1532000 1583
1532010 1589
1532020 1596
1532030 1596
1532040 1605
1532050 1613
1532060 1613
1532070 1618
1532080 1621
1532090 1624
1532100 1624
1532110 1627
1532120 1631
1532130 1631
1532140 1634
1532150 1640
1532160 1640
1532170 1651
1532180 1654
1532190 1654
1532200 1659
1532210 1669
1532220 1669
1532230 1672
1532240 1678
1532250 1678
1532260 1681
1532270 1687
1532280 1687
1532290 1693
1532300 1703
1532310 1703
1532320 1708
1532330 1715
1532340 1725
1532350 1725
1532360 1736
1532370 1749
1532380 1749
1532390 1760
1532400 1773
1532410 1773
1532420 1787
1532430 1797
1532440 1797
1532450 1803
1532460 1814
1532470 1814
1532480 1824
1532490 1833
1532500 1833
1532510 1845
1532520 1856
1532530 1856
1532540 1870
1532550 1879
1532560 1879
1532570 1890
1532580 1898
1532590 1903
1532600 1903
1532610 1907
1532620 1915
1532630 1915
1532640 1922
1532650 1927
1532660 1927
1532670 1935
1532680 1946
1532690 1946
1532700 1957
1532710 1967
1532720 1967
1532730 1975
1532740 1980
1532750 1980
1532760 1987
1532770 1999
1532780 1999
1532790 2008
1532800 2017
1532810 2017
1532820 2023
1532830 2027
1532840 2030
1532850 2030
1532860 2032
1532870 2028
1532880 2028
1532890 2025
1532900 2027
1532910 2027
1532920 2027
1532930 2031
1532940 2031
1532950 2033
1532960 2035
1532970 2035
1532980 2039
1532990 2042
1533000 2042
1533010 2046
1533020 2051
1533030 2051
1533040 2054
1533050 2057
1533060 2057
1533070 2064
1533080 2075
1533090 2083
1533100 2083
1533110 2089
1533120 2100
1533130 2100
1533140 2119
1533150 2141
1533160 2141
1533170 2147
1533180 2152
1533190 2152
1533200 2158
1533210 2167
1533220 2167
1533230 2178
1533240 2187
1533250 2187
1533260 2196
1533270 2202
1533280 2202
1533290 2207
1533300 2215
1533310 2224
1533320 2224
1533330 2232
1533340 2240
1533350 2240
1533360 2248
1533370 2255
1533380 2255
1533390 2262
1533400 2268
1533410 2268
1533420 2276
1533430 2284
1533440 2284
1533450 2292
1533460 2299
1533470 2299
1533480 2306
1533490 2314
1533500 2314
1533510 2321
1533520 2327
1533530 2327
1533540 2333
1533550 2339
1533560 2344
1533570 2344
1533580 2348
1533590 2352
1533600 2352
1533610 2356
1533620 2356
1533630 2356
1533640 2353
1533650 2345
1533660 2345
1533670 2335
1533680 2325
1533690 2325
1533700 2316
1533710 2307
1533720 2307
1533730 2300
1533740 2292
1533750 2292
1533760 2279
1533770 2263
1533780 2263
1533790 2231
1533800 2213
1533810 2198
1533820 2198
1533830 2186
1533840 2180
1533850 2180
1533860 2174
1533870 2168
1533880 2168
1533890 2162
1533900 2156
1533910 2156
1533920 2151
1533930 2145
1533940 2145
1533950 2140
1533960 2134
1533970 2134
1533980 2129
1533990 2124
1534000 2124
1534010 2119
1534020 2114
1534030 2114
1534040 2110
1534050 2106
1534060 2103
1534070 2103
1534080 2100
1534090 2098
1534100 2098
1534110 2096
1534120 2095
1534130 2095
1534140 2094
1534150 2093
1534160 2093
1534170 2091
1534180 2090
1534190 2090
1534200 2089
1534210 2087
1534220 2087
1534230 2084
1534240 2081
1534250 2081
1534260 2080
1534270 2078
1534280 2078
1534290 2077
1534300 2078
1534310 2079
1534320 2079
1534330 2078
1534340 2078
1534350 2078
1534360 2078
1534370 2076
1534380 2076
1534390 2075
1534400 2074
1534410 2074
1534420 2077
1534430 2079
1534440 2079
1534450 2080
1534460 2083
1534470 2083
1534480 2086
1534490 2089
1534500 2089
1534510 2093
1534520 2095
1534530 2095
1534540 2100
1534550 2105
1534560 2113
1534570 2113
1534580 2124
1534590 2130
1534600 2130
1534610 2135
1534620 2144
1534630 2144
1534640 2144
1534650 2143
1534660 2143
1534670 2143
1534680 2143
1534690 2143
1534700 2145
1534710 2147
1534720 2147
1534730 2149
1534740 2150
1534750 2150
1534760 2151
1534770 2152
1534780 2152
1534790 2153
1534800 2154
1534810 2157
1534820 2157
1534830 2159
1534840 2161
1534850 2161
1534860 2164
1534870 2167
1534880 2167
1534890 2170
1534900 2172
1534910 2172
1534920 2174
1534930 2177
1534940 2177
1534950 2179
1534960 2181
1534970 2181
1534980 2183
1534990 2185
1535000 2185
1535010 2186
1535020 2186
1535030 2182
1535040 2182
1535050 2173
1535060 2163
1535070 2163
1535080 2156
1535090 2148
1535100 2148
1535110 2136
1535120 2125
1535130 2125
1535140 2116
1535150 2108
1535160 2108
1535170 2098
1535180 2087
1535190 2087
1535200 2075
1535210 2066
1535220 2066
1535230 2060
1535240 2052
1535250 2052
1535260 2043
1535270 2038
1535280 2035
1535290 2035
1535300 2032
1535310 2029
1535320 2029
1535330 2026
1535340 2014
1535350 2014
1535360 2003
1535370 1997
1535380 1997
1535390 1994
1535400 1995
1535410 1995
1535420 1993
1535430 1983
1535440 1983
1535450 1982
1535460 1981
1535470 1981
1535480 1970
1535490 1954
1535500 1954
1535510 1946
1535520 1939
1535530 1931
1535540 1931
1535550 1922
1535560 1914
1535570 1914
1535580 1905
1535590 1895
1535600 1895
1535610 1887
1535620 1881
1535630 1881
1535640 1873
1535650 1866
1535660 1866
1535670 1858
1535680 1850
1535690 1850
1535700 1843
1535710 1837
1535720 1837
1535730 1832
1535740 1825
1535750 1825
1535760 1815
1535770 1812
1535780 1806
1535790 1806
1535800 1800
1535810 1791
1535820 1791
1535830 1783
1535840 1777
1535850 1777
1535860 1769
1535870 1762
1535880 1762
1535890 1755
1535900 1746
1535910 1746
1535920 1736
1535930 1725
1535940 1725
1535950 1719
1535960 1712
1535970 1712
1535980 1702
1535990 1693
1536000 1693
1536010 1684
1536020 1674
1536030 1667
1536040 1667
1536050 1659
1536060 1649
1536070 1649
1536080 1639
1536090 1628
1536100 1628
1536110 1617
1536120 1606
1536130 1606
1536140 1597
1536150 1589
1536160 1589
1536170 1580
1536180 1571
1536190 1571
1536200 1563
1536210 1552
1536220 1552
1536230 1540
1536240 1528
1536250 1528
1536260 1517
1536270 1508
1536280 1499
1536290 1499
1536300 1491
1536310 1483
1536320 1483
1536330 1475
1536340 1467
1536350 1467
1536360 1461
1536370 1453
1536380 1453
1536390 1443
1536400 1432
1536410 1432
1536420 1418
1536430 1402
1536440 1402
1536450 1388
1536460 1371
1536470 1371
1536480 1358
1536490 1351
1536500 1351
1536510 1344
1536520 1336
1536530 1326
1536540 1326
1536550 1317
1536560 1309
1536570 1309
1536580 1302
1536590 1296
1536600 1296
1536610 1289
1536620 1282
1536630 1282
1536640 1275
1536650 1269
1536660 1269
1536670 1262
1536680 1256
1536690 1256
1536700 1250
1536710 1243
1536720 1243
1536730 1237
1536740 1233
1536750 1231
1536760 1231
1536770 1228
1536780 1226
1536790 1226
1536800 1225
1536810 1225
1536820 1225
1536830 1225
1536840 1225
1536850 1225
1536860 1225
1536870 1225
1536880 1225
1536890 1225
1536900 1225
1536910 1225
1536920 1225
1536930 1225
1536940 1225
1536950 1225
1536960 1225
1536970 1225
1536980 1225
1536990 1225
1537000 1225
1537010 1225
1537020 1226
1537030 1226
1537040 1226
1537050 1227
1537060 1228
1537070 1228
1537080 1228
1537090 1229
1537100 1229
1537110 1230
1537120 1230
1537130 1230
1537140 1231
1537150 1232
1537160 1232
1537170 1232
1537180 1233
1537190 1233
1537200 1233
1537210 1234
1537220 1234
1537230 1235
1537240 1236
1537250 1238
1537260 1238
1537270 1240
1537280 1241
1537290 1241
1537300 1243
1537310 1244
1537320 1244
1537330 1246
1537340 1247
1537350 1247
1537360 1248
1537370 1251
1537380 1251
1537390 1255
1537400 1259
1537410 1259
1537420 1263
1537430 1268
1537440 1268
1537450 1274
1537460 1279
1537470 1279
1537480 1285
1537490 1290
1537500 1296
1537510 1296
1537520 1302
1537530 1309
1537540 1309
1537550 1314
1537560 1319
1537570 1319
1537580 1325
1537590 1331
1537600 1331
1537610 1339
1537620 1347
1537630 1347
1537640 1357
1537650 1365
1537660 1365
1537670 1375
1537680 1384
1537690 1384
1537700 1393
1537710 1403
1537720 1403
1537730 1412
1537740 1419
1537750 1425
1537760 1425
1537770 1428
1537780 1430
1537790 1430
1537800 1433
1537810 1436
1537820 1436
1537830 1435
1537840 1437
1537850 1437
1537860 1439
1537870 1443
1537880 1443
1537890 1444
1537900 1450
1537910 1450
1537920 1444
1537930 1445
1537940 1445
1537950 1452
1537960 1452
1537970 1452
1537980 1454
1537990 1456
1538000 1456
1538010 1456
1538020 1455
1538030 1452
1538040 1452
1538050 1452
1538060 1453
1538070 1453
1538080 1457
1538090 1464
1538100 1464
1538110 1471
1538120 1478
1538130 1478
1538140 1483
1538150 1489
1538160 1489
1538170 1496
1538180 1502
1538190 1504
1538200 1506
1538210 1508
1538220 1509
1538230 1509
1538240 1515
1538250 1520
1538260 1520
1538270 1526
1538280 1536
1538290 1536
1538300 1544
1538310 1552
1538320 1552
1538330 1562
1538340 1571
1538350 1571
1538360 1577
1538370 1582
1538380 1582
1538390 1582
1538400 1588
1538410 1588
1538420 1599
1538430 1609
1538440 1609
1538450 1613
1538460 1618
1538470 1616
1538480 1616
1538490 1617
1538500 1629
1538510 1629
1538520 1638
1538530 1645
1538540 1645
1538550 1653
1538560 1660
1538570 1660
1538580 1666
1538590 1670
1538600 1670
1538610 1674
1538620 1678
1538630 1678
1538640 1682
1538650 1686
1538660 1686
1538670 1690
1538680 1695
1538690 1695
1538700 1701
1538710 1704
1538720 1702
1538730 1702
1538740 1704
1538750 1712
1538760 1712
1538770 1718
1538780 1723
1538790 1723
1538800 1727
1538810 1732
1538820 1732
1538830 1736
1538840 1740
1538850 1740
1538860 1743
1538870 1747
1538880 1747
1538890 1751
1538900 1755
1538910 1755
1538920 1759
1538930 1762
1538940 1762
1538950 1767
1538960 1770
1538970 1773
1538980 1773
1538990 1776
1539000 1779
1539010 1779
1539020 1783
1539030 1787
1539040 1787
1539050 1790
1539060 1794
1539070 1794
1539080 1798
1539090 1802
1539100 1802
1539110 1805
1539120 1809
1539130 1809
1539140 1813
1539150 1817
1539160 1817
1539170 1820
1539180 1822
1539190 1822
1539200 1822
1539210 1827
1539220 1834
1539230 1834
1539240 1838
1539250 1843
1539260 1843
1539270 1847
1539280 1851
1539290 1851
1539300 1855
1539310 1859
1539320 1859
1539330 1863
1539340 1867
1539350 1867
1539360 1870
1539370 1874
1539380 1874
1539390 1878
1539400 1881
1539410 1881
1539420 1884
1539430 1886
1539440 1886
1539450 1890
1539460 1892
1539470 1894
1539480 1894
1539490 1895
1539500 1897
1539510 1897
1539520 1903
1539530 1910
1539540 1910
1539550 1915
1539560 1920
1539570 1920
1539580 1925
1539590 1930
1539600 1930
1539610 1935
1539620 1940
1539630 1940
1539640 1945
1539650 1950
1539660 1950
1539670 1954
1539680 1959
1539690 1959
1539700 1965
1539710 1970
1539720 1972
1539730 1972
1539740 1978
1539750 1983
1539760 1983
1539770 1988
1539780 1993
1539790 1993
1539800 1997
1539810 2001
1539820 2001
1539830 2005
1539840 2009
1539850 2009
1539860 2013
1539870 2017
1539880 2017
1539890 2024
1539900 2032
1539910 2032
1539920 2038
1539930 2044
1539940 2049
1539950 2049
1539960 2055
1539970 2060
1539980 2060
1539990 2064
