1520000 1274
1520010 1274
1520020 1274
1520030 1274
1520040 1274
1520050 1274
1520060 1274
1520070 1274
1520080 1274
1520090 1274
1520100 1274
1520110 1273
1520120 1273
1520130 1273
1520140 1273
1520150 1273
1520160 1274
1520170 1274
1520180 1274
1520190 1276
1520200 1276
1520210 1279
1520220 1282
1520230 1282
1520240 1286
1520250 1290
1520260 1290
1520270 1293
1520280 1297
1520290 1297
1520300 1301
1520310 1306
1520320 1306
1520330 1311
1520340 1316
1520350 1316
1520360 1321
1520370 1327
1520380 1327
1520390 1332
1520400 1338
1520410 1345
1520420 1345
1520430 1351
1520440 1359
1520450 1359
1520460 1366
1520470 1374
1520480 1374
1520490 1382
1520500 1390
1520510 1390
1520520 1397
1520530 1403
1520540 1403
1520550 1408
1520560 1412
1520570 1412
1520580 1417
1520590 1422
1520600 1422
1520610 1430
1520620 1443
1520630 1443
1520640 1449
1520650 1457
1520660 1464
1520670 1464
1520680 1474
1520690 1486
1520700 1486
1520710 1501
1520720 1517
1520730 1517
1520740 1528
1520750 1539
1520760 1539
1520770 1543
1520780 1551
1520790 1551
1520800 1556
1520810 1563
1520820 1563
1520830 1570
1520840 1577
1520850 1577
1520860 1584
1520870 1591
1520880 1591
1520890 1598
1520900 1607
1520910 1618
1520920 1618
1520930 1625
1520940 1632
1520950 1632
1520960 1639
1520970 1646
1520980 1646
1520990 1653
1521000 1661
1521010 1661
1521020 1668
1521030 1675
1521040 1675
1521050 1682
1521060 1689
1521070 1689
1521080 1696
1521090 1704
1521100 1704
1521110 1714
1521120 1723
1521130 1723
1521140 1730
1521150 1736
1521160 1742
1521170 1742
1521180 1749
1521190 1756
1521200 1756
1521210 1763
1521220 1770
1521230 1770
1521240 1778
1521250 1784
1521260 1784
1521270 1792
1521280 1806
1521290 1806
1521300 1825
1521310 1836
1521320 1836
1521330 1839
1521340 1857
1521350 1857
1521360 1868
1521370 1876
1521380 1884
1521390 1884
1521400 1892
1521410 1899
1521420 1899
1521430 1907
1521440 1915
1521450 1915
1521460 1923
1521470 1931
1521480 1931
1521490 1941
1521500 1952
1521510 1952
1521520 1963
1521530 1972
1521540 1972
1521550 1982
1521560 1992
1521570 1992
1521580 2002
1521590 2019
1521600 2019
1521610 2026
1521620 2036
1521630 2058
1521640 2058
1521650 2073
1521660 2080
1521670 2080
1521680 2087
1521690 2103
1521700 2103
1521710 2111
1521720 2108
1521730 2108
1521740 2111
1521750 2117
1521760 2117
1521770 2124
1521780 2130
1521790 2130
1521800 2135
1521810 2143
1521820 2143
1521830 2146
1521840 2142
1521850 2142
1521860 2145
1521870 2148
1521880 2164
1521890 2164
1521900 2188
1521910 2201
1521920 2201
1521930 2201
1521940 2193
1521950 2193
1521960 2191
1521970 2188
1521980 2188
1521990 2183
1522000 2177
1522010 2177
1522020 2170
1522030 2161
1522040 2161
1522050 2154
1522060 2149
1522070 2149
1522080 2144
1522090 2140
1522100 2140
1522110 2136
1522120 2132
1522130 2129
1522140 2129
1522150 2128
1522160 2130
1522170 2130
1522180 2133
1522190 2133
1522200 2133
1522210 2133
1522220 2133
1522230 2133
1522240 2134
1522250 2136
1522260 2136
1522270 2140
1522280 2142
1522290 2142
1522300 2142
1522310 2143
1522320 2143
1522330 2144
1522340 2144
1522350 2144
1522360 2143
1522370 2143
1522380 2143
1522390 2143
1522400 2143
1522410 2143
1522420 2143
1522430 2141
1522440 2138
1522450 2138
1522460 2136
1522470 2134
1522480 2134
1522490 2131
1522500 2130
1522510 2130
1522520 2130
1522530 2131
1522540 2131
1522550 2132
1522560 2134
1522570 2134
1522580 2136
1522590 2137
1522600 2137
1522610 2135
1522620 2133
1522630 2133
1522640 2133
1522650 2131
1522660 2128
1522670 2128
1522680 2126
1522690 2125
1522700 2125
1522710 2126
1522720 2126
1522730 2126
1522740 2126
1522750 2125
1522760 2125
1522770 2124
1522780 2123
1522790 2123
1522800 2124
1522810 2126
1522820 2126
1522830 2131
1522840 2138
1522850 2138
1522860 2143
1522870 2147
1522880 2152
1522890 2152
1522900 2159
1522910 2166
1522920 2166
1522930 2178
1522940 2199
1522950 2199
1522960 2212
1522970 2221
1522980 2221
1522990 2236
1523000 2248
1523010 2248
1523020 2256
1523030 2262
1523040 2262
1523050 2267
1523060 2270
1523070 2270
1523080 2272
1523090 2275
1523100 2275
1523110 2289
1523120 2302
1523130 2310
1523140 2310
1523150 2318
1523160 2324
1523170 2324
1523180 2331
1523190 2339
1523200 2339
1523210 2346
1523220 2353
1523230 2353
1523240 2360
1523250 2366
1523260 2366
1523270 2373
1523280 2379
1523290 2379
1523300 2386
1523310 2392
1523320 2392
1523330 2399
1523340 2406
1523350 2406
1523360 2413
1523370 2419
1523380 2425
1523390 2425
1523400 2431
1523410 2437
1523420 2437
1523430 2443
1523440 2449
1523450 2449
1523460 2454
1523470 2460
1523480 2460
1523490 2462
1523500 2456
1523510 2456
1523520 2435
1523530 2420
1523540 2420
1523550 2412
1523560 2397
1523570 2397
1523580 2374
1523590 2370
1523600 2370
1523610 2356
1523620 2338
1523630 2320
1523640 2320
1523650 2308
1523660 2306
1523670 2306
1523680 2315
1523690 2312
1523700 2312
1523710 2301
1523720 2274
1523730 2274
1523740 2253
1523750 2241
1523760 2241
1523770 2224
1523780 2210
1523790 2210
1523800 2201
1523810 2195
1523820 2195
1523830 2188
1523840 2181
1523850 2181
1523860 2174
1523870 2167
1523880 2159
1523890 2159
1523900 2152
1523910 2145
1523920 2145
1523930 2139
1523940 2132
1523950 2132
1523960 2126
1523970 2119
1523980 2119
1523990 2113
1524000 2107
1524010 2107
1524020 2101
1524030 2094
1524040 2094
1524050 2088
1524060 2082
1524070 2082
1524080 2076
1524090 2071
1524100 2071
1524110 2067
1524120 2063
1524130 2058
1524140 2058
1524150 2054
1524160 2049
1524170 2049
1524180 2045
1524190 2041
1524200 2041
1524210 2038
1524220 2036
1524230 2036
1524240 2033
1524250 2028
1524260 2028
1524270 2028
1524280 2030
1524290 2030
1524300 2030
1524310 2030
1524320 2030
1524330 2030
1524340 2031
1524350 2032
1524360 2032
1524370 2031
1524380 2030
1524390 2030
1524400 2028
1524410 2025
1524420 2025
1524430 2026
1524440 2029
1524450 2029
1524460 2031
1524470 2032
1524480 2032
1524490 2032
1524500 2032
1524510 2032
1524520 2030
1524530 2030
1524540 2030
1524550 2032
1524560 2034
1524570 2034
1524580 2035
1524590 2036
1524600 2036
1524610 2036
1524620 2037
1524630 2037
1524640 2037
1524650 2038
1524660 2040
1524670 2040
1524680 2040
1524690 2041
1524700 2041
1524710 2042
1524720 2039
1524730 2039
1524740 2031
1524750 2021
1524760 2021
1524770 2011
1524780 2005
1524790 2005
1524800 1997
1524810 1989
1524820 1989
1524830 1989
1524840 1997
1524850 2003
1524860 2003
1524870 2001
1524880 1997
1524890 1997
1524900 1990
1524910 1978
1524920 1978
1524930 1976
1524940 1977
1524950 1977
1524960 1967
1524970 1954
1524980 1954
1524990 1942
1525000 1931
1525010 1931
1525020 1915
1525030 1902
1525040 1902
1525050 1893
1525060 1884
1525070 1884
1525080 1875
1525090 1866
1525100 1858
1525110 1858
1525120 1847
1525130 1835
1525140 1835
1525150 1826
1525160 1817
1525170 1817
1525180 1808
1525190 1799
1525200 1799
1525210 1790
1525220 1782
1525230 1782
1525240 1774
1525250 1765
1525260 1765
1525270 1758
1525280 1749
1525290 1749
1525300 1741
1525310 1734
1525320 1734
1525330 1725
1525340 1718
1525350 1709
1525360 1709
1525370 1701
1525380 1693
1525390 1693
1525400 1686
1525410 1679
1525420 1679
1525430 1672
1525440 1665
1525450 1665
1525460 1656
1525470 1648
1525480 1648
1525490 1641
1525500 1634
1525510 1634
1525520 1626
1525530 1619
1525540 1619
1525550 1613
1525560 1607
1525570 1607
1525580 1602
1525590 1597
1525600 1593
1525610 1593
1525620 1589
1525630 1585
1525640 1585
1525650 1581
1525660 1578
1525670 1578
1525680 1576
1525690 1574
1525700 1574
1525710 1571
1525720 1569
1525730 1569
1525740 1567
1525750 1565
1525760 1565
1525770 1563
1525780 1562
1525790 1562
1525800 1560
1525810 1559
1525820 1559
1525830 1558
1525840 1558
1525850 1557
1525860 1557
1525870 1556
1525880 1556
1525890 1556
1525900 1556
1525910 1556
1525920 1556
1525930 1556
1525940 1556
1525950 1556
1525960 1557
1525970 1558
1525980 1558
1525990 1560
1526000 1562
1526010 1562
1526020 1563
1526030 1565
1526040 1565
1526050 1568
1526060 1570
1526070 1570
1526080 1573
1526090 1575
1526100 1578
1526110 1578
1526120 1581
1526130 1584
1526140 1584
1526150 1586
1526160 1589
1526170 1589
1526180 1593
1526190 1598
1526200 1598
1526210 1603
1526220 1609
1526230 1609
1526240 1614
1526250 1620
1526260 1620
1526270 1626
1526280 1630
1526290 1630
1526300 1634
1526310 1638
1526320 1638
1526330 1642
1526340 1646
1526350 1652
1526360 1652
1526370 1657
1526380 1663
1526390 1663
1526400 1668
1526410 1673
1526420 1673
1526430 1678
1526440 1685
1526450 1685
1526460 1691
1526470 1697
1526480 1697
1526490 1702
1526500 1708
1526510 1708
1526520 1714
1526530 1720
1526540 1720
1526550 1727
1526560 1733
1526570 1733
1526580 1740
1526590 1745
1526600 1752
1526610 1752
1526620 1760
1526630 1770
1526640 1770
1526650 1778
1526660 1789
1526670 1789
1526680 1795
1526690 1802
1526700 1802
1526710 1815
1526720 1834
1526730 1834
1526740 1851
1526750 1864
1526760 1864
1526770 1873
1526780 1881
1526790 1881
1526800 1890
1526810 1901
1526820 1901
1526830 1913
1526840 1922
1526850 1930
1526860 1930
1526870 1938
1526880 1947
1526890 1947
1526900 1961
1526910 1967
1526920 1967
1526930 1973
1526940 1979
1526950 1979
1526960 1985
1526970 1990
1526980 1990
1526990 1997
1527000 2002
1527010 2002
1527020 2011
1527030 2016
1527040 2016
1527050 2024
1527060 2030
1527070 2030
1527080 2033
1527090 2039
1527100 2048
1527110 2048
1527120 2054
1527130 2060
1527140 2060
1527150 2063
1527160 2068
1527170 2068
1527180 2077
1527190 2087
1527200 2087
1527210 2098
1527220 2103
1527230 2103
1527240 2109
1527250 2113
1527260 2123
1527270 2127
1527280 2126
1527290 2126
1527300 2124
1527310 2122
1527320 2122
1527330 2122
1527340 2121
1527350 2121
1527360 2121
1527370 2122
1527380 2123
1527390 2123
1527400 2124
1527410 2126
1527420 2126
1527430 2128
1527440 2131
1527450 2131
1527460 2135
1527470 2139
1527480 2139
1527490 2144
1527500 2148
1527510 2148
1527520 2150
1527530 2154
1527540 2154
1527550 2161
1527560 2169
1527570 2177
1527580 2177
1527590 2188
1527600 2199
1527610 2199
1527620 2209
1527630 2216
1527640 2216
1527650 2224
1527660 2238
1527670 2238
1527680 2244
1527690 2249
1527700 2249
1527710 2250
1527720 2249
1527730 2249
1527740 2251
1527750 2254
1527760 2254
1527770 2256
1527780 2258
1527790 2258
1527800 2259
1527810 2262
1527820 2265
1527830 2265
1527840 2268
1527850 2272
1527860 2272
1527870 2280
1527880 2289
1527890 2289
1527900 2300
1527910 2314
1527920 2314
1527930 2325
1527940 2331
1527950 2331
1527960 2338
1527970 2343
1527980 2343
1527990 2351
1528000 2363
1528010 2363
1528020 2377
1528030 2386
1528040 2386
1528050 2393
1528060 2399
1528070 2403
1528080 2403
1528090 2406
1528100 2409
1528110 2409
1528120 2414
1528130 2419
1528140 2419
1528150 2426
1528160 2433
1528170 2433
1528180 2440
1528190 2448
1528200 2448
1528210 2455
1528220 2451
1528230 2451
1528240 2440
1528250 2431
1528260 2431
1528270 2424
1528280 2415
1528290 2415
1528300 2407
1528310 2398
1528320 2390
1528330 2390
1528340 2382
1528350 2376
1528360 2376
1528370 2370
1528380 2363
1528390 2363
1528400 2353
1528410 2343
1528420 2343
1528430 2333
1528440 2324
1528450 2324
1528460 2316
1528470 2308
1528480 2308
1528490 2304
1528500 2301
1528510 2301
1528520 2294
1528530 2284
1528540 2284
1528550 2278
1528560 2273
1528570 2267
1528580 2267
1528590 2262
1528600 2260
1528610 2260
1528620 2257
1528630 2254
1528640 2254
1528650 2247
1528660 2242
1528670 2242
1528680 2241
1528690 2242
1528700 2242
1528710 2236
1528720 2226
1528730 2226
1528740 2217
1528750 2208
1528760 2208
1528770 2204
1528780 2208
1528790 2208
1528800 2202
1528810 2189
1528820 2175
1528830 2175
1528840 2158
1528850 2149
1528860 2149
1528870 2144
1528880 2141
1528890 2141
1528900 2128
1528910 2122
1528920 2122
1528930 2126
1528940 2117
1528950 2117
1528960 2107
1528970 2095
1528980 2095
1528990 2092
1529000 2097
1529010 2097
1529020 2097
1529030 2100
1529040 2100
1529050 2093
1529060 2078
1529070 2067
1529080 2067
1529090 2063
1529100 2064
1529110 2064
1529120 2068
1529130 2063
1529140 2063
1529150 2053
1529160 2045
1529170 2045
1529180 2047
1529190 2045
1529200 2045
1529210 2035
1529220 2025
1529230 2025
1529240 2019
1529250 2016
1529260 2016
1529270 2008
1529280 1995
1529290 1995
1529300 1980
1529310 1971
1529320 1963
1529330 1963
1529340 1955
1529350 1941
1529360 1941
1529370 1931
1529380 1921
1529390 1921
1529400 1908
1529410 1893
1529420 1893
1529430 1880
1529440 1869
1529450 1869
1529460 1860
1529470 1848
1529480 1848
1529490 1838
1529500 1832
1529510 1832
1529520 1830
1529530 1825
1529540 1825
1529550 1820
1529560 1815
1529570 1810
1529580 1810
1529590 1804
1529600 1797
1529610 1797
1529620 1790
1529630 1783
1529640 1783
1529650 1775
1529660 1772
1529670 1772
1529680 1768
1529690 1761
1529700 1761
1529710 1752
1529720 1745
1529730 1745
1529740 1739
1529750 1731
1529760 1731
1529770 1721
1529780 1711
1529790 1711
1529800 1698
1529810 1668
1529820 1626
1529830 1626
1529840 1589
1529850 1560
1529860 1560
1529870 1552
1529880 1544
1529890 1544
1529900 1535
1529910 1525
1529920 1525
1529930 1516
1529940 1507
1529950 1507
1529960 1499
1529970 1491
1529980 1491
1529990 1483
1530000 1476
1530010 1476
1530020 1469
1530030 1461
1530040 1461
1530050 1454
1530060 1447
1530070 1440
1530080 1440
1530090 1433
1530100 1426
1530110 1426
1530120 1419
1530130 1412
1530140 1412
1530150 1402
1530160 1395
1530170 1395
1530180 1388
1530190 1382
1530200 1382
1530210 1378
1530220 1374
1530230 1374
1530240 1368
1530250 1362
1530260 1362
1530270 1357
1530280 1352
1530290 1348
1530300 1348
1530310 1344
1530320 1340
1530330 1340
1530340 1335
1530350 1331
1530360 1331
1530370 1328
1530380 1325
1530390 1325
1530400 1323
1530410 1320
1530420 1320
1530430 1320
1530440 1319
1530450 1319
1530460 1320
1530470 1320
1530480 1320
1530490 1320
1530500 1320
1530510 1320
1530520 1320
1530530 1320
1530540 1320
1530550 1320
1530560 1320
1530570 1322
1530580 1322
1530590 1323
1530600 1325
1530610 1325
1530620 1327
1530630 1330
1530640 1330
1530650 1332
1530660 1333
1530670 1333
1530680 1336
1530690 1337
1530700 1337
1530710 1338
1530720 1341
1530730 1341
1530740 1344
1530750 1348
1530760 1348
1530770 1352
1530780 1356
1530790 1360
1530800 1360
1530810 1365
1530820 1370
1530830 1370
1530840 1376
1530850 1381
1530860 1381
1530870 1386
1530880 1391
1530890 1391
1530900 1397
1530910 1402
1530920 1402
1530930 1407
1530940 1413
1530950 1413
1530960 1421
1530970 1431
1530980 1431
1530990 1441
1531000 1457
1531010 1457
1531020 1476
1531030 1491
1531040 1504
1531050 1504
1531060 1515
1531070 1526
1531080 1526
1531090 1542
1531100 1552
1531110 1552
1531120 1559
1531130 1563
1531140 1563
1531150 1568
1531160 1572
1531170 1572
1531180 1578
1531190 1584
1531200 1584
1531210 1590
1531220 1597
1531230 1597
1531240 1608
1531250 1618
1531260 1618
1531270 1624
1531280 1632
1531290 1641
1531300 1641
1531310 1648
1531320 1651
1531330 1651
1531340 1651
1531350 1663
1531360 1663
1531370 1681
1531380 1694
1531390 1694
1531400 1700
1531410 1704
1531420 1704
1531430 1711
1531440 1717
1531450 1717
1531460 1721
1531470 1723
1531480 1723
1531490 1726
1531500 1729
1531510 1729
1531520 1732
1531530 1736
1531540 1740
1531550 1740
1531560 1743
1531570 1746
1531580 1746
1531590 1748
1531600 1748
1531610 1748
1531620 1749
1531630 1753
1531640 1753
1531650 1757
1531660 1763
1531670 1763
1531680 1770
1531690 1777
1531700 1777
1531710 1782
1531720 1789
1531730 1789
1531740 1795
1531750 1804
1531760 1804
1531770 1815
1531780 1826
1531790 1842
1531800 1842
1531810 1857
1531820 1873
1531830 1873
1531840 1887
1531850 1897
1531860 1897
1531870 1903
1531880 1911
1531890 1911
1531900 1918
1531910 1919
1531920 1919
1531930 1914
1531940 1909
1531950 1909
1531960 1909
1531970 1913
1531980 1913
1531990 1920
1532000 1924
1532010 1924
1532020 1924
1532030 1923
1532040 1924
1532050 1924
1532060 1925
1532070 1927
1532080 1927
1532090 1926
1532100 1925
1532110 1925
1532120 1925
1532130 1925
1532140 1925
1532150 1927
1532160 1929
1532170 1929
1532180 1932
1532190 1936
1532200 1936
1532210 1940
1532220 1945
1532230 1945
1532240 1950
1532250 1956
1532260 1956
1532270 1962
1532280 1968
1532290 1974
1532300 1974
1532310 1981
1532320 1988
1532330 1988
1532340 1995
1532350 2005
1532360 2005
1532370 2014
1532380 2022
1532390 2022
1532400 2029
1532410 2037
1532420 2037
1532430 2044
1532440 2051
1532450 2051
1532460 2059
1532470 2067
1532480 2067
1532490 2075
1532500 2083
1532510 2083
1532520 2093
1532530 2103
1532540 2107
1532550 2107
1532560 2107
1532570 2105
1532580 2105
1532590 2103
1532600 2101
1532610 2101
1532620 2099
1532630 2097
1532640 2097
1532650 2094
1532660 2090
1532670 2090
1532680 2088
1532690 2084
1532700 2084
1532710 2081
1532720 2078
1532730 2078
1532740 2074
1532750 2072
1532760 2072
1532770 2064
1532780 2060
1532790 2057
1532800 2057
1532810 2054
1532820 2052
1532830 2052
1532840 2051
1532850 2049
1532860 2055
1532870 2052
1532880 2051
1532890 2051
1532900 2049
1532910 2048
1532920 2048
1532930 2048
1532940 2049
1532950 2049
1532960 2049
1532970 2049
1532980 2049
1532990 2048
1533000 2048
1533010 2048
1533020 2047
1533030 2046
1533040 2047
1533050 2047
1533060 2048
1533070 2049
1533080 2049
1533090 2050
1533100 2051
1533110 2051
1533120 2053
1533130 2055
1533140 2055
1533150 2057
1533160 2060
1533170 2060
1533180 2062
1533190 2064
1533200 2064
1533210 2066
1533220 2071
1533230 2071
1533240 2078
1533250 2086
1533260 2086
1533270 2091
1533280 2094
1533290 2097
1533300 2097
1533310 2099
1533320 2101
1533330 2101
1533340 2103
1533350 2106
1533360 2106
1533370 2108
1533380 2111
1533390 2111
1533400 2113
1533410 2115
1533420 2115
1533430 2118
1533440 2122
1533450 2122
1533460 2124
1533470 2126
1533480 2126
1533490 2127
1533500 2129
1533510 2131
1533520 2131
1533530 2135
1533540 2139
1533550 2139
1533560 2143
1533570 2147
1533580 2147
1533590 2153
1533600 2158
1533610 2158
1533620 2164
1533630 2170
1533640 2170
1533650 2175
1533660 2181
1533670 2181
1533680 2186
1533690 2192
1533700 2192
1533710 2197
1533720 2204
1533730 2204
1533740 2210
1533750 2216
1533760 2222
1533770 2222
1533780 2247
1533790 2256
1533800 2256
1533810 2258
1533820 2269
1533830 2269
1533840 2278
1533850 2290
1533860 2290
1533870 2297
1533880 2299
1533890 2299
1533900 2304
1533910 2317
1533920 2317
1533930 2316
1533940 2323
1533950 2323
1533960 2329
1533970 2334
1533980 2334
1533990 2341
1534000 2349
1534010 2357
1534020 2357
1534030 2364
1534040 2371
1534050 2371
1534060 2379
1534070 2386
1534080 2386
1534090 2394
1534100 2401
1534110 2401
1534120 2409
1534130 2416
1534140 2416
1534150 2424
1534160 2432
1534170 2432
1534180 2441
1534190 2449
1534200 2449
1534210 2457
1534220 2463
1534230 2463
1534240 2472
1534250 2477
1534260 2473
1534270 2473
1534280 2468
1534290 2468
1534300 2468
1534310 2467
1534320 2467
1534330 2467
1534340 2462
1534350 2457
1534360 2457
1534370 2449
1534380 2441
1534390 2441
1534400 2431
1534410 2423
1534420 2423
1534430 2412
1534440 2404
1534450 2404
1534460 2397
1534470 2389
1534480 2389
1534490 2380
1534500 2372
1534510 2364
1534520 2364
1534530 2356
1534540 2348
1534550 2348
1534560 2340
1534570 2333
1534580 2333
1534590 2326
1534600 2319
1534610 2319
1534620 2311
1534630 2304
1534640 2304
1534650 2296
1534660 2289
1534670 2289
1534680 2281
1534690 2273
1534700 2273
1534710 2265
1534720 2257
1534730 2257
1534740 2250
1534750 2242
1534760 2235
1534770 2235
1534780 2228
1534790 2221
1534800 2221
1534810 2214
1534820 2207
1534830 2207
1534840 2196
1534850 2185
1534860 2185
1534870 2181
1534880 2180
1534890 2180
1534900 2175
1534910 2169
1534920 2169
1534930 2161
1534940 2149
1534950 2149
1534960 2132
1534970 2117
1534980 2117
1534990 2107
1535000 2097
1535010 2087
1535020 2087
1535030 2072
1535040 2060
1535050 2060
1535060 2048
1535070 2037
1535080 2037
1535090 2028
1535100 2021
1535110 2021
1535120 2014
1535130 2007
1535140 2007
1535150 2001
1535160 1995
1535170 1995
1535180 1988
1535190 1980
1535200 1980
1535210 1970
1535220 1961
1535230 1961
1535240 1950
1535250 1947
1535260 1947
1535270 1947
1535280 1948
1535290 1953
1535300 1953
1535310 1953
1535320 1953
1535330 1953
1535340 1949
1535350 1944
1535360 1944
1535370 1942
1535380 1940
1535390 1940
1535400 1933
1535410 1922
1535420 1923
1535430 1911
1535440 1901
1535450 1901
1535460 1892
1535470 1883
1535480 1883
1535490 1875
1535500 1867
1535510 1861
1535520 1861
1535530 1861
1535540 1857
1535550 1857
1535560 1850
1535570 1845
1535580 1845
1535590 1843
1535600 1838
1535610 1838
1535620 1826
1535630 1815
1535640 1815
1535650 1806
1535660 1798
1535670 1798
1535680 1789
1535690 1779
1535700 1779
1535710 1769
1535720 1760
1535730 1760
1535740 1750
1535750 1742
1535760 1741
1535770 1741
1535780 1743
1535790 1739
1535800 1739
1535810 1729
1535820 1722
1535830 1722
1535840 1703
1535850 1685
1535860 1685
1535870 1670
1535880 1664
1535890 1664
1535900 1655
1535910 1647
1535920 1647
1535930 1639
1535940 1634
1535950 1634
1535960 1634
1535970 1632
1535980 1632
1535990 1627
1536000 1618
1536010 1606
1536020 1606
1536030 1590
1536040 1574
1536050 1574
1536060 1566
1536070 1561
1536080 1561
1536090 1550
1536100 1540
1536110 1540
1536120 1535
1536130 1536
1536140 1536
1536150 1542
1536160 1544
1536170 1544
1536180 1540
1536190 1536
1536200 1536
1536210 1529
1536220 1506
1536230 1506
1536240 1490
1536250 1477
1536260 1471
1536270 1471
1536280 1471
1536290 1466
1536300 1466
1536310 1451
1536320 1446
1536330 1446
1536340 1437
1536350 1424
1536360 1424
1536370 1403
1536380 1391
1536390 1391
1536400 1381
1536410 1371
1536420 1371
1536430 1358
1536440 1345
1536450 1345
1536460 1337
1536470 1328
1536480 1328
1536490 1321
1536500 1313
1536510 1305
1536520 1305
1536530 1298
1536540 1292
1536550 1292
1536560 1288
1536570 1286
1536580 1286
1536590 1284
1536600 1281
1536610 1281
1536620 1278
1536630 1275
1536640 1275
1536650 1271
1536660 1268
1536670 1268
1536680 1265
1536690 1260
1536700 1260
1536710 1257
1536720 1255
1536730 1255
1536740 1253
1536750 1251
1536760 1248
1536770 1248
1536780 1246
1536790 1243
1536800 1243
1536810 1241
1536820 1239
1536830 1239
1536840 1236
1536850 1235
1536860 1235
1536870 1235
1536880 1234
1536890 1234
1536900 1233
1536910 1232
1536920 1232
1536930 1232
1536940 1232
1536950 1232
1536960 1232
1536970 1233
1536980 1235
1536990 1235
1537000 1236
1537010 1237
1537020 1237
1537030 1239
1537040 1240
1537050 1240
1537060 1243
1537070 1245
1537080 1245
1537090 1247
1537100 1249
1537110 1249
1537120 1251
1537130 1253
1537140 1253
1537150 1255
1537160 1258
1537170 1258
1537180 1260
1537190 1263
1537200 1263
1537210 1265
1537220 1267
1537230 1270
1537240 1270
1537250 1272
1537260 1275
1537270 1275
1537280 1277
1537290 1279
1537300 1279
1537310 1282
1537320 1285
1537330 1285
1537340 1288
1537350 1291
1537360 1291
1537370 1294
1537380 1297
1537390 1297
1537400 1299
1537410 1302
1537420 1302
1537430 1305
1537440 1309
1537450 1309
1537460 1311
1537470 1313
1537480 1316
1537490 1316
1537500 1320
1537510 1323
1537520 1323
1537530 1328
1537540 1335
1537550 1335
1537560 1345
1537570 1353
1537580 1353
1537590 1363
1537600 1376
1537610 1376
1537620 1385
1537630 1392
1537640 1392
1537650 1401
1537660 1411
1537670 1411
1537680 1421
1537690 1429
1537700 1429
1537710 1435
1537720 1439
1537730 1442
1537740 1442
1537750 1444
1537760 1446
1537770 1446
1537780 1451
1537790 1454
1537800 1454
1537810 1455
1537820 1457
1537830 1457
1537840 1460
1537850 1466
1537860 1454
1537870 1460
1537880 1465
1537890 1465
1537900 1472
1537910 1477
1537920 1477
1537930 1478
1537940 1482
1537950 1482
1537960 1485
1537970 1486
1537980 1488
1537990 1488
1538000 1492
1538010 1496
1538020 1496
1538030 1503
1538040 1510
1538050 1510
1538060 1517
1538070 1524
1538080 1524
1538090 1530
1538100 1537
1538110 1537
1538120 1543
1538130 1549
1538140 1549
1538150 1556
1538160 1564
1538170 1564
1538180 1572
1538190 1581
1538200 1581
1538210 1590
1538220 1599
1538230 1606
1538240 1606
1538250 1613
1538260 1620
1538270 1620
1538280 1627
1538290 1633
1538300 1633
1538310 1638
1538320 1644
1538330 1644
1538340 1649
1538350 1655
1538360 1655
1538370 1660
1538380 1666
1538390 1666
1538400 1672
1538410 1678
1538420 1678
1538430 1682
1538440 1684
1538450 1684
1538460 1685
1538470 1688
1538480 1691
1538490 1691
1538500 1695
1538510 1699
1538520 1699
1538530 1702
1538540 1704
1538550 1704
1538560 1707
1538570 1710
1538580 1710
1538590 1713
1538600 1715
1538610 1715
1538620 1719
1538630 1723
1538640 1723
1538650 1729
1538660 1735
1538670 1735
1538680 1740
1538690 1745
1538700 1745
1538710 1749
1538720 1752
1538730 1756
1538740 1756
1538750 1761
1538760 1765
1538770 1765
1538780 1768
1538790 1771
1538800 1771
1538810 1774
1538820 1777
1538830 1777
1538840 1780
1538850 1782
1538860 1782
1538870 1785
1538880 1788
1538890 1788
1538900 1790
1538910 1791
1538920 1791
1538930 1793
1538940 1794
1538950 1794
1538960 1796
1538970 1798
1538980 1801
1538990 1801
1539000 1802
1539010 1805
1539020 1805
1539030 1807
1539040 1809
1539050 1809
1539060 1812
1539070 1816
1539080 1816
1539090 1820
1539100 1821
1539110 1821
1539120 1823
1539130 1824
1539140 1824
1539150 1826
1539160 1830
1539170 1830
1539180 1833
1539190 1836
1539200 1836
1539210 1840
1539220 1841
1539230 1844
1539240 1844
1539250 1847
1539260 1848
1539270 1848
1539280 1850
1539290 1854
1539300 1854
1539310 1856
1539320 1860
1539330 1860
1539340 1866
1539350 1871
1539360 1871
1539370 1876
1539380 1880
1539390 1880
1539400 1883
1539410 1888
1539420 1888
1539430 1892
1539440 1896
1539450 1896
1539460 1900
1539470 1903
1539480 1907
1539490 1907
1539500 1911
1539510 1914
1539520 1914
1539530 1917
1539540 1921
1539550 1921
1539560 1925
1539570 1930
1539580 1930
1539590 1934
1539600 1938
1539610 1938
1539620 1942
1539630 1944
1539640 1944
1539650 1946
1539660 1946
1539670 1946
1539680 1946
1539690 1944
1539700 1944
1539710 1944
1539720 1945
1539730 1946
1539740 1946
1539750 1948
1539760 1950
1539770 1950
1539780 1952
1539790 1956
1539800 1956
1539810 1962
1539820 1968
1539830 1968
1539840 1973
1539850 1975
1539860 1975
1539870 1977
1539880 1979
1539890 1979
1539900 1980
1539910 1982
1539920 1982
1539930 1984
1539940 1988
1539950 1988
1539960 1992
1539970 1995
1539980 1999
1539990 1999
