1520000 1340
1520010 1332
1520020 1332
1520030 1325
1520040 1321
1520050 1322
1520060 1322
1520070 1320
1520080 1320
1520090 1320
1520100 1321
1520110 1324
1520120 1324
1520130 1325
1520140 1327
1520150 1327
1520160 1329
1520170 1332
1520180 1332
1520190 1334
1520200 1335
1520210 1335
1520220 1337
1520230 1340
1520240 1340
1520250 1342
1520260 1344
1520270 1344
1520280 1347
1520290 1350
1520300 1352
1520310 1352
1520320 1355
1520330 1359
1520340 1359
1520350 1362
1520360 1367
1520370 1367
1520380 1370
1520390 1373
1520400 1373
1520410 1376
1520420 1379
1520430 1379
1520440 1383
1520450 1389
1520460 1389
1520470 1393
1520480 1397
1520490 1397
1520500 1401
1520510 1404
1520520 1404
1520530 1408
1520540 1412
1520550 1417
1520560 1417
1520570 1422
1520580 1427
1520590 1427
1520600 1433
1520610 1438
1520620 1438
1520630 1443
1520640 1448
1520650 1448
1520660 1452
1520670 1455
1520680 1455
1520690 1460
1520700 1465
1520710 1465
1520720 1471
1520730 1476
1520740 1476
1520750 1482
1520760 1488
1520770 1488
1520780 1494
1520790 1500
1520800 1506
1520810 1506
1520820 1513
1520830 1518
1520840 1518
1520850 1524
1520860 1527
1520870 1527
1520880 1530
1520890 1533
1520900 1533
1520910 1536
1520920 1540
1520930 1540
1520940 1548
1520950 1558
1520960 1558
1520970 1576
1520980 1590
1520990 1590
1521000 1600
1521010 1607
1521020 1607
1521030 1616
1521040 1624
1521050 1631
1521060 1631
1521070 1640
1521080 1650
1521090 1650
1521100 1660
1521110 1669
1521120 1669
1521130 1678
1521140 1686
1521150 1686
1521160 1694
1521170 1701
1521180 1701
1521190 1711
1521200 1729
1521210 1729
1521220 1746
1521230 1758
1521240 1758
1521250 1770
1521260 1786
1521270 1786
1521280 1789
1521290 1791
1521300 1805
1521310 1805
1521320 1802
1521330 1803
1521340 1803
1521350 1804
1521360 1810
1521370 1810
1521380 1821
1521390 1835
1521400 1835
1521410 1850
1521420 1865
1521430 1865
1521440 1876
1521450 1887
1521460 1887
1521470 1899
1521480 1910
1521490 1910
1521500 1919
1521510 1927
1521520 1927
1521530 1937
1521540 1943
1521550 1951
1521560 1951
1521570 1960
1521580 1968
1521590 1968
1521600 1977
1521610 1988
1521620 1988
1521630 2009
1521640 2016
1521650 2016
1521660 2021
1521670 2026
1521680 2026
1521690 2028
1521700 2036
1521710 2036
1521720 2049
1521730 2047
1521740 2047
1521750 2045
1521760 2045
1521770 2045
1521780 2046
1521790 2049
1521800 2047
1521810 2047
1521820 2043
1521830 2043
1521840 2043
1521850 2043
1521860 2042
1521870 2042
1521880 2045
1521890 2052
1521900 2052
1521910 2054
1521920 2054
1521930 2054
1521940 2053
1521950 2050
1521960 2050
1521970 2048
1521980 2046
1521990 2046
1522000 2044
1522010 2040
1522020 2040
1522030 2037
1522040 2036
1522050 2038
1522060 2038
1522070 2040
1522080 2041
1522090 2041
1522100 2043
1522110 2044
1522120 2044
1522130 2047
1522140 2050
1522150 2050
1522160 2053
1522170 2057
1522180 2057
1522190 2061
1522200 2066
1522210 2066
1522220 2071
1522230 2076
1522240 2076
1522250 2080
1522260 2084
1522270 2084
1522280 2090
1522290 2096
1522300 2101
1522310 2101
1522320 2106
1522330 2111
1522340 2111
1522350 2116
1522360 2121
1522370 2121
1522380 2127
1522390 2133
1522400 2133
1522410 2139
1522420 2145
1522430 2145
1522440 2151
1522450 2156
1522460 2156
1522470 2162
1522480 2169
1522490 2169
1522500 2177
1522510 2184
1522520 2184
1522530 2192
1522540 2200
1522550 2210
1522560 2210
1522570 2223
1522580 2234
1522590 2234
1522600 2250
1522610 2266
1522620 2266
1522630 2281
1522640 2294
1522650 2294
1522660 2305
1522670 2320
1522680 2312
1522690 2323
1522700 2338
1522710 2338
1522720 2349
1522730 2360
1522740 2360
1522750 2370
1522760 2380
1522770 2380
1522780 2387
1522790 2396
1522800 2403
1522810 2403
1522820 2411
1522830 2421
1522840 2421
1522850 2429
1522860 2438
1522870 2438
1522880 2447
1522890 2459
1522900 2459
1522910 2476
1522920 2494
1522930 2494
1522940 2503
1522950 2509
1522960 2509
1522970 2519
1522980 2529
1522990 2529
1523000 2537
1523010 2546
1523020 2546
1523030 2555
1523040 2564
1523050 2576
1523060 2576
1523070 2585
1523080 2596
1523090 2596
1523100 2606
1523110 2603
1523120 2603
1523130 2594
1523140 2577
1523150 2577
1523160 2562
1523170 2551
1523180 2551
1523190 2539
1523200 2524
1523210 2524
1523220 2505
1523230 2494
1523240 2494
1523250 2488
1523260 2479
1523270 2479
1523280 2465
1523290 2447
1523300 2440
1523310 2440
1523320 2436
1523330 2432
1523340 2432
1523350 2428
1523360 2424
1523370 2424
1523380 2423
1523390 2424
1523400 2424
1523410 2423
1523420 2424
1523430 2424
1523440 2423
1523450 2424
1523460 2424
1523470 2427
1523480 2429
1523490 2429
1523500 2427
1523510 2430
1523520 2430
1523530 2428
1523540 2422
1523550 2412
1523560 2412
1523570 2404
1523580 2409
1523590 2409
1523600 2409
1523610 2414
1523620 2414
1523630 2417
1523640 2418
1523650 2418
1523660 2418
1523670 2418
1523680 2418
1523690 2415
1523700 2415
1523710 2415
1523720 2420
1523730 2424
1523740 2424
1523750 2422
1523760 2421
1523770 2421
1523780 2422
1523790 2419
1523800 2420
1523810 2420
1523820 2425
1523830 2424
1523840 2424
1523850 2424
1523860 2420
1523870 2420
1523880 2414
1523890 2407
1523900 2407
1523910 2399
1523920 2392
1523930 2392
1523940 2385
1523950 2378
1523960 2378
1523970 2373
1523980 2368
1523990 2368
1524000 2361
1524010 2354
1524020 2354
1524030 2348
1524040 2340
1524050 2333
1524060 2333
1524070 2322
1524080 2310
1524090 2310
1524100 2299
1524110 2293
1524120 2293
1524130 2290
1524140 2286
1524150 2286
1524160 2277
1524170 2258
1524180 2258
1524190 2236
1524200 2211
1524210 2211
1524220 2193
1524230 2189
1524240 2189
1524250 2190
1524260 2191
1524270 2191
1524280 2185
1524290 2169
1524300 2157
1524310 2157
1524320 2159
1524330 2150
1524340 2150
1524350 2135
1524360 2110
1524370 2110
1524380 2094
1524390 2083
1524400 2083
1524410 2072
1524420 2063
1524430 2063
1524440 2046
1524450 2022
1524460 2022
1524470 1984
1524480 1961
1524490 1961
1524500 1949
1524510 1935
1524520 1935
1524530 1923
1524540 1918
1524550 1918
1524560 1918
1524570 1912
1524580 1898
1524590 1898
1524600 1886
1524610 1875
1524620 1875
1524630 1865
1524640 1856
1524650 1856
1524660 1849
1524670 1842
1524680 1842
1524690 1836
1524700 1830
1524710 1830
1524720 1825
1524730 1820
1524740 1820
1524750 1814
1524760 1807
1524770 1807
1524780 1800
1524790 1793
1524800 1786
1524810 1786
1524820 1779
1524830 1771
1524840 1771
1524850 1764
1524860 1757
1524870 1757
1524880 1750
1524890 1743
1524900 1743
1524910 1736
1524920 1728
1524930 1728
1524940 1721
1524950 1714
1524960 1714
1524970 1707
1524980 1700
1524990 1700
1525000 1693
1525010 1687
1525020 1687
1525030 1681
1525040 1675
1525050 1670
1525060 1670
1525070 1666
1525080 1662
1525090 1662
1525100 1658
1525110 1654
1525120 1654
1525130 1649
1525140 1644
1525150 1644
1525160 1640
1525170 1638
1525180 1638
1525190 1637
1525200 1638
1525210 1638
1525220 1639
1525230 1640
1525240 1640
1525250 1641
1525260 1642
1525270 1642
1525280 1643
1525290 1644
1525300 1645
1525310 1645
1525320 1647
1525330 1649
1525340 1649
1525350 1652
1525360 1654
1525370 1654
1525380 1657
1525390 1659
1525400 1659
1525410 1662
1525420 1665
1525430 1665
1525440 1669
1525450 1674
1525460 1674
1525470 1678
1525480 1681
1525490 1681
1525500 1685
1525510 1688
1525520 1688
1525530 1691
1525540 1693
1525550 1697
1525560 1697
1525570 1701
1525580 1704
1525590 1704
1525600 1708
1525610 1712
1525620 1712
1525630 1716
1525640 1719
1525650 1719
1525660 1722
1525670 1726
1525680 1726
1525690 1729
1525700 1733
1525710 1733
1525720 1735
1525730 1739
1525740 1739
1525750 1742
1525760 1746
1525770 1746
1525780 1752
1525790 1759
1525800 1765
1525810 1765
1525820 1769
1525830 1773
1525840 1773
1525850 1774
1525860 1777
1525870 1777
1525880 1781
1525890 1786
1525900 1786
1525910 1790
1525920 1795
1525930 1795
1525940 1799
1525950 1804
1525960 1804
1525970 1806
1525980 1809
1525990 1809
1526000 1813
1526010 1817
1526020 1817
1526030 1822
1526040 1829
1526050 1838
1526060 1838
1526070 1854
1526080 1867
1526090 1867
1526100 1875
1526110 1882
1526120 1882
1526130 1890
1526140 1897
1526150 1897
1526160 1909
1526170 1923
1526180 1923
1526190 1934
1526200 1946
1526210 1946
1526220 1957
1526230 1963
1526240 1963
1526250 1970
1526260 1978
1526270 1978
1526280 1989
1526290 1999
1526300 2010
1526310 2010
1526320 2019
1526330 2025
1526340 2025
1526350 2032
1526360 2041
1526370 2041
1526380 2049
1526390 2055
1526400 2055
1526410 2061
1526420 2067
1526430 2067
1526440 2074
1526450 2080
1526460 2080
1526470 2089
1526480 2098
1526490 2098
1526500 2104
1526510 2108
1526520 2108
1526530 2113
1526540 2119
1526550 2128
1526560 2128
1526570 2136
1526580 2142
1526590 2142
1526600 2150
1526610 2161
1526620 2161
1526630 2168
1526640 2168
1526650 2168
1526660 2167
1526670 2169
1526680 2169
1526690 2172
1526700 2175
1526710 2175
1526720 2178
1526730 2181
1526740 2181
1526750 2182
1526760 2188
1526770 2188
1526780 2196
1526790 2202
1526800 2209
1526810 2209
1526820 2215
1526830 2218
1526840 2218
1526850 2221
1526860 2225
1526870 2225
1526880 2231
1526890 2234
1526900 2234
1526910 2237
1526920 2241
1526930 2241
1526940 2244
1526950 2250
1526960 2250
1526970 2255
1526980 2261
1526990 2261
1527000 2268
1527010 2272
1527020 2272
1527030 2278
1527040 2281
1527050 2285
1527060 2285
1527070 2290
1527080 2297
1527090 2297
1527100 2301
1527110 2305
1527120 2305
1527130 2310
1527140 2314
1527150 2314
1527160 2321
1527170 2326
1527180 2326
1527190 2330
1527200 2335
1527210 2335
1527220 2338
1527230 2343
1527240 2343
1527250 2349
1527260 2358
1527270 2358
1527280 2371
1527290 2389
1527300 2401
1527310 2401
1527320 2408
1527330 2417
1527340 2417
1527350 2425
1527360 2432
1527370 2432
1527380 2441
1527390 2449
1527400 2449
1527410 2457
1527420 2468
1527430 2468
1527440 2478
1527450 2487
1527460 2487
1527470 2497
1527480 2509
1527490 2509
1527500 2522
1527510 2531
1527520 2531
1527530 2539
1527540 2546
1527550 2553
1527560 2553
1527570 2562
1527580 2571
1527590 2571
1527600 2579
1527610 2585
1527620 2585
1527630 2592
1527640 2601
1527650 2601
1527660 2610
1527670 2611
1527680 2611
1527690 2604
1527700 2599
1527710 2599
1527720 2587
1527730 2579
1527740 2579
1527750 2574
1527760 2571
1527770 2571
1527780 2569
1527790 2570
1527800 2571
1527810 2571
1527820 2571
1527830 2572
1527840 2572
1527850 2575
1527860 2572
1527870 2572
1527880 2568
1527890 2563
1527900 2563
1527910 2559
1527920 2556
1527930 2556
1527940 2553
1527950 2548
1527960 2548
1527970 2537
1527980 2524
1527990 2524
1528000 2510
1528010 2499
1528020 2499
1528030 2489
1528040 2479
1528050 2470
1528060 2470
1528070 2459
1528080 2450
1528090 2450
1528100 2439
1528110 2428
1528120 2428
1528130 2417
1528140 2406
1528150 2406
1528160 2396
1528170 2386
1528180 2386
1528190 2375
1528200 2364
1528210 2364
1528220 2356
1528230 2348
1528240 2348
1528250 2339
1528260 2328
1528270 2328
1528280 2317
1528290 2306
1528300 2292
1528310 2292
1528320 2280
1528330 2270
1528340 2270
1528350 2261
1528360 2254
1528370 2254
1528380 2246
1528390 2236
1528400 2236
1528410 2225
1528420 2211
1528430 2211
1528440 2205
1528450 2197
1528460 2197
1528470 2190
1528480 2181
1528490 2181
1528500 2173
1528510 2166
1528520 2166
1528530 2156
1528540 2146
1528550 2135
1528560 2135
1528570 2126
1528580 2118
1528590 2118
1528600 2111
1528610 2103
1528620 2103
1528630 2097
1528640 2091
1528650 2091
1528660 2085
1528670 2079
1528680 2079
1528690 2073
1528700 2067
1528710 2067
1528720 2062
1528730 2056
1528740 2056
1528750 2049
1528760 2043
1528770 2043
1528780 2038
1528790 2034
1528800 2028
1528810 2028
1528820 2021
1528830 2015
1528840 2015
1528850 2011
1528860 2012
1528870 2012
1528880 2005
1528890 1999
1528900 1999
1528910 1994
1528920 1988
1528930 1988
1528940 1982
1528950 1977
1528960 1977
1528970 1973
1528980 1969
1528990 1969
1529000 1965
1529010 1960
1529020 1960
1529030 1954
1529040 1950
1529050 1944
1529060 1944
1529070 1936
1529080 1929
1529090 1929
1529100 1925
1529110 1919
1529120 1919
1529130 1913
1529140 1907
1529150 1907
1529160 1898
1529170 1887
1529180 1887
1529190 1880
1529200 1873
1529210 1873
1529220 1868
1529230 1861
1529240 1861
1529250 1855
1529260 1849
1529270 1849
1529280 1840
1529290 1830
1529300 1821
1529310 1821
1529320 1811
1529330 1800
1529340 1800
1529350 1792
1529360 1785
1529370 1785
1529380 1779
1529390 1774
1529400 1774
1529410 1769
1529420 1762
1529430 1762
1529440 1756
1529450 1749
1529460 1749
1529470 1742
1529480 1737
1529490 1737
1529500 1731
1529510 1721
1529520 1721
1529530 1706
1529540 1679
1529550 1660
1529560 1660
1529570 1644
1529580 1633
1529590 1633
1529600 1628
1529610 1613
1529620 1613
1529630 1601
1529640 1588
1529650 1588
1529660 1576
1529670 1571
1529680 1571
1529690 1569
1529700 1561
1529710 1561
1529720 1554
1529730 1546
1529740 1546
1529750 1539
1529760 1532
1529770 1532
1529780 1525
1529790 1517
1529800 1510
1529810 1510
1529820 1503
1529830 1495
1529840 1495
1529850 1488
1529860 1481
1529870 1481
1529880 1476
1529890 1470
1529900 1470
1529910 1465
1529920 1461
1529930 1461
1529940 1457
1529950 1453
1529960 1453
1529970 1450
1529980 1446
1529990 1446
1530000 1442
1530010 1438
1530020 1438
1530030 1434
1530040 1429
1530050 1425
1530060 1425
1530070 1421
1530080 1417
1530090 1417
1530100 1414
1530110 1411
1530120 1411
1530130 1407
1530140 1404
1530150 1404
1530160 1400
1530170 1396
1530180 1396
1530190 1393
1530200 1389
1530210 1389
1530220 1386
1530230 1382
1530240 1382
1530250 1380
1530260 1377
1530270 1377
1530280 1375
1530290 1372
1530300 1369
1530310 1369
1530320 1367
1530330 1365
1530340 1365
1530350 1364
1530360 1364
1530370 1364
1530380 1364
1530390 1363
1530400 1363
1530410 1362
1530420 1361
1530430 1361
1530440 1365
1530450 1368
1530460 1368
1530470 1372
1530480 1375
1530490 1375
1530500 1377
1530510 1379
1530520 1379
1530530 1381
1530540 1382
1530550 1382
1530560 1382
1530570 1385
1530580 1388
1530590 1388
1530600 1391
1530610 1393
1530620 1393
1530630 1395
1530640 1396
1530650 1396
1530660 1397
1530670 1397
1530680 1397
1530690 1402
1530700 1409
1530710 1409
1530720 1416
1530730 1424
1530740 1424
1530750 1432
1530760 1440
1530770 1440
1530780 1459
1530790 1484
1530800 1498
1530810 1498
1530820 1514
1530830 1540
1530840 1540
1530850 1554
1530860 1565
1530870 1565
1530880 1575
1530890 1596
1530900 1596
1530910 1615
1530920 1625
1530930 1625
1530940 1630
1530950 1633
1530960 1633
1530970 1637
1530980 1644
1530990 1644
1531000 1654
1531010 1662
1531020 1662
1531030 1668
1531040 1674
1531050 1679
1531060 1679
1531070 1684
1531080 1689
1531090 1689
1531100 1701
1531110 1714
1531120 1714
1531130 1726
1531140 1740
1531150 1740
1531160 1753
1531170 1761
1531180 1761
1531190 1766
1531200 1770
1531210 1770
1531220 1771
1531230 1774
1531240 1774
1531250 1781
1531260 1789
1531270 1789
1531280 1797
1531290 1806
1531300 1817
1531310 1817
1531320 1833
1531330 1851
1531340 1851
1531350 1866
1531360 1876
1531370 1876
1531380 1888
1531390 1899
1531400 1899
1531410 1909
1531420 1918
1531430 1918
1531440 1926
1531450 1933
1531460 1933
1531470 1940
1531480 1944
1531490 1944
1531500 1947
1531510 1952
1531520 1952
1531530 1958
1531540 1965
1531550 1971
1531560 1971
1531570 1973
1531580 1978
1531590 1978
1531600 1986
1531610 1994
1531620 1994
1531630 2009
1531640 2010
1531650 2010
1531660 2010
1531670 2013
1531680 2013
1531690 2019
1531700 2023
1531710 2023
1531720 2026
1531730 2027
1531740 2027
1531750 2028
1531760 2031
1531770 2031
1531780 2034
1531790 2037
1531800 2040
1531810 2040
1531820 2038
1531830 2034
1531840 2034
1531850 2043
1531860 2052
1531870 2052
1531880 2063
1531890 2072
1531900 2072
1531910 2081
1531920 2090
1531930 2090
1531940 2102
1531950 2113
1531960 2113
1531970 2121
1531980 2127
1531990 2127
1532000 2135
1532010 2144
1532020 2144
1532030 2152
1532040 2161
1532050 2170
1532060 2170
1532070 2177
1532080 2185
1532090 2185
1532100 2195
1532110 2201
1532120 2201
1532130 2212
1532140 2224
1532150 2224
1532160 2233
1532170 2239
1532180 2239
1532190 2245
1532200 2253
1532210 2253
1532220 2267
1532230 2282
1532240 2282
1532250 2285
1532260 2293
1532270 2293
1532280 2303
1532290 2311
1532300 2317
1532310 2317
1532320 2325
1532330 2332
1532340 2332
1532350 2338
1532360 2349
1532370 2349
1532380 2354
1532390 2359
1532400 2359
1532410 2366
1532420 2374
1532430 2374
1532440 2381
1532450 2390
1532460 2390
1532470 2398
1532480 2405
1532490 2405
1532500 2410
1532510 2408
1532520 2408
1532530 2406
1532540 2403
1532550 2398
1532560 2398
1532570 2391
1532580 2389
1532590 2389
1532600 2392
1532610 2390
1532620 2390
1532630 2386
1532640 2384
1532650 2384
1532660 2380
1532670 2381
1532680 2381
1532690 2389
1532700 2390
1532710 2390
1532720 2388
1532730 2392
1532740 2392
1532750 2397
1532760 2405
1532770 2405
1532780 2420
1532790 2446
1532800 2459
1532810 2459
1532820 2467
1532830 2482
1532840 2482
1532850 2488
1532860 2489
1532870 2489
1532880 2490
1532890 2485
1532900 2485
1532910 2485
1532920 2491
1532930 2491
1532940 2500
1532950 2510
1532960 2510
1532970 2518
1532980 2533
1532990 2533
1533000 2552
1533010 2561
1533020 2561
1533030 2569
1533040 2576
1533050 2575
1533060 2575
1533070 2575
1533080 2581
1533090 2581
1533100 2586
1533110 2594
1533120 2594
1533130 2606
1533140 2613
1533150 2613
1533160 2620
1533170 2630
1533180 2630
1533190 2634
1533200 2626
1533210 2626
1533220 2615
1533230 2601
1533240 2601
1533250 2589
1533260 2575
1533270 2575
1533280 2562
1533290 2549
1533300 2539
1533310 2539
1533320 2528
1533330 2518
1533340 2518
1533350 2506
1533360 2495
1533370 2495
1533380 2487
1533390 2477
1533400 2477
1533410 2466
1533420 2456
1533430 2456
1533440 2446
1533450 2438
1533460 2438
1533470 2426
1533480 2418
1533490 2418
1533500 2407
1533510 2396
1533520 2396
1533530 2387
1533540 2374
1533550 2348
1533560 2348
1533570 2335
1533580 2325
1533590 2325
1533600 2319
1533610 2306
1533620 2306
1533630 2292
1533640 2283
1533650 2283
1533660 2275
1533670 2267
1533680 2267
1533690 2261
1533700 2254
1533710 2254
1533720 2248
1533730 2242
1533740 2242
1533750 2236
1533760 2230
1533770 2230
1533780 2224
1533790 2218
1533800 2218
1533810 2212
1533820 2207
1533830 2202
1533840 2202
1533850 2197
1533860 2192
1533870 2192
1533880 2188
1533890 2183
1533900 2183
1533910 2179
1533920 2176
1533930 2176
1533940 2173
1533950 2170
1533960 2170
1533970 2168
1533980 2166
1533990 2166
1534000 2162
1534010 2158
1534020 2158
1534030 2153
1534040 2147
1534050 2147
1534060 2140
1534070 2131
1534080 2122
1534090 2122
1534100 2113
1534110 2100
1534120 2100
1534130 2085
1534140 2078
1534150 2078
1534160 2068
1534170 2061
1534180 2061
1534190 2055
1534200 2045
1534210 2045
1534220 2038
1534230 2033
1534240 2033
1534250 2028
1534260 2021
1534270 2019
1534280 2014
1534290 2009
1534300 2009
1534310 2004
1534320 2000
1534330 1999
1534340 1999
1534350 1997
1534360 1995
1534370 1995
1534380 1992
1534390 1990
1534400 1990
1534410 1990
1534420 1989
1534430 1989
1534440 1987
1534450 1984
1534460 1984
1534470 1981
1534480 1978
1534490 1978
1534500 1978
1534510 1978
1534520 1978
1534530 1978
1534540 1980
1534550 1980
1534560 1981
1534570 1981
1534580 1980
1534590 1980
1534600 1980
1534610 1983
1534620 1983
1534630 1986
1534640 1985
1534650 1985
1534660 1984
1534670 1981
1534680 1981
1534690 1981
1534700 1979
1534710 1979
1534720 1977
1534730 1976
1534740 1976
1534750 1974
1534760 1972
1534770 1972
1534780 1968
1534790 1962
1534800 1962
1534810 1958
1534820 1952
1534830 1941
1534840 1941
1534850 1930
1534860 1917
1534870 1917
1534880 1910
1534890 1904
1534900 1904
1534910 1898
1534920 1894
1534930 1894
1534940 1893
1534950 1889
1534960 1889
1534970 1886
1534980 1885
1534990 1885
1535000 1885
1535010 1883
1535020 1883
1535030 1881
1535040 1880
1535050 1880
1535060 1882
1535070 1881
1535080 1878
1535090 1878
1535100 1879
1535110 1880
1535120 1880
1535130 1881
1535140 1881
1535150 1881
1535160 1880
1535170 1878
1535180 1878
1535190 1878
1535200 1879
1535210 1879
1535220 1877
1535230 1874
1535240 1874
1535250 1871
1535260 1867
1535270 1867
1535280 1865
1535290 1865
1535300 1865
1535310 1865
1535320 1863
1535330 1860
1535340 1860
1535350 1855
1535360 1854
1535370 1854
1535380 1849
1535390 1841
1535400 1841
1535410 1831
1535420 1838
1535430 1838
1535440 1837
1535450 1838
1535460 1838
1535470 1835
1535480 1827
1535490 1827
1535500 1821
1535510 1817
1535520 1817
1535530 1821
1535540 1825
1535550 1825
1535560 1827
1535570 1829
1535580 1825
1535590 1825
1535600 1820
1535610 1815
1535620 1815
1535630 1809
1535640 1804
1535650 1804
1535660 1795
1535670 1787
1535680 1787
1535690 1777
1535700 1769
1535710 1769
1535720 1760
1535730 1750
1535740 1750
1535750 1738
1535760 1724
1535770 1724
1535780 1714
1535790 1706
1535800 1706
1535810 1697
1535820 1688
1535830 1675
1535840 1675
1535850 1655
1535860 1632
1535870 1632
1535880 1621
1535890 1612
1535900 1612
1535910 1597
1535920 1584
1535930 1584
1535940 1572
1535950 1564
1535960 1564
1535970 1547
1535980 1530
1535990 1530
1536000 1517
1536010 1511
1536020 1511
1536030 1504
1536040 1494
1536050 1494
1536060 1489
1536070 1487
1536080 1482
1536090 1482
1536100 1473
1536110 1465
1536120 1465
1536130 1451
1536140 1439
1536150 1439
1536160 1431
1536170 1424
1536180 1424
1536190 1418
1536200 1413
1536210 1413
1536220 1405
1536230 1385
1536240 1385
1536250 1374
1536260 1366
1536270 1366
1536280 1359
1536290 1351
1536300 1351
1536310 1344
1536320 1337
1536330 1330
1536340 1330
1536350 1323
1536360 1317
1536370 1317
1536380 1311
1536390 1305
1536400 1305
1536410 1299
1536420 1293
1536430 1293
1536440 1287
1536450 1282
1536460 1282
1536470 1277
1536480 1272
1536490 1272
1536500 1268
1536510 1265
1536520 1265
1536530 1263
1536540 1259
1536550 1259
1536560 1258
1536570 1256
1536580 1254
1536590 1254
1536600 1254
1536610 1254
1536620 1254
1536630 1253
1536640 1253
1536650 1253
1536660 1253
1536670 1253
1536680 1253
1536690 1254
1536700 1255
1536710 1255
1536720 1256
1536730 1257
1536740 1257
1536750 1258
1536760 1259
1536770 1259
1536780 1261
1536790 1263
1536800 1263
1536810 1264
1536820 1266
1536830 1268
1536840 1268
1536850 1270
1536860 1273
1536870 1273
1536880 1275
1536890 1277
1536900 1277
1536910 1279
1536920 1281
1536930 1281
1536940 1283
1536950 1286
1536960 1286
1536970 1289
1536980 1294
1536990 1294
1537000 1297
1537010 1299
1537020 1299
1537030 1303
1537040 1307
1537050 1307
1537060 1311
1537070 1314
1537080 1318
1537090 1318
1537100 1322
1537110 1326
1537120 1326
1537130 1330
1537140 1334
1537150 1334
1537160 1337
1537170 1339
1537180 1339
1537190 1341
1537200 1345
1537210 1345
1537220 1353
1537230 1361
1537240 1361
1537250 1370
1537260 1378
1537270 1378
1537280 1387
1537290 1404
1537300 1404
1537310 1416
1537320 1438
1537330 1462
1537340 1462
1537350 1496
1537360 1516
1537370 1516
1537380 1531
1537390 1540
1537400 1540
1537410 1544
1537420 1548
1537430 1548
1537440 1551
1537450 1555
1537460 1555
1537470 1559
1537480 1565
1537490 1565
1537500 1571
1537510 1577
1537520 1577
1537530 1583
1537540 1587
1537550 1587
1537560 1590
1537570 1595
1537580 1604
1537590 1604
1537600 1609
1537610 1625
1537620 1625
1537630 1634
1537640 1641
1537650 1641
1537660 1648
1537670 1656
1537680 1656
1537690 1665
1537700 1673
1537710 1673
1537720 1682
1537730 1693
1537740 1693
1537750 1702
1537760 1704
1537770 1704
1537780 1700
1537790 1696
1537800 1696
1537810 1697
1537820 1700
1537830 1705
1537840 1705
1537850 1711
1537860 1714
1537870 1714
1537880 1718
1537890 1725
1537900 1725
1537910 1738
1537920 1748
1537930 1748
1537940 1762
1537950 1770
1537960 1770
1537970 1780
1537980 1791
1537990 1791
1538000 1802
1538010 1818
1538020 1818
1538030 1829
1538040 1841
1538050 1841
1538060 1853
1538070 1866
1538080 1868
1538090 1868
1538100 1867
1538110 1875
1538120 1875
1538130 1878
1538140 1882
1538150 1882
1538160 1888
1538170 1894
1538180 1894
1538190 1904
1538200 1915
1538210 1915
1538220 1926
1538230 1937
1538240 1937
1538250 1945
1538260 1948
1538270 1948
1538280 1951
1538290 1959
1538300 1959
1538310 1974
1538320 1982
1538330 1991
1538340 1991
1538350 1997
1538360 1997
1538370 1997
1538380 1996
1538390 2003
1538400 2003
1538410 2008
1538420 2015
1538430 2015
1538440 2025
1538450 2036
1538460 2036
1538470 2050
1538480 2059
1538490 2059
1538500 2068
1538510 2078
1538520 2078
1538530 2089
1538540 2099
1538550 2099
1538560 2101
1538570 2102
1538580 2118
1538590 2118
1538600 2120
1538610 2121
1538620 2121
1538630 2132
1538640 2141
1538650 2141
1538660 2145
1538670 2148
1538680 2148
1538690 2149
1538700 2161
1538710 2161
1538720 2168
1538730 2174
1538740 2174
1538750 2180
1538760 2188
1538770 2188
1538780 2194
1538790 2205
1538800 2205
1538810 2212
1538820 2214
1538830 2215
1538840 2215
1538850 2217
1538860 2219
1538870 2219
1538880 2222
1538890 2225
1538900 2225
1538910 2228
1538920 2232
1538930 2232
1538940 2236
1538950 2241
1538960 2241
1538970 2244
1538980 2245
1538990 2245
1539000 2245
1539010 2246
1539020 2246
1539030 2247
1539040 2249
1539050 2249
1539060 2250
1539070 2253
1539080 2257
1539090 2257
1539100 2260
1539110 2265
1539120 2265
1539130 2270
1539140 2274
1539150 2280
1539160 2285
1539170 2290
1539180 2290
1539190 2295
1539200 2299
1539210 2299
1539220 2304
1539230 2308
1539240 2308
1539250 2311
1539260 2314
1539270 2314
1539280 2317
1539290 2319
1539300 2319
1539310 2321
1539320 2323
1539330 2324
1539340 2324
1539350 2326
1539360 2327
1539370 2327
1539380 2329
1539390 2330
1539400 2330
1539410 2331
1539420 2333
1539430 2333
1539440 2334
1539450 2335
1539460 2335
1539470 2337
1539480 2340
1539490 2340
1539500 2341
1539510 2338
1539520 2338
1539530 2333
1539540 2321
1539550 2321
1539560 2310
1539570 2298
1539580 2289
1539590 2289
1539600 2281
1539610 2273
1539620 2273
1539630 2264
1539640 2255
1539650 2255
1539660 2248
1539670 2238
1539680 2238
1539690 2229
1539700 2221
1539710 2221
1539720 2213
1539730 2205
1539740 2205
1539750 2197
1539760 2190
1539770 2190
1539780 2183
1539790 2175
1539800 2175
1539810 2168
1539820 2161
1539830 2154
1539840 2154
1539850 2147
1539860 2141
1539870 2141
1539880 2136
1539890 2133
1539900 2133
1539910 2134
1539920 2136
1539930 2136
1539940 2136
1539950 2137
1539960 2137
1539970 2138
1539980 2137
1539990 2137
