1520000 1463
1520010 1459
1520020 1459
1520030 1455
1520040 1451
1520050 1451
1520060 1447
1520070 1442
1520080 1442
1520090 1437
1520100 1433
1520110 1433
1520120 1428
1520130 1422
1520140 1417
1520150 1417
1520160 1412
1520170 1407
1520180 1407
1520190 1403
1520200 1399
1520210 1399
1520220 1396
1520230 1394
1520240 1394
1520250 1392
1520260 1390
1520270 1390
1520280 1389
1520290 1386
1520300 1386
1520310 1384
1520320 1383
1520330 1383
1520340 1381
1520350 1377
1520360 1377
1520370 1372
1520380 1367
1520390 1361
1520400 1361
1520410 1356
1520420 1354
1520430 1354
1520440 1353
1520450 1353
1520460 1353
1520470 1356
1520480 1358
1520490 1358
1520500 1360
1520510 1364
1520520 1364
1520530 1368
1520540 1370
1520550 1370
1520560 1373
1520570 1377
1520580 1377
1520590 1381
1520600 1388
1520610 1388
1520620 1394
1520630 1399
1520640 1402
1520650 1402
1520660 1406
1520670 1410
1520680 1410
1520690 1412
1520700 1414
1520710 1414
1520720 1419
1520730 1425
1520740 1425
1520750 1431
1520760 1439
1520770 1439
1520780 1446
1520790 1454
1520800 1454
1520810 1462
1520820 1471
1520830 1471
1520840 1478
1520850 1485
1520860 1485
1520870 1492
1520880 1499
1520890 1506
1520900 1506
1520910 1513
1520920 1519
1520930 1519
1520940 1525
1520950 1532
1520960 1532
1520970 1539
1520980 1546
1520990 1546
1521000 1554
1521010 1562
1521020 1562
1521030 1571
1521040 1581
1521050 1581
1521060 1594
1521070 1612
1521080 1612
1521090 1639
1521100 1665
1521110 1665
1521120 1675
1521130 1683
1521140 1697
1521150 1697
1521160 1730
1521170 1756
1521180 1756
1521190 1789
1521200 1809
1521210 1809
1521220 1818
1521230 1832
1521240 1832
1521250 1849
1521260 1862
1521270 1862
1521280 1874
1521290 1896
1521300 1896
1521310 1915
1521320 1920
1521330 1920
1521340 1923
1521350 1930
1521360 1930
1521370 1932
1521380 1935
1521390 1938
1521400 1938
1521410 1942
1521420 1947
1521430 1947
1521440 1951
1521450 1954
1521460 1954
1521470 1958
1521480 1963
1521490 1963
1521500 1969
1521510 1978
1521520 1978
1521530 1981
1521540 1984
1521550 1984
1521560 1988
1521570 1994
1521580 1994
1521590 1997
1521600 2001
1521610 2001
1521620 2006
1521630 2009
1521640 2007
1521650 2007
1521660 2006
1521670 2008
1521680 2008
1521690 2010
1521700 2009
1521710 2009
1521720 2010
1521730 2010
1521740 2010
1521750 2012
1521760 2015
1521770 2015
1521780 2018
1521790 2020
1521800 2020
1521810 2023
1521820 2026
1521830 2026
1521840 2029
1521850 2033
1521860 2033
1521870 2039
1521880 2046
1521890 2053
1521900 2053
1521910 2064
1521920 2079
1521930 2079
1521940 2087
1521950 2094
1521960 2094
1521970 2101
1521980 2109
1521990 2109
1522000 2116
1522010 2119
1522020 2119
1522030 2120
1522040 2122
1522050 2122
1522060 2124
1522070 2126
1522080 2126
1522090 2128
1522100 2130
1522110 2130
1522120 2134
1522130 2139
1522140 2145
1522150 2145
1522160 2150
1522170 2158
1522180 2158
1522190 2168
1522200 2175
1522210 2175
1522220 2181
1522230 2186
1522240 2186
1522250 2187
1522260 2188
1522270 2188
1522280 2188
1522290 2188
1522300 2188
1522310 2189
1522320 2190
1522330 2190
1522340 2193
1522350 2199
1522360 2199
1522370 2202
1522380 2207
1522390 2211
1522400 2211
1522410 2215
1522420 2220
1522430 2220
1522440 2225
1522450 2230
1522460 2230
1522470 2236
1522480 2242
1522490 2242
1522500 2248
1522510 2254
1522520 2254
1522530 2261
1522540 2270
1522550 2270
1522560 2286
1522570 2300
1522580 2300
1522590 2307
1522600 2321
1522610 2321
1522620 2344
1522630 2354
1522640 2365
1522650 2365
1522660 2375
1522670 2386
1522680 2386
1522690 2394
1522700 2395
1522710 2395
1522720 2393
1522730 2391
1522740 2391
1522750 2392
1522760 2399
1522770 2399
1522780 2416
1522790 2430
1522800 2430
1522810 2433
1522820 2437
1522830 2437
1522840 2453
1522850 2459
1522860 2459
1522870 2467
1522880 2474
1522890 2478
1522900 2478
1522910 2479
1522920 2484
1522930 2484
1522940 2493
1522950 2507
1522960 2507
1522970 2507
1522980 2495
1522990 2495
1523000 2484
1523010 2479
1523020 2479
1523030 2476
1523040 2466
1523050 2466
1523060 2448
1523070 2437
1523080 2437
1523090 2429
1523100 2421
1523110 2421
1523120 2413
1523130 2406
1523140 2399
1523150 2399
1523160 2392
1523170 2386
1523180 2386
1523190 2383
1523200 2389
1523210 2389
1523220 2400
1523230 2396
1523240 2396
1523250 2386
1523260 2379
1523270 2379
1523280 2369
1523290 2366
1523300 2366
1523310 2361
1523320 2357
1523330 2357
1523340 2353
1523350 2344
1523360 2344
1523370 2334
1523380 2327
1523390 2316
1523400 2316
1523410 2306
1523420 2294
1523430 2294
1523440 2291
1523450 2290
1523460 2290
1523470 2297
1523480 2295
1523490 2295
1523500 2287
1523510 2283
1523520 2283
1523530 2284
1523540 2283
1523550 2283
1523560 2281
1523570 2279
1523580 2279
1523590 2276
1523600 2275
1523610 2275
1523620 2277
1523630 2274
1523640 2273
1523650 2273
1523660 2272
1523670 2272
1523680 2272
1523690 2272
1523700 2270
1523710 2270
1523720 2265
1523730 2262
1523740 2262
1523750 2257
1523760 2253
1523770 2253
1523780 2248
1523790 2244
1523800 2244
1523810 2239
1523820 2234
1523830 2234
1523840 2226
1523850 2220
1523860 2220
1523870 2219
1523880 2215
1523890 2211
1523900 2211
1523910 2205
1523920 2199
1523930 2199
1523940 2193
1523950 2186
1523960 2186
1523970 2181
1523980 2176
1523990 2176
1524000 2170
1524010 2165
1524020 2165
1524030 2159
1524040 2153
1524050 2153
1524060 2147
1524070 2142
1524080 2142
1524090 2136
1524100 2131
1524110 2131
1524120 2127
1524130 2122
1524140 2117
1524150 2117
1524160 2110
1524170 2103
1524180 2103
1524190 2096
1524200 2090
1524210 2090
1524220 2084
1524230 2078
1524240 2078
1524250 2074
1524260 2071
1524270 2071
1524280 2068
1524290 2065
1524300 2065
1524310 2061
1524320 2059
1524330 2059
1524340 2057
1524350 2053
1524360 2053
1524370 2044
1524380 2030
1524390 2025
1524400 2025
1524410 2020
1524420 2012
1524430 2012
1524440 2003
1524450 1994
1524460 1994
1524470 1985
1524480 1975
1524490 1975
1524500 1960
1524510 1932
1524520 1938
1524530 1913
1524540 1901
1524550 1901
1524560 1904
1524570 1894
1524580 1894
1524590 1875
1524600 1856
1524610 1856
1524620 1844
1524630 1835
1524640 1828
1524650 1828
1524660 1821
1524670 1814
1524680 1814
1524690 1807
1524700 1800
1524710 1800
1524720 1793
1524730 1786
1524740 1786
1524750 1780
1524760 1773
1524770 1773
1524780 1767
1524790 1761
1524800 1761
1524810 1755
1524820 1749
1524830 1749
1524840 1743
1524850 1737
1524860 1737
1524870 1731
1524880 1726
1524890 1720
1524900 1720
1524910 1715
1524920 1710
1524930 1710
1524940 1707
1524950 1703
1524960 1703
1524970 1700
1524980 1698
1524990 1698
1525000 1697
1525010 1695
1525020 1695
1525030 1693
1525040 1691
1525050 1691
1525060 1689
1525070 1687
1525080 1687
1525090 1687
1525100 1687
1525110 1687
1525120 1686
1525130 1684
1525140 1683
1525150 1683
1525160 1682
1525170 1681
1525180 1681
1525190 1680
1525200 1682
1525210 1682
1525220 1684
1525230 1686
1525240 1686
1525250 1687
1525260 1691
1525270 1691
1525280 1694
1525290 1698
1525300 1698
1525310 1701
1525320 1704
1525330 1704
1525340 1707
1525350 1710
1525360 1710
1525370 1712
1525380 1714
1525390 1716
1525400 1716
1525410 1718
1525420 1720
1525430 1720
1525440 1723
1525450 1728
1525460 1728
1525470 1731
1525480 1733
1525490 1733
1525500 1737
1525510 1739
1525520 1739
1525530 1740
1525540 1742
1525550 1742
1525560 1746
1525570 1748
1525580 1748
1525590 1750
1525600 1751
1525610 1751
1525620 1753
1525630 1755
1525640 1756
1525650 1756
1525660 1757
1525670 1758
1525680 1758
1525690 1759
1525700 1761
1525710 1761
1525720 1764
1525730 1768
1525740 1768
1525750 1773
1525760 1777
1525770 1777
1525780 1782
1525790 1787
1525800 1787
1525810 1792
1525820 1797
1525830 1797
1525840 1802
1525850 1807
1525860 1807
1525870 1813
1525880 1817
1525890 1820
1525900 1820
1525910 1825
1525920 1831
1525930 1831
1525940 1838
1525950 1846
1525960 1846
1525970 1854
1525980 1863
1525990 1863
1526000 1871
1526010 1880
1526020 1880
1526030 1897
1526040 1903
1526050 1903
1526060 1912
1526070 1925
1526080 1925
1526090 1949
1526100 1965
1526110 1965
1526120 1973
1526130 1983
1526140 1995
1526150 1995
1526160 2004
1526170 2008
1526180 2008
1526190 2012
1526200 2018
1526210 2018
1526220 2027
1526230 2037
1526240 2037
1526250 2048
1526260 2058
1526270 2058
1526280 2066
1526290 2072
1526300 2072
1526310 2076
1526320 2079
1526330 2079
1526340 2083
1526350 2086
1526360 2086
1526370 2089
1526380 2092
1526390 2097
1526400 2097
1526410 2102
1526420 2105
1526430 2105
1526440 2110
1526450 2113
1526460 2113
1526470 2117
1526480 2120
1526490 2120
1526500 2121
1526510 2127
1526520 2127
1526530 2135
1526540 2139
1526550 2139
1526560 2144
1526570 2148
1526580 2148
1526590 2151
1526600 2153
1526610 2153
1526620 2155
1526630 2156
1526640 2160
1526650 2160
1526660 2168
1526670 2177
1526680 2177
1526690 2186
1526700 2192
1526710 2192
1526720 2197
1526730 2202
1526740 2202
1526750 2204
1526760 2204
1526770 2204
1526780 2209
1526790 2217
1526800 2217
1526810 2231
1526820 2245
1526830 2245
1526840 2258
1526850 2276
1526860 2276
1526870 2287
1526880 2294
1526890 2301
1526900 2301
1526910 2310
1526920 2321
1526930 2321
1526940 2333
1526950 2340
1526960 2340
1526970 2350
1526980 2360
1526990 2360
1527000 2369
1527010 2377
1527020 2377
1527030 2383
1527040 2389
1527050 2389
1527060 2401
1527070 2411
1527080 2411
1527090 2415
1527100 2420
1527110 2420
1527120 2424
1527130 2433
1527140 2441
1527150 2441
1527160 2446
1527170 2453
1527180 2453
1527190 2460
1527200 2465
1527210 2465
1527220 2472
1527230 2487
1527240 2487
1527250 2501
1527260 2512
1527270 2512
1527280 2523
1527290 2536
1527300 2536
1527310 2549
1527320 2561
1527330 2561
1527340 2577
1527350 2596
1527360 2596
1527370 2602
1527380 2598
1527390 2589
1527400 2589
1527410 2579
1527420 2574
1527430 2574
1527440 2564
1527450 2553
1527460 2553
1527470 2542
1527480 2534
1527490 2534
1527500 2526
1527510 2518
1527520 2518
1527530 2511
1527540 2509
1527550 2509
1527560 2508
1527570 2500
1527580 2500
1527590 2485
1527600 2475
1527610 2475
1527620 2466
1527630 2463
1527640 2461
1527650 2461
1527660 2454
1527670 2443
1527680 2443
1527690 2436
1527700 2428
1527710 2428
1527720 2418
1527730 2411
1527740 2411
1527750 2404
1527760 2398
1527770 2398
1527780 2394
1527790 2390
1527800 2390
1527810 2386
1527820 2383
1527830 2383
1527840 2381
1527850 2376
1527860 2376
1527870 2372
1527880 2368
1527890 2368
1527900 2368
1527910 2365
1527920 2361
1527930 2361
1527940 2358
1527950 2355
1527960 2355
1527970 2353
1527980 2353
1527990 2353
1528000 2352
1528010 2348
1528020 2348
1528030 2345
1528040 2342
1528050 2342
1528060 2348
1528070 2353
1528080 2353
1528090 2349
1528100 2342
1528110 2342
1528120 2338
1528130 2332
1528140 2328
1528150 2328
1528160 2324
1528170 2320
1528180 2320
1528190 2315
1528200 2313
1528210 2313
1528220 2315
1528230 2321
1528240 2321
1528250 2322
1528260 2315
1528270 2315
1528280 2308
1528290 2300
1528300 2300
1528310 2292
1528320 2285
1528330 2285
1528340 2281
1528350 2278
1528360 2278
1528370 2277
1528380 2275
1528390 2275
1528400 2269
1528410 2258
1528420 2246
1528430 2246
1528440 2237
1528450 2231
1528460 2231
1528470 2224
1528480 2216
1528490 2216
1528500 2209
1528510 2206
1528520 2206
1528530 2201
1528540 2193
1528550 2193
1528560 2189
1528570 2182
1528580 2182
1528590 2184
1528600 2187
1528610 2187
1528620 2183
1528630 2175
1528640 2175
1528650 2168
1528660 2163
1528670 2161
1528680 2161
1528690 2165
1528700 2166
1528710 2166
1528720 2167
1528730 2166
1528740 2166
1528750 2164
1528760 2157
1528770 2157
1528780 2151
1528790 2144
1528800 2144
1528810 2132
1528820 2121
1528830 2121
1528840 2114
1528850 2106
1528860 2106
1528870 2096
1528880 2088
1528890 2088
1528900 2079
1528910 2071
1528920 2062
1528930 2062
1528940 2054
1528950 2045
1528960 2045
1528970 2035
1528980 2027
1528990 2027
1529000 2017
1529010 2006
1529020 2006
1529030 1997
1529040 1988
1529050 1988
1529060 1979
1529070 1971
1529080 1971
1529090 1962
1529100 1949
1529110 1949
1529120 1936
1529130 1921
1529140 1921
1529150 1909
1529160 1883
1529170 1853
1529180 1853
1529190 1836
1529200 1826
1529210 1826
1529220 1819
1529230 1813
1529240 1813
1529250 1807
1529260 1804
1529270 1804
1529280 1803
1529290 1801
1529300 1801
1529310 1795
1529320 1780
1529330 1780
1529340 1764
1529350 1762
1529360 1762
1529370 1758
1529380 1749
1529390 1749
1529400 1745
1529410 1743
1529420 1743
1529430 1743
1529440 1739
1529450 1733
1529460 1733
1529470 1722
1529480 1713
1529490 1713
1529500 1707
1529510 1706
1529520 1706
1529530 1694
1529540 1675
1529550 1675
1529560 1667
1529570 1655
1529580 1655
1529590 1648
1529600 1647
1529610 1647
1529620 1643
1529630 1634
1529640 1634
1529650 1624
1529660 1618
1529670 1616
1529680 1616
1529690 1609
1529700 1602
1529710 1602
1529720 1594
1529730 1585
1529740 1585
1529750 1576
1529760 1567
1529770 1567
1529780 1560
1529790 1553
1529800 1553
1529810 1542
1529820 1531
1529830 1531
1529840 1519
1529850 1505
1529860 1505
1529870 1495
1529880 1488
1529890 1488
1529900 1479
1529910 1472
1529920 1469
1529930 1469
1529940 1467
1529950 1463
1529960 1463
1529970 1457
1529980 1451
1529990 1451
1530000 1446
1530010 1441
1530020 1441
1530030 1436
1530040 1431
1530050 1431
1530060 1426
1530070 1421
1530080 1421
1530090 1416
1530100 1412
1530110 1412
1530120 1408
1530130 1403
1530140 1403
1530150 1400
1530160 1396
1530170 1392
1530180 1392
1530190 1391
1530200 1389
1530210 1389
1530220 1385
1530230 1383
1530240 1383
1530250 1383
1530260 1384
1530270 1384
1530280 1386
1530290 1387
1530300 1387
1530310 1389
1530320 1391
1530330 1391
1530340 1393
1530350 1394
1530360 1394
1530370 1396
1530380 1397
1530390 1397
1530400 1397
1530410 1398
1530420 1399
1530430 1399
1530440 1400
1530450 1403
1530460 1403
1530470 1405
1530480 1407
1530490 1407
1530500 1409
1530510 1411
1530520 1411
1530530 1413
1530540 1414
1530550 1414
1530560 1414
1530570 1415
1530580 1415
1530590 1417
1530600 1421
1530610 1421
1530620 1424
1530630 1426
1530640 1426
1530650 1428
1530660 1430
1530670 1435
1530680 1435
1530690 1439
1530700 1444
1530710 1444
1530720 1448
1530730 1464
1530740 1464
1530750 1477
1530760 1487
1530770 1487
1530780 1504
1530790 1520
1530800 1520
1530810 1526
1530820 1533
1530830 1533
1530840 1540
1530850 1547
1530860 1547
1530870 1554
1530880 1562
1530890 1562
1530900 1569
1530910 1575
1530920 1583
1530930 1583
1530940 1593
1530950 1602
1530960 1602
1530970 1603
1530980 1605
1530990 1605
1531000 1609
1531010 1611
1531020 1611
1531030 1609
1531040 1610
1531050 1610
1531060 1614
1531070 1619
1531080 1619
1531090 1623
1531100 1627
1531110 1627
1531120 1630
1531130 1636
1531140 1636
1531150 1650
1531160 1674
1531170 1693
1531180 1693
1531190 1702
1531200 1710
1531210 1710
1531220 1725
1531230 1737
1531240 1737
1531250 1749
1531260 1775
1531270 1775
1531280 1791
1531290 1801
1531300 1801
1531310 1812
1531320 1821
1531330 1821
1531340 1828
1531350 1836
1531360 1836
1531370 1844
1531380 1852
1531390 1852
1531400 1860
1531410 1866
1531420 1873
1531430 1873
1531440 1882
1531450 1892
1531460 1892
1531470 1903
1531480 1917
1531490 1917
1531500 1927
1531510 1933
1531520 1933
1531530 1936
1531540 1939
1531550 1939
1531560 1941
1531570 1946
1531580 1946
1531590 1952
1531600 1959
1531610 1959
1531620 1965
1531630 1973
1531640 1973
1531650 1984
1531660 1993
1531670 1995
1531680 1995
1531690 1997
1531700 1998
1531710 1998
1531720 2009
1531730 2019
1531740 2019
1531750 2028
1531760 2041
1531770 2041
1531780 2051
1531790 2062
1531800 2062
1531810 2082
1531820 2100
1531830 2100
1531840 2112
1531850 2123
1531860 2123
1531870 2140
1531880 2153
1531890 2153
1531900 2169
1531910 2188
1531920 2198
1531930 2198
1531940 2202
1531950 2207
1531960 2207
1531970 2215
1531980 2223
1531990 2223
1532000 2229
1532010 2235
1532020 2235
1532030 2239
1532040 2243
1532050 2243
1532060 2247
1532070 2253
1532080 2253
1532090 2261
1532100 2270
1532110 2270
1532120 2280
1532130 2289
1532140 2289
1532150 2295
1532160 2301
1532170 2308
1532180 2308
1532190 2315
1532200 2324
1532210 2324
1532220 2334
1532230 2342
1532240 2342
1532250 2346
1532260 2348
1532270 2348
1532280 2350
1532290 2354
1532300 2354
1532310 2360
1532320 2367
1532330 2367
1532340 2374
1532350 2383
1532360 2383
1532370 2395
1532380 2405
1532390 2405
1532400 2418
1532410 2435
1532420 2452
1532430 2452
1532440 2463
1532450 2473
1532460 2473
1532470 2482
1532480 2487
1532490 2487
1532500 2492
1532510 2496
1532520 2496
1532530 2497
1532540 2502
1532550 2502
1532560 2509
1532570 2517
1532580 2517
1532590 2526
1532600 2535
1532610 2535
1532620 2544
1532630 2553
1532640 2553
1532650 2564
1532660 2574
1532670 2582
1532680 2582
1532690 2593
1532700 2601
1532710 2601
1532720 2608
1532730 2611
1532740 2611
1532750 2616
1532760 2625
1532770 2625
1532780 2632
1532790 2639
1532800 2639
1532810 2646
1532820 2652
1532830 2652
1532840 2659
1532850 2671
1532860 2671
1532870 2680
1532880 2686
1532890 2686
1532900 2689
1532910 2686
1532920 2680
1532930 2680
1532940 2683
1532950 2688
1532960 2688
1532970 2692
1532980 2692
1532990 2692
1533000 2684
1533010 2673
1533020 2673
1533030 2663
1533040 2656
1533050 2656
1533060 2651
1533070 2644
1533080 2644
1533090 2640
1533100 2644
1533110 2644
1533120 2646
1533130 2647
1533140 2632
1533150 2636
1533160 2636
1533170 2627
1533180 2627
1533190 2616
1533200 2607
1533210 2607
1533220 2606
1533230 2604
1533240 2604
1533250 2600
1533260 2598
1533270 2598
1533280 2592
1533290 2587
1533300 2587
1533310 2577
1533320 2567
1533330 2567
1533340 2556
1533350 2549
1533360 2549
1533370 2540
1533380 2529
1533390 2529
1533400 2519
1533410 2508
1533420 2495
1533430 2495
1533440 2481
1533450 2468
1533460 2468
1533470 2456
1533480 2439
1533490 2439
1533500 2426
1533510 2412
1533520 2412
1533530 2399
1533540 2391
1533550 2391
1533560 2383
1533570 2375
1533580 2375
1533590 2364
1533600 2357
1533610 2357
1533620 2349
1533630 2339
1533640 2339
1533650 2331
1533660 2322
1533670 2313
1533680 2313
1533690 2308
1533700 2304
1533710 2304
1533720 2301
1533730 2298
1533740 2298
1533750 2292
1533760 2284
1533770 2284
1533780 2278
1533790 2274
1533800 2274
1533810 2260
1533820 2248
1533830 2248
1533840 2240
1533850 2222
1533860 2222
1533870 2206
1533880 2198
1533890 2198
1533900 2193
1533910 2187
1533920 2181
1533930 2181
1533940 2175
1533950 2169
1533960 2169
1533970 2163
1533980 2156
1533990 2156
1534000 2150
1534010 2145
1534020 2145
1534030 2140
1534040 2134
1534050 2134
1534060 2129
1534070 2123
1534080 2123
1534090 2119
1534100 2114
1534110 2114
1534120 2110
1534130 2107
1534140 2107
1534150 2105
1534160 2104
1534170 2105
1534180 2105
1534190 2106
1534200 2106
1534210 2106
1534220 2108
1534230 2107
1534240 2107
1534250 2104
1534260 2099
1534270 2099
1534280 2094
1534290 2092
1534300 2092
1534310 2088
1534320 2082
1534330 2082
1534340 2075
1534350 2071
1534360 2071
1534370 2065
1534380 2057
1534390 2057
1534400 2051
1534410 2046
1534420 2041
1534430 2041
1534440 2038
1534450 2034
1534460 2034
1534470 2031
1534480 2028
1534490 2028
1534500 2022
1534510 2017
1534520 2017
1534530 2011
1534540 2003
1534550 2003
1534560 1998
1534570 1994
1534580 1994
1534590 1989
1534600 1985
1534610 1985
1534620 1982
1534630 1978
1534640 1978
1534650 1977
1534660 1975
1534670 1974
1534680 1974
1534690 1975
1534700 1973
1534710 1973
1534720 1972
1534730 1969
1534740 1969
1534750 1968
1534760 1970
1534770 1970
1534780 1972
1534790 1975
1534800 1975
1534810 1978
1534820 1981
1534830 1981
1534840 1981
1534850 1980
1534860 1980
1534870 1978
1534880 1976
1534890 1976
1534900 1974
1534910 1971
1534920 1967
1534930 1967
1534940 1962
1534950 1954
1534960 1954
1534970 1947
1534980 1941
1534990 1941
1535000 1936
1535010 1930
1535020 1930
1535030 1922
1535040 1913
1535050 1913
1535060 1906
1535070 1900
1535080 1900
1535090 1894
1535100 1888
1535110 1888
1535120 1883
1535130 1877
1535140 1877
1535150 1871
1535160 1867
1535170 1863
1535180 1863
1535190 1859
1535200 1854
1535210 1854
1535220 1849
1535230 1843
1535240 1843
1535250 1836
1535260 1827
1535270 1827
1535280 1820
1535290 1819
1535300 1819
1535310 1815
1535320 1807
1535330 1807
1535340 1795
1535350 1784
1535360 1784
1535370 1776
1535380 1770
1535390 1770
1535400 1765
1535410 1761
1535420 1761
1535430 1756
1535440 1749
1535450 1743
1535460 1743
1535470 1738
1535480 1735
1535490 1735
1535500 1730
1535510 1721
1535520 1721
1535530 1710
1535540 1700
1535550 1700
1535560 1693
1535570 1686
1535580 1686
1535590 1678
1535600 1671
1535610 1671
1535620 1665
1535630 1660
1535640 1660
1535650 1653
1535660 1644
1535670 1644
1535680 1637
1535690 1636
1535700 1630
1535710 1630
1535720 1624
1535730 1617
1535740 1617
1535750 1610
1535760 1604
1535770 1604
1535780 1597
1535790 1586
1535800 1586
1535810 1569
1535820 1561
1535830 1561
1535840 1555
1535850 1549
1535860 1549
1535870 1544
1535880 1542
1535890 1542
1535900 1537
1535910 1532
1535920 1532
1535930 1523
1535940 1514
1535950 1506
1535960 1506
1535970 1489
1535980 1480
1535990 1480
1536000 1472
1536010 1465
1536020 1465
1536030 1459
1536040 1452
1536050 1452
1536060 1446
1536070 1439
1536080 1439
1536090 1433
1536100 1428
1536110 1428
1536120 1421
1536130 1414
1536140 1414
1536150 1409
1536160 1403
1536170 1403
1536180 1397
1536190 1392
1536200 1388
1536210 1388
1536220 1383
1536230 1380
1536240 1380
1536250 1375
1536260 1369
1536270 1369
1536280 1362
1536290 1356
1536300 1356
1536310 1350
1536320 1345
1536330 1345
1536340 1340
1536350 1337
1536360 1337
1536370 1335
1536380 1330
1536390 1330
1536400 1325
1536410 1321
1536420 1321
1536430 1317
1536440 1314
1536450 1311
1536460 1311
1536470 1307
1536480 1303
1536490 1303
1536500 1299
1536510 1295
1536520 1295
1536530 1292
1536540 1289
1536550 1289
1536560 1286
1536570 1283
1536580 1283
1536590 1279
1536600 1277
1536610 1277
1536620 1275
1536630 1273
1536640 1273
1536650 1270
1536660 1268
1536670 1268
1536680 1266
1536690 1264
1536700 1260
1536710 1260
1536720 1261
1536730 1263
1536740 1263
1536750 1264
1536760 1265
1536770 1265
1536780 1266
1536790 1267
1536800 1267
1536810 1269
1536820 1270
1536830 1270
1536840 1272
1536850 1273
1536860 1273
1536870 1275
1536880 1277
1536890 1277
1536900 1279
1536910 1281
1536920 1281
1536930 1284
1536940 1287
1536950 1290
1536960 1290
1536970 1293
1536980 1296
1536990 1296
1537000 1299
1537010 1303
1537020 1303
1537030 1307
1537040 1311
1537050 1311
1537060 1316
1537070 1320
1537080 1320
1537090 1325
1537100 1331
1537110 1331
1537120 1334
1537130 1338
1537140 1338
1537150 1342
1537160 1345
1537170 1345
1537180 1350
1537190 1358
1537200 1367
1537210 1367
1537220 1376
1537230 1385
1537240 1385
1537250 1393
1537260 1403
1537270 1403
1537280 1419
1537290 1439
1537300 1439
1537310 1466
1537320 1481
1537330 1481
1537340 1493
1537350 1507
1537360 1507
1537370 1522
1537380 1535
1537390 1535
1537400 1546
1537410 1556
1537420 1556
1537430 1567
1537440 1579
1537450 1590
1537460 1590
1537470 1603
1537480 1615
1537490 1615
1537500 1626
1537510 1638
1537520 1638
1537530 1651
1537540 1667
1537550 1667
1537560 1679
1537570 1690
1537580 1690
1537590 1702
1537600 1710
1537610 1710
1537620 1720
1537630 1727
1537640 1727
1537650 1735
1537660 1743
1537670 1743
1537680 1755
1537690 1765
1537700 1777
1537710 1777
1537720 1786
1537730 1794
1537740 1794
1537750 1805
1537760 1817
1537770 1817
1537780 1830
1537790 1844
1537800 1844
1537810 1854
1537820 1862
1537830 1862
1537840 1870
1537850 1876
1537860 1876
1537870 1879
1537880 1885
1537890 1885
1537900 1892
1537910 1900
1537920 1900
1537930 1910
1537940 1928
1537950 1941
1537960 1941
1537970 1947
1537980 1956
1537990 1956
1538000 1968
1538010 1986
1538020 1986
1538030 2000
1538040 2006
1538050 2006
1538060 2007
1538070 2006
1538080 2006
1538090 2004
1538100 1996
1538110 1996
1538120 1989
1538130 2003
1538140 2003
1538150 2013
1538160 2019
1538170 2019
1538180 2024
1538190 2030
1538200 2045
1538210 2045
1538220 2060
1538230 2068
1538240 2068
1538250 2073
1538260 2077
1538270 2077
1538280 2080
1538290 2084
1538300 2084
1538310 2089
1538320 2094
1538330 2094
1538340 2100
1538350 2109
1538360 2109
1538370 2117
1538380 2123
1538390 2123
1538400 2124
1538410 2124
1538420 2124
1538430 2128
1538440 2136
1538450 2135
1538460 2135
1538470 2137
1538480 2148
1538490 2148
1538500 2159
1538510 2165
1538520 2165
1538530 2172
1538540 2177
1538550 2177
1538560 2181
1538570 2184
1538580 2184
1538590 2187
1538600 2184
1538610 2184
1538620 2183
1538630 2187
1538640 2187
1538650 2188
1538660 2185
1538670 2185
1538680 2180
1538690 2176
1538700 2173
1538710 2173
1538720 2169
1538730 2165
1538740 2165
1538750 2162
1538760 2159
1538770 2159
1538780 2159
1538790 2159
1538800 2159
1538810 2160
1538820 2162
1538830 2162
1538840 2165
1538850 2170
1538860 2170
1538870 2177
1538880 2183
1538890 2183
1538900 2183
1538910 2182
1538920 2182
1538930 2181
1538940 2177
1538950 2175
1538960 2175
1538970 2178
1538980 2184
1538990 2184
1539000 2195
1539010 2206
1539020 2206
1539030 2209
1539040 2203
1539050 2203
1539060 2203
1539070 2210
1539080 2210
1539090 2214
1539100 2211
1539110 2211
1539120 2211
1539130 2214
1539140 2214
1539150 2222
1539160 2232
1539170 2232
1539180 2248
1539190 2260
1539200 2265
1539210 2265
1539220 2261
1539230 2264
1539240 2264
1539250 2273
1539260 2266
1539270 2266
1539280 2261
1539290 2257
1539300 2257
1539310 2249
1539320 2243
1539330 2243
1539340 2243
1539350 2251
1539360 2251
1539370 2251
1539380 2247
1539390 2247
1539400 2241
1539410 2238
1539420 2238
1539430 2231
1539440 2224
1539450 2224
1539460 2224
1539470 2224
1539480 2219
1539490 2219
1539500 2209
1539510 2197
1539520 2197
1539530 2188
1539540 2189
1539550 2189
1539560 2184
1539570 2171
1539580 2171
1539590 2162
1539600 2158
1539610 2158
1539620 2155
1539630 2149
1539640 2149
1539650 2143
1539660 2137
1539670 2137
1539680 2131
1539690 2126
1539700 2120
1539710 2120
1539720 2117
1539730 2115
1539740 2115
1539750 2113
1539760 2114
1539770 2114
1539780 2115
1539790 2115
1539800 2115
1539810 2116
1539820 2115
1539830 2115
1539840 2112
1539850 2108
1539860 2108
1539870 2104
1539880 2100
1539890 2100
1539900 2096
1539910 2092
1539920 2092
1539930 2087
1539940 2082
1539950 2077
1539960 2077
1539970 2073
1539980 2070
1539990 2070
