1520000 2027
1520010 2027
1520020 2015
1520030 2005
1520040 2005
1520050 1993
1520060 1966
1520070 1966
1520080 1955
1520090 1941
1520100 1941
1520110 1923
1520120 1915
1520130 1915
1520140 1907
1520150 1899
1520160 1899
1520170 1890
1520180 1880
1520190 1880
1520200 1871
1520210 1864
1520220 1864
1520230 1856
1520240 1848
1520250 1848
1520260 1840
1520270 1832
1520280 1823
1520290 1823
1520300 1814
1520310 1806
1520320 1806
1520330 1798
1520340 1791
1520350 1791
1520360 1783
1520370 1777
1520380 1777
1520390 1772
1520400 1765
1520410 1765
1520420 1756
1520430 1748
1520440 1748
1520450 1743
1520460 1737
1520470 1737
1520480 1732
1520490 1720
1520500 1720
1520510 1707
1520520 1696
1520530 1690
1520540 1690
1520550 1695
1520560 1687
1520570 1687
1520580 1673
1520590 1662
1520600 1662
1520610 1655
1520620 1650
1520630 1650
1520640 1641
1520650 1630
1520660 1630
1520670 1623
1520680 1616
1520690 1616
1520700 1611
1520710 1605
1520720 1605
1520730 1600
1520740 1594
1520750 1594
1520760 1588
1520770 1581
1520780 1575
1520790 1575
1520800 1569
1520810 1564
1520820 1564
1520830 1558
1520840 1553
1520850 1553
1520860 1548
1520870 1542
1520880 1542
1520890 1536
1520900 1531
1520910 1531
1520920 1526
1520930 1521
1520940 1521
1520950 1517
1520960 1513
1520970 1513
1520980 1510
1520990 1508
1521000 1508
1521010 1508
1521020 1511
1521030 1515
1521040 1515
1521050 1520
1521060 1524
1521070 1524
1521080 1528
1521090 1534
1521100 1534
1521110 1539
1521120 1544
1521130 1544
1521140 1549
1521150 1555
1521160 1555
1521170 1559
1521180 1564
1521190 1564
1521200 1569
1521210 1577
1521220 1577
1521230 1585
1521240 1591
1521250 1591
1521260 1597
1521270 1606
1521280 1613
1521290 1613
1521300 1619
1521310 1624
1521320 1624
1521330 1633
1521340 1635
1521350 1635
1521360 1635
1521370 1645
1521380 1645
1521390 1661
1521400 1671
1521410 1671
1521420 1680
1521430 1690
1521440 1690
1521450 1700
1521460 1710
1521470 1710
1521480 1716
1521490 1713
1521500 1713
1521510 1715
1521520 1726
1521530 1742
1521540 1742
1521550 1760
1521560 1778
1521570 1778
1521580 1786
1521590 1794
1521600 1794
1521610 1804
1521620 1820
1521630 1820
1521640 1833
1521650 1841
1521660 1841
1521670 1852
1521680 1864
1521690 1864
1521700 1873
1521710 1884
1521720 1884
1521730 1894
1521740 1902
1521750 1902
1521760 1907
1521770 1911
1521780 1921
1521790 1921
1521800 1928
1521810 1935
1521820 1935
1521830 1943
1521840 1951
1521850 1951
1521860 1960
1521870 1970
1521880 1970
1521890 1982
1521900 1994
1521910 1994
1521920 2002
1521930 2010
1521940 2010
1521950 2021
1521960 2029
1521970 2029
1521980 2038
1521990 2046
1522000 2046
1522010 2054
1522020 2061
1522030 2067
1522040 2067
1522050 2075
1522060 2082
1522070 2082
1522080 2090
1522090 2099
1522100 2099
1522110 2108
1522120 2117
1522130 2117
1522140 2127
1522150 2137
1522160 2137
1522170 2147
1522180 2154
1522190 2154
1522200 2164
1522210 2173
1522220 2173
1522230 2181
1522240 2189
1522250 2189
1522260 2192
1522270 2184
1522280 2184
1522290 2176
1522300 2173
1522310 2168
1522320 2168
1522330 2162
1522340 2154
1522350 2154
1522360 2150
1522370 2152
1522380 2152
1522390 2155
1522400 2156
1522410 2156
1522420 2158
1522430 2161
1522440 2161
1522450 2166
1522460 2174
1522470 2174
1522480 2180
1522490 2190
1522500 2190
1522510 2195
1522520 2199
1522530 2199
1522540 2202
1522550 2203
1522560 2203
1522570 2203
1522580 2207
1522590 2210
1522600 2210
1522610 2214
1522620 2219
1522630 2219
1522640 2224
1522650 2229
1522660 2229
1522670 2232
1522680 2234
1522690 2234
1522700 2236
1522710 2238
1522720 2238
1522730 2240
1522740 2243
1522750 2243
1522760 2247
1522770 2252
1522780 2252
1522790 2256
1522800 2260
1522810 2263
1522820 2263
1522830 2265
1522840 2264
1522850 2264
1522860 2262
1522870 2264
1522880 2264
1522890 2276
1522900 2296
1522910 2296
1522920 2313
1522930 2325
1522940 2325
1522950 2353
1522960 2366
1522970 2366
1522980 2373
1522990 2382
1523000 2382
1523010 2391
1523020 2405
1523030 2405
1523040 2412
1523050 2412
1523060 2410
1523070 2410
1523080 2410
1523090 2426
1523100 2426
1523110 2434
1523120 2442
1523130 2442
1523140 2451
1523150 2461
1523160 2461
1523170 2468
1523180 2477
1523190 2477
1523200 2478
1523210 2487
1523220 2487
1523230 2500
1523240 2509
1523250 2509
1523260 2498
1523270 2522
1523280 2522
1523290 2542
1523300 2552
1523310 2555
1523320 2555
1523330 2560
1523340 2568
1523350 2568
1523360 2573
1523370 2575
1523380 2575
1523390 2584
1523400 2595
1523410 2595
1523420 2610
1523430 2620
1523440 2620
1523450 2620
1523460 2613
1523470 2613
1523480 2602
1523490 2591
1523500 2591
1523510 2577
1523520 2562
1523530 2562
1523540 2548
1523550 2535
1523560 2525
1523570 2525
1523580 2514
1523590 2502
1523600 2502
1523610 2489
1523620 2474
1523630 2474
1523640 2438
1523650 2416
1523660 2416
1523670 2408
1523680 2395
1523690 2395
1523700 2382
1523710 2370
1523720 2370
1523730 2361
1523740 2355
1523750 2355
1523760 2348
1523770 2342
1523780 2342
1523790 2336
1523800 2329
1523810 2324
1523820 2324
1523830 2318
1523840 2314
1523850 2314
1523860 2311
1523870 2308
1523880 2308
1523890 2305
1523900 2302
1523910 2302
1523920 2300
1523930 2297
1523940 2297
1523950 2294
1523960 2290
1523970 2290
1523980 2287
1523990 2284
1524000 2284
1524010 2280
1524020 2278
1524030 2278
1524040 2276
1524050 2275
1524060 2273
1524070 2273
1524080 2271
1524090 2269
1524100 2269
1524110 2266
1524120 2261
1524130 2261
1524140 2259
1524150 2259
1524160 2259
1524170 2259
1524180 2259
1524190 2259
1524200 2260
1524210 2260
1524220 2260
1524230 2261
1524240 2255
1524250 2255
1524260 2245
1524270 2238
1524280 2238
1524290 2226
1524300 2210
1524310 2199
1524320 2199
1524330 2192
1524340 2187
1524350 2187
1524360 2180
1524370 2175
1524380 2175
1524390 2171
1524400 2167
1524410 2167
1524420 2164
1524430 2160
1524440 2160
1524450 2156
1524460 2150
1524470 2150
1524480 2143
1524490 2135
1524500 2135
1524510 2128
1524520 2121
1524530 2121
1524540 2114
1524550 2107
1524560 2107
1524570 2098
1524580 2090
1524590 2084
1524600 2084
1524610 2076
1524620 2068
1524630 2068
1524640 2059
1524650 2052
1524660 2052
1524670 2045
1524680 2039
1524690 2039
1524700 2032
1524710 2026
1524720 2026
1524730 2020
1524740 2014
1524750 2014
1524760 2009
1524770 2004
1524780 2004
1524790 2000
1524800 1996
1524810 1996
1524820 1992
1524830 1988
1524840 1983
1524850 1983
1524860 1978
1524870 1975
1524880 1975
1524890 1971
1524900 1968
1524910 1968
1524920 1964
1524930 1961
1524940 1961
1524950 1958
1524960 1955
1524970 1955
1524980 1953
1524990 1951
1525000 1951
1525010 1950
1525020 1947
1525030 1947
1525040 1947
1525050 1946
1525060 1946
1525070 1944
1525080 1940
1525090 1938
1525100 1938
1525110 1937
1525120 1935
1525130 1935
1525140 1933
1525150 1931
1525160 1931
1525170 1928
1525180 1926
1525190 1926
1525200 1925
1525210 1923
1525220 1923
1525230 1922
1525240 1920
1525250 1920
1525260 1917
1525270 1916
1525280 1916
1525290 1917
1525300 1917
1525310 1917
1525320 1918
1525330 1918
1525340 1920
1525350 1920
1525360 1923
1525370 1925
1525380 1925
1525390 1928
1525400 1933
1525410 1933
1525420 1938
1525430 1943
1525440 1943
1525450 1949
1525460 1955
1525470 1955
1525480 1960
1525490 1967
1525500 1967
1525510 1973
1525520 1979
1525530 1979
1525540 1985
1525550 1989
1525560 1989
1525570 1994
1525580 2000
1525590 2006
1525600 2006
1525610 2013
1525620 2022
1525630 2022
1525640 2030
1525650 2037
1525660 2037
1525670 2043
1525680 2052
1525690 2052
1525700 2065
1525710 2077
1525720 2077
1525730 2085
1525740 2092
1525750 2092
1525760 2101
1525770 2109
1525780 2109
1525790 2116
1525800 2124
1525810 2124
1525820 2136
1525830 2147
1525840 2153
1525850 2153
1525860 2164
1525870 2179
1525880 2179
1525890 2193
1525900 2205
1525910 2205
1525920 2220
1525930 2232
1525940 2232
1525950 2242
1525960 2251
1525970 2251
1525980 2260
1525990 2269
1526000 2269
1526010 2278
1526020 2287
1526030 2287
1526040 2296
1526050 2306
1526060 2306
1526070 2310
1526080 2316
1526090 2324
1526100 2324
1526110 2332
1526120 2341
1526130 2341
1526140 2352
1526150 2361
1526160 2361
1526170 2369
1526180 2377
1526190 2377
1526200 2385
1526210 2395
1526220 2395
1526230 2403
1526240 2408
1526250 2408
1526260 2413
1526270 2418
1526280 2418
1526290 2424
1526300 2430
1526310 2430
1526320 2437
1526330 2444
1526340 2437
1526350 2437
1526360 2431
1526370 2428
1526380 2428
1526390 2420
1526400 2409
1526410 2409
1526420 2409
1526430 2400
1526440 2400
1526450 2388
1526460 2374
1526470 2374
1526480 2356
1526490 2343
1526500 2343
1526510 2331
1526520 2315
1526530 2315
1526540 2302
1526550 2293
1526560 2293
1526570 2285
1526580 2278
1526590 2278
1526600 2271
1526610 2264
1526620 2258
1526630 2258
1526640 2252
1526650 2246
1526660 2246
1526670 2241
1526680 2237
1526690 2237
1526700 2232
1526710 2228
1526720 2228
1526730 2224
1526740 2219
1526750 2219
1526760 2213
1526770 2208
1526780 2208
1526790 2203
1526800 2197
1526810 2197
1526820 2192
1526830 2186
1526840 2186
1526850 2179
1526860 2172
1526870 2166
1526880 2166
1526890 2163
1526900 2159
1526910 2159
1526920 2155
1526930 2148
1526940 2148
1526950 2137
1526960 2124
1526970 2124
1526980 2116
1526990 2110
1527000 2110
1527010 2103
1527020 2097
1527030 2097
1527040 2090
1527050 2083
1527060 2083
1527070 2075
1527080 2066
1527090 2066
1527100 2060
1527110 2055
1527120 2051
1527130 2051
1527140 2046
1527150 2041
1527160 2041
1527170 2037
1527180 2033
1527190 2033
1527200 2030
1527210 2028
1527220 2028
1527230 2026
1527240 2024
1527250 2024
1527260 2021
1527270 2016
1527280 2016
1527290 2012
1527300 2009
1527310 2009
1527320 2005
1527330 1997
1527340 1997
1527350 1991
1527360 1986
1527370 1982
1527380 1982
1527390 1979
1527400 1976
1527410 1976
1527420 1974
1527430 1973
1527440 1973
1527450 1973
1527460 1971
1527470 1971
1527480 1968
1527490 1964
1527500 1964
1527510 1961
1527520 1955
1527530 1955
1527540 1952
1527550 1951
1527560 1951
1527570 1949
1527580 1948
1527590 1948
1527600 1947
1527610 1942
1527620 1940
1527630 1940
1527640 1937
1527650 1933
1527660 1933
1527670 1930
1527680 1927
1527690 1927
1527700 1925
1527710 1923
1527720 1923
1527730 1920
1527740 1919
1527750 1919
1527760 1917
1527770 1918
1527780 1918
1527790 1919
1527800 1920
1527810 1920
1527820 1920
1527830 1921
1527840 1921
1527850 1923
1527860 1926
1527870 1928
1527880 1928
1527890 1929
1527900 1928
1527910 1928
1527920 1927
1527930 1927
1527940 1927
1527950 1928
1527960 1931
1527970 1931
1527980 1932
1527990 1933
1528000 1933
1528010 1933
1528020 1934
1528030 1934
1528040 1936
1528050 1938
1528060 1938
1528070 1938
1528080 1935
1528090 1935
1528100 1932
1528110 1928
1528120 1924
1528130 1924
1528140 1919
1528150 1914
1528160 1914
1528170 1910
1528180 1906
1528190 1906
1528200 1904
1528210 1904
1528220 1904
1528230 1902
1528240 1900
1528250 1900
1528260 1897
1528270 1895
1528280 1895
1528290 1893
1528300 1892
1528310 1892
1528320 1892
1528330 1891
1528340 1891
1528350 1891
1528360 1890
1528370 1889
1528380 1889
1528390 1889
1528400 1888
1528410 1888
1528420 1888
1528430 1888
1528440 1888
1528450 1888
1528460 1888
1528470 1888
1528480 1890
1528490 1890
1528500 1890
1528510 1889
1528520 1889
1528530 1889
1528540 1889
1528550 1888
1528560 1888
1528570 1888
1528580 1888
1528590 1888
1528600 1888
1528610 1890
1528620 1890
1528630 1892
1528640 1894
1528650 1897
1528660 1897
1528670 1903
1528680 1906
1528690 1906
1528700 1908
1528710 1908
1528720 1908
1528730 1909
1528740 1909
1528750 1909
1528760 1909
1528770 1909
1528780 1909
1528790 1910
1528800 1910
1528810 1910
1528820 1910
1528830 1910
1528840 1910
1528850 1911
1528860 1910
1528870 1910
1528880 1910
1528890 1908
1528900 1907
1528910 1907
1528920 1906
1528930 1905
1528940 1905
1528950 1903
1528960 1901
1528970 1901
1528980 1899
1528990 1896
1529000 1896
1529010 1893
1529020 1889
1529030 1889
1529040 1886
1529050 1883
1529060 1883
1529070 1881
1529080 1878
1529090 1878
1529100 1875
1529110 1871
1529120 1871
1529130 1866
1529140 1861
1529150 1856
1529160 1856
1529170 1853
1529180 1849
1529190 1849
1529200 1845
1529210 1840
1529220 1840
1529230 1835
1529240 1830
1529250 1830
1529260 1824
1529270 1817
1529280 1817
1529290 1811
1529300 1804
1529310 1804
1529320 1796
1529330 1784
1529340 1784
1529350 1755
1529360 1734
1529370 1734
1529380 1714
1529390 1705
1529400 1697
1529410 1697
1529420 1690
1529430 1684
1529440 1684
1529450 1679
1529460 1673
1529470 1673
1529480 1667
1529490 1659
1529500 1659
1529510 1652
1529520 1641
1529530 1641
1529540 1625
1529550 1615
1529560 1615
1529570 1609
1529580 1600
1529590 1600
1529600 1583
1529610 1562
1529620 1562
1529630 1546
1529640 1534
1529650 1529
1529660 1529
1529670 1523
1529680 1519
1529690 1519
1529700 1515
1529710 1510
1529720 1510
1529730 1502
1529740 1496
1529750 1496
1529760 1490
1529770 1485
1529780 1485
1529790 1480
1529800 1475
1529810 1475
1529820 1470
1529830 1466
1529840 1466
1529850 1461
1529860 1456
1529870 1456
1529880 1451
1529890 1449
1529900 1449
1529910 1449
1529920 1449
1529930 1448
1529940 1448
1529950 1448
1529960 1448
1529970 1448
1529980 1448
1529990 1448
1530000 1448
1530010 1448
1530020 1448
1530030 1448
1530040 1448
1530050 1448
1530060 1448
1530070 1448
1530080 1450
1530090 1450
1530100 1451
1530110 1453
1530120 1453
1530130 1456
1530140 1459
1530150 1462
1530160 1462
1530170 1466
1530180 1470
1530190 1470
1530200 1474
1530210 1477
1530220 1477
1530230 1482
1530240 1487
1530250 1487
1530260 1493
1530270 1499
1530280 1499
1530290 1506
1530300 1520
1530310 1520
1530320 1539
1530330 1559
1530340 1559
1530350 1572
1530360 1585
1530370 1585
1530380 1596
1530390 1602
1530400 1607
1530410 1607
1530420 1630
1530430 1650
1530440 1650
1530450 1661
1530460 1677
1530470 1677
1530480 1695
1530490 1707
1530500 1707
1530510 1715
1530520 1717
1530530 1717
1530540 1723
1530550 1729
1530560 1729
1530570 1738
1530580 1746
1530590 1746
1530600 1748
1530610 1745
1530620 1745
1530630 1743
1530640 1745
1530650 1749
1530660 1749
1530670 1755
1530680 1761
1530690 1761
1530700 1765
1530710 1764
1530720 1764
1530730 1767
1530740 1778
1530750 1778
1530760 1778
1530770 1776
1530780 1776
1530790 1773
1530800 1766
1530810 1766
1530820 1764
1530830 1768
1530840 1768
1530850 1786
1530860 1791
1530870 1791
1530880 1788
1530890 1788
1530900 1788
1530910 1790
1530920 1799
1530930 1797
1530940 1797
1530950 1794
1530960 1792
1530970 1792
1530980 1796
1530990 1806
1531000 1806
1531010 1815
1531020 1825
1531030 1825
1531040 1845
1531050 1867
1531060 1867
1531070 1877
1531080 1884
1531090 1884
1531100 1905
1531110 1923
1531120 1923
1531130 1932
1531140 1953
1531150 1953
1531160 1961
1531170 1972
1531180 2005
1531190 2005
1531200 2022
1531210 2028
1531220 2028
1531230 2034
1531240 2040
1531250 2040
1531260 2044
1531270 2047
1531280 2047
1531290 2050
1531300 2052
1531310 2052
1531320 2064
1531330 2074
1531340 2074
1531350 2081
1531360 2084
1531370 2084
1531380 2090
1531390 2095
1531400 2095
1531410 2107
1531420 2125
1531430 2135
1531440 2135
1531450 2141
1531460 2161
1531470 2161
1531480 2179
1531490 2194
1531500 2194
1531510 2204
1531520 2203
1531530 2203
1531540 2189
1531550 2181
1531560 2181
1531570 2192
1531580 2206
1531590 2206
1531600 2218
1531610 2239
1531620 2239
1531630 2247
1531640 2257
1531650 2257
1531660 2265
1531670 2273
1531680 2285
1531690 2285
1531700 2295
1531710 2306
1531720 2306
1531730 2315
1531740 2326
1531750 2326
1531760 2339
1531770 2351
1531780 2351
1531790 2360
1531800 2369
1531810 2369
1531820 2379
1531830 2391
1531840 2391
1531850 2402
1531860 2407
1531870 2407
1531880 2413
1531890 2423
1531900 2423
1531910 2435
1531920 2438
1531930 2438
1531940 2438
1531950 2445
1531960 2449
1531970 2449
1531980 2464
1531990 2482
1532000 2482
1532010 2500
1532020 2507
1532030 2507
1532040 2515
1532050 2508
1532060 2508
1532070 2511
1532080 2528
1532090 2528
1532100 2537
1532110 2530
1532120 2530
1532130 2538
1532140 2548
1532150 2548
1532160 2556
1532170 2560
1532180 2569
1532190 2569
1532200 2578
1532210 2586
1532220 2586
1532230 2593
1532240 2601
1532250 2601
1532260 2612
1532270 2622
1532280 2622
1532290 2619
1532300 2608
1532310 2608
1532320 2599
1532330 2588
1532340 2588
1532350 2577
1532360 2566
1532370 2566
1532380 2555
1532390 2542
1532400 2542
1532410 2532
1532420 2517
1532430 2506
1532440 2506
1532450 2498
1532460 2492
1532470 2492
1532480 2486
1532490 2481
1532500 2481
1532510 2479
1532520 2476
1532530 2476
1532540 2468
1532550 2457
1532560 2457
1532570 2449
1532580 2443
1532590 2443
1532600 2439
1532610 2434
1532620 2434
1532630 2426
1532640 2418
1532650 2418
1532660 2410
1532670 2394
1532680 2394
1532690 2376
1532700 2363
1532710 2344
1532720 2344
1532730 2325
1532740 2313
1532750 2313
1532760 2306
1532770 2300
1532780 2300
1532790 2295
1532800 2289
1532810 2289
1532820 2286
1532830 2285
1532840 2285
1532850 2285
1532860 2286
1532870 2286
1532880 2286
1532890 2286
1532900 2286
1532910 2284
1532920 2281
1532930 2281
1532940 2278
1532950 2274
1532960 2270
1532970 2270
1532980 2267
1532990 2266
1533000 2266
1533010 2265
1533020 2265
1533030 2265
1533040 2266
1533050 2266
1533060 2266
1533070 2266
1533080 2267
1533090 2267
1533100 2267
1533110 2265
1533120 2265
1533130 2264
1533140 2262
1533150 2262
1533160 2259
1533170 2257
1533180 2257
1533190 2256
1533200 2257
1533210 2257
1533220 2257
1533230 2258
1533240 2259
1533250 2259
1533260 2260
1533270 2261
1533280 2261
1533290 2261
1533300 2262
1533310 2262
1533320 2264
1533330 2265
1533340 2265
1533350 2268
1533360 2272
1533370 2272
1533380 2277
1533390 2282
1533400 2282
1533410 2286
1533420 2290
1533430 2290
1533440 2294
1533450 2298
1533460 2302
1533470 2302
1533480 2305
1533490 2307
1533500 2307
1533510 2311
1533520 2314
1533530 2314
1533540 2322
1533550 2338
1533560 2338
1533570 2353
1533580 2360
1533590 2360
1533600 2358
1533610 2357
1533620 2357
1533630 2353
1533640 2348
1533650 2348
1533660 2345
1533670 2339
1533680 2339
1533690 2329
1533700 2326
1533710 2322
1533720 2322
1533730 2322
1533740 2323
1533750 2323
1533760 2321
1533770 2318
1533780 2318
1533790 2314
1533800 2309
1533810 2309
1533820 2307
1533830 2304
1533840 2304
1533850 2302
1533860 2298
1533870 2298
1533880 2292
1533890 2287
1533900 2287
1533910 2284
1533920 2274
1533930 2274
1533940 2267
1533950 2259
1533960 2242
1533970 2242
1533980 2228
1533990 2216
1534000 2216
1534010 2209
1534020 2202
1534030 2202
1534040 2194
1534050 2189
1534060 2189
1534070 2182
1534080 2177
1534090 2177
1534100 2173
1534110 2168
1534120 2168
1534130 2164
1534140 2159
1534150 2159
1534160 2156
1534170 2152
1534180 2152
1534190 2146
1534200 2143
1534210 2141
1534220 2141
1534230 2137
1534240 2133
1534250 2133
1534260 2131
1534270 2130
1534280 2130
1534290 2128
1534300 2128
1534310 2128
1534320 2128
1534330 2128
1534340 2128
1534350 2125
1534360 2123
1534370 2123
1534380 2122
1534390 2124
1534400 2124
1534410 2124
1534420 2124
1534430 2124
1534440 2121
1534450 2118
1534460 2114
1534470 2114
1534480 2111
1534490 2107
1534500 2107
1534510 2104
1534520 2102
1534530 2102
1534540 2100
1534550 2098
1534560 2098
1534570 2096
1534580 2094
1534590 2094
1534600 2092
1534610 2091
1534620 2091
1534630 2090
1534640 2088
1534650 2088
1534660 2087
1534670 2089
1534680 2089
1534690 2087
1534700 2086
1534710 2086
1534720 2088
1534730 2082
1534740 2077
1534750 2077
1534760 2071
1534770 2069
1534780 2069
1534790 2068
1534800 2065
1534810 2065
1534820 2060
1534830 2054
1534840 2054
1534850 2048
1534860 2042
1534870 2042
1534880 2036
1534890 2030
1534900 2030
1534910 2026
1534920 2023
1534930 2023
1534940 2021
1534950 2019
1534960 2019
1534970 2014
1534980 2008
1534990 2002
1535000 2002
1535010 1996
1535020 1988
1535030 1988
1535040 1981
1535050 1975
1535060 1975
1535070 1970
1535080 1965
1535090 1965
1535100 1959
1535110 1955
1535120 1955
1535130 1952
1535140 1948
1535150 1948
1535160 1946
1535170 1943
1535180 1943
1535190 1942
1535200 1940
1535210 1940
1535220 1939
1535230 1938
1535240 1939
1535250 1939
1535260 1939
1535270 1939
1535280 1939
1535290 1938
1535300 1938
1535310 1938
1535320 1939
1535330 1938
1535340 1938
1535350 1940
1535360 1942
1535370 1942
1535380 1944
1535390 1946
1535400 1946
1535410 1947
1535420 1949
1535430 1949
1535440 1950
1535450 1949
1535460 1949
1535470 1948
1535480 1946
1535490 1944
1535500 1944
1535510 1942
1535520 1938
1535530 1938
1535540 1935
1535550 1933
1535560 1933
1535570 1932
1535580 1932
1535590 1932
1535600 1931
1535610 1931
1535620 1931
1535630 1932
1535640 1931
1535650 1931
1535660 1925
1535670 1916
1535680 1916
1535690 1906
1535700 1898
1535710 1898
1535720 1890
1535730 1883
1535740 1874
1535750 1874
1535760 1864
1535770 1857
1535780 1857
1535790 1851
1535800 1844
1535810 1844
1535820 1837
1535830 1830
1535840 1830
1535850 1818
1535860 1809
1535870 1809
1535880 1806
1535890 1802
1535900 1802
1535910 1795
1535920 1781
1535930 1781
1535940 1759
1535950 1739
1535960 1739
1535970 1720
1535980 1704
1535990 1681
1536000 1681
1536010 1662
1536020 1652
1536030 1652
1536040 1642
1536050 1633
1536060 1633
1536070 1623
1536080 1612
1536090 1612
1536100 1599
1536110 1589
1536120 1589
1536130 1576
1536140 1564
1536150 1564
1536160 1551
1536170 1544
1536180 1544
1536190 1537
1536200 1530
1536210 1530
1536220 1522
1536230 1515
1536240 1509
1536250 1509
1536260 1502
1536270 1495
1536280 1495
1536290 1489
1536300 1482
1536310 1482
1536320 1475
1536330 1466
1536340 1466
1536350 1454
1536360 1444
1536370 1444
1536380 1437
1536390 1428
1536400 1428
1536410 1418
1536420 1413
1536430 1413
1536440 1406
1536450 1395
1536460 1395
1536470 1378
1536480 1355
1536490 1355
1536500 1345
1536510 1338
1536520 1331
1536530 1331
1536540 1324
1536550 1318
1536560 1318
1536570 1313
1536580 1310
1536590 1310
1536600 1306
1536610 1304
1536620 1304
1536630 1301
1536640 1299
1536650 1299
1536660 1298
1536670 1298
1536680 1298
1536690 1298
1536700 1298
1536710 1298
1536720 1299
1536730 1298
1536740 1298
1536750 1298
1536760 1298
1536770 1298
1536780 1298
1536790 1299
1536800 1299
1536810 1299
1536820 1299
1536830 1299
1536840 1299
1536850 1299
1536860 1299
1536870 1299
1536880 1299
1536890 1299
1536900 1299
1536910 1299
1536920 1299
1536930 1299
1536940 1299
1536950 1302
1536960 1302
1536970 1308
1536980 1314
1536990 1314
1537000 1320
1537010 1326
1537020 1333
1537030 1333
1537040 1339
1537050 1347
1537060 1347
1537070 1353
1537080 1360
1537090 1360
1537100 1369
1537110 1376
1537120 1376
1537130 1382
1537140 1390
1537150 1390
1537160 1397
1537170 1402
1537180 1402
1537190 1409
1537200 1413
1537210 1413
1537220 1418
1537230 1425
1537240 1425
1537250 1431
1537260 1436
1537270 1442
1537280 1442
1537290 1447
1537300 1452
1537310 1452
1537320 1455
1537330 1458
1537340 1458
1537350 1460
1537360 1461
1537370 1461
1537380 1462
1537390 1463
1537400 1463
1537410 1464
1537420 1464
1537430 1464
1537440 1464
1537450 1465
1537460 1465
1537470 1463
1537480 1462
1537490 1462
1537500 1465
1537510 1467
1537520 1467
1537530 1467
1537540 1466
1537550 1465
1537560 1465
1537570 1464
1537580 1463
1537590 1463
1537600 1462
1537610 1461
1537620 1461
1537630 1461
1537640 1461
1537650 1461
1537660 1460
1537670 1460
1537680 1460
1537690 1459
1537700 1459
1537710 1459
1537720 1459
1537730 1458
1537740 1458
1537750 1458
1537760 1459
1537770 1460
1537780 1460
1537790 1459
1537800 1459
1537810 1459
1537820 1460
1537830 1461
1537840 1461
1537850 1461
1537860 1461
1537870 1461
1537880 1463
1537890 1464
1537900 1464
1537910 1465
1537920 1466
1537930 1466
1537940 1468
1537950 1470
1537960 1470
1537970 1472
1537980 1473
1537990 1473
1538000 1474
1538010 1476
1538020 1477
1538030 1477
1538040 1479
1538050 1480
1538060 1480
1538070 1482
1538080 1483
1538090 1483
1538100 1485
1538110 1486
1538120 1486
1538130 1488
1538140 1491
1538150 1491
1538160 1494
1538170 1497
1538180 1497
1538190 1499
1538200 1501
1538210 1501
1538220 1504
1538230 1506
1538240 1506
1538250 1509
1538260 1512
1538270 1517
1538280 1517
1538290 1523
1538300 1528
1538310 1528
1538320 1533
1538330 1538
1538340 1538
1538350 1542
1538360 1545
1538370 1545
1538380 1551
1538390 1557
1538400 1557
1538410 1562
1538420 1567
1538430 1567
1538440 1573
1538450 1579
1538460 1579
1538470 1585
1538480 1591
1538490 1591
1538500 1597
1538510 1604
1538520 1604
1538530 1612
1538540 1621
1538550 1631
1538560 1631
1538570 1644
1538580 1658
1538590 1658
1538600 1666
1538610 1672
1538620 1672
1538630 1680
1538640 1687
1538650 1687
1538660 1695
1538670 1703
1538680 1703
1538690 1711
1538700 1719
1538710 1719
1538720 1728
1538730 1738
1538740 1738
1538750 1748
1538760 1764
1538770 1764
1538780 1784
1538790 1796
1538800 1804
1538810 1804
1538820 1817
1538830 1826
1538840 1826
1538850 1835
1538860 1844
1538870 1844
1538880 1852
1538890 1859
1538900 1859
1538910 1870
1538920 1880
1538930 1880
1538940 1888
1538950 1896
1538960 1896
1538970 1903
1538980 1909
1538990 1909
1539000 1913
1539010 1917
1539020 1917
1539030 1922
1539040 1926
1539050 1929
1539060 1929
1539070 1931
1539080 1933
1539090 1933
1539100 1935
1539110 1938
1539120 1938
1539130 1944
1539140 1950
1539150 1950
1539160 1955
1539170 1962
1539180 1962
1539190 1968
1539200 1974
1539210 1974
1539220 1979
1539230 1984
1539240 1984
1539250 1988
1539260 1994
1539270 1994
1539280 1999
1539290 2002
1539300 2004
1539310 2004
1539320 2007
1539330 2010
1539340 2010
1539350 2008
1539360 2006
1539370 2006
1539380 2011
1539390 2019
1539400 2019
1539410 2026
1539420 2031
1539430 2031
1539440 2033
1539450 2034
1539460 2034
1539470 2038
1539480 2040
1539490 2040
1539500 2039
1539510 2038
1539520 2038
1539530 2040
1539540 2048
1539550 2052
1539560 2042
1539570 2048
1539580 2055
1539590 2055
1539600 2065
1539610 2085
1539620 2085
1539630 2093
1539640 2090
1539650 2090
1539660 2086
1539670 2085
1539680 2085
1539690 2088
1539700 2094
1539710 2094
1539720 2103
1539730 2121
1539740 2121
1539750 2117
1539760 2118
1539770 2118
1539780 2120
1539790 2125
1539800 2133
1539810 2133
1539820 2141
1539830 2152
1539840 2152
1539850 2159
1539860 2158
1539870 2158
1539880 2155
1539890 2151
1539900 2151
1539910 2148
1539920 2150
1539930 2150
1539940 2148
1539950 2148
1539960 2148
1539970 2153
1539980 2151
1539990 2151
