1520000 2024
1520010 2018
1520020 2013
1520030 2009
1520040 2009
1520050 2005
1520060 2001
1520070 2001
1520080 1995
1520090 1990
1520100 1990
1520110 1983
1520120 1976
1520130 1976
1520140 1970
1520150 1963
1520160 1963
1520170 1955
1520180 1948
1520190 1948
1520200 1941
1520210 1934
1520220 1934
1520230 1929
1520240 1922
1520250 1922
1520260 1913
1520270 1906
1520280 1906
1520290 1900
1520300 1893
1520310 1886
1520320 1886
1520330 1879
1520340 1873
1520350 1873
1520360 1867
1520370 1862
1520380 1862
1520390 1859
1520400 1857
1520410 1857
1520420 1854
1520430 1853
1520440 1853
1520450 1851
1520460 1850
1520470 1850
1520480 1849
1520490 1850
1520500 1850
1520510 1850
1520520 1851
1520530 1851
1520540 1854
1520550 1852
1520560 1851
1520570 1851
1520580 1853
1520590 1855
1520600 1855
1520610 1856
1520620 1855
1520630 1855
1520640 1854
1520650 1854
1520660 1854
1520670 1854
1520680 1856
1520690 1856
1520700 1856
1520710 1855
1520720 1855
1520730 1856
1520740 1856
1520750 1856
1520760 1858
1520770 1860
1520780 1860
1520790 1862
1520800 1863
1520810 1863
1520820 1866
1520830 1868
1520840 1869
1520850 1869
1520860 1870
1520870 1872
1520880 1872
1520890 1873
1520900 1873
1520910 1873
1520920 1875
1520930 1877
1520940 1877
1520950 1879
1520960 1880
1520970 1880
1520980 1882
1520990 1886
1521000 1886
1521010 1890
1521020 1894
1521030 1894
1521040 1899
1521050 1904
1521060 1904
1521070 1908
1521080 1913
1521090 1918
1521100 1918
1521110 1922
1521120 1925
1521130 1925
1521140 1928
1521150 1932
1521160 1932
1521170 1934
1521180 1934
1521190 1934
1521200 1936
1521210 1939
1521220 1939
1521230 1942
1521240 1946
1521250 1946
1521260 1951
1521270 1955
1521280 1955
1521290 1957
1521300 1958
1521310 1958
1521320 1958
1521330 1959
1521340 1959
1521350 1961
1521360 1962
1521370 1964
1521380 1964
1521390 1966
1521400 1970
1521410 1970
1521420 1969
1521430 1970
1521440 1970
1521450 1972
1521460 1976
1521470 1976
1521480 1979
1521490 1982
1521500 1982
1521510 1986
1521520 1989
1521530 1989
1521540 1995
1521550 2002
1521560 2002
1521570 2009
1521580 2017
1521590 2017
1521600 2020
1521610 2024
1521620 2028
1521630 2028
1521640 2032
1521650 2037
1521660 2037
1521670 2044
1521680 2051
1521690 2051
1521700 2058
1521710 2064
1521720 2064
1521730 2071
1521740 2079
1521750 2079
1521760 2086
1521770 2093
1521780 2093
1521790 2100
1521800 2108
1521810 2108
1521820 2118
1521830 2130
1521840 2130
1521850 2145
1521860 2177
1521870 2177
1521880 2191
1521890 2196
1521900 2202
1521910 2202
1521920 2203
1521930 2193
1521940 2193
1521950 2177
1521960 2158
1521970 2158
1521980 2145
1521990 2139
1522000 2139
1522010 2134
1522020 2128
1522030 2128
1522040 2122
1522050 2118
1522060 2118
1522070 2115
1522080 2114
1522090 2114
1522100 2115
1522110 2114
1522120 2114
1522130 2113
1522140 2112
1522150 2112
1522160 2112
1522170 2115
1522180 2116
1522190 2116
1522200 2118
1522210 2118
1522220 2118
1522230 2118
1522240 2117
1522250 2117
1522260 2115
1522270 2116
1522280 2116
1522290 2117
1522300 2131
1522310 2131
1522320 2141
1522330 2143
1522340 2143
1522350 2142
1522360 2141
1522370 2141
1522380 2140
1522390 2139
1522400 2139
1522410 2133
1522420 2132
1522430 2132
1522440 2132
1522450 2131
1522460 2133
1522470 2133
1522480 2135
1522490 2139
1522500 2139
1522510 2144
1522520 2143
1522530 2143
1522540 2142
1522550 2145
1522560 2145
1522570 2144
1522580 2139
1522590 2139
1522600 2134
1522610 2129
1522620 2129
1522630 2123
1522640 2113
1522650 2113
1522660 2105
1522670 2093
1522680 2085
1522690 2085
1522700 2080
1522710 2079
1522720 2079
1522730 2077
1522740 2067
1522750 2067
1522760 2055
1522770 2044
1522780 2044
1522790 2030
1522800 2018
1522810 2018
1522820 2010
1522830 2000
1522840 2000
1522850 1993
1522860 1985
1522870 1985
1522880 1977
1522890 1969
1522900 1969
1522910 1961
1522920 1953
1522930 1953
1522940 1945
1522950 1936
1522960 1928
1522970 1928
1522980 1920
1522990 1913
1523000 1913
1523010 1905
1523020 1899
1523030 1899
1523040 1893
1523050 1887
1523060 1887
1523070 1880
1523080 1875
1523090 1875
1523100 1869
1523110 1863
1523120 1863
1523130 1857
1523140 1852
1523150 1852
1523160 1847
1523170 1843
1523180 1843
1523190 1839
1523200 1836
1523210 1835
1523220 1835
1523230 1835
1523240 1838
1523250 1838
1523260 1842
1523270 1846
1523280 1846
1523290 1847
1523300 1846
1523310 1846
1523320 1848
1523330 1850
1523340 1850
1523350 1849
1523360 1846
1523370 1846
1523380 1842
1523390 1837
1523400 1837
1523410 1833
1523420 1828
1523430 1828
1523440 1824
1523450 1821
1523460 1821
1523470 1822
1523480 1822
1523490 1819
1523500 1819
1523510 1816
1523520 1813
1523530 1813
1523540 1809
1523550 1806
1523560 1806
1523570 1802
1523580 1797
1523590 1797
1523600 1792
1523610 1787
1523620 1787
1523630 1784
1523640 1780
1523650 1780
1523660 1775
1523670 1769
1523680 1769
1523690 1766
1523700 1763
1523710 1763
1523720 1759
1523730 1759
1523740 1759
1523750 1759
1523760 1756
1523770 1751
1523780 1751
1523790 1744
1523800 1736
1523810 1736
1523820 1730
1523830 1726
1523840 1726
1523850 1723
1523860 1723
1523870 1723
1523880 1725
1523890 1727
1523900 1727
1523910 1727
1523920 1728
1523930 1728
1523940 1730
1523950 1731
1523960 1731
1523970 1733
1523980 1735
1523990 1735
1524000 1736
1524010 1738
1524020 1741
1524030 1741
1524040 1744
1524050 1746
1524060 1746
1524070 1749
1524080 1755
1524090 1755
1524100 1758
1524110 1762
1524120 1762
1524130 1767
1524140 1771
1524150 1771
1524160 1774
1524170 1778
1524180 1778
1524190 1783
1524200 1789
1524210 1789
1524220 1794
1524230 1799
1524240 1799
1524250 1801
1524260 1803
1524270 1804
1524280 1804
1524290 1805
1524300 1808
1524310 1808
1524320 1813
1524330 1819
1524340 1819
1524350 1826
1524360 1833
1524370 1833
1524380 1840
1524390 1848
1524400 1848
1524410 1858
1524420 1874
1524430 1874
1524440 1887
1524450 1894
1524460 1894
1524470 1902
1524480 1909
1524490 1909
1524500 1917
1524510 1924
1524520 1924
1524530 1930
1524540 1936
1524550 1938
1524560 1938
1524570 1939
1524580 1939
1524590 1939
1524600 1939
1524610 1937
1524620 1937
1524630 1936
1524640 1936
1524650 1936
1524660 1935
1524670 1933
1524680 1933
1524690 1931
1524700 1929
1524710 1929
1524720 1919
1524730 1916
1524740 1916
1524750 1914
1524760 1912
1524770 1912
1524780 1911
1524790 1910
1524800 1907
1524810 1907
1524820 1904
1524830 1900
1524840 1900
1524850 1895
1524860 1891
1524870 1891
1524880 1888
1524890 1882
1524900 1882
1524910 1876
1524920 1869
1524930 1869
1524940 1863
1524950 1855
1524960 1855
1524970 1848
1524980 1841
1524990 1841
1525000 1835
1525010 1830
1525020 1830
1525030 1824
1525040 1817
1525050 1817
1525060 1810
1525070 1803
1525080 1796
1525090 1796
1525100 1788
1525110 1781
1525120 1781
1525130 1774
1525140 1768
1525150 1768
1525160 1762
1525170 1757
1525180 1757
1525190 1750
1525200 1745
1525210 1745
1525220 1739
1525230 1733
1525240 1733
1525250 1728
1525260 1723
1525270 1723
1525280 1717
1525290 1712
1525300 1712
1525310 1707
1525320 1703
1525330 1700
1525340 1700
1525350 1700
1525360 1699
1525370 1699
1525380 1697
1525390 1694
1525400 1694
1525410 1689
1525420 1685
1525430 1685
1525440 1681
1525450 1675
1525460 1675
1525470 1669
1525480 1663
1525490 1663
1525500 1653
1525510 1645
1525520 1645
1525530 1628
1525540 1621
1525550 1621
1525560 1611
1525570 1602
1525580 1602
1525590 1600
1525600 1592
1525610 1581
1525620 1581
1525630 1571
1525640 1560
1525650 1560
1525660 1548
1525670 1538
1525680 1538
1525690 1530
1525700 1523
1525710 1523
1525720 1514
1525730 1505
1525740 1505
1525750 1497
1525760 1492
1525770 1492
1525780 1484
1525790 1469
1525800 1469
1525810 1458
1525820 1450
1525830 1450
1525840 1443
1525850 1438
1525860 1432
1525870 1432
1525880 1428
1525890 1423
1525900 1423
1525910 1417
1525920 1410
1525930 1410
1525940 1403
1525950 1396
1525960 1396
1525970 1390
1525980 1384
1525990 1384
1526000 1380
1526010 1375
1526020 1375
1526030 1370
1526040 1365
1526050 1365
1526060 1360
1526070 1355
1526080 1355
1526090 1351
1526100 1347
1526110 1347
1526120 1344
1526130 1342
1526140 1342
1526150 1342
1526160 1343
1526170 1343
1526180 1343
1526190 1343
1526200 1344
1526210 1344
1526220 1345
1526230 1346
1526240 1346
1526250 1349
1526260 1352
1526270 1352
1526280 1354
1526290 1357
1526300 1357
1526310 1359
1526320 1362
1526330 1362
1526340 1364
1526350 1366
1526360 1366
1526370 1369
1526380 1374
1526390 1377
1526400 1377
1526410 1380
1526420 1383
1526430 1383
1526440 1387
1526450 1390
1526460 1390
1526470 1392
1526480 1392
1526490 1392
1526500 1394
1526510 1396
1526520 1396
1526530 1398
1526540 1401
1526550 1401
1526560 1403
1526570 1406
1526580 1406
1526590 1408
1526600 1409
1526610 1409
1526620 1411
1526630 1417
1526640 1417
1526650 1425
1526660 1434
1526670 1443
1526680 1443
1526690 1450
1526700 1454
1526710 1454
1526720 1459
1526730 1464
1526740 1464
1526750 1469
1526760 1475
1526770 1475
1526780 1481
1526790 1487
1526800 1487
1526810 1493
1526820 1500
1526830 1500
1526840 1508
1526850 1515
1526860 1515
1526870 1522
1526880 1529
1526890 1529
1526900 1537
1526910 1546
1526920 1554
1526930 1554
1526940 1565
1526950 1586
1526960 1586
1526970 1608
1526980 1627
1526990 1627
1527000 1642
1527010 1653
1527020 1653
1527030 1662
1527040 1674
1527050 1674
1527060 1684
1527070 1693
1527080 1693
1527090 1702
1527100 1708
1527110 1708
1527120 1713
1527130 1719
1527140 1719
1527150 1728
1527160 1736
1527170 1736
1527180 1746
1527190 1758
1527200 1771
1527210 1771
1527220 1783
1527230 1795
1527240 1795
1527250 1801
1527260 1808
1527270 1808
1527280 1814
1527290 1821
1527300 1821
1527310 1827
1527320 1833
1527330 1833
1527340 1844
1527350 1851
1527360 1851
1527370 1858
1527380 1868
1527390 1868
1527400 1877
1527410 1882
1527420 1882
1527430 1885
1527440 1889
1527450 1894
1527460 1894
1527470 1896
1527480 1904
1527490 1904
1527500 1912
1527510 1916
1527520 1916
1527530 1921
1527540 1927
1527550 1927
1527560 1933
1527570 1939
1527580 1939
1527590 1945
1527600 1951
1527610 1951
1527620 1956
1527630 1961
1527640 1961
1527650 1968
1527660 1977
1527670 1977
1527680 1985
1527690 1990
1527700 1990
1527710 1988
1527720 1985
1527730 1989
1527740 1989
1527750 1993
1527760 1998
1527770 1998
1527780 2004
1527790 2004
1527800 2004
1527810 2010
1527820 2018
1527830 2018
1527840 2025
1527850 2033
1527860 2033
1527870 2041
1527880 2051
1527890 2051
1527900 2061
1527910 2071
1527920 2071
1527930 2080
1527940 2086
1527950 2086
1527960 2090
1527970 2094
1527980 2094
1527990 2097
1528000 2098
1528010 2101
1528020 2101
1528030 2105
1528040 2107
1528050 2107
1528060 2109
1528070 2110
1528080 2110
1528090 2113
1528100 2116
1528110 2116
1528120 2121
1528130 2127
1528140 2127
1528150 2133
1528160 2138
1528170 2138
1528180 2145
1528190 2151
1528200 2151
1528210 2159
1528220 2168
1528230 2168
1528240 2173
1528250 2184
1528260 2197
1528270 2197
1528280 2207
1528290 2216
1528300 2216
1528310 2224
1528320 2234
1528330 2234
1528340 2245
1528350 2253
1528360 2253
1528370 2257
1528380 2260
1528390 2260
1528400 2264
1528410 2271
1528420 2271
1528430 2280
1528440 2288
1528450 2288
1528460 2297
1528470 2305
1528480 2305
1528490 2315
1528500 2325
1528510 2325
1528520 2335
1528530 2343
1528540 2354
1528550 2354
1528560 2363
1528570 2371
1528580 2371
1528590 2379
1528600 2386
1528610 2386
1528620 2387
1528630 2386
1528640 2386
1528650 2384
1528660 2378
1528670 2378
1528680 2373
1528690 2367
1528700 2367
1528710 2368
1528720 2373
1528730 2373
1528740 2383
1528750 2384
1528760 2384
1528770 2386
1528780 2387
1528790 2393
1528800 2393
1528810 2388
1528820 2378
1528830 2378
1528840 2372
1528850 2367
1528860 2367
1528870 2375
1528880 2383
1528890 2383
1528900 2389
1528910 2392
1528920 2392
1528930 2385
1528940 2378
1528950 2378
1528960 2370
1528970 2367
1528980 2367
1528990 2368
1529000 2371
1529010 2371
1529020 2374
1529030 2379
1529040 2379
1529050 2387
1529060 2403
1529070 2420
1529080 2420
1529090 2428
1529100 2433
1529110 2433
1529120 2437
1529130 2433
1529140 2433
1529150 2437
1529160 2441
1529170 2441
1529180 2436
1529190 2441
1529200 2441
1529210 2450
1529220 2462
1529230 2462
1529240 2465
1529250 2464
1529260 2464
1529270 2448
1529280 2442
1529290 2442
1529300 2435
1529310 2425
1529320 2429
1529330 2429
1529340 2430
1529350 2431
1529360 2431
1529370 2434
1529380 2437
1529390 2437
1529400 2430
1529410 2423
1529420 2423
1529430 2415
1529440 2411
1529450 2411
1529460 2403
1529470 2390
1529480 2390
1529490 2378
1529500 2360
1529510 2360
1529520 2355
1529530 2353
1529540 2353
1529550 2348
1529560 2344
1529570 2344
1529580 2340
1529590 2334
1529600 2328
1529610 2328
1529620 2324
1529630 2323
1529640 2323
1529650 2323
1529660 2324
1529670 2324
1529680 2325
1529690 2325
1529700 2325
1529710 2325
1529720 2323
1529730 2323
1529740 2326
1529750 2322
1529760 2322
1529770 2316
1529780 2310
1529790 2310
1529800 2302
1529810 2293
1529820 2293
1529830 2289
1529840 2283
1529850 2278
1529860 2278
1529870 2275
1529880 2272
1529890 2272
1529900 2267
1529910 2262
1529920 2262
1529930 2257
1529940 2253
1529950 2253
1529960 2252
1529970 2249
1529980 2249
1529990 2245
1530000 2242
1530010 2242
1530020 2240
1530030 2240
1530040 2240
1530050 2241
1530060 2243
1530070 2243
1530080 2244
1530090 2243
1530100 2243
1530110 2240
1530120 2237
1530130 2236
1530140 2236
1530150 2236
1530160 2235
1530170 2235
1530180 2235
1530190 2234
1530200 2234
1530210 2232
1530220 2229
1530230 2229
1530240 2226
1530250 2223
1530260 2223
1530270 2221
1530280 2220
1530290 2220
1530300 2218
1530310 2216
1530320 2216
1530330 2213
1530340 2210
1530350 2210
1530360 2209
1530370 2208
1530380 2207
1530390 2207
1530400 2206
1530410 2205
1530420 2205
1530430 2203
1530440 2203
1530450 2203
1530460 2201
1530470 2196
1530480 2196
1530490 2195
1530500 2192
1530510 2192
1530520 2188
1530530 2183
1530540 2183
1530550 2181
1530560 2176
1530570 2176
1530580 2172
1530590 2167
1530600 2167
1530610 2166
1530620 2164
1530630 2164
1530640 2156
1530650 2152
1530660 2145
1530670 2145
1530680 2140
1530690 2133
1530700 2133
1530710 2116
1530720 2104
1530730 2104
1530740 2097
1530750 2093
1530760 2093
1530770 2083
1530780 2075
1530790 2075
1530800 2074
1530810 2074
1530820 2074
1530830 2074
1530840 2073
1530850 2073
1530860 2075
1530870 2075
1530880 2075
1530890 2074
1530900 2070
1530910 2071
1530920 2071
1530930 2052
1530940 2051
1530950 2051
1530960 2053
1530970 2047
1530980 2047
1530990 2034
1531000 2034
1531010 2034
1531020 2034
1531030 2034
1531040 2034
1531050 2032
1531060 2031
1531070 2031
1531080 2026
1531090 2022
1531100 2022
1531110 2019
1531120 2009
1531130 2009
1531140 2002
1531150 1996
1531160 1996
1531170 1984
1531180 1967
1531190 1947
1531200 1947
1531210 1935
1531220 1927
1531230 1927
1531240 1920
1531250 1913
1531260 1913
1531270 1908
1531280 1902
1531290 1902
1531300 1897
1531310 1891
1531320 1891
1531330 1886
1531340 1881
1531350 1881
1531360 1876
1531370 1870
1531380 1870
1531390 1865
1531400 1861
1531410 1861
1531420 1857
1531430 1853
1531440 1850
1531450 1850
1531460 1848
1531470 1846
1531480 1846
1531490 1844
1531500 1841
1531510 1841
1531520 1839
1531530 1837
1531540 1837
1531550 1835
1531560 1833
1531570 1833
1531580 1830
1531590 1827
1531600 1827
1531610 1825
1531620 1822
1531630 1822
1531640 1818
1531650 1811
1531660 1811
1531670 1805
1531680 1798
1531690 1798
1531700 1792
1531710 1785
1531720 1779
1531730 1779
1531740 1775
1531750 1769
1531760 1769
1531770 1762
1531780 1756
1531790 1756
1531800 1752
1531810 1746
1531820 1746
1531830 1739
1531840 1726
1531850 1726
1531860 1699
1531870 1680
1531880 1680
1531890 1675
1531900 1672
1531910 1672
1531920 1667
1531930 1648
1531940 1648
1531950 1635
1531960 1627
1531970 1620
1531980 1620
1531990 1612
1532000 1605
1532010 1605
1532020 1598
1532030 1592
1532040 1592
1532050 1586
1532060 1580
1532070 1580
1532080 1574
1532090 1567
1532100 1567
1532110 1560
1532120 1554
1532130 1554
1532140 1548
1532150 1542
1532160 1542
1532170 1537
1532180 1531
1532190 1531
1532200 1526
1532210 1521
1532220 1521
1532230 1516
1532240 1512
1532250 1507
1532260 1507
1532270 1503
1532280 1499
1532290 1499
1532300 1495
1532310 1492
1532320 1492
1532330 1488
1532340 1485
1532350 1485
1532360 1482
1532370 1479
1532380 1479
1532390 1475
1532400 1472
1532410 1472
1532420 1469
1532430 1465
1532440 1465
1532450 1461
1532460 1458
1532470 1458
1532480 1454
1532490 1448
1532500 1443
1532510 1443
1532520 1438
1532530 1432
1532540 1432
1532550 1428
1532560 1423
1532570 1423
1532580 1419
1532590 1414
1532600 1414
1532610 1410
1532620 1408
1532630 1408
1532640 1406
1532650 1403
1532660 1403
1532670 1399
1532680 1397
1532690 1397
1532700 1394
1532710 1391
1532720 1391
1532730 1388
1532740 1387
1532750 1387
1532760 1385
1532770 1383
1532780 1383
1532790 1383
1532800 1387
1532810 1390
1532820 1390
1532830 1392
1532840 1393
1532850 1393
1532860 1396
1532870 1399
1532880 1399
1532890 1402
1532900 1406
1532910 1406
1532920 1409
1532930 1413
1532940 1413
1532950 1417
1532960 1421
1532970 1421
1532980 1426
1532990 1431
1533000 1431
1533010 1437
1533020 1442
1533030 1447
1533040 1447
1533050 1453
1533060 1459
1533070 1459
1533080 1464
1533090 1469
1533100 1469
1533110 1475
1533120 1480
1533130 1480
1533140 1486
1533150 1492
1533160 1492
1533170 1497
1533180 1503
1533190 1503
1533200 1509
1533210 1514
1533220 1514
1533230 1520
1533240 1527
1533250 1527
1533260 1533
1533270 1539
1533280 1539
1533290 1546
1533300 1554
1533310 1561
1533320 1559
1533330 1566
1533340 1574
1533350 1574
1533360 1582
1533370 1589
1533380 1589
1533390 1596
1533400 1604
1533410 1604
1533420 1611
1533430 1618
1533440 1618
1533450 1625
1533460 1632
1533470 1632
1533480 1639
1533490 1644
1533500 1644
1533510 1651
1533520 1677
1533530 1677
1533540 1691
1533550 1709
1533560 1729
1533570 1729
1533580 1754
1533590 1777
1533600 1777
1533610 1800
1533620 1817
1533630 1817
1533640 1839
1533650 1860
1533660 1860
1533670 1893
1533680 1926
1533690 1926
1533700 1933
1533710 1940
1533720 1940
1533730 1948
1533740 1955
1533750 1955
1533760 1965
1533770 1976
1533780 1976
1533790 1986
1533800 1996
1533810 1996
1533820 2003
1533830 2009
1533840 2016
1533850 2016
1533860 2025
1533870 2033
1533880 2033
1533890 2040
1533900 2048
1533910 2048
1533920 2058
1533930 2069
1533940 2069
1533950 2074
1533960 2084
1533970 2084
1533980 2107
1533990 2122
1534000 2122
1534010 2136
1534020 2133
1534030 2133
1534040 2135
1534050 2149
1534060 2149
1534070 2167
1534080 2172
1534090 2180
1534100 2180
1534110 2203
1534120 2227
1534130 2227
1534140 2250
1534150 2278
1534160 2278
1534170 2311
1534180 2314
1534190 2314
1534200 2316
1534210 2330
1534220 2330
1534230 2343
1534240 2354
1534250 2354
1534260 2362
1534270 2374
1534280 2374
1534290 2386
1534300 2398
1534310 2398
1534320 2408
1534330 2419
1534340 2419
1534350 2424
1534360 2429
1534370 2446
1534380 2446
1534390 2470
1534400 2490
1534410 2490
1534420 2481
1534430 2470
1534440 2470
1534450 2459
1534460 2443
1534470 2443
1534480 2433
1534490 2425
1534500 2425
1534510 2416
1534520 2410
1534530 2410
1534540 2403
1534550 2397
1534560 2397
1534570 2390
1534580 2383
1534590 2383
1534600 2375
1534610 2368
1534620 2358
1534630 2358
1534640 2346
1534650 2335
1534660 2335
1534670 2328
1534680 2323
1534690 2323
1534700 2317
1534710 2312
1534720 2312
1534730 2307
1534740 2301
1534750 2301
1534760 2296
1534770 2291
1534780 2291
1534790 2286
1534800 2281
1534810 2281
1534820 2277
1534830 2273
1534840 2273
1534850 2268
1534860 2264
1534870 2264
1534880 2263
1534890 2263
1534900 2263
1534910 2263
1534920 2263
1534930 2263
1534940 2263
1534950 2263
1534960 2263
1534970 2263
1534980 2263
1534990 2263
1535000 2263
1535010 2263
1535020 2263
1535030 2263
1535040 2263
1535050 2264
1535060 2264
1535070 2266
1535080 2269
1535090 2269
1535100 2271
1535110 2273
1535120 2273
1535130 2277
1535140 2278
1535150 2278
1535160 2278
1535170 2278
1535180 2278
1535190 2278
1535200 2278
1535210 2278
1535220 2278
1535230 2278
1535240 2278
1535250 2278
1535260 2278
1535270 2278
1535280 2278
1535290 2278
1535300 2279
1535310 2279
1535320 2282
1535330 2284
1535340 2284
1535350 2285
1535360 2286
1535370 2286
1535380 2287
1535390 2291
1535400 2291
1535410 2294
1535420 2298
1535430 2302
1535440 2302
1535450 2312
1535460 2325
1535470 2325
1535480 2328
1535490 2329
1535500 2329
1535510 2331
1535520 2333
1535530 2333
1535540 2336
1535550 2338
1535560 2338
1535570 2338
1535580 2339
1535590 2339
1535600 2340
1535610 2341
1535620 2341
1535630 2341
1535640 2341
1535650 2341
1535660 2341
1535670 2340
1535680 2343
1535690 2343
1535700 2346
1535710 2349
1535720 2349
1535730 2349
1535740 2349
1535750 2349
1535760 2350
1535770 2351
1535780 2351
1535790 2352
1535800 2354
1535810 2354
1535820 2355
1535830 2358
1535840 2358
1535850 2359
1535860 2359
1535870 2362
1535880 2362
1535890 2362
1535900 2362
1535910 2360
1535920 2354
1535930 2354
1535940 2346
1535950 2342
1535960 2340
1535970 2340
1535980 2342
1535990 2342
1536000 2342
1536010 2339
1536020 2337
1536030 2337
1536040 2334
1536050 2337
1536060 2337
1536070 2337
1536080 2334
1536090 2334
1536100 2331
1536110 2328
1536120 2328
1536130 2324
1536140 2321
1536150 2321
1536160 2319
1536170 2317
1536180 2317
1536190 2315
1536200 2315
1536210 2314
1536220 2314
1536230 2312
1536240 2310
1536250 2310
1536260 2310
1536270 2310
1536280 2310
1536290 2310
1536300 2310
1536310 2310
1536320 2312
1536330 2318
1536340 2318
1536350 2322
1536360 2327
1536370 2327
1536380 2333
1536390 2338
1536400 2338
1536410 2344
1536420 2351
1536430 2351
1536440 2359
1536450 2367
1536460 2367
1536470 2377
1536480 2385
1536490 2389
1536500 2389
1536510 2395
1536520 2396
1536530 2396
1536540 2394
1536550 2388
1536560 2388
1536570 2378
1536580 2367
1536590 2367
1536600 2351
1536610 2332
1536620 2332
1536630 2315
1536640 2305
1536650 2305
1536660 2296
1536670 2288
1536680 2288
1536690 2280
1536700 2272
1536710 2272
1536720 2267
1536730 2263
1536740 2256
1536750 2256
1536760 2249
1536770 2243
1536780 2243
1536790 2238
1536800 2236
1536810 2236
1536820 2230
1536830 2225
1536840 2225
1536850 2220
1536860 2212
1536870 2212
1536880 2207
1536890 2205
1536900 2205
1536910 2206
1536920 2205
1536930 2205
1536940 2205
1536950 2207
1536960 2207
1536970 2209
1536980 2210
1536990 2210
1537000 2209
1537010 2207
1537020 2204
1537030 2204
1537040 2201
1537050 2203
1537060 2203
1537070 2205
1537080 2209
1537090 2209
1537100 2212
1537110 2214
1537120 2214
1537130 2216
1537140 2223
1537150 2223
1537160 2238
1537170 2247
1537180 2247
1537190 2252
1537200 2267
1537210 2267
1537220 2279
1537230 2295
1537240 2295
1537250 2306
1537260 2310
1537270 2320
1537280 2320
1537290 2326
1537300 2331
1537310 2331
1537320 2337
1537330 2342
1537340 2342
1537350 2344
1537360 2353
1537370 2353
1537380 2359
1537390 2360
1537400 2360
1537410 2358
1537420 2364
1537430 2364
1537440 2360
1537450 2359
1537460 2359
1537470 2351
1537480 2336
1537490 2336
1537500 2331
1537510 2336
1537520 2336
1537530 2383
1537540 2397
1537550 2404
1537560 2404
1537570 2411
1537580 2417
1537590 2417
1537600 2419
1537610 2429
1537620 2429
1537630 2434
1537640 2434
1537650 2434
1537660 2433
1537670 2434
1537680 2434
1537690 2435
1537700 2438
1537710 2438
1537720 2439
1537730 2442
1537740 2442
1537750 2445
1537760 2447
1537770 2447
1537780 2451
1537790 2451
1537800 2451
1537810 2453
1537820 2458
1537830 2462
1537840 2462
1537850 2464
1537860 2467
1537870 2467
1537880 2471
1537890 2477
1537900 2477
1537910 2477
1537920 2485
1537930 2485
1537940 2488
1537950 2490
1537960 2490
1537970 2495
1537980 2502
1537990 2502
1538000 2504
1538010 2506
1538020 2506
1538030 2508
1538040 2507
1538050 2507
1538060 2505
1538070 2502
1538080 2506
1538090 2506
1538100 2528
1538110 2542
1538120 2542
1538130 2547
1538140 2552
1538150 2552
1538160 2553
1538170 2556
1538180 2556
1538190 2559
1538200 2560
1538210 2560
1538220 2564
1538230 2568
1538240 2568
1538250 2570
1538260 2571
1538270 2571
1538280 2572
1538290 2572
1538300 2579
1538310 2578
1538320 2577
1538330 2577
1538340 2575
1538350 2572
1538360 2569
1538370 2569
1538380 2566
1538390 2564
1538400 2564
1538410 2561
1538420 2558
1538430 2558
1538440 2555
1538450 2552
1538460 2552
1538470 2550
1538480 2548
1538490 2548
1538500 2547
1538510 2548
1538520 2548
1538530 2547
1538540 2548
1538550 2548
1538560 2549
1538570 2551
1538580 2551
1538590 2553
1538600 2556
1538610 2559
1538620 2559
1538630 2562
1538640 2567
1538650 2567
1538660 2571
1538670 2575
1538680 2575
1538690 2578
1538700 2582
1538710 2582
1538720 2585
1538730 2588
1538740 2588
1538750 2591
1538760 2595
1538770 2595
1538780 2598
1538790 2602
1538800 2602
1538810 2606
1538820 2606
1538830 2606
1538840 2603
1538850 2602
1538860 2602
1538870 2598
1538880 2594
1538890 2590
1538900 2590
1538910 2586
1538920 2583
1538930 2583
1538940 2580
1538950 2576
1538960 2576
1538970 2574
1538980 2573
1538990 2573
1539000 2570
1539010 2565
1539020 2565
1539030 2566
1539040 2565
1539050 2565
1539060 2563
1539070 2562
1539080 2562
1539090 2561
1539100 2561
1539110 2561
1539120 2560
1539130 2558
1539140 2555
1539150 2555
1539160 2555
1539170 2556
1539180 2556
1539190 2557
1539200 2558
1539210 2558
1539220 2559
1539230 2560
1539240 2560
1539250 2562
1539260 2566
1539270 2566
1539280 2570
1539290 2572
1539300 2572
1539310 2577
1539320 2580
1539330 2580
1539340 2580
1539350 2579
1539360 2579
1539370 2584
1539380 2592
1539390 2592
1539400 2603
1539410 2605
1539420 2615
1539430 2615
1539440 2616
1539450 2608
1539460 2608
1539470 2600
1539480 2592
1539490 2592
1539500 2583
1539510 2575
1539520 2575
1539530 2565
1539540 2557
1539550 2557
1539560 2548
1539570 2538
1539580 2538
1539590 2528
1539600 2516
1539610 2516
1539620 2507
1539630 2498
1539640 2498
1539650 2489
1539660 2481
1539670 2472
1539680 2472
1539690 2461
1539700 2451
1539710 2451
1539720 2439
1539730 2425
1539740 2425
1539750 2412
1539760 2393
1539770 2393
1539780 2376
1539790 2355
1539800 2355
1539810 2344
1539820 2332
1539830 2332
1539840 2325
1539850 2318
1539860 2318
1539870 2313
1539880 2307
1539890 2307
1539900 2300
1539910 2294
1539920 2294
1539930 2284
1539940 2273
1539950 2266
1539960 2266
1539970 2259
1539980 2253
1539990 2253
