1520000 2066
1520010 2061
1520020 2056
1520030 2056
1520040 2054
1520050 2052
1520060 2052
1520070 2048
1520080 2044
1520090 2044
1520100 2040
1520110 2038
1520120 2038
1520130 2036
1520140 2033
1520150 2033
1520160 2031
1520170 2027
1520180 2027
1520190 2019
1520200 2013
1520210 2005
1520220 2005
1520230 1998
1520240 1991
1520250 1991
1520260 1983
1520270 1969
1520280 1969
1520290 1956
1520300 1948
1520310 1948
1520320 1938
1520330 1931
1520340 1931
1520350 1922
1520360 1914
1520370 1914
1520380 1906
1520390 1900
1520400 1900
1520410 1893
1520420 1890
1520430 1890
1520440 1884
1520450 1880
1520460 1880
1520470 1876
1520480 1874
1520490 1872
1520500 1872
1520510 1873
1520520 1873
1520530 1873
1520540 1871
1520550 1868
1520560 1868
1520570 1866
1520580 1862
1520590 1862
1520600 1855
1520610 1846
1520620 1846
1520630 1838
1520640 1829
1520650 1829
1520660 1826
1520670 1832
1520680 1832
1520690 1833
1520700 1833
1520710 1833
1520720 1832
1520730 1831
1520740 1830
1520750 1830
1520760 1827
1520770 1822
1520780 1822
1520790 1819
1520800 1820
1520810 1820
1520820 1821
1520830 1820
1520840 1820
1520850 1820
1520860 1820
1520870 1820
1520880 1821
1520890 1821
1520900 1821
1520910 1822
1520920 1823
1520930 1823
1520940 1827
1520950 1830
1520960 1830
1520970 1833
1520980 1834
1520990 1834
1521000 1836
1521010 1838
1521020 1840
1521030 1840
1521040 1841
1521050 1842
1521060 1842
1521070 1842
1521080 1841
1521090 1841
1521100 1842
1521110 1845
1521120 1845
1521130 1848
1521140 1851
1521150 1851
1521160 1853
1521170 1853
1521180 1853
1521190 1854
1521200 1857
1521210 1857
1521220 1858
1521230 1858
1521240 1858
1521250 1857
1521260 1857
1521270 1854
1521280 1854
1521290 1852
1521300 1854
1521310 1854
1521320 1857
1521330 1860
1521340 1860
1521350 1862
1521360 1864
1521370 1864
1521380 1868
1521390 1876
1521400 1876
1521410 1883
1521420 1888
1521430 1888
1521440 1892
1521450 1893
1521460 1893
1521470 1894
1521480 1893
1521490 1893
1521500 1890
1521510 1887
1521520 1887
1521530 1883
1521540 1880
1521550 1877
1521560 1877
1521570 1876
1521580 1877
1521590 1877
1521600 1875
1521610 1874
1521620 1874
1521630 1872
1521640 1872
1521650 1872
1521660 1873
1521670 1874
1521680 1874
1521690 1877
1521700 1879
1521710 1879
1521720 1880
1521730 1883
1521740 1883
1521750 1885
1521760 1887
1521770 1887
1521780 1889
1521790 1891
1521800 1892
1521810 1892
1521820 1895
1521830 1895
1521840 1895
1521850 1889
1521860 1893
1521870 1893
1521880 1896
1521890 1894
1521900 1894
1521910 1892
1521920 1883
1521930 1883
1521940 1869
1521950 1857
1521960 1857
1521970 1845
1521980 1838
1521990 1838
1522000 1833
1522010 1831
1522020 1831
1522030 1829
1522040 1827
1522050 1822
1522060 1822
1522070 1821
1522080 1822
1522090 1822
1522100 1822
1522110 1823
1522120 1823
1522130 1823
1522140 1821
1522150 1821
1522160 1820
1522170 1818
1522180 1818
1522190 1816
1522200 1812
1522210 1812
1522220 1807
1522230 1803
1522240 1803
1522250 1799
1522260 1797
1522270 1797
1522280 1795
1522290 1794
1522300 1794
1522310 1794
1522320 1795
1522330 1795
1522340 1795
1522350 1795
1522360 1801
1522370 1801
1522380 1809
1522390 1812
1522400 1812
1522410 1821
1522420 1831
1522430 1831
1522440 1836
1522450 1842
1522460 1842
1522470 1848
1522480 1855
1522490 1855
1522500 1863
1522510 1877
1522520 1877
1522530 1886
1522540 1893
1522550 1893
1522560 1903
1522570 1910
1522580 1910
1522590 1913
1522600 1915
1522610 1918
1522620 1918
1522630 1919
1522640 1920
1522650 1920
1522660 1924
1522670 1930
1522680 1930
1522690 1936
1522700 1944
1522710 1944
1522720 1951
1522730 1959
1522740 1959
1522750 1968
1522760 1977
1522770 1977
1522780 1988
1522790 1998
1522800 1998
1522810 2006
1522820 2001
1522830 2001
1522840 1990
1522850 1981
1522860 1981
1522870 1970
1522880 1958
1522890 1949
1522900 1949
1522910 1940
1522920 1933
1522930 1933
1522940 1926
1522950 1920
1522960 1920
1522970 1914
1522980 1910
1522990 1910
1523000 1905
1523010 1900
1523020 1900
1523030 1896
1523040 1892
1523050 1892
1523060 1890
1523070 1888
1523080 1888
1523090 1886
1523100 1884
1523110 1884
1523120 1881
1523130 1879
1523140 1878
1523150 1878
1523160 1877
1523170 1875
1523180 1875
1523190 1869
1523200 1862
1523210 1862
1523220 1854
1523230 1846
1523240 1846
1523250 1840
1523260 1836
1523270 1836
1523280 1832
1523290 1825
1523300 1825
1523310 1815
1523320 1807
1523330 1807
1523340 1800
1523350 1793
1523360 1793
1523370 1788
1523380 1782
1523390 1782
1523400 1776
1523410 1770
1523420 1765
1523430 1765
1523440 1759
1523450 1754
1523460 1754
1523470 1750
1523480 1747
1523490 1747
1523500 1745
1523510 1742
1523520 1742
1523530 1722
1523540 1710
1523550 1710
1523560 1704
1523570 1697
1523580 1697
1523590 1690
1523600 1684
1523610 1684
1523620 1678
1523630 1672
1523640 1672
1523650 1667
1523660 1663
1523670 1659
1523680 1659
1523690 1656
1523700 1652
1523710 1652
1523720 1649
1523730 1648
1523740 1648
1523750 1648
1523760 1648
1523770 1648
1523780 1648
1523790 1648
1523800 1648
1523810 1648
1523820 1648
1523830 1648
1523840 1648
1523850 1648
1523860 1648
1523870 1648
1523880 1648
1523890 1648
1523900 1648
1523910 1648
1523920 1648
1523930 1648
1523940 1648
1523950 1648
1523960 1648
1523970 1648
1523980 1648
1523990 1648
1524000 1648
1524010 1648
1524020 1648
1524030 1648
1524040 1648
1524050 1648
1524060 1648
1524070 1648
1524080 1648
1524090 1648
1524100 1648
1524110 1648
1524120 1648
1524130 1648
1524140 1648
1524150 1648
1524160 1651
1524170 1651
1524180 1655
1524190 1656
1524200 1655
1524210 1655
1524220 1655
1524230 1655
1524240 1655
1524250 1651
1524260 1645
1524270 1645
1524280 1637
1524290 1630
1524300 1630
1524310 1624
1524320 1622
1524330 1622
1524340 1621
1524350 1618
1524360 1618
1524370 1615
1524380 1610
1524390 1610
1524400 1608
1524410 1607
1524420 1607
1524430 1607
1524440 1607
1524450 1607
1524460 1606
1524470 1606
1524480 1605
1524490 1605
1524500 1602
1524510 1601
1524520 1601
1524530 1601
1524540 1599
1524550 1599
1524560 1596
1524570 1594
1524580 1594
1524590 1591
1524600 1587
1524610 1587
1524620 1581
1524630 1577
1524640 1577
1524650 1575
1524660 1573
1524670 1573
1524680 1572
1524690 1570
1524700 1570
1524710 1568
1524720 1568
1524730 1567
1524740 1567
1524750 1565
1524760 1564
1524770 1564
1524780 1561
1524790 1560
1524800 1560
1524810 1561
1524820 1560
1524830 1560
1524840 1558
1524850 1556
1524860 1556
1524870 1554
1524880 1553
1524890 1553
1524900 1553
1524910 1552
1524920 1552
1524930 1549
1524940 1548
1524950 1548
1524960 1547
1524970 1545
1524980 1545
1524990 1543
1525000 1543
1525010 1547
1525020 1547
1525030 1553
1525040 1558
1525050 1558
1525060 1562
1525070 1565
1525080 1565
1525090 1567
1525100 1565
1525110 1565
1525120 1560
1525130 1553
1525140 1553
1525150 1546
1525160 1541
1525170 1541
1525180 1537
1525190 1533
1525200 1533
1525210 1530
1525220 1523
1525230 1523
1525240 1520
1525250 1519
1525260 1510
1525270 1510
1525280 1501
1525290 1492
1525300 1492
1525310 1473
1525320 1465
1525330 1465
1525340 1465
1525350 1459
1525360 1459
1525370 1449
1525380 1428
1525390 1428
1525400 1419
1525410 1414
1525420 1414
1525430 1409
1525440 1401
1525450 1401
1525460 1395
1525470 1380
1525480 1380
1525490 1358
1525500 1350
1525510 1350
1525520 1344
1525530 1338
1525540 1332
1525550 1332
1525560 1325
1525570 1318
1525580 1318
1525590 1313
1525600 1306
1525610 1306
1525620 1301
1525630 1297
1525640 1297
1525650 1292
1525660 1287
1525670 1287
1525680 1284
1525690 1281
1525700 1281
1525710 1279
1525720 1275
1525730 1275
1525740 1273
1525750 1269
1525760 1269
1525770 1265
1525780 1261
1525790 1261
1525800 1258
1525810 1254
1525820 1250
1525830 1250
1525840 1245
1525850 1242
1525860 1242
1525870 1239
1525880 1240
1525890 1240
1525900 1241
1525910 1242
1525920 1242
1525930 1243
1525940 1244
1525950 1244
1525960 1243
1525970 1244
1525980 1244
1525990 1244
1526000 1248
1526010 1248
1526020 1252
1526030 1255
1526040 1255
1526050 1257
1526060 1260
1526070 1263
1526080 1263
1526090 1267
1526100 1272
1526110 1272
1526120 1278
1526130 1289
1526140 1289
1526150 1300
1526160 1309
1526170 1309
1526180 1316
1526190 1326
1526200 1326
1526210 1339
1526220 1351
1526230 1351
1526240 1362
1526250 1370
1526260 1370
1526270 1378
1526280 1387
1526290 1387
1526300 1392
1526310 1400
1526320 1400
1526330 1409
1526340 1419
1526350 1427
1526360 1427
1526370 1435
1526380 1445
1526390 1445
1526400 1452
1526410 1458
1526420 1458
1526430 1463
1526440 1468
1526450 1468
1526460 1475
1526470 1482
1526480 1482
1526490 1488
1526500 1495
1526510 1495
1526520 1502
1526530 1509
1526540 1509
1526550 1516
1526560 1523
1526570 1523
1526580 1531
1526590 1538
1526600 1545
1526610 1545
1526620 1553
1526630 1560
1526640 1560
1526650 1566
1526660 1575
1526670 1575
1526680 1583
1526690 1591
1526700 1591
1526710 1602
1526720 1620
1526730 1620
1526740 1631
1526750 1643
1526760 1643
1526770 1651
1526780 1657
1526790 1657
1526800 1665
1526810 1676
1526820 1676
1526830 1696
1526840 1714
1526850 1714
1526860 1731
1526870 1742
1526880 1751
1526890 1751
1526900 1760
1526910 1771
1526920 1771
1526930 1779
1526940 1779
1526950 1779
1526960 1783
1526970 1787
1526980 1787
1526990 1794
1527000 1802
1527010 1802
1527020 1809
1527030 1812
1527040 1812
1527050 1823
1527060 1830
1527070 1830
1527080 1837
1527090 1844
1527100 1844
1527110 1848
1527120 1850
1527130 1852
1527140 1852
1527150 1854
1527160 1856
1527170 1856
1527180 1858
1527190 1861
1527200 1861
1527210 1865
1527220 1873
1527230 1873
1527240 1881
1527250 1891
1527260 1891
1527270 1902
1527280 1914
1527290 1914
1527300 1926
1527310 1933
1527320 1933
1527330 1942
1527340 1950
1527350 1950
1527360 1956
1527370 1966
1527380 1966
1527390 1975
1527400 1986
1527410 1998
1527420 1998
1527430 2007
1527440 2019
1527450 2019
1527460 2028
1527470 2038
1527480 2038
1527490 2048
1527500 2057
1527510 2057
1527520 2067
1527530 2074
1527540 2074
1527550 2083
1527560 2091
1527570 2091
1527580 2100
1527590 2108
1527600 2108
1527610 2116
1527620 2123
1527630 2123
1527640 2131
1527650 2140
1527660 2149
1527670 2149
1527680 2160
1527690 2165
1527700 2165
1527710 2164
1527720 2162
1527730 2162
1527740 2163
1527750 2164
1527760 2164
1527770 2168
1527780 2172
1527790 2172
1527800 2180
1527810 2196
1527820 2196
1527830 2209
1527840 2218
1527850 2218
1527860 2224
1527870 2231
1527880 2231
1527890 2238
1527900 2244
1527910 2244
1527920 2250
1527930 2257
1527940 2260
1527950 2260
1527960 2258
1527970 2253
1527980 2253
1527990 2259
1528000 2280
1528010 2280
1528020 2293
1528030 2303
1528040 2303
1528050 2313
1528060 2316
1528070 2316
1528080 2315
1528090 2314
1528100 2314
1528110 2318
1528120 2320
1528130 2320
1528140 2318
1528150 2313
1528160 2313
1528170 2323
1528180 2329
1528190 2329
1528200 2331
1528210 2329
1528220 2331
1528230 2331
1528240 2330
1528250 2331
1528260 2331
1528270 2337
1528280 2349
1528290 2349
1528300 2361
1528310 2377
1528320 2377
1528330 2391
1528340 2400
1528350 2400
1528360 2406
1528370 2405
1528380 2405
1528390 2409
1528400 2427
1528410 2427
1528420 2434
1528430 2436
1528440 2436
1528450 2431
1528460 2430
1528470 2427
1528480 2427
1528490 2423
1528500 2417
1528510 2417
1528520 2411
1528530 2401
1528540 2401
1528550 2397
1528560 2381
1528570 2381
1528580 2365
1528590 2355
1528600 2355
1528610 2344
1528620 2334
1528630 2334
1528640 2327
1528650 2321
1528660 2321
1528670 2315
1528680 2309
1528690 2309
1528700 2303
1528710 2298
1528720 2298
1528730 2294
1528740 2292
1528750 2290
1528760 2290
1528770 2287
1528780 2284
1528790 2284
1528800 2283
1528810 2282
1528820 2282
1528830 2280
1528840 2277
1528850 2277
1528860 2275
1528870 2275
1528880 2275
1528890 2274
1528900 2273
1528910 2273
1528920 2272
1528930 2271
1528940 2271
1528950 2274
1528960 2283
1528970 2283
1528980 2292
1528990 2304
1529000 2313
1529010 2313
1529020 2316
1529030 2310
1529040 2310
1529050 2302
1529060 2295
1529070 2295
1529080 2288
1529090 2280
1529100 2280
1529110 2272
1529120 2266
1529130 2266
1529140 2258
1529150 2251
1529160 2251
1529170 2242
1529180 2234
1529190 2234
1529200 2228
1529210 2223
1529220 2223
1529230 2219
1529240 2215
1529250 2215
1529260 2210
1529270 2205
1529280 2201
1529290 2201
1529300 2199
1529310 2199
1529320 2199
1529330 2199
1529340 2198
1529350 2198
1529360 2197
1529370 2196
1529380 2196
1529390 2195
1529400 2195
1529410 2195
1529420 2194
1529430 2193
1529440 2193
1529450 2191
1529460 2188
1529470 2188
1529480 2186
1529490 2184
1529500 2184
1529510 2182
1529520 2180
1529530 2177
1529540 2177
1529550 2173
1529560 2172
1529570 2172
1529580 2170
1529590 2168
1529600 2168
1529610 2168
1529620 2168
1529630 2168
1529640 2169
1529650 2169
1529660 2169
1529670 2167
1529680 2165
1529690 2165
1529700 2161
1529710 2157
1529720 2157
1529730 2154
1529740 2154
1529750 2154
1529760 2153
1529770 2151
1529780 2151
1529790 2152
1529800 2154
1529810 2151
1529820 2151
1529830 2148
1529840 2148
1529850 2148
1529860 2150
1529870 2149
1529880 2149
1529890 2147
1529900 2145
1529910 2145
1529920 2146
1529930 2147
1529940 2147
1529950 2149
1529960 2155
1529970 2155
1529980 2161
1529990 2164
1530000 2164
1530010 2161
1530020 2159
1530030 2159
1530040 2158
1530050 2157
1530060 2155
1530070 2155
1530080 2153
1530090 2150
1530100 2150
1530110 2145
1530120 2144
1530130 2144
1530140 2139
1530150 2132
1530160 2132
1530170 2129
1530180 2127
1530190 2127
1530200 2120
1530210 2099
1530220 2099
1530230 2077
1530240 2063
1530250 2063
1530260 2056
1530270 2052
1530280 2052
1530290 2040
1530300 2032
1530310 2032
1530320 2026
1530330 2019
1530340 2012
1530350 2012
1530360 2004
1530370 1996
1530380 1996
1530390 1987
1530400 1979
1530410 1979
1530420 1972
1530430 1964
1530440 1964
1530450 1957
1530460 1950
1530470 1950
1530480 1944
1530490 1938
1530500 1938
1530510 1932
1530520 1927
1530530 1927
1530540 1920
1530550 1913
1530560 1913
1530570 1907
1530580 1900
1530590 1900
1530600 1894
1530610 1888
1530620 1882
1530630 1882
1530640 1878
1530650 1873
1530660 1873
1530670 1870
1530680 1868
1530690 1868
1530700 1865
1530710 1862
1530720 1862
1530730 1859
1530740 1857
1530750 1857
1530760 1855
1530770 1852
1530780 1852
1530790 1850
1530800 1847
1530810 1847
1530820 1844
1530830 1841
1530840 1841
1530850 1840
1530860 1838
1530870 1837
1530880 1837
1530890 1835
1530900 1834
1530910 1834
1530920 1832
1530930 1831
1530940 1831
1530950 1831
1530960 1832
1530970 1832
1530980 1833
1530990 1833
1531000 1833
1531010 1834
1531020 1834
1531030 1834
1531040 1834
1531050 1835
1531060 1835
1531070 1836
1531080 1837
1531090 1837
1531100 1838
1531110 1839
1531120 1839
1531130 1839
1531140 1840
1531150 1844
1531160 1844
1531170 1845
1531180 1846
1531190 1846
1531200 1846
1531210 1847
1531220 1847
1531230 1847
1531240 1847
1531250 1847
1531260 1848
1531270 1849
1531280 1849
1531290 1849
1531300 1849
1531310 1849
1531320 1849
1531330 1849
1531340 1849
1531350 1849
1531360 1849
1531370 1849
1531380 1850
1531390 1852
1531400 1853
1531410 1853
1531420 1852
1531430 1849
1531440 1849
1531450 1848
1531460 1848
1531470 1848
1531480 1848
1531490 1846
1531500 1846
1531510 1845
1531520 1844
1531530 1844
1531540 1843
1531550 1841
1531560 1841
1531570 1841
1531580 1841
1531590 1841
1531600 1840
1531610 1841
1531620 1841
1531630 1844
1531640 1848
1531650 1848
1531660 1851
1531670 1854
1531680 1857
1531690 1857
1531700 1861
1531710 1864
1531720 1864
1531730 1866
1531740 1870
1531750 1870
1531760 1872
1531770 1876
1531780 1876
1531790 1878
1531800 1879
1531810 1879
1531820 1877
1531830 1874
1531840 1874
1531850 1870
1531860 1867
1531870 1867
1531880 1866
1531890 1864
1531900 1864
1531910 1865
1531920 1863
1531930 1862
1531940 1862
1531950 1861
1531960 1861
1531970 1861
1531980 1858
1531990 1856
1532000 1856
1532010 1854
1532020 1853
1532030 1853
1532040 1850
1532050 1844
1532060 1844
1532070 1840
1532080 1836
1532090 1836
1532100 1832
1532110 1828
1532120 1828
1532130 1823
1532140 1818
1532150 1818
1532160 1815
1532170 1813
1532180 1813
1532190 1810
1532200 1805
1532210 1796
1532220 1796
1532230 1787
1532240 1779
1532250 1779
1532260 1771
1532270 1763
1532280 1763
1532290 1756
1532300 1748
1532310 1748
1532320 1744
1532330 1737
1532340 1737
1532350 1731
1532360 1725
1532370 1725
1532380 1720
1532390 1715
1532400 1715
1532410 1710
1532420 1702
1532430 1702
1532440 1692
1532450 1682
1532460 1669
1532470 1669
1532480 1658
1532490 1649
1532500 1649
1532510 1640
1532520 1629
1532530 1629
1532540 1620
1532550 1611
1532560 1611
1532570 1602
1532580 1592
1532590 1592
1532600 1580
1532610 1570
1532620 1570
1532630 1561
1532640 1553
1532650 1553
1532660 1545
1532670 1537
1532680 1537
1532690 1528
1532700 1515
1532710 1515
1532720 1506
1532730 1496
1532740 1485
1532750 1485
1532760 1476
1532770 1467
1532780 1467
1532790 1449
1532800 1430
1532810 1430
1532820 1420
1532830 1409
1532840 1409
1532850 1401
1532860 1394
1532870 1394
1532880 1385
1532890 1376
1532900 1376
1532910 1370
1532920 1363
1532930 1363
1532940 1357
1532950 1351
1532960 1351
1532970 1343
1532980 1337
1532990 1337
1533000 1331
1533010 1326
1533020 1322
1533030 1322
1533040 1318
1533050 1317
1533060 1317
1533070 1317
1533080 1316
1533090 1316
1533100 1316
1533110 1317
1533120 1317
1533130 1317
1533140 1318
1533150 1318
1533160 1319
1533170 1321
1533180 1321
1533190 1322
1533200 1325
1533210 1325
1533220 1327
1533230 1330
1533240 1330
1533250 1334
1533260 1338
1533270 1342
1533280 1342
1533290 1348
1533300 1354
1533310 1354
1533320 1359
1533330 1366
1533340 1366
1533350 1373
1533360 1380
1533370 1380
1533380 1390
1533390 1401
1533400 1401
1533410 1409
1533420 1419
1533430 1419
1533440 1426
1533450 1432
1533460 1432
1533470 1443
1533480 1460
1533490 1460
1533500 1485
1533510 1510
1533520 1510
1533530 1536
1533540 1550
1533550 1569
1533560 1569
1533570 1589
1533580 1609
1533590 1609
1533600 1617
1533610 1622
1533620 1622
1533630 1627
1533640 1634
1533650 1634
1533660 1644
1533670 1655
1533680 1655
1533690 1665
1533700 1679
1533710 1679
1533720 1699
1533730 1715
1533740 1715
1533750 1728
1533760 1736
1533770 1736
1533780 1746
1533790 1754
1533800 1763
1533810 1759
1533820 1771
1533830 1780
1533840 1780
1533850 1787
1533860 1796
1533870 1796
1533880 1805
1533890 1813
1533900 1813
1533910 1825
1533920 1841
1533930 1841
1533940 1857
1533950 1872
1533960 1872
1533970 1884
1533980 1898
1533990 1898
1534000 1905
1534010 1912
1534020 1912
1534030 1921
1534040 1931
1534050 1931
1534060 1941
1534070 1960
1534080 1979
1534090 1979
1534100 1995
1534110 2011
1534120 2011
1534130 2028
1534140 2043
1534150 2043
1534160 2053
1534170 2065
1534180 2065
1534190 2071
1534200 2070
1534210 2070
1534220 2073
1534230 2073
1534240 2073
1534250 2078
1534260 2089
1534270 2089
1534280 2096
1534290 2090
1534300 2090
1534310 2087
1534320 2084
1534330 2086
1534340 2086
1534350 2088
1534360 2084
1534370 2084
1534380 2086
1534390 2091
1534400 2091
1534410 2087
1534420 2083
1534430 2083
1534440 2079
1534450 2069
1534460 2069
1534470 2043
1534480 2026
1534490 2026
1534500 2023
1534510 2025
1534520 2025
1534530 2025
1534540 2026
1534550 2026
1534560 2027
1534570 2028
1534580 2028
1534590 2030
1534600 2033
1534610 2036
1534620 2036
1534630 2039
1534640 2044
1534650 2044
1534660 2050
1534670 2055
1534680 2055
1534690 2060
1534700 2064
1534710 2064
1534720 2066
1534730 2067
1534740 2067
1534750 2068
1534760 2071
1534770 2071
1534780 2076
1534790 2080
1534800 2080
1534810 2084
1534820 2088
1534830 2088
1534840 2093
1534850 2097
1534860 2102
1534870 2102
1534880 2107
1534890 2111
1534900 2111
1534910 2116
1534920 2118
1534930 2118
1534940 2120
1534950 2122
1534960 2122
1534970 2125
1534980 2130
1534990 2130
1535000 2136
1535010 2143
1535020 2143
1535030 2150
1535040 2159
1535050 2159
1535060 2168
1535070 2176
1535080 2176
1535090 2180
1535100 2180
1535110 2180
1535120 2179
1535130 2176
1535140 2172
1535150 2172
1535160 2166
1535170 2161
1535180 2161
1535190 2158
1535200 2154
1535210 2154
1535220 2150
1535230 2146
1535240 2146
1535250 2140
1535260 2133
1535270 2133
1535280 2125
1535290 2118
1535300 2118
1535310 2113
1535320 2108
1535330 2108
1535340 2105
1535350 2104
1535360 2104
1535370 2103
1535380 2103
1535390 2103
1535400 2103
1535410 2103
1535420 2103
1535430 2103
1535440 2103
1535450 2103
1535460 2103
1535470 2103
1535480 2104
1535490 2104
1535500 2105
1535510 2107
1535520 2107
1535530 2111
1535540 2112
1535550 2112
1535560 2115
1535570 2120
1535580 2120
1535590 2127
1535600 2133
1535610 2133
1535620 2138
1535630 2143
1535640 2143
1535650 2153
1535660 2172
1535670 2185
1535680 2185
1535690 2193
1535700 2203
1535710 2203
1535720 2219
1535730 2237
1535740 2237
1535750 2246
1535760 2253
1535770 2253
1535780 2261
1535790 2271
1535800 2271
1535810 2279
1535820 2282
1535830 2282
1535840 2284
1535850 2286
1535860 2286
1535870 2287
1535880 2285
1535890 2285
1535900 2283
1535910 2279
1535920 2279
1535930 2278
1535940 2280
1535950 2281
1535960 2281
1535970 2285
1535980 2289
1535990 2289
1536000 2290
1536010 2289
1536020 2289
1536030 2288
1536040 2289
1536050 2289
1536060 2286
1536070 2282
1536080 2282
1536090 2277
1536100 2276
1536110 2276
1536120 2277
1536130 2280
1536140 2280
1536150 2283
1536160 2286
1536170 2286
1536180 2290
1536190 2295
1536200 2304
1536210 2304
1536220 2320
1536230 2337
1536240 2337
1536250 2348
1536260 2364
1536270 2364
1536280 2371
1536290 2320
1536300 2320
1536310 2277
1536320 2270
1536330 2272
1536340 2265
1536350 2258
1536360 2258
1536370 2250
1536380 2240
1536390 2240
1536400 2234
1536410 2228
1536420 2228
1536430 2220
1536440 2214
1536450 2214
1536460 2207
1536470 2199
1536480 2189
1536490 2189
1536500 2182
1536510 2177
1536520 2177
1536530 2171
1536540 2165
1536550 2165
1536560 2160
1536570 2155
1536580 2155
1536590 2151
1536600 2148
1536610 2148
1536620 2145
1536630 2144
1536640 2144
1536650 2142
1536660 2138
1536670 2138
1536680 2134
1536690 2129
1536700 2129
1536710 2125
1536720 2120
1536730 2117
1536740 2117
1536750 2115
1536760 2112
1536770 2112
1536780 2108
1536790 2103
1536800 2103
1536810 2099
1536820 2098
1536830 2098
1536840 2096
1536850 2094
1536860 2094
1536870 2099
1536880 2106
1536890 2106
1536900 2109
1536910 2118
1536920 2118
1536930 2125
1536940 2129
1536950 2129
1536960 2128
1536970 2128
1536980 2128
1536990 2132
1537000 2134
1537010 2135
1537020 2135
1537030 2135
1537040 2135
1537050 2135
1537060 2136
1537070 2137
1537080 2137
1537090 2141
1537100 2144
1537110 2144
1537120 2146
1537130 2149
1537140 2149
1537150 2151
1537160 2153
1537170 2153
1537180 2152
1537190 2150
1537200 2150
1537210 2148
1537220 2147
1537230 2147
1537240 2148
1537250 2151
1537260 2151
1537270 2153
1537280 2153
1537290 2152
1537300 2152
1537310 2151
1537320 2150
1537330 2150
1537340 2146
1537350 2142
1537360 2142
1537370 2140
1537380 2138
1537390 2138
1537400 2135
1537410 2134
1537420 2134
1537430 2136
1537440 2140
1537450 2140
1537460 2145
1537470 2151
1537480 2151
1537490 2157
1537500 2163
1537510 2163
1537520 2169
1537530 2175
1537540 2182
1537550 2182
1537560 2188
1537570 2194
1537580 2194
1537590 2200
1537600 2218
1537610 2218
1537620 2239
1537630 2264
1537640 2264
1537650 2277
1537660 2274
1537670 2274
1537680 2278
1537690 2310
1537700 2310
1537710 2322
1537720 2334
1537730 2334
1537740 2346
1537750 2350
1537760 2350
1537770 2351
1537780 2366
1537790 2366
1537800 2377
1537810 2389
1537820 2401
1537830 2401
1537840 2411
1537850 2423
1537860 2423
1537870 2434
1537880 2449
1537890 2449
1537900 2462
1537910 2474
1537920 2474
1537930 2486
1537940 2501
1537950 2501
1537960 2519
1537970 2524
1537980 2524
1537990 2529
1538000 2537
1538010 2537
1538020 2546
1538030 2554
1538040 2554
1538050 2567
1538060 2587
1538070 2582
1538080 2582
1538090 2570
1538100 2544
1538110 2544
1538120 2509
1538130 2500
1538140 2500
1538150 2479
1538160 2450
1538170 2450
1538180 2444
1538190 2438
1538200 2438
1538210 2431
1538220 2425
1538230 2425
1538240 2419
1538250 2415
1538260 2415
1538270 2410
1538280 2406
1538290 2406
1538300 2402
1538310 2398
1538320 2398
1538330 2394
1538340 2390
1538350 2386
1538360 2386
1538370 2384
1538380 2383
1538390 2383
1538400 2383
1538410 2384
1538420 2384
1538430 2385
1538440 2387
1538450 2387
1538460 2387
1538470 2387
1538480 2387
1538490 2387
1538500 2382
1538510 2382
1538520 2374
1538530 2367
1538540 2367
1538550 2359
1538560 2352
1538570 2352
1538580 2346
1538590 2341
1538600 2337
1538610 2337
1538620 2334
1538630 2331
1538640 2331
1538650 2329
1538660 2325
1538670 2325
1538680 2322
1538690 2319
1538700 2319
1538710 2315
1538720 2308
1538730 2308
1538740 2304
1538750 2300
1538760 2300
1538770 2297
1538780 2294
1538790 2294
1538800 2292
1538810 2290
1538820 2290
1538830 2288
1538840 2287
1538850 2287
1538860 2285
1538870 2283
1538880 2282
1538890 2282
1538900 2281
1538910 2279
1538920 2279
1538930 2277
1538940 2273
1538950 2273
1538960 2268
1538970 2264
1538980 2264
1538990 2260
1539000 2256
1539010 2256
1539020 2250
1539030 2244
1539040 2244
1539050 2238
1539060 2234
1539070 2234
1539080 2231
1539090 2228
1539100 2228
1539110 2224
1539120 2221
1539130 2218
1539140 2218
1539150 2217
1539160 2215
1539170 2215
1539180 2217
1539190 2217
1539200 2217
1539210 2216
1539220 2216
1539230 2216
1539240 2215
1539250 2215
1539260 2215
1539270 2214
1539280 2213
1539290 2213
1539300 2213
1539310 2213
1539320 2213
1539330 2212
1539340 2211
1539350 2211
1539360 2210
1539370 2210
1539380 2210
1539390 2208
1539400 2206
1539410 2201
1539420 2201
1539430 2198
1539440 2196
1539450 2196
1539460 2197
1539470 2201
1539480 2201
1539490 2206
1539500 2209
1539510 2209
1539520 2211
1539530 2215
1539540 2215
1539550 2214
1539560 2213
1539570 2213
1539580 2212
1539590 2211
1539600 2211
1539610 2209
1539620 2207
1539630 2207
1539640 2204
1539650 2203
1539660 2203
1539670 2204
1539680 2204
1539690 2201
1539700 2201
1539710 2199
1539720 2199
1539730 2199
1539740 2196
1539750 2190
1539760 2190
1539770 2188
1539780 2187
1539790 2187
1539800 2199
1539810 2203
1539820 2203
1539830 2203
1539840 2202
1539850 2202
1539860 2202
1539870 2204
1539880 2204
1539890 2204
1539900 2204
1539910 2204
1539920 2206
1539930 2206
1539940 2208
1539950 2208
1539960 2208
1539970 2207
1539980 2207
1539990 2203
