1520000 1948
1520010 1945
1520020 1945
1520030 1938
1520040 1933
1520050 1933
1520060 1931
1520070 1930
1520080 1930
1520090 1924
1520100 1913
1520110 1913
1520120 1895
1520130 1881
1520140 1881
1520150 1871
1520160 1862
1520170 1853
1520180 1853
1520190 1846
1520200 1839
1520210 1839
1520220 1826
1520230 1809
1520240 1809
1520250 1797
1520260 1790
1520270 1790
1520280 1784
1520290 1779
1520300 1779
1520310 1773
1520320 1767
1520330 1767
1520340 1761
1520350 1754
1520360 1754
1520370 1747
1520380 1742
1520390 1742
1520400 1738
1520410 1732
1520420 1732
1520430 1726
1520440 1722
1520450 1719
1520460 1719
1520470 1714
1520480 1711
1520490 1711
1520500 1707
1520510 1705
1520520 1705
1520530 1703
1520540 1701
1520550 1701
1520560 1699
1520570 1697
1520580 1697
1520590 1696
1520600 1695
1520610 1695
1520620 1694
1520630 1693
1520640 1693
1520650 1693
1520660 1693
1520670 1693
1520680 1692
1520690 1692
1520700 1692
1520710 1692
1520720 1692
1520730 1692
1520740 1692
1520750 1693
1520760 1694
1520770 1694
1520780 1696
1520790 1698
1520800 1698
1520810 1702
1520820 1708
1520830 1708
1520840 1712
1520850 1711
1520860 1711
1520870 1707
1520880 1700
1520890 1700
1520900 1689
1520910 1682
1520920 1682
1520930 1677
1520940 1673
1520950 1673
1520960 1674
1520970 1677
1520980 1678
1520990 1678
1521000 1678
1521010 1680
1521020 1680
1521030 1681
1521040 1685
1521050 1685
1521060 1692
1521070 1697
1521080 1697
1521090 1698
1521100 1698
1521110 1698
1521120 1697
1521130 1695
1521140 1695
1521150 1694
1521160 1689
1521170 1689
1521180 1686
1521190 1681
1521200 1681
1521210 1676
1521220 1667
1521230 1667
1521240 1660
1521250 1656
1521260 1654
1521270 1654
1521280 1654
1521290 1653
1521300 1653
1521310 1653
1521320 1652
1521330 1652
1521340 1652
1521350 1652
1521360 1652
1521370 1652
1521380 1656
1521390 1656
1521400 1665
1521410 1669
1521420 1669
1521430 1672
1521440 1671
1521450 1671
1521460 1670
1521470 1668
1521480 1668
1521490 1664
1521500 1660
1521510 1656
1521520 1656
1521530 1650
1521540 1638
1521550 1638
1521560 1631
1521570 1619
1521580 1619
1521590 1602
1521600 1589
1521610 1589
1521620 1578
1521630 1569
1521640 1569
1521650 1561
1521660 1554
1521670 1554
1521680 1547
1521690 1540
1521700 1540
1521710 1534
1521720 1526
1521730 1526
1521740 1516
1521750 1509
1521760 1509
1521770 1504
1521780 1497
1521790 1491
1521800 1491
1521810 1485
1521820 1479
1521830 1479
1521840 1474
1521850 1469
1521860 1469
1521870 1463
1521880 1457
1521890 1457
1521900 1451
1521910 1445
1521920 1445
1521930 1440
1521940 1435
1521950 1435
1521960 1431
1521970 1427
1521980 1427
1521990 1423
1522000 1421
1522010 1421
1522020 1419
1522030 1419
1522040 1419
1522050 1417
1522060 1414
1522070 1414
1522080 1414
1522090 1416
1522100 1419
1522110 1419
1522120 1423
1522130 1428
1522140 1428
1522150 1434
1522160 1439
1522170 1439
1522180 1443
1522190 1447
1522200 1447
1522210 1454
1522220 1471
1522230 1471
1522240 1490
1522250 1497
1522260 1497
1522270 1505
1522280 1514
1522290 1514
1522300 1516
1522310 1517
1522320 1526
1522330 1526
1522340 1529
1522350 1530
1522360 1530
1522370 1531
1522380 1527
1522390 1527
1522400 1521
1522410 1521
1522420 1521
1522430 1523
1522440 1528
1522450 1528
1522460 1533
1522470 1536
1522480 1536
1522490 1540
1522500 1545
1522510 1545
1522520 1550
1522530 1554
1522540 1554
1522550 1559
1522560 1564
1522570 1564
1522580 1569
1522590 1573
1522600 1576
1522610 1576
1522620 1580
1522630 1585
1522640 1585
1522650 1591
1522660 1597
1522670 1597
1522680 1604
1522690 1610
1522700 1610
1522710 1616
1522720 1621
1522730 1621
1522740 1626
1522750 1631
1522760 1631
1522770 1635
1522780 1637
1522790 1637
1522800 1639
1522810 1643
1522820 1643
1522830 1648
1522840 1651
1522850 1654
1522860 1654
1522870 1657
1522880 1661
1522890 1661
1522900 1664
1522910 1667
1522920 1667
1522930 1670
1522940 1674
1522950 1674
1522960 1678
1522970 1681
1522980 1681
1522990 1684
1523000 1687
1523010 1687
1523020 1689
1523030 1694
1523040 1694
1523050 1700
1523060 1708
1523070 1708
1523080 1715
1523090 1723
1523100 1723
1523110 1731
1523120 1735
1523130 1736
1523140 1736
1523150 1740
1523160 1745
1523170 1745
1523180 1752
1523190 1754
1523200 1754
1523210 1748
1523220 1738
1523230 1738
1523240 1730
1523250 1725
1523260 1725
1523270 1716
1523280 1714
1523290 1714
1523300 1715
1523310 1709
1523320 1709
1523330 1701
1523340 1696
1523350 1696
1523360 1696
1523370 1696
1523380 1696
1523390 1696
1523400 1697
1523410 1700
1523420 1700
1523430 1702
1523440 1706
1523450 1706
1523460 1709
1523470 1714
1523480 1714
1523490 1720
1523500 1726
1523510 1726
1523520 1733
1523530 1741
1523540 1741
1523550 1750
1523560 1760
1523570 1760
1523580 1769
1523590 1776
1523600 1776
1523610 1783
1523620 1789
1523630 1789
1523640 1797
1523650 1805
1523660 1810
1523670 1810
1523680 1810
1523690 1811
1523700 1811
1523710 1812
1523720 1815
1523730 1815
1523740 1818
1523750 1820
1523760 1820
1523770 1820
1523780 1820
1523790 1820
1523800 1819
1523810 1817
1523820 1817
1523830 1815
1523840 1813
1523850 1813
1523860 1810
1523870 1808
1523880 1808
1523890 1805
1523900 1801
1523910 1801
1523920 1796
1523930 1791
1523940 1785
1523950 1785
1523960 1779
1523970 1774
1523980 1774
1523990 1770
1524000 1763
1524010 1763
1524020 1755
1524030 1746
1524040 1746
1524050 1737
1524060 1732
1524070 1732
1524080 1727
1524090 1722
1524100 1722
1524110 1714
1524120 1707
1524130 1707
1524140 1695
1524150 1685
1524160 1685
1524170 1679
1524180 1673
1524190 1665
1524200 1665
1524210 1656
1524220 1648
1524230 1648
1524240 1642
1524250 1634
1524260 1634
1524270 1628
1524280 1620
1524290 1620
1524300 1616
1524310 1610
1524320 1610
1524330 1605
1524340 1599
1524350 1599
1524360 1592
1524370 1587
1524380 1587
1524390 1582
1524400 1577
1524410 1577
1524420 1573
1524430 1568
1524440 1568
1524450 1564
1524460 1559
1524470 1552
1524480 1552
1524490 1547
1524500 1543
1524510 1543
1524520 1540
1524530 1537
1524540 1537
1524550 1534
1524560 1530
1524570 1530
1524580 1526
1524590 1521
1524600 1521
1524610 1517
1524620 1513
1524630 1513
1524640 1508
1524650 1504
1524660 1504
1524670 1501
1524680 1496
1524690 1496
1524700 1491
1524710 1486
1524720 1486
1524730 1481
1524740 1476
1524750 1471
1524760 1471
1524770 1466
1524780 1461
1524790 1461
1524800 1456
1524810 1452
1524820 1452
1524830 1446
1524840 1441
1524850 1441
1524860 1436
1524870 1429
1524880 1429
1524890 1422
1524900 1415
1524910 1415
1524920 1408
1524930 1401
1524940 1401
1524950 1394
1524960 1386
1524970 1386
1524980 1377
1524990 1368
1525000 1359
1525010 1359
1525020 1351
1525030 1337
1525040 1337
1525050 1327
1525060 1316
1525070 1316
1525080 1306
1525090 1297
1525100 1297
1525110 1288
1525120 1279
1525130 1279
1525140 1271
1525150 1263
1525160 1263
1525170 1254
1525180 1245
1525190 1245
1525200 1236
1525210 1228
1525220 1228
1525230 1220
1525240 1213
1525250 1213
1525260 1207
1525270 1202
1525280 1198
1525290 1198
1525300 1195
1525310 1190
1525320 1190
1525330 1187
1525340 1186
1525350 1186
1525360 1186
1525370 1186
1525380 1186
1525390 1186
1525400 1187
1525410 1187
1525420 1187
1525430 1187
1525440 1187
1525450 1187
1525460 1187
1525470 1187
1525480 1187
1525490 1187
1525500 1187
1525510 1187
1525520 1187
1525530 1187
1525540 1187
1525550 1188
1525560 1189
1525570 1189
1525580 1189
1525590 1190
1525600 1190
1525610 1192
1525620 1197
1525630 1197
1525640 1203
1525650 1209
1525660 1209
1525670 1216
1525680 1222
1525690 1222
1525700 1229
1525710 1235
1525720 1235
1525730 1242
1525740 1248
1525750 1248
1525760 1254
1525770 1260
1525780 1260
1525790 1268
1525800 1278
1525810 1289
1525820 1289
1525830 1302
1525840 1316
1525850 1316
1525860 1328
1525870 1338
1525880 1338
1525890 1349
1525900 1361
1525910 1361
1525920 1376
1525930 1387
1525940 1387
1525950 1403
1525960 1415
1525970 1415
1525980 1426
1525990 1445
1526000 1445
1526010 1455
1526020 1466
1526030 1466
1526040 1479
1526050 1494
1526060 1494
1526070 1499
1526080 1505
1526090 1518
1526100 1518
1526110 1527
1526120 1536
1526130 1536
1526140 1543
1526150 1552
1526160 1552
1526170 1561
1526180 1566
1526190 1566
1526200 1571
1526210 1576
1526220 1576
1526230 1582
1526240 1590
1526250 1590
1526260 1595
1526270 1601
1526280 1601
1526290 1606
1526300 1611
1526310 1611
1526320 1617
1526330 1622
1526340 1629
1526350 1629
1526360 1637
1526370 1648
1526380 1648
1526390 1656
1526400 1670
1526410 1670
1526420 1680
1526430 1689
1526440 1689
1526450 1696
1526460 1702
1526470 1702
1526480 1707
1526490 1711
1526500 1711
1526510 1717
1526520 1726
1526530 1726
1526540 1734
1526550 1743
1526560 1743
1526570 1751
1526580 1759
1526590 1759
1526600 1767
1526610 1774
1526620 1780
1526630 1780
1526640 1787
1526650 1794
1526660 1794
1526670 1801
1526680 1809
1526690 1809
1526700 1817
1526710 1825
1526720 1825
1526730 1834
1526740 1843
1526750 1843
1526760 1852
1526770 1861
1526780 1861
1526790 1873
1526800 1883
1526810 1883
1526820 1891
1526830 1899
1526840 1899
1526850 1906
1526860 1912
1526870 1918
1526880 1918
1526890 1927
1526900 1933
1526910 1933
1526920 1940
1526930 1949
1526940 1949
1526950 1958
1526960 1965
1526970 1965
1526980 1971
1526990 1979
1527000 1979
1527010 1986
1527020 1994
1527030 1994
1527040 2002
1527050 2010
1527060 2010
1527070 2016
1527080 2024
1527090 2024
1527100 2041
1527110 2065
1527120 2065
1527130 2074
1527140 2082
1527150 2091
1527160 2091
1527170 2097
1527180 2104
1527190 2104
1527200 2110
1527210 2115
1527220 2115
1527230 2118
1527240 2120
1527250 2120
1527260 2121
1527270 2123
1527280 2123
1527290 2124
1527300 2125
1527310 2125
1527320 2127
1527330 2128
1527340 2128
1527350 2130
1527360 2129
1527370 2129
1527380 2130
1527390 2133
1527400 2133
1527410 2138
1527420 2143
1527430 2149
1527440 2149
1527450 2158
1527460 2164
1527470 2164
1527480 2169
1527490 2176
1527500 2176
1527510 2182
1527520 2201
1527530 2201
1527540 2221
1527550 2231
1527560 2231
1527570 2241
1527580 2248
1527590 2248
1527600 2248
1527610 2252
1527620 2252
1527630 2265
1527640 2273
1527650 2273
1527660 2279
1527670 2285
1527680 2290
1527690 2290
1527700 2293
1527710 2296
1527720 2296
1527730 2298
1527740 2300
1527750 2300
1527760 2306
1527770 2314
1527780 2314
1527790 2321
1527800 2329
1527810 2329
1527820 2334
1527830 2327
1527840 2327
1527850 2322
1527860 2320
1527870 2320
1527880 2316
1527890 2305
1527900 2305
1527910 2294
1527920 2283
1527930 2283
1527940 2272
1527950 2266
1527960 2261
1527970 2261
1527980 2257
1527990 2253
1528000 2253
1528010 2249
1528020 2245
1528030 2245
1528040 2243
1528050 2241
1528060 2241
1528070 2234
1528080 2234
1528090 2234
1528100 2234
1528110 2233
1528120 2233
1528130 2232
1528140 2233
1528150 2233
1528160 2236
1528170 2238
1528180 2238
1528190 2241
1528200 2243
1528210 2243
1528220 2245
1528230 2247
1528240 2250
1528250 2250
1528260 2252
1528270 2255
1528280 2255
1528290 2259
1528300 2261
1528310 2261
1528320 2264
1528330 2267
1528340 2267
1528350 2273
1528360 2281
1528370 2281
1528380 2288
1528390 2295
1528400 2295
1528410 2302
1528420 2310
1528430 2310
1528440 2317
1528450 2325
1528460 2325
1528470 2333
1528480 2340
1528490 2352
1528500 2352
1528510 2366
1528520 2376
1528530 2376
1528540 2382
1528550 2391
1528560 2391
1528570 2398
1528580 2406
1528590 2406
1528600 2414
1528610 2426
1528620 2426
1528630 2442
1528640 2455
1528650 2455
1528660 2461
1528670 2454
1528680 2454
1528690 2440
1528700 2429
1528710 2429
1528720 2412
1528730 2390
1528740 2390
1528750 2369
1528760 2362
1528770 2354
1528780 2354
1528790 2349
1528800 2342
1528810 2342
1528820 2328
1528830 2314
1528840 2314
1528850 2299
1528860 2288
1528870 2288
1528880 2274
1528890 2260
1528900 2260
1528910 2249
1528920 2242
1528930 2242
1528940 2235
1528950 2227
1528960 2227
1528970 2221
1528980 2216
1528990 2216
1529000 2211
1529010 2207
1529020 2199
1529030 2199
1529040 2183
1529050 2173
1529060 2173
1529070 2165
1529080 2159
1529090 2159
1529100 2153
1529110 2146
1529120 2146
1529130 2138
1529140 2133
1529150 2133
1529160 2129
1529170 2119
1529180 2119
1529190 2109
1529200 2106
1529210 2106
1529220 2108
1529230 2113
1529240 2113
1529250 2112
1529260 2111
1529270 2111
1529280 2107
1529290 2107
1529300 2107
1529310 2107
1529320 2110
1529330 2109
1529340 2109
1529350 2103
1529360 2093
1529370 2093
1529380 2086
1529390 2082
1529400 2082
1529410 2079
1529420 2077
1529430 2077
1529440 2075
1529450 2073
1529460 2073
1529470 2070
1529480 2067
1529490 2067
1529500 2063
1529510 2059
1529520 2059
1529530 2057
1529540 2055
1529550 2055
1529560 2056
1529570 2056
1529580 2058
1529590 2058
1529600 2059
1529610 2061
1529620 2061
1529630 2064
1529640 2065
1529650 2065
1529660 2067
1529670 2069
1529680 2069
1529690 2071
1529700 2073
1529710 2073
1529720 2075
1529730 2077
1529740 2077
1529750 2080
1529760 2081
1529770 2081
1529780 2082
1529790 2085
1529800 2085
1529810 2088
1529820 2093
1529830 2099
1529840 2099
1529850 2105
1529860 2110
1529870 2110
1529880 2116
1529890 2121
1529900 2121
1529910 2128
1529920 2134
1529930 2134
1529940 2140
1529950 2147
1529960 2147
1529970 2155
1529980 2162
1529990 2162
1530000 2175
1530010 2192
1530020 2192
1530030 2197
1530040 2202
1530050 2202
1530060 2215
1530070 2234
1530080 2234
1530090 2256
1530100 2271
1530110 2285
1530120 2285
1530130 2297
1530140 2304
1530150 2304
1530160 2314
1530170 2322
1530180 2322
1530190 2329
1530200 2336
1530210 2336
1530220 2342
1530230 2349
1530240 2349
1530250 2355
1530260 2361
1530270 2361
1530280 2370
1530290 2379
1530300 2379
1530310 2386
1530320 2394
1530330 2394
1530340 2396
1530350 2388
1530360 2388
1530370 2379
1530380 2373
1530390 2368
1530400 2368
1530410 2363
1530420 2359
1530430 2359
1530440 2355
1530450 2351
1530460 2351
1530470 2347
1530480 2344
1530490 2344
1530500 2340
1530510 2337
1530520 2337
1530530 2335
1530540 2334
1530550 2334
1530560 2334
1530570 2336
1530580 2336
1530590 2338
1530600 2337
1530610 2337
1530620 2334
1530630 2330
1530640 2326
1530650 2326
1530660 2322
1530670 2318
1530680 2318
1530690 2313
1530700 2305
1530710 2305
1530720 2293
1530730 2278
1530740 2278
1530750 2265
1530760 2253
1530770 2253
1530780 2247
1530790 2241
1530800 2241
1530810 2234
1530820 2228
1530830 2228
1530840 2218
1530850 2209
1530860 2209
1530870 2204
1530880 2196
1530890 2196
1530900 2189
1530910 2187
1530920 2180
1530930 2180
1530940 2173
1530950 2168
1530960 2168
1530970 2163
1530980 2158
1530990 2158
1531000 2151
1531010 2147
1531020 2147
1531030 2143
1531040 2139
1531050 2139
1531060 2137
1531070 2135
1531080 2135
1531090 2132
1531100 2130
1531110 2130
1531120 2130
1531130 2131
1531140 2131
1531150 2132
1531160 2133
1531170 2131
1531180 2131
1531190 2130
1531200 2128
1531210 2128
1531220 2130
1531230 2131
1531240 2131
1531250 2133
1531260 2135
1531270 2135
1531280 2136
1531290 2134
1531300 2134
1531310 2131
1531320 2127
1531330 2127
1531340 2123
1531350 2119
1531360 2119
1531370 2116
1531380 2113
1531390 2113
1531400 2110
1531410 2107
1531420 2107
1531430 2102
1531440 2099
1531450 2096
1531460 2096
1531470 2092
1531480 2090
1531490 2090
1531500 2088
1531510 2087
1531520 2087
1531530 2085
1531540 2083
1531550 2083
1531560 2082
1531570 2080
1531580 2080
1531590 2079
1531600 2077
1531610 2077
1531620 2075
1531630 2072
1531640 2072
1531650 2069
1531660 2066
1531670 2066
1531680 2062
1531690 2051
1531700 2051
1531710 2041
1531720 2032
1531730 2024
1531740 2024
1531750 2008
1531760 1994
1531770 1994
1531780 1986
1531790 1968
1531800 1968
1531810 1946
1531820 1931
1531830 1931
1531840 1918
1531850 1909
1531860 1909
1531870 1898
1531880 1890
1531890 1890
1531900 1879
1531910 1871
1531920 1871
1531930 1868
1531940 1863
1531950 1863
1531960 1855
1531970 1849
1531980 1845
1531990 1845
1532000 1845
1532010 1839
1532020 1839
1532030 1833
1532040 1835
1532050 1835
1532060 1835
1532070 1831
1532080 1831
1532090 1822
1532100 1803
1532110 1803
1532120 1795
1532130 1791
1532140 1791
1532150 1791
1532160 1792
1532170 1792
1532180 1792
1532190 1789
1532200 1789
1532210 1786
1532220 1786
1532230 1786
1532240 1784
1532250 1781
1532260 1780
1532270 1780
1532280 1778
1532290 1777
1532300 1777
1532310 1773
1532320 1767
1532330 1767
1532340 1760
1532350 1752
1532360 1752
1532370 1744
1532380 1736
1532390 1736
1532400 1729
1532410 1722
1532420 1722
1532430 1715
1532440 1710
1532450 1710
1532460 1703
1532470 1696
1532480 1696
1532490 1689
1532500 1682
1532510 1674
1532520 1674
1532530 1663
1532540 1652
1532550 1652
1532560 1638
1532570 1631
1532580 1631
1532590 1623
1532600 1615
1532610 1615
1532620 1607
1532630 1593
1532640 1593
1532650 1584
1532660 1575
1532670 1575
1532680 1557
1532690 1503
1532700 1503
1532710 1475
1532720 1465
1532730 1465
1532740 1455
1532750 1446
1532760 1446
1532770 1437
1532780 1430
1532790 1423
1532800 1423
1532810 1412
1532820 1403
1532830 1403
1532840 1390
1532850 1383
1532860 1383
1532870 1378
1532880 1369
1532890 1369
1532900 1362
1532910 1354
1532920 1354
1532930 1346
1532940 1339
1532950 1339
1532960 1332
1532970 1324
1532980 1324
1532990 1316
1533000 1310
1533010 1310
1533020 1303
1533030 1297
1533040 1297
1533050 1291
1533060 1285
1533070 1281
1533080 1281
1533090 1278
1533100 1277
1533110 1277
1533120 1276
1533130 1274
1533140 1274
1533150 1276
1533160 1275
1533170 1275
1533180 1276
1533190 1283
1533200 1283
1533210 1290
1533220 1299
1533230 1299
1533240 1307
1533250 1315
1533260 1315
1533270 1322
1533280 1342
1533290 1342
1533300 1385
1533310 1411
1533320 1417
1533330 1417
1533340 1422
1533350 1427
1533360 1427
1533370 1432
1533380 1438
1533390 1438
1533400 1445
1533410 1452
1533420 1452
1533430 1458
1533440 1464
1533450 1464
1533460 1471
1533470 1480
1533480 1480
1533490 1488
1533500 1495
1533510 1495
1533520 1504
1533530 1512
1533540 1512
1533550 1518
1533560 1523
1533570 1523
1533580 1528
1533590 1534
1533600 1543
1533610 1543
1533620 1547
1533630 1552
1533640 1552
1533650 1558
1533660 1562
1533670 1562
1533680 1564
1533690 1568
1533700 1568
1533710 1571
1533720 1574
1533730 1574
1533740 1578
1533750 1582
1533760 1582
1533770 1584
1533780 1585
1533790 1585
1533800 1586
1533810 1587
1533820 1587
1533830 1589
1533840 1590
1533850 1590
1533860 1591
1533870 1593
1533880 1596
1533890 1596
1533900 1601
1533910 1609
1533920 1609
1533930 1620
1533940 1629
1533950 1629
1533960 1631
1533970 1632
1533980 1632
1533990 1634
1534000 1634
1534010 1634
1534020 1634
1534030 1633
1534040 1633
1534050 1631
1534060 1628
1534070 1628
1534080 1626
1534090 1624
1534100 1624
1534110 1622
1534120 1621
1534130 1621
1534140 1621
1534150 1622
1534160 1623
1534170 1623
1534180 1624
1534190 1625
1534200 1625
1534210 1627
1534220 1628
1534230 1628
1534240 1630
1534250 1632
1534260 1632
1534270 1634
1534280 1635
1534290 1635
1534300 1637
1534310 1640
1534320 1640
1534330 1643
1534340 1646
1534350 1646
1534360 1648
1534370 1652
1534380 1652
1534390 1656
1534400 1659
1534410 1663
1534420 1663
1534430 1668
1534440 1671
1534450 1671
1534460 1676
1534470 1681
1534480 1681
1534490 1685
1534500 1690
1534510 1690
1534520 1695
1534530 1699
1534540 1699
1534550 1705
1534560 1710
1534570 1710
1534580 1716
1534590 1722
1534600 1722
1534610 1729
1534620 1734
1534630 1734
1534640 1739
1534650 1743
1534660 1748
1534670 1748
1534680 1753
1534690 1759
1534700 1759
1534710 1764
1534720 1769
1534730 1769
1534740 1774
1534750 1781
1534760 1781
1534770 1786
1534780 1792
1534790 1792
1534800 1798
1534810 1805
1534820 1805
1534830 1811
1534840 1818
1534850 1818
1534860 1825
1534870 1832
1534880 1832
1534890 1840
1534900 1848
1534910 1848
1534920 1854
1534930 1860
1534940 1867
1534950 1867
1534960 1873
1534970 1881
1534980 1881
1534990 1886
1535000 1890
1535010 1890
1535020 1897
1535030 1903
1535040 1903
1535050 1907
1535060 1912
1535070 1912
1535080 1916
1535090 1921
1535100 1921
1535110 1926
1535120 1932
1535130 1932
1535140 1939
1535150 1947
1535160 1947
1535170 1956
1535180 1965
1535190 1965
1535200 1978
1535210 1995
1535220 2005
1535230 2005
1535240 2015
1535250 2026
1535260 2026
1535270 2036
1535280 2048
1535290 2048
1535300 2061
1535310 2068
1535320 2068
1535330 2076
1535340 2085
1535350 2085
1535360 2095
1535370 2106
1535380 2106
1535390 2112
1535400 2119
1535410 2119
1535420 2127
1535430 2134
1535440 2134
1535450 2138
1535460 2145
1535470 2153
1535480 2153
1535490 2161
1535500 2167
1535510 2167
1535520 2171
1535530 2176
1535540 2176
1535550 2182
1535560 2187
1535570 2187
1535580 2194
1535590 2200
1535600 2200
1535610 2207
1535620 2213
1535630 2213
1535640 2220
1535650 2227
1535660 2227
1535670 2234
1535680 2242
1535690 2242
1535700 2250
1535710 2258
1535720 2258
1535730 2267
1535740 2275
1535750 2283
1535760 2283
1535770 2291
1535780 2300
1535790 2300
1535800 2308
1535810 2316
1535820 2316
1535830 2324
1535840 2330
1535850 2330
1535860 2325
1535870 2314
1535880 2314
1535890 2308
1535900 2302
1535910 2302
1535920 2292
1535930 2287
1535940 2287
1535950 2284
1535960 2280
1535970 2280
1535980 2276
1535990 2270
1536000 2262
1536010 2262
1536020 2254
1536030 2243
1536040 2243
1536050 2232
1536060 2222
1536070 2222
1536080 2212
1536090 2206
1536100 2206
1536110 2195
1536120 2190
1536130 2190
1536140 2178
1536150 2170
1536160 2170
1536170 2162
1536180 2145
1536190 2145
1536200 2130
1536210 2116
1536220 2116
1536230 2105
1536240 2097
1536250 2097
1536260 2090
1536270 2082
1536280 2076
1536290 2076
1536300 2071
1536310 2066
1536320 2066
1536330 2063
1536340 2057
1536350 2057
1536360 2050
1536370 2040
1536380 2040
1536390 2031
1536400 2021
1536410 2021
1536420 2013
1536430 2005
1536440 2005
1536450 1997
1536460 1990
1536470 1990
1536480 1984
1536490 1979
1536500 1979
1536510 1974
1536520 1969
1536530 1969
1536540 1964
1536550 1959
1536560 1953
1536570 1953
1536580 1942
1536590 1931
1536600 1931
1536610 1922
1536620 1914
1536630 1914
1536640 1906
1536650 1899
1536660 1899
1536670 1894
1536680 1890
1536690 1890
1536700 1886
1536710 1883
1536720 1883
1536730 1879
1536740 1876
1536750 1876
1536760 1874
1536770 1872
1536780 1872
1536790 1870
1536800 1869
1536810 1868
1536820 1868
1536830 1866
1536840 1865
1536850 1865
1536860 1862
1536870 1860
1536880 1860
1536890 1857
1536900 1854
1536910 1854
1536920 1850
1536930 1847
1536940 1847
1536950 1843
1536960 1841
1536970 1841
1536980 1844
1536990 1846
1537000 1846
1537010 1849
1537020 1852
1537030 1852
1537040 1855
1537050 1860
1537060 1860
1537070 1868
1537080 1877
1537090 1889
1537100 1889
1537110 1899
1537120 1909
1537130 1909
1537140 1917
1537150 1924
1537160 1924
1537170 1931
1537180 1938
1537190 1938
1537200 1947
1537210 1959
1537220 1959
1537230 1966
1537240 1973
1537250 1973
1537260 1980
1537270 1987
1537280 1987
1537290 1992
1537300 1999
1537310 1999
1537320 2008
1537330 2016
1537340 2016
1537350 2028
1537360 2045
1537370 2058
1537380 2058
1537390 2074
1537400 2087
1537410 2087
1537420 2099
1537430 2110
1537440 2110
1537450 2116
1537460 2123
1537470 2123
1537480 2131
1537490 2138
1537500 2138
1537510 2143
1537520 2148
1537530 2148
1537540 2152
1537550 2161
1537560 2161
1537570 2172
1537580 2180
1537590 2180
1537600 2186
1537610 2190
1537620 2198
1537630 2198
1537640 2208
1537650 2221
1537660 2221
1537670 2227
1537680 2223
1537690 2223
1537700 2222
1537710 2224
1537720 2224
1537730 2225
1537740 2224
1537750 2224
1537760 2226
1537770 2225
1537780 2225
1537790 2228
1537800 2234
1537810 2234
1537820 2235
1537830 2235
1537840 2235
1537850 2240
1537860 2246
1537870 2246
1537880 2247
1537890 2243
1537900 2239
1537910 2239
1537920 2236
1537930 2230
1537940 2230
1537950 2221
1537960 2232
1537970 2232
1537980 2234
1537990 2233
1538000 2233
1538010 2238
1538020 2242
1538030 2242
1538040 2246
1538050 2251
1538060 2251
1538070 2251
1538080 2250
1538090 2250
1538100 2256
1538110 2260
1538120 2260
1538130 2261
1538140 2265
1538150 2268
1538160 2268
1538170 2271
1538180 2277
1538190 2277
1538200 2283
1538210 2291
1538220 2291
1538230 2298
1538240 2306
1538250 2306
1538260 2311
1538270 2314
1538280 2314
1538290 2318
1538300 2332
1538310 2332
1538320 2348
1538330 2361
1538340 2361
1538350 2370
1538360 2388
1538370 2388
1538380 2387
1538390 2381
1538400 2381
1538410 2381
1538420 2381
1538430 2386
1538440 2386
1538450 2391
1538460 2386
1538470 2386
1538480 2381
1538490 2374
1538500 2374
1538510 2367
1538520 2362
1538530 2362
1538540 2345
1538550 2340
1538560 2340
1538570 2334
1538580 2327
1538590 2327
1538600 2323
1538610 2319
1538620 2319
1538630 2314
1538640 2309
1538650 2309
1538660 2302
1538670 2301
1538680 2301
1538690 2297
1538700 2290
1538710 2270
1538720 2270
1538730 2246
1538740 2228
1538750 2228
1538760 2205
1538770 2194
1538780 2194
1538790 2183
1538800 2171
1538810 2171
1538820 2163
1538830 2157
1538840 2157
1538850 2152
1538860 2145
1538870 2145
1538880 2137
1538890 2130
1538900 2130
1538910 2123
1538920 2117
1538930 2117
1538940 2112
1538950 2106
1538960 2101
1538970 2101
1538980 2096
1538990 2092
1539000 2092
1539010 2088
1539020 2086
1539030 2086
1539040 2084
1539050 2081
1539060 2081
1539070 2074
1539080 2066
1539090 2066
1539100 2060
1539110 2053
1539120 2053
1539130 2046
1539140 2040
1539150 2040
1539160 2034
1539170 2029
1539180 2029
1539190 2023
1539200 2016
1539210 2016
1539220 2009
1539230 2003
1539240 1996
1539250 1996
1539260 1990
1539270 1985
1539280 1985
1539290 1979
1539300 1975
1539310 1975
1539320 1972
1539330 1970
1539340 1970
1539350 1967
1539360 1963
1539370 1963
1539380 1962
1539390 1961
1539400 1961
1539410 1962
1539420 1967
1539430 1967
1539440 1973
1539450 1977
1539460 1977
1539470 1981
1539480 1983
1539490 1985
1539500 1985
1539510 1988
1539520 1989
1539530 1989
1539540 1990
1539550 1991
1539560 1991
1539570 1992
1539580 1995
1539590 1995
1539600 1998
1539610 2000
1539620 2000
1539630 2003
1539640 2005
1539650 2005
1539660 2008
1539670 2008
1539680 2008
1539690 2007
1539700 2005
1539710 2005
1539720 2006
1539730 2009
1539740 2009
1539750 2009
1539760 2013
1539770 2015
1539780 2015
1539790 2012
1539800 2008
1539810 2008
1539820 2018
1539830 2024
1539840 2024
1539850 2030
1539860 2036
1539870 2036
1539880 2043
1539890 2052
1539900 2052
1539910 2059
1539920 2065
1539930 2065
1539940 2073
1539950 2082
1539960 2082
1539970 2091
1539980 2100
1539990 2100
