1520000 1902
1520010 1895
1520020 1895
1520030 1890
1520040 1886
1520050 1881
1520060 1881
1520070 1875
1520080 1864
1520090 1864
1520100 1853
1520110 1838
1520120 1838
1520130 1824
1520140 1810
1520150 1810
1520160 1799
1520170 1790
1520180 1790
1520190 1781
1520200 1773
1520210 1773
1520220 1765
1520230 1758
1520240 1758
1520250 1752
1520260 1747
1520270 1747
1520280 1741
1520290 1735
1520300 1735
1520310 1729
1520320 1723
1520330 1718
1520340 1718
1520350 1712
1520360 1706
1520370 1706
1520380 1701
1520390 1695
1520400 1695
1520410 1690
1520420 1685
1520430 1685
1520440 1680
1520450 1675
1520460 1675
1520470 1670
1520480 1666
1520490 1666
1520500 1663
1520510 1662
1520520 1662
1520530 1662
1520540 1665
1520550 1665
1520560 1669
1520570 1673
1520580 1678
1520590 1678
1520600 1683
1520610 1689
1520620 1689
1520630 1696
1520640 1702
1520650 1702
1520660 1708
1520670 1715
1520680 1715
1520690 1721
1520700 1728
1520710 1728
1520720 1735
1520730 1742
1520740 1742
1520750 1748
1520760 1755
1520770 1755
1520780 1762
1520790 1769
1520800 1769
1520810 1776
1520820 1784
1520830 1784
1520840 1792
1520850 1798
1520860 1805
1520870 1805
1520880 1814
1520890 1821
1520900 1821
1520910 1829
1520920 1836
1520930 1836
1520940 1845
1520950 1852
1520960 1852
1520970 1859
1520980 1866
1520990 1866
1521000 1874
1521010 1890
1521020 1890
1521030 1902
1521040 1902
1521050 1902
1521060 1910
1521070 1917
1521080 1917
1521090 1924
1521100 1933
1521110 1933
1521120 1944
1521130 1955
1521140 1962
1521150 1962
1521160 1976
1521170 1990
1521180 1990
1521190 1995
1521200 2005
1521210 2005
1521220 2012
1521230 2019
1521240 2019
1521250 2030
1521260 2040
1521270 2040
1521280 2050
1521290 2056
1521300 2056
1521310 2061
1521320 2068
1521330 2068
1521340 2066
1521350 2053
1521360 2053
1521370 2044
1521380 2038
1521390 2038
1521400 2021
1521410 2009
1521420 2002
1521430 2002
1521440 1996
1521450 1992
1521460 1992
1521470 1981
1521480 1972
1521490 1972
1521500 1962
1521510 1950
1521520 1950
1521530 1941
1521540 1933
1521550 1933
1521560 1926
1521570 1919
1521580 1919
1521590 1911
1521600 1903
1521610 1903
1521620 1895
1521630 1886
1521640 1886
1521650 1874
1521660 1864
1521670 1864
1521680 1856
1521690 1849
1521700 1843
1521710 1843
1521720 1837
1521730 1831
1521740 1831
1521750 1825
1521760 1818
1521770 1818
1521780 1809
1521790 1798
1521800 1798
1521810 1790
1521820 1784
1521830 1784
1521840 1777
1521850 1771
1521860 1771
1521870 1766
1521880 1763
1521890 1763
1521900 1761
1521910 1759
1521920 1759
1521930 1759
1521940 1759
1521950 1759
1521960 1759
1521970 1756
1521980 1752
1521990 1752
1522000 1749
1522010 1746
1522020 1746
1522030 1743
1522040 1741
1522050 1741
1522060 1738
1522070 1738
1522080 1738
1522090 1740
1522100 1740
1522110 1740
1522120 1741
1522130 1746
1522140 1746
1522150 1752
1522160 1754
1522170 1754
1522180 1755
1522190 1755
1522200 1755
1522210 1753
1522220 1749
1522230 1740
1522240 1740
1522250 1734
1522260 1727
1522270 1727
1522280 1720
1522290 1706
1522300 1706
1522310 1694
1522320 1684
1522330 1684
1522340 1673
1522350 1665
1522360 1665
1522370 1658
1522380 1650
1522390 1650
1522400 1642
1522410 1636
1522420 1636
1522430 1629
1522440 1622
1522450 1622
1522460 1615
1522470 1608
1522480 1608
1522490 1602
1522500 1594
1522510 1587
1522520 1587
1522530 1581
1522540 1576
1522550 1576
1522560 1571
1522570 1564
1522580 1564
1522590 1558
1522600 1552
1522610 1552
1522620 1546
1522630 1539
1522640 1539
1522650 1532
1522660 1527
1522670 1527
1522680 1521
1522690 1516
1522700 1516
1522710 1508
1522720 1502
1522730 1502
1522740 1496
1522750 1490
1522760 1490
1522770 1482
1522780 1474
1522790 1465
1522800 1465
1522810 1456
1522820 1448
1522830 1448
1522840 1440
1522850 1432
1522860 1432
1522870 1424
1522880 1416
1522890 1416
1522900 1408
1522910 1400
1522920 1400
1522930 1393
1522940 1384
1522950 1384
1522960 1375
1522970 1367
1522980 1367
1522990 1361
1523000 1356
1523010 1356
1523020 1349
1523030 1341
1523040 1332
1523050 1332
1523060 1326
1523070 1321
1523080 1321
1523090 1316
1523100 1312
1523110 1312
1523120 1307
1523130 1301
1523140 1301
1523150 1296
1523160 1290
1523170 1290
1523180 1283
1523190 1278
1523200 1278
1523210 1273
1523220 1270
1523230 1270
1523240 1267
1523250 1262
1523260 1262
1523270 1256
1523280 1252
1523290 1252
1523300 1246
1523310 1238
1523320 1234
1523330 1234
1523340 1232
1523350 1225
1523360 1225
1523370 1221
1523380 1215
1523390 1215
1523400 1207
1523410 1198
1523420 1198
1523430 1192
1523440 1185
1523450 1185
1523460 1178
1523470 1169
1523480 1169
1523490 1159
1523500 1150
1523510 1150
1523520 1141
1523530 1129
1523540 1129
1523550 1117
1523560 1102
1523570 1102
1523580 1087
1523590 1074
1523600 1066
1523610 1066
1523620 1059
1523630 1053
1523640 1053
1523650 1049
1523660 1047
1523670 1047
1523680 1047
1523690 1047
1523700 1047
1523710 1047
1523720 1047
1523730 1047
1523740 1047
1523750 1047
1523760 1047
1523770 1047
1523780 1047
1523790 1047
1523800 1047
1523810 1047
1523820 1047
1523830 1047
1523840 1047
1523850 1047
1523860 1047
1523870 1047
1523880 1047
1523890 1047
1523900 1047
1523910 1048
1523920 1048
1523930 1048
1523940 1048
1523950 1048
1523960 1048
1523970 1048
1523980 1048
1523990 1048
1524000 1050
1524010 1050
1524020 1051
1524030 1052
1524040 1052
1524050 1056
1524060 1061
1524070 1061
1524080 1067
1524090 1073
1524100 1073
1524110 1080
1524120 1086
1524130 1086
1524140 1093
1524150 1100
1524160 1108
1524170 1108
1524180 1115
1524190 1123
1524200 1123
1524210 1129
1524220 1137
1524230 1137
1524240 1145
1524250 1153
1524260 1153
1524270 1162
1524280 1171
1524290 1171
1524300 1190
1524310 1213
1524320 1213
1524330 1241
1524340 1259
1524350 1259
1524360 1271
1524370 1286
1524380 1286
1524390 1301
1524400 1312
1524410 1324
1524420 1324
1524430 1351
1524440 1375
1524450 1375
1524460 1392
1524470 1401
1524480 1401
1524490 1415
1524500 1426
1524510 1426
1524520 1443
1524530 1468
1524540 1468
1524550 1481
1524560 1491
1524570 1491
1524580 1498
1524590 1505
1524600 1505
1524610 1513
1524620 1520
1524630 1520
1524640 1527
1524650 1536
1524660 1536
1524670 1554
1524680 1563
1524690 1570
1524700 1570
1524710 1580
1524720 1598
1524730 1598
1524740 1609
1524750 1620
1524760 1620
1524770 1628
1524780 1637
1524790 1637
1524800 1647
1524810 1662
1524820 1662
1524830 1679
1524840 1697
1524850 1697
1524860 1709
1524870 1717
1524880 1717
1524890 1725
1524900 1733
1524910 1733
1524920 1743
1524930 1754
1524940 1754
1524950 1757
1524960 1758
1524970 1763
1524980 1763
1524990 1769
1525000 1775
1525010 1775
1525020 1779
1525030 1781
1525040 1781
1525050 1783
1525060 1784
1525070 1784
1525080 1788
1525090 1795
1525100 1795
1525110 1805
1525120 1814
1525130 1814
1525140 1822
1525150 1829
1525160 1829
1525170 1836
1525180 1844
1525190 1844
1525200 1850
1525210 1856
1525220 1856
1525230 1862
1525240 1869
1525250 1876
1525260 1876
1525270 1883
1525280 1889
1525290 1889
1525300 1894
1525310 1900
1525320 1900
1525330 1905
1525340 1911
1525350 1911
1525360 1917
1525370 1923
1525380 1923
1525390 1930
1525400 1935
1525410 1935
1525420 1940
1525430 1946
1525440 1946
1525450 1951
1525460 1956
1525470 1956
1525480 1960
1525490 1963
1525500 1966
1525510 1966
1525520 1970
1525530 1974
1525540 1974
1525550 1979
1525560 1984
1525570 1984
1525580 1990
1525590 1996
1525600 1996
1525610 2002
1525620 2008
1525630 2008
1525640 2013
1525650 2019
1525660 2019
1525670 2026
1525680 2033
1525690 2033
1525700 2039
1525710 2045
1525720 2045
1525730 2050
1525740 2055
1525750 2055
1525760 2060
1525770 2066
1525780 2072
1525790 2072
1525800 2078
1525810 2086
1525820 2086
1525830 2094
1525840 2100
1525850 2100
1525860 2106
1525870 2111
1525880 2111
1525890 2118
1525900 2125
1525910 2125
1525920 2133
1525930 2143
1525940 2143
1525950 2154
1525960 2161
1525970 2161
1525980 2165
1525990 2169
1526000 2169
1526010 2174
1526020 2176
1526030 2176
1526040 2177
1526050 2180
1526060 2186
1526070 2186
1526080 2192
1526090 2199
1526100 2199
1526110 2211
1526120 2211
1526130 2211
1526140 2207
1526150 2206
1526160 2206
1526170 2209
1526180 2207
1526190 2207
1526200 2201
1526210 2197
1526220 2197
1526230 2195
1526240 2185
1526250 2185
1526260 2178
1526270 2172
1526280 2172
1526290 2166
1526300 2161
1526310 2161
1526320 2156
1526330 2152
1526340 2147
1526350 2147
1526360 2142
1526370 2138
1526380 2138
1526390 2136
1526400 2135
1526410 2135
1526420 2132
1526430 2132
1526440 2132
1526450 2131
1526460 2129
1526470 2129
1526480 2129
1526490 2129
1526500 2129
1526510 2129
1526520 2129
1526530 2129
1526540 2130
1526550 2129
1526560 2129
1526570 2130
1526580 2129
1526590 2129
1526600 2128
1526610 2127
1526620 2126
1526630 2126
1526640 2124
1526650 2121
1526660 2121
1526670 2119
1526680 2119
1526690 2119
1526700 2119
1526710 2118
1526720 2118
1526730 2117
1526740 2114
1526750 2114
1526760 2111
1526770 2110
1526780 2110
1526790 2108
1526800 2108
1526810 2108
1526820 2107
1526830 2103
1526840 2101
1526850 2101
1526860 2100
1526870 2097
1526880 2097
1526890 2089
1526900 2080
1526910 2080
1526920 2067
1526930 2054
1526940 2054
1526950 2049
1526960 2043
1526970 2043
1526980 2024
1526990 2012
1527000 2012
1527010 2011
1527020 2006
1527030 2006
1527040 1998
1527050 1989
1527060 1989
1527070 1983
1527080 1978
1527090 1978
1527100 1972
1527110 1965
1527120 1965
1527130 1956
1527140 1946
1527150 1937
1527160 1937
1527170 1929
1527180 1925
1527190 1925
1527200 1921
1527210 1916
1527220 1916
1527230 1910
1527240 1903
1527250 1903
1527260 1898
1527270 1891
1527280 1891
1527290 1885
1527300 1880
1527310 1880
1527320 1876
1527330 1871
1527340 1871
1527350 1867
1527360 1861
1527370 1861
1527380 1855
1527390 1849
1527400 1849
1527410 1844
1527420 1839
1527430 1834
1527440 1834
1527450 1829
1527460 1823
1527470 1823
1527480 1817
1527490 1808
1527500 1808
1527510 1800
1527520 1792
1527530 1792
1527540 1785
1527550 1777
1527560 1777
1527570 1769
1527580 1761
1527590 1761
1527600 1754
1527610 1748
1527620 1748
1527630 1742
1527640 1736
1527650 1736
1527660 1729
1527670 1718
1527680 1718
1527690 1712
1527700 1705
1527710 1701
1527720 1701
1527730 1695
1527740 1689
1527750 1689
1527760 1683
1527770 1678
1527780 1678
1527790 1672
1527800 1667
1527810 1667
1527820 1663
1527830 1658
1527840 1658
1527850 1654
1527860 1651
1527870 1651
1527880 1648
1527890 1645
1527900 1645
1527910 1643
1527920 1641
1527930 1641
1527940 1640
1527950 1639
1527960 1639
1527970 1639
1527980 1639
1527990 1638
1528000 1638
1528010 1638
1528020 1638
1528030 1638
1528040 1637
1528050 1637
1528060 1637
1528070 1638
1528080 1641
1528090 1641
1528100 1647
1528110 1654
1528120 1654
1528130 1659
1528140 1662
1528150 1662
1528160 1664
1528170 1666
1528180 1666
1528190 1667
1528200 1667
1528210 1667
1528220 1668
1528230 1668
1528240 1670
1528250 1670
1528260 1672
1528270 1674
1528280 1674
1528290 1677
1528300 1678
1528310 1678
1528320 1678
1528330 1679
1528340 1679
1528350 1682
1528360 1686
1528370 1686
1528380 1689
1528390 1692
1528400 1692
1528410 1695
1528420 1699
1528430 1699
1528440 1702
1528450 1705
1528460 1705
1528470 1708
1528480 1710
1528490 1710
1528500 1711
1528510 1712
1528520 1711
1528530 1711
1528540 1712
1528550 1715
1528560 1715
1528570 1718
1528580 1721
1528590 1721
1528600 1722
1528610 1724
1528620 1724
1528630 1725
1528640 1728
1528650 1728
1528660 1732
1528670 1735
1528680 1735
1528690 1735
1528700 1731
1528710 1731
1528720 1725
1528730 1721
1528740 1721
1528750 1722
1528760 1729
1528770 1729
1528780 1737
1528790 1740
1528800 1743
1528810 1743
1528820 1742
1528830 1741
1528840 1741
1528850 1738
1528860 1735
1528870 1735
1528880 1734
1528890 1734
1528900 1734
1528910 1734
1528920 1733
1528930 1733
1528940 1733
1528950 1731
1528960 1731
1528970 1728
1528980 1726
1528990 1726
1529000 1729
1529010 1732
1529020 1732
1529030 1736
1529040 1739
1529050 1739
1529060 1741
1529070 1742
1529080 1745
1529090 1745
1529100 1748
1529110 1751
1529120 1751
1529130 1750
1529140 1753
1529150 1753
1529160 1757
1529170 1758
1529180 1758
1529190 1756
1529200 1754
1529210 1754
1529220 1753
1529230 1754
1529240 1754
1529250 1754
1529260 1754
1529270 1754
1529280 1754
1529290 1754
1529300 1754
1529310 1755
1529320 1756
1529330 1756
1529340 1760
1529350 1764
1529360 1769
1529370 1769
1529380 1777
1529390 1783
1529400 1783
1529410 1785
1529420 1788
1529430 1788
1529440 1791
1529450 1793
1529460 1793
1529470 1797
1529480 1802
1529490 1802
1529500 1807
1529510 1813
1529520 1813
1529530 1818
1529540 1825
1529550 1825
1529560 1832
1529570 1839
1529580 1839
1529590 1838
1529600 1830
1529610 1825
1529620 1825
1529630 1818
1529640 1811
1529650 1811
1529660 1806
1529670 1802
1529680 1802
1529690 1802
1529700 1800
1529710 1800
1529720 1796
1529730 1794
1529740 1794
1529750 1788
1529760 1787
1529770 1787
1529780 1785
1529790 1783
1529800 1783
1529810 1779
1529820 1776
1529830 1776
1529840 1769
1529850 1760
1529860 1760
1529870 1748
1529880 1739
1529890 1733
1529900 1733
1529910 1726
1529920 1716
1529930 1716
1529940 1706
1529950 1696
1529960 1696
1529970 1685
1529980 1677
1529990 1677
1530000 1671
1530010 1666
1530020 1666
1530030 1661
1530040 1654
1530050 1654
1530060 1646
1530070 1637
1530080 1637
1530090 1627
1530100 1620
1530110 1620
1530120 1612
1530130 1603
1530140 1603
1530150 1589
1530160 1578
1530170 1569
1530180 1569
1530190 1559
1530200 1549
1530210 1549
1530220 1541
1530230 1534
1530240 1534
1530250 1527
1530260 1519
1530270 1519
1530280 1511
1530290 1503
1530300 1503
1530310 1496
1530320 1489
1530330 1489
1530340 1482
1530350 1476
1530360 1476
1530370 1470
1530380 1464
1530390 1464
1530400 1459
1530410 1454
1530420 1454
1530430 1451
1530440 1447
1530450 1444
1530460 1444
1530470 1442
1530480 1439
1530490 1439
1530500 1438
1530510 1437
1530520 1437
1530530 1434
1530540 1430
1530550 1430
1530560 1426
1530570 1429
1530580 1429
1530590 1431
1530600 1431
1530610 1431
1530620 1431
1530630 1431
1530640 1431
1530650 1430
1530660 1428
1530670 1428
1530680 1426
1530690 1424
1530700 1422
1530710 1422
1530720 1420
1530730 1419
1530740 1419
1530750 1419
1530760 1419
1530770 1419
1530780 1416
1530790 1412
1530800 1412
1530810 1406
1530820 1398
1530830 1398
1530840 1393
1530850 1391
1530860 1391
1530870 1391
1530880 1390
1530890 1390
1530900 1390
1530910 1389
1530920 1389
1530930 1386
1530940 1381
1530950 1381
1530960 1376
1530970 1374
1530980 1372
1530990 1372
1531000 1370
1531010 1368
1531020 1368
1531030 1363
1531040 1357
1531050 1357
1531060 1355
1531070 1351
1531080 1351
1531090 1346
1531100 1340
1531110 1340
1531120 1338
1531130 1337
1531140 1337
1531150 1337
1531160 1334
1531170 1334
1531180 1330
1531190 1328
1531200 1328
1531210 1321
1531220 1314
1531230 1314
1531240 1308
1531250 1301
1531260 1295
1531270 1295
1531280 1290
1531290 1286
1531300 1286
1531310 1281
1531320 1277
1531330 1277
1531340 1272
1531350 1269
1531360 1269
1531370 1267
1531380 1264
1531390 1264
1531400 1260
1531410 1254
1531420 1254
1531430 1250
1531440 1247
1531450 1247
1531460 1241
1531470 1233
1531480 1233
1531490 1229
1531500 1225
1531510 1225
1531520 1219
1531530 1213
1531540 1207
1531550 1207
1531560 1200
1531570 1197
1531580 1197
1531590 1193
1531600 1191
1531610 1191
1531620 1187
1531630 1182
1531640 1182
1531650 1176
1531660 1170
1531670 1170
1531680 1166
1531690 1163
1531700 1163
1531710 1159
1531720 1153
1531730 1153
1531740 1150
1531750 1146
1531760 1146
1531770 1142
1531780 1137
1531790 1137
1531800 1130
1531810 1123
1531820 1116
1531830 1116
1531840 1112
1531850 1108
1531860 1108
1531870 1106
1531880 1104
1531890 1104
1531900 1101
1531910 1100
1531920 1100
1531930 1100
1531940 1099
1531950 1099
1531960 1097
1531970 1096
1531980 1096
1531990 1096
1532000 1094
1532010 1094
1532020 1094
1532030 1092
1532040 1092
1532050 1091
1532060 1091
1532070 1091
1532080 1091
1532090 1090
1532100 1091
1532110 1091
1532120 1092
1532130 1092
1532140 1092
1532150 1092
1532160 1092
1532170 1092
1532180 1093
1532190 1094
1532200 1094
1532210 1096
1532220 1098
1532230 1098
1532240 1102
1532250 1107
1532260 1107
1532270 1112
1532280 1116
1532290 1116
1532300 1119
1532310 1124
1532320 1124
1532330 1130
1532340 1136
1532350 1141
1532360 1141
1532370 1147
1532380 1153
1532390 1153
1532400 1159
1532410 1166
1532420 1166
1532430 1173
1532440 1179
1532450 1179
1532460 1186
1532470 1192
1532480 1192
1532490 1203
1532500 1210
1532510 1210
1532520 1216
1532530 1224
1532540 1224
1532550 1232
1532560 1241
1532570 1241
1532580 1249
1532590 1257
1532600 1257
1532610 1265
1532620 1273
1532630 1284
1532640 1284
1532650 1299
1532660 1313
1532670 1313
1532680 1326
1532690 1338
1532700 1338
1532710 1343
1532720 1349
1532730 1349
1532740 1356
1532750 1365
1532760 1365
1532770 1372
1532780 1380
1532790 1380
1532800 1388
1532810 1399
1532820 1399
1532830 1412
1532840 1430
1532850 1430
1532860 1454
1532870 1461
1532880 1461
1532890 1473
1532900 1487
1532910 1499
1532920 1499
1532930 1524
1532940 1542
1532950 1542
1532960 1552
1532970 1558
1532980 1558
1532990 1559
1533000 1561
1533010 1561
1533020 1562
1533030 1563
1533040 1563
1533050 1566
1533060 1569
1533070 1569
1533080 1573
1533090 1575
1533100 1575
1533110 1576
1533120 1578
1533130 1578
1533140 1581
1533150 1584
1533160 1584
1533170 1587
1533180 1592
1533190 1595
1533200 1595
1533210 1598
1533220 1602
1533230 1602
1533240 1604
1533250 1606
1533260 1606
1533270 1609
1533280 1609
1533290 1609
1533300 1610
1533310 1611
1533320 1611
1533330 1613
1533340 1617
1533350 1617
1533360 1618
1533370 1622
1533380 1622
1533390 1625
1533400 1629
1533410 1629
1533420 1633
1533430 1637
1533440 1641
1533450 1641
1533460 1644
1533470 1647
1533480 1647
1533490 1650
1533500 1652
1533510 1652
1533520 1656
1533530 1660
1533540 1660
1533550 1664
1533560 1667
1533570 1667
1533580 1673
1533590 1677
1533600 1677
1533610 1680
1533620 1686
1533630 1686
1533640 1692
1533650 1698
1533660 1698
1533670 1708
1533680 1716
1533690 1716
1533700 1721
1533710 1726
1533720 1733
1533730 1733
1533740 1738
1533750 1740
1533760 1740
1533770 1741
1533780 1744
1533790 1744
1533800 1747
1533810 1750
1533820 1750
1533830 1752
1533840 1753
1533850 1753
1533860 1752
1533870 1751
1533880 1751
1533890 1749
1533900 1750
1533910 1750
1533920 1755
1533930 1756
1533940 1756
1533950 1756
1533960 1755
1533970 1755
1533980 1753
1533990 1751
1534000 1748
1534010 1748
1534020 1745
1534030 1741
1534040 1741
1534050 1740
1534060 1737
1534070 1737
1534080 1732
1534090 1728
1534100 1728
1534110 1723
1534120 1720
1534130 1720
1534140 1717
1534150 1714
1534160 1714
1534170 1709
1534180 1705
1534190 1705
1534200 1702
1534210 1701
1534220 1701
1534230 1700
1534240 1697
1534250 1697
1534260 1691
1534270 1685
1534280 1682
1534290 1682
1534300 1677
1534310 1672
1534320 1672
1534330 1666
1534340 1662
1534350 1662
1534360 1658
1534370 1655
1534380 1655
1534390 1652
1534400 1650
1534410 1650
1534420 1648
1534430 1646
1534440 1646
1534450 1645
1534460 1643
1534470 1643
1534480 1641
1534490 1640
1534500 1640
1534510 1639
1534520 1638
1534530 1638
1534540 1637
1534550 1636
1534560 1636
1534570 1636
1534580 1637
1534590 1636
1534600 1636
1534610 1637
1534620 1638
1534630 1638
1534640 1639
1534650 1638
1534660 1638
1534670 1637
1534680 1635
1534690 1635
1534700 1630
1534710 1628
1534720 1628
1534730 1625
1534740 1624
1534750 1624
1534760 1623
1534770 1622
1534780 1622
1534790 1616
1534800 1608
1534810 1601
1534820 1601
1534830 1594
1534840 1589
1534850 1589
1534860 1585
1534870 1580
1534880 1580
1534890 1576
1534900 1574
1534910 1574
1534920 1570
1534930 1565
1534940 1565
1534950 1563
1534960 1561
1534970 1561
1534980 1562
1534990 1562
1535000 1562
1535010 1561
1535020 1559
1535030 1559
1535040 1555
1535050 1548
1535060 1548
1535070 1541
1535080 1528
1535090 1520
1535100 1520
1535110 1514
1535120 1509
1535130 1509
1535140 1504
1535150 1498
1535160 1498
1535170 1493
1535180 1491
1535190 1491
1535200 1488
1535210 1484
1535220 1484
1535230 1480
1535240 1475
1535250 1475
1535260 1471
1535270 1466
1535280 1466
1535290 1459
1535300 1455
1535310 1455
1535320 1452
1535330 1450
1535340 1450
1535350 1448
1535360 1441
1535370 1435
1535380 1435
1535390 1435
1535400 1434
1535410 1434
1535420 1433
1535430 1431
1535440 1431
1535450 1429
1535460 1427
1535470 1427
1535480 1425
1535490 1422
1535500 1422
1535510 1418
1535520 1414
1535530 1414
1535540 1411
1535550 1408
1535560 1408
1535570 1405
1535580 1402
1535590 1402
1535600 1398
1535610 1396
1535620 1396
1535630 1393
1535640 1391
1535650 1388
1535660 1388
1535670 1385
1535680 1383
1535690 1383
1535700 1380
1535710 1376
1535720 1376
1535730 1374
1535740 1370
1535750 1370
1535760 1369
1535770 1368
1535780 1368
1535790 1367
1535800 1367
1535810 1367
1535820 1367
1535830 1367
1535840 1367
1535850 1367
1535860 1367
1535870 1367
1535880 1367
1535890 1368
1535900 1368
1535910 1369
1535920 1369
1535930 1370
1535940 1370
1535950 1370
1535960 1370
1535970 1370
1535980 1371
1535990 1372
1536000 1372
1536010 1377
1536020 1382
1536030 1382
1536040 1385
1536050 1387
1536060 1387
1536070 1389
1536080 1391
1536090 1391
1536100 1393
1536110 1395
1536120 1395
1536130 1397
1536140 1399
1536150 1399
1536160 1401
1536170 1405
1536180 1407
1536190 1407
1536200 1409
1536210 1411
1536220 1411
1536230 1412
1536240 1412
1536250 1412
1536260 1416
1536270 1420
1536280 1420
1536290 1422
1536300 1425
1536310 1425
1536320 1428
1536330 1432
1536340 1432
1536350 1438
1536360 1445
1536370 1445
1536380 1452
1536390 1459
1536400 1459
1536410 1466
1536420 1475
1536430 1475
1536440 1485
1536450 1498
1536460 1510
1536470 1510
1536480 1525
1536490 1536
1536500 1536
1536510 1542
1536520 1549
1536530 1549
1536540 1556
1536550 1559
1536560 1559
1536570 1560
1536580 1561
1536590 1561
1536600 1562
1536610 1564
1536620 1564
1536630 1568
1536640 1573
1536650 1573
1536660 1578
1536670 1582
1536680 1582
1536690 1586
1536700 1591
1536710 1591
1536720 1599
1536730 1605
1536740 1611
1536750 1611
1536760 1617
1536770 1624
1536780 1624
1536790 1630
1536800 1637
1536810 1637
1536820 1645
1536830 1655
1536840 1655
1536850 1662
1536860 1668
1536870 1668
1536880 1675
1536890 1682
1536900 1682
1536910 1688
1536920 1693
1536930 1693
1536940 1700
1536950 1707
1536960 1707
1536970 1713
1536980 1721
1536990 1721
1537000 1730
1537010 1739
1537020 1744
1537030 1744
1537040 1748
1537050 1753
1537060 1753
1537070 1759
1537080 1764
1537090 1764
1537100 1769
1537110 1769
1537120 1769
1537130 1770
1537140 1771
1537150 1771
1537160 1772
1537170 1772
1537180 1772
1537190 1772
1537200 1773
1537210 1773
1537220 1773
1537230 1773
1537240 1773
1537250 1773
1537260 1773
1537270 1774
1537280 1774
1537290 1774
1537300 1775
1537310 1775
1537320 1776
1537330 1776
1537340 1776
1537350 1776
1537360 1777
1537370 1777
1537380 1779
1537390 1781
1537400 1781
1537410 1785
1537420 1787
1537430 1787
1537440 1788
1537450 1790
1537460 1790
1537470 1790
1537480 1792
1537490 1792
1537500 1795
1537510 1797
1537520 1797
1537530 1800
1537540 1802
1537550 1803
1537560 1803
1537570 1806
1537580 1809
1537590 1809
1537600 1812
1537610 1815
1537620 1815
1537630 1818
1537640 1821
1537650 1821
1537660 1824
1537670 1828
1537680 1828
1537690 1832
1537700 1836
1537710 1836
1537720 1840
1537730 1844
1537740 1844
1537750 1848
1537760 1852
1537770 1852
1537780 1857
1537790 1862
1537800 1862
1537810 1867
1537820 1872
1537830 1877
1537840 1877
1537850 1883
1537860 1890
1537870 1890
1537880 1897
1537890 1905
1537900 1905
1537910 1913
1537920 1919
1537930 1919
1537940 1926
1537950 1934
1537960 1934
1537970 1941
1537980 1949
1537990 1949
1538000 1956
1538010 1965
1538020 1965
1538030 1974
1538040 1983
1538050 1983
1538060 1998
1538070 2021
1538080 2021
1538090 2034
1538100 2045
1538110 2056
1538120 2056
1538130 2064
1538140 2075
1538150 2075
1538160 2082
1538170 2088
1538180 2088
1538190 2092
1538200 2095
1538210 2095
1538220 2099
1538230 2104
1538240 2104
1538250 2110
1538260 2117
1538270 2117
1538280 2125
1538290 2132
1538300 2132
1538310 2141
1538320 2149
1538330 2149
1538340 2156
1538350 2163
1538360 2163
1538370 2170
1538380 2177
1538390 2183
1538400 2183
1538410 2189
1538420 2195
1538430 2195
1538440 2200
1538450 2204
1538460 2204
1538470 2210
1538480 2216
1538490 2216
1538500 2223
1538510 2231
1538520 2231
1538530 2239
1538540 2245
1538550 2245
1538560 2250
1538570 2258
1538580 2258
1538590 2264
1538600 2270
1538610 2270
1538620 2275
1538630 2279
1538640 2285
1538650 2285
1538660 2289
1538670 2292
1538680 2292
1538690 2296
1538700 2301
1538710 2301
1538720 2307
1538730 2313
1538740 2313
1538750 2319
1538760 2324
1538770 2324
1538780 2331
1538790 2335
1538800 2335
1538810 2322
1538820 2308
1538830 2308
1538840 2300
1538850 2292
1538860 2292
1538870 2283
1538880 2278
1538890 2278
1538900 2275
1538910 2271
1538920 2266
1538930 2266
1538940 2262
1538950 2258
1538960 2258
1538970 2254
1538980 2250
1538990 2250
1539000 2247
1539010 2245
1539020 2245
1539030 2244
1539040 2243
1539050 2243
1539060 2243
1539070 2244
1539080 2244
1539090 2246
1539100 2248
1539110 2248
1539120 2250
1539130 2253
1539140 2253
1539150 2256
1539160 2259
1539170 2259
1539180 2262
1539190 2265
1539200 2269
1539210 2269
1539220 2272
1539230 2275
1539240 2275
1539250 2278
1539260 2280
1539270 2280
1539280 2280
1539290 2280
1539300 2280
1539310 2280
1539320 2282
1539330 2282
1539340 2283
1539350 2284
1539360 2284
1539370 2283
1539380 2281
1539390 2281
1539400 2278
1539410 2275
1539420 2275
1539430 2273
1539440 2272
1539450 2272
1539460 2271
1539470 2270
1539480 2268
1539490 2268
1539500 2267
1539510 2266
1539520 2266
1539530 2265
1539540 2265
1539550 2265
1539560 2265
1539570 2265
1539580 2265
1539590 2265
1539600 2265
1539610 2265
1539620 2266
1539630 2271
1539640 2271
1539650 2274
1539660 2275
1539670 2275
1539680 2275
1539690 2276
1539700 2276
1539710 2278
1539720 2278
1539730 2278
1539740 2278
1539750 2279
1539760 2280
1539770 2280
1539780 2282
1539790 2283
1539800 2283
1539810 2282
1539820 2283
1539830 2283
1539840 2283
1539850 2282
1539860 2282
1539870 2283
1539880 2282
1539890 2282
1539900 2286
1539910 2288
1539920 2288
1539930 2290
1539940 2290
1539950 2290
1539960 2290
1539970 2291
1539980 2291
1539990 2294
