1520000 1749
1520010 1749
1520020 1741
1520030 1734
1520040 1734
1520050 1727
1520060 1720
1520070 1720
1520080 1712
1520090 1703
1520100 1703
1520110 1695
1520120 1685
1520130 1685
1520140 1674
1520150 1664
1520160 1664
1520170 1656
1520180 1648
1520190 1648
1520200 1639
1520210 1631
1520220 1631
1520230 1624
1520240 1617
1520250 1610
1520260 1610
1520270 1603
1520280 1597
1520290 1597
1520300 1590
1520310 1584
1520320 1584
1520330 1577
1520340 1571
1520350 1571
1520360 1565
1520370 1561
1520380 1561
1520390 1558
1520400 1555
1520410 1555
1520420 1552
1520430 1550
1520440 1550
1520450 1547
1520460 1544
1520470 1544
1520480 1542
1520490 1539
1520500 1539
1520510 1537
1520520 1534
1520530 1531
1520540 1531
1520550 1525
1520560 1517
1520570 1517
1520580 1509
1520590 1502
1520600 1502
1520610 1495
1520620 1489
1520630 1489
1520640 1482
1520650 1475
1520660 1475
1520670 1469
1520680 1464
1520690 1464
1520700 1458
1520710 1454
1520720 1454
1520730 1452
1520740 1449
1520750 1449
1520760 1446
1520770 1442
1520780 1442
1520790 1438
1520800 1435
1520810 1432
1520820 1432
1520830 1430
1520840 1428
1520850 1428
1520860 1427
1520870 1427
1520880 1427
1520890 1427
1520900 1427
1520910 1427
1520920 1426
1520930 1424
1520940 1424
1520950 1423
1520960 1422
1520970 1422
1520980 1420
1520990 1418
1521000 1418
1521010 1416
1521020 1415
1521030 1415
1521040 1413
1521050 1410
1521060 1410
1521070 1407
1521080 1402
1521090 1398
1521100 1398
1521110 1394
1521120 1388
1521130 1388
1521140 1385
1521150 1378
1521160 1378
1521170 1371
1521180 1365
1521190 1365
1521200 1358
1521210 1351
1521220 1351
1521230 1343
1521240 1335
1521250 1335
1521260 1328
1521270 1320
1521280 1320
1521290 1312
1521300 1306
1521310 1306
1521320 1299
1521330 1292
1521340 1292
1521350 1286
1521360 1280
1521370 1275
1521380 1275
1521390 1268
1521400 1263
1521410 1263
1521420 1260
1521430 1259
1521440 1259
1521450 1256
1521460 1255
1521470 1255
1521480 1255
1521490 1252
1521500 1252
1521510 1252
1521520 1253
1521530 1253
1521540 1252
1521550 1250
1521560 1250
1521570 1249
1521580 1247
1521590 1247
1521600 1246
1521610 1247
1521620 1247
1521630 1248
1521640 1249
1521650 1250
1521660 1250
1521670 1251
1521680 1250
1521690 1250
1521700 1250
1521710 1251
1521720 1251
1521730 1250
1521740 1248
1521750 1248
1521760 1246
1521770 1246
1521780 1246
1521790 1245
1521800 1245
1521810 1245
1521820 1244
1521830 1242
1521840 1242
1521850 1237
1521860 1232
1521870 1232
1521880 1227
1521890 1222
1521900 1222
1521910 1216
1521920 1210
1521930 1204
1521940 1204
1521950 1197
1521960 1193
1521970 1193
1521980 1189
1521990 1186
1522000 1186
1522010 1184
1522020 1184
1522030 1184
1522040 1178
1522050 1171
1522060 1171
1522070 1166
1522080 1163
1522090 1163
1522100 1158
1522110 1151
1522120 1151
1522130 1146
1522140 1140
1522150 1140
1522160 1133
1522170 1122
1522180 1122
1522190 1114
1522200 1109
1522210 1102
1522220 1102
1522230 1094
1522240 1088
1522250 1088
1522260 1086
1522270 1085
1522280 1085
1522290 1080
1522300 1077
1522310 1077
1522320 1073
1522330 1069
1522340 1069
1522350 1064
1522360 1060
1522370 1060
1522380 1057
1522390 1054
1522400 1054
1522410 1052
1522420 1049
1522430 1049
1522440 1047
1522450 1045
1522460 1042
1522470 1042
1522480 1039
1522490 1035
1522500 1035
1522510 1030
1522520 1027
1522530 1027
1522540 1023
1522550 1021
1522560 1021
1522570 1018
1522580 1018
1522590 1018
1522600 1017
1522610 1016
1522620 1016
1522630 1014
1522640 1013
1522650 1013
1522660 1012
1522670 1011
1522680 1011
1522690 1010
1522700 1009
1522710 1009
1522720 1007
1522730 1004
1522740 1002
1522750 1002
1522760 1002
1522770 1004
1522780 1004
1522790 1005
1522800 1006
1522810 1006
1522820 1007
1522830 1009
1522840 1009
1522850 1010
1522860 1011
1522870 1011
1522880 1013
1522890 1015
1522900 1015
1522910 1017
1522920 1019
1522930 1019
1522940 1021
1522950 1023
1522960 1023
1522970 1025
1522980 1027
1522990 1027
1523000 1029
1523010 1031
1523020 1034
1523030 1034
1523040 1036
1523050 1039
1523060 1039
1523070 1042
1523080 1044
1523090 1044
1523100 1046
1523110 1049
1523120 1049
1523130 1052
1523140 1053
1523150 1053
1523160 1055
1523170 1056
1523180 1056
1523190 1058
1523200 1058
1523210 1058
1523220 1059
1523230 1060
1523240 1060
1523250 1060
1523260 1059
1523270 1059
1523280 1060
1523290 1060
1523300 1064
1523310 1064
1523320 1067
1523330 1070
1523340 1070
1523350 1078
1523360 1082
1523370 1082
1523380 1087
1523390 1093
1523400 1093
1523410 1099
1523420 1106
1523430 1106
1523440 1111
1523450 1116
1523460 1116
1523470 1120
1523480 1125
1523490 1125
1523500 1130
1523510 1136
1523520 1136
1523530 1141
1523540 1145
1523550 1145
1523560 1150
1523570 1156
1523580 1161
1523590 1161
1523600 1167
1523610 1173
1523620 1173
1523630 1179
1523640 1186
1523650 1186
1523660 1192
1523670 1198
1523680 1198
1523690 1204
1523700 1211
1523710 1211
1523720 1216
1523730 1220
1523740 1220
1523750 1227
1523760 1237
1523770 1237
1523780 1246
1523790 1254
1523800 1254
1523810 1262
1523820 1271
1523830 1271
1523840 1279
1523850 1287
1523860 1295
1523870 1295
1523880 1304
1523890 1315
1523900 1315
1523910 1324
1523920 1333
1523930 1333
1523940 1341
1523950 1349
1523960 1349
1523970 1356
1523980 1363
1523990 1363
1524000 1370
1524010 1377
1524020 1377
1524030 1383
1524040 1391
1524050 1391
1524060 1399
1524070 1407
1524080 1407
1524090 1415
1524100 1423
1524110 1423
1524120 1431
1524130 1440
1524140 1448
1524150 1448
1524160 1456
1524170 1465
1524180 1465
1524190 1475
1524200 1485
1524210 1485
1524220 1494
1524230 1503
1524240 1503
1524250 1511
1524260 1520
1524270 1520
1524280 1529
1524290 1538
1524300 1538
1524310 1546
1524320 1554
1524330 1554
1524340 1562
1524350 1571
1524360 1571
1524370 1580
1524380 1589
1524390 1589
1524400 1596
1524410 1605
1524420 1613
1524430 1613
1524440 1623
1524450 1633
1524460 1633
1524470 1642
1524480 1650
1524490 1650
1524500 1659
1524510 1671
1524520 1671
1524530 1681
1524540 1689
1524550 1689
1524560 1699
1524570 1707
1524580 1707
1524590 1716
1524600 1723
1524610 1723
1524620 1728
1524630 1730
1524640 1730
1524650 1732
1524660 1734
1524670 1734
1524680 1737
1524690 1743
1524700 1749
1524710 1749
1524720 1754
1524730 1756
1524740 1756
1524750 1762
1524760 1769
1524770 1769
1524780 1775
1524790 1780
1524800 1780
1524810 1786
1524820 1792
1524830 1792
1524840 1798
1524850 1805
1524860 1805
1524870 1812
1524880 1819
1524890 1819
1524900 1825
1524910 1832
1524920 1832
1524930 1839
1524940 1846
1524950 1846
1524960 1854
1524970 1863
1524980 1871
1524990 1871
1525000 1882
1525010 1898
1525020 1898
1525030 1902
1525040 1914
1525050 1914
1525060 1926
1525070 1935
1525080 1935
1525090 1941
1525100 1953
1525110 1953
1525120 1964
1525130 1972
1525140 1972
1525150 1977
1525160 1988
1525170 1988
1525180 2004
1525190 2017
1525200 2017
1525210 2023
1525220 2022
1525230 2019
1525240 2019
1525250 2023
1525260 2029
1525270 2029
1525280 2031
1525290 2034
1525300 2034
1525310 2040
1525320 2046
1525330 2046
1525340 2053
1525350 2060
1525360 2060
1525370 2066
1525380 2074
1525390 2074
1525400 2081
1525410 2088
1525420 2088
1525430 2097
1525440 2106
1525450 2106
1525460 2115
1525470 2123
1525480 2123
1525490 2132
1525500 2141
1525510 2153
1525520 2153
1525530 2164
1525540 2174
1525550 2174
1525560 2182
1525570 2190
1525580 2190
1525590 2196
1525600 2201
1525610 2201
1525620 2208
1525630 2217
1525640 2217
1525650 2228
1525660 2239
1525670 2239
1525680 2250
1525690 2256
1525700 2256
1525710 2259
1525720 2264
1525730 2264
1525740 2269
1525750 2277
1525760 2277
1525770 2274
1525780 2260
1525790 2246
1525800 2246
1525810 2234
1525820 2225
1525830 2225
1525840 2218
1525850 2210
1525860 2210
1525870 2197
1525880 2187
1525890 2187
1525900 2180
1525910 2165
1525920 2165
1525930 2146
1525940 2135
1525950 2135
1525960 2136
1525970 2135
1525980 2135
1525990 2127
1526000 2117
1526010 2117
1526020 2099
1526030 2078
1526040 2078
1526050 2059
1526060 2043
1526070 2034
1526080 2034
1526090 2027
1526100 2023
1526110 2023
1526120 2014
1526130 2002
1526140 2002
1526150 1991
1526160 1980
1526170 1980
1526180 1967
1526190 1957
1526200 1957
1526210 1952
1526220 1945
1526230 1945
1526240 1938
1526250 1931
1526260 1931
1526270 1924
1526280 1918
1526290 1918
1526300 1912
1526310 1906
1526320 1906
1526330 1899
1526340 1892
1526350 1885
1526360 1885
1526370 1879
1526380 1873
1526390 1873
1526400 1868
1526410 1865
1526420 1865
1526430 1862
1526440 1860
1526450 1860
1526460 1857
1526470 1854
1526480 1854
1526490 1852
1526500 1850
1526510 1850
1526520 1844
1526530 1843
1526540 1843
1526550 1842
1526560 1842
1526570 1842
1526580 1845
1526590 1844
1526600 1844
1526610 1840
1526620 1837
1526630 1835
1526640 1835
1526650 1833
1526660 1831
1526670 1831
1526680 1828
1526690 1830
1526700 1830
1526710 1832
1526720 1833
1526730 1833
1526740 1833
1526750 1831
1526760 1831
1526770 1827
1526780 1823
1526790 1823
1526800 1821
1526810 1821
1526820 1821
1526830 1821
1526840 1821
1526850 1821
1526860 1820
1526870 1821
1526880 1821
1526890 1822
1526900 1822
1526910 1823
1526920 1823
1526930 1823
1526940 1823
1526950 1823
1526960 1824
1526970 1824
1526980 1824
1526990 1823
1527000 1822
1527010 1822
1527020 1821
1527030 1818
1527040 1818
1527050 1815
1527060 1813
1527070 1813
1527080 1811
1527090 1809
1527100 1809
1527110 1808
1527120 1806
1527130 1806
1527140 1803
1527150 1802
1527160 1802
1527170 1802
1527180 1802
1527190 1802
1527200 1802
1527210 1804
1527220 1805
1527230 1805
1527240 1805
1527250 1805
1527260 1805
1527270 1803
1527280 1798
1527290 1798
1527300 1792
1527310 1786
1527320 1786
1527330 1771
1527340 1768
1527350 1768
1527360 1771
1527370 1768
1527380 1768
1527390 1756
1527400 1739
1527410 1739
1527420 1722
1527430 1708
1527440 1708
1527450 1700
1527460 1692
1527470 1688
1527480 1688
1527490 1687
1527500 1689
1527510 1689
1527520 1683
1527530 1675
1527540 1675
1527550 1666
1527560 1654
1527570 1654
1527580 1646
1527590 1638
1527600 1638
1527610 1633
1527620 1629
1527630 1629
1527640 1628
1527650 1628
1527660 1628
1527670 1627
1527680 1622
1527690 1622
1527700 1616
1527710 1613
1527720 1613
1527730 1609
1527740 1607
1527750 1607
1527760 1607
1527770 1601
1527780 1591
1527790 1591
1527800 1587
1527810 1585
1527820 1585
1527830 1584
1527840 1582
1527850 1582
1527860 1579
1527870 1576
1527880 1576
1527890 1575
1527900 1574
1527910 1574
1527920 1573
1527930 1571
1527940 1571
1527950 1568
1527960 1565
1527970 1565
1527980 1562
1527990 1560
1528000 1560
1528010 1556
1528020 1552
1528030 1547
1528040 1547
1528050 1541
1528060 1536
1528070 1536
1528080 1530
1528090 1520
1528100 1520
1528110 1512
1528120 1505
1528130 1505
1528140 1501
1528150 1498
1528160 1498
1528170 1495
1528180 1492
1528190 1492
1528200 1490
1528210 1487
1528220 1487
1528230 1483
1528240 1478
1528250 1478
1528260 1471
1528270 1464
1528280 1456
1528290 1456
1528300 1447
1528310 1440
1528320 1440
1528330 1432
1528340 1425
1528350 1425
1528360 1417
1528370 1412
1528380 1412
1528390 1409
1528400 1405
1528410 1405
1528420 1401
1528430 1397
1528440 1397
1528450 1394
1528460 1390
1528470 1390
1528480 1386
1528490 1382
1528500 1382
1528510 1376
1528520 1371
1528530 1371
1528540 1366
1528550 1361
1528560 1356
1528570 1356
1528580 1351
1528590 1344
1528600 1344
1528610 1335
1528620 1327
1528630 1327
1528640 1319
1528650 1314
1528660 1314
1528670 1312
1528680 1310
1528690 1310
1528700 1308
1528710 1306
1528720 1306
1528730 1303
1528740 1301
1528750 1301
1528760 1297
1528770 1293
1528780 1293
1528790 1287
1528800 1281
1528810 1281
1528820 1274
1528830 1269
1528840 1264
1528850 1264
1528860 1258
1528870 1254
1528880 1254
1528890 1251
1528900 1248
1528910 1248
1528920 1243
1528930 1235
1528940 1235
1528950 1224
1528960 1216
1528970 1216
1528980 1208
1528990 1202
1529000 1202
1529010 1197
1529020 1192
1529030 1192
1529040 1186
1529050 1179
1529060 1179
1529070 1174
1529080 1168
1529090 1168
1529100 1163
1529110 1158
1529120 1153
1529130 1153
1529140 1148
1529150 1143
1529160 1143
1529170 1140
1529180 1138
1529190 1138
1529200 1135
1529210 1132
1529220 1132
1529230 1128
1529240 1122
1529250 1122
1529260 1117
1529270 1112
1529280 1112
1529290 1106
1529300 1101
1529310 1101
1529320 1096
1529330 1091
1529340 1091
1529350 1088
1529360 1087
1529370 1087
1529380 1083
1529390 1077
1529400 1073
1529410 1073
1529420 1072
1529430 1071
1529440 1071
1529450 1069
1529460 1066
1529470 1066
1529480 1066
1529490 1066
1529500 1066
1529510 1064
1529520 1063
1529530 1063
1529540 1062
1529550 1063
1529560 1063
1529570 1063
1529580 1061
1529590 1061
1529600 1060
1529610 1059
1529620 1059
1529630 1058
1529640 1058
1529650 1058
1529660 1056
1529670 1055
1529680 1054
1529690 1054
1529700 1052
1529710 1051
1529720 1051
1529730 1049
1529740 1048
1529750 1048
1529760 1049
1529770 1049
1529780 1049
1529790 1049
1529800 1047
1529810 1047
1529820 1046
1529830 1046
1529840 1046
1529850 1045
1529860 1045
1529870 1045
1529880 1044
1529890 1043
1529900 1043
1529910 1044
1529920 1044
1529930 1044
1529940 1044
1529950 1043
1529960 1044
1529970 1044
1529980 1045
1529990 1046
1530000 1046
1530010 1047
1530020 1049
1530030 1049
1530040 1050
1530050 1051
1530060 1051
1530070 1052
1530080 1053
1530090 1053
1530100 1054
1530110 1054
1530120 1054
1530130 1055
1530140 1055
1530150 1055
1530160 1055
1530170 1056
1530180 1056
1530190 1057
1530200 1058
1530210 1058
1530220 1061
1530230 1063
1530240 1067
1530250 1067
1530260 1069
1530270 1073
1530280 1073
1530290 1076
1530300 1080
1530310 1080
1530320 1084
1530330 1089
1530340 1089
1530350 1095
1530360 1100
1530370 1100
1530380 1104
1530390 1109
1530400 1109
1530410 1115
1530420 1121
1530430 1121
1530440 1127
1530450 1132
1530460 1132
1530470 1136
1530480 1140
1530490 1140
1530500 1144
1530510 1148
1530520 1151
1530530 1151
1530540 1153
1530550 1158
1530560 1158
1530570 1162
1530580 1162
1530590 1162
1530600 1167
1530610 1175
1530620 1175
1530630 1182
1530640 1188
1530650 1188
1530660 1194
1530670 1199
1530680 1199
1530690 1205
1530700 1211
1530710 1211
1530720 1217
1530730 1225
1530740 1225
1530750 1232
1530760 1240
1530770 1240
1530780 1246
1530790 1251
1530800 1255
1530810 1255
1530820 1258
1530830 1264
1530840 1264
1530850 1271
1530860 1279
1530870 1279
1530880 1284
1530890 1287
1530900 1287
1530910 1295
1530920 1319
1530930 1319
1530940 1333
1530950 1341
1530960 1341
1530970 1347
1530980 1355
1530990 1355
1531000 1377
1531010 1393
1531020 1393
1531030 1401
1531040 1408
1531050 1408
1531060 1416
1531070 1423
1531080 1429
1531090 1429
1531100 1435
1531110 1440
1531120 1440
1531130 1445
1531140 1450
1531150 1450
1531160 1454
1531170 1459
1531180 1459
1531190 1464
1531200 1472
1531210 1472
1531220 1479
1531230 1488
1531240 1488
1531250 1493
1531260 1498
1531270 1498
1531280 1504
1531290 1509
1531300 1509
1531310 1515
1531320 1520
1531330 1520
1531340 1526
1531350 1531
1531360 1535
1531370 1535
1531380 1542
1531390 1548
1531400 1548
1531410 1554
1531420 1560
1531430 1560
1531440 1567
1531450 1573
1531460 1573
1531470 1578
1531480 1583
1531490 1583
1531500 1589
1531510 1595
1531520 1595
1531530 1602
1531540 1607
1531550 1607
1531560 1613
1531570 1618
1531580 1618
1531590 1622
1531600 1627
1531610 1633
1531620 1633
1531630 1638
1531640 1645
1531650 1645
1531660 1651
1531670 1658
1531680 1658
1531690 1667
1531700 1672
1531710 1672
1531720 1677
1531730 1679
1531740 1679
1531750 1679
1531760 1685
1531770 1685
1531780 1692
1531790 1699
1531800 1699
1531810 1701
1531820 1704
1531830 1704
1531840 1707
1531850 1711
1531860 1711
1531870 1718
1531880 1729
1531890 1736
1531900 1736
1531910 1741
1531920 1743
1531930 1743
1531940 1743
1531950 1742
1531960 1742
1531970 1743
1531980 1745
1531990 1745
1532000 1751
1532010 1762
1532020 1762
1532030 1778
1532040 1784
1532050 1784
1532060 1786
1532070 1792
1532080 1792
1532090 1804
1532100 1818
1532110 1818
1532120 1825
1532130 1829
1532140 1829
1532150 1834
1532160 1839
1532170 1842
1532180 1842
1532190 1842
1532200 1842
1532210 1842
1532220 1853
1532230 1865
1532240 1865
1532250 1885
1532260 1896
1532270 1896
1532280 1900
1532290 1897
1532300 1897
1532310 1898
1532320 1900
1532330 1900
1532340 1897
1532350 1884
1532360 1884
1532370 1879
1532380 1880
1532390 1880
1532400 1880
1532410 1881
1532420 1881
1532430 1885
1532440 1888
1532450 1891
1532460 1891
1532470 1892
1532480 1894
1532490 1894
1532500 1895
1532510 1900
1532520 1900
1532530 1905
1532540 1912
1532550 1912
1532560 1917
1532570 1919
1532580 1919
1532590 1919
1532600 1916
1532610 1916
1532620 1909
1532630 1903
1532640 1903
1532650 1904
1532660 1911
1532670 1911
1532680 1918
1532690 1919
1532700 1919
1532710 1920
1532720 1919
1532730 1920
1532740 1920
1532750 1921
1532760 1921
1532770 1921
1532780 1917
1532790 1913
1532800 1913
1532810 1911
1532820 1908
1532830 1908
1532840 1905
1532850 1904
1532860 1904
1532870 1902
1532880 1902
1532890 1902
1532900 1900
1532910 1899
1532920 1899
1532930 1897
1532940 1893
1532950 1893
1532960 1888
1532970 1882
1532980 1882
1532990 1879
1533000 1878
1533010 1876
1533020 1876
1533030 1874
1533040 1872
1533050 1872
1533060 1870
1533070 1870
1533080 1870
1533090 1872
1533100 1876
1533110 1876
1533120 1879
1533130 1878
1533140 1878
1533150 1876
1533160 1873
1533170 1873
1533180 1870
1533190 1864
1533200 1864
1533210 1857
1533220 1850
1533230 1850
1533240 1845
1533250 1842
1533260 1842
1533270 1839
1533280 1836
1533290 1833
1533300 1833
1533310 1830
1533320 1828
1533330 1828
1533340 1825
1533350 1823
1533360 1823
1533370 1823
1533380 1828
1533390 1828
1533400 1827
1533410 1826
1533420 1826
1533430 1829
1533440 1832
1533450 1832
1533460 1832
1533470 1837
1533480 1837
1533490 1843
1533500 1849
1533510 1849
1533520 1855
1533530 1861
1533540 1861
1533550 1867
1533560 1871
1533570 1876
1533580 1876
1533590 1879
1533600 1882
1533610 1882
1533620 1884
1533630 1886
1533640 1886
1533650 1888
1533660 1891
1533670 1891
1533680 1892
1533690 1893
1533700 1893
1533710 1893
1533720 1893
1533730 1893
1533740 1893
1533750 1893
1533760 1893
1533770 1894
1533780 1895
1533790 1895
1533800 1896
1533810 1899
1533820 1899
1533830 1903
1533840 1906
1533850 1909
1533860 1909
1533870 1911
1533880 1912
1533890 1912
1533900 1913
1533910 1913
1533920 1913
1533930 1910
1533940 1909
1533950 1909
1533960 1908
1533970 1906
1533980 1906
1533990 1904
1534000 1899
1534010 1899
1534020 1893
1534030 1888
1534040 1888
1534050 1886
1534060 1885
1534070 1885
1534080 1883
1534090 1882
1534100 1882
1534110 1880
1534120 1879
1534130 1880
1534140 1880
1534150 1880
1534160 1882
1534170 1882
1534180 1884
1534190 1885
1534200 1885
1534210 1886
1534220 1888
1534230 1888
1534240 1889
1534250 1887
1534260 1887
1534270 1886
1534280 1888
1534290 1888
1534300 1892
1534310 1896
1534320 1896
1534330 1900
1534340 1907
1534350 1907
1534360 1907
1534370 1906
1534380 1906
1534390 1905
1534400 1903
1534410 1899
1534420 1899
1534430 1893
1534440 1887
1534450 1887
1534460 1878
1534470 1870
1534480 1870
1534490 1865
1534500 1863
1534510 1863
1534520 1864
1534530 1863
1534540 1863
1534550 1862
1534560 1858
1534570 1858
1534580 1855
1534590 1862
1534600 1862
1534610 1869
1534620 1873
1534630 1873
1534640 1874
1534650 1874
1534660 1874
1534670 1874
1534680 1874
1534690 1874
1534700 1874
1534710 1876
1534720 1878
1534730 1878
1534740 1880
1534750 1882
1534760 1882
1534770 1882
1534780 1880
1534790 1880
1534800 1875
1534810 1876
1534820 1876
1534830 1885
1534840 1884
1534850 1884
1534860 1878
1534870 1875
1534880 1875
1534890 1888
1534900 1904
1534910 1904
1534920 1911
1534930 1918
1534940 1924
1534950 1924
1534960 1931
1534970 1942
1534980 1942
1534990 1964
1535000 1970
1535010 1970
1535020 1970
1535030 1969
1535040 1969
1535050 1970
1535060 1972
1535070 1972
1535080 1974
1535090 1974
1535100 1974
1535110 1975
1535120 1975
1535130 1975
1535140 1975
1535150 1975
1535160 1975
1535170 1976
1535180 1978
1535190 1978
1535200 1980
1535210 1981
1535220 1982
1535230 1982
1535240 1984
1535250 1986
1535260 1986
1535270 1988
1535280 1992
1535290 1992
1535300 1995
1535310 2000
1535320 2000
1535330 2007
1535340 2019
1535350 2019
1535360 2025
1535370 2032
1535380 2032
1535390 2046
1535400 2053
1535410 2053
1535420 2061
1535430 2065
1535440 2065
1535450 2067
1535460 2067
1535470 2067
1535480 2066
1535490 2065
1535500 2065
1535510 2065
1535520 2066
1535530 2065
1535540 2065
1535550 2064
1535560 2069
1535570 2069
1535580 2076
1535590 2079
1535600 2079
1535610 2082
1535620 2090
1535630 2090
1535640 2099
1535650 2105
1535660 2105
1535670 2111
1535680 2118
1535690 2118
1535700 2126
1535710 2133
1535720 2133
1535730 2140
1535740 2145
1535750 2145
1535760 2147
1535770 2132
1535780 2122
1535790 2122
1535800 2111
1535810 2099
1535820 2099
1535830 2089
1535840 2082
1535850 2082
1535860 2076
1535870 2071
1535880 2071
1535890 2065
1535900 2061
1535910 2061
1535920 2056
1535930 2053
1535940 2053
1535950 2051
1535960 2051
1535970 2051
1535980 2052
1535990 2053
1536000 2053
1536010 2054
1536020 2056
1536030 2056
1536040 2057
1536050 2058
1536060 2058
1536070 2058
1536080 2059
1536090 2058
1536100 2058
1536110 2058
1536120 2058
1536130 2058
1536140 2059
1536150 2062
1536160 2062
1536170 2066
1536180 2072
1536190 2072
1536200 2077
1536210 2080
1536220 2080
1536230 2084
1536240 2088
1536250 2088
1536260 2092
1536270 2094
1536280 2094
1536290 2096
1536300 2098
1536310 2098
1536320 2106
1536330 2111
1536340 2119
1536350 2119
1536360 2119
1536370 2119
1536380 2119
1536390 2122
1536400 2119
1536410 2119
1536420 2111
1536430 2104
1536440 2104
1536450 2095
1536460 2090
1536470 2090
1536480 2086
1536490 2085
1536500 2085
1536510 2087
1536520 2085
1536530 2085
1536540 2080
1536550 2074
1536560 2074
1536570 2070
1536580 2067
1536590 2067
1536600 2069
1536610 2070
1536620 2066
1536630 2066
1536640 2061
1536650 2056
1536660 2056
1536670 2053
1536680 2049
1536690 2049
1536700 2046
1536710 2043
1536720 2043
1536730 2040
1536740 2037
1536750 2037
1536760 2033
1536770 2030
1536780 2030
1536790 2029
1536800 2029
1536810 2029
1536820 2030
1536830 2030
1536840 2030
1536850 2031
1536860 2032
1536870 2032
1536880 2033
1536890 2032
1536900 2031
1536910 2031
1536920 2032
1536930 2034
1536940 2034
1536950 2035
1536960 2037
1536970 2037
1536980 2038
1536990 2039
1537000 2039
1537010 2041
1537020 2043
1537030 2043
1537040 2045
1537050 2044
1537060 2044
1537070 2044
1537080 2045
1537090 2045
1537100 2047
1537110 2046
1537120 2046
1537130 2047
1537140 2045
1537150 2045
1537160 2045
1537170 2045
1537180 2045
1537190 2045
1537200 2050
1537210 2057
1537220 2057
1537230 2066
1537240 2069
1537250 2069
1537260 2070
1537270 2073
1537280 2073
1537290 2073
1537300 2073
1537310 2080
1537320 2077
1537330 2072
1537340 2072
1537350 2071
1537360 2077
1537370 2077
1537380 2082
1537390 2086
1537400 2086
1537410 2088
1537420 2091
1537430 2091
1537440 2095
1537450 2100
1537460 2105
1537470 2105
1537480 2109
1537490 2112
1537500 2112
1537510 2115
1537520 2116
1537530 2116
1537540 2122
1537550 2127
1537560 2127
1537570 2120
1537580 2121
1537590 2121
1537600 2124
1537610 2130
1537620 2130
1537630 2138
1537640 2144
1537650 2144
1537660 2150
1537670 2156
1537680 2156
1537690 2162
1537700 2168
1537710 2168
1537720 2174
1537730 2180
1537740 2186
1537750 2186
1537760 2193
1537770 2200
1537780 2200
1537790 2206
1537800 2213
1537810 2213
1537820 2219
1537830 2226
1537840 2226
1537850 2234
1537860 2241
1537870 2241
1537880 2249
1537890 2258
1537900 2258
1537910 2266
1537920 2275
1537930 2275
1537940 2283
1537950 2293
1537960 2293
1537970 2311
1537980 2321
1537990 2321
1538000 2330
1538010 2338
1538020 2346
1538030 2346
1538040 2355
1538050 2362
1538060 2362
1538070 2369
1538080 2376
1538090 2376
1538100 2382
1538110 2389
1538120 2389
1538130 2395
1538140 2401
1538150 2401
1538160 2406
1538170 2412
1538180 2412
1538190 2418
1538200 2423
1538210 2423
1538220 2421
1538230 2416
1538240 2416
1538250 2429
1538260 2433
1538270 2435
1538280 2435
1538290 2446
1538300 2455
1538310 2455
1538320 2462
1538330 2467
1538340 2467
1538350 2465
1538360 2452
1538370 2452
1538380 2444
1538390 2443
1538400 2443
1538410 2443
1538420 2443
1538430 2443
1538440 2449
1538450 2454
1538460 2454
1538470 2460
1538480 2468
1538490 2468
1538500 2465
1538510 2461
1538520 2461
1538530 2457
1538540 2459
1538550 2466
1538560 2466
1538570 2474
1538580 2479
1538590 2479
1538600 2479
1538610 2478
1538620 2478
1538630 2477
1538640 2477
1538650 2477
1538660 2480
1538670 2481
1538680 2481
1538690 2483
1538700 2484
1538710 2484
1538720 2485
1538730 2485
1538740 2485
1538750 2485
1538760 2484
1538770 2484
1538780 2485
1538790 2482
1538800 2482
1538810 2481
1538820 2481
1538830 2482
1538840 2482
1538850 2483
1538860 2481
1538870 2481
1538880 2482
1538890 2482
1538900 2482
1538910 2483
1538920 2484
1538930 2484
1538940 2482
1538950 2483
1538960 2483
1538970 2485
1538980 2489
1538990 2489
1539000 2492
1539010 2500
1539020 2500
1539030 2504
1539040 2508
1539050 2508
1539060 2516
1539070 2522
1539080 2522
1539090 2525
1539100 2534
1539110 2536
1539120 2536
1539130 2536
1539140 2540
1539150 2540
1539160 2540
1539170 2550
1539180 2550
1539190 2558
1539200 2565
1539210 2565
1539220 2563
1539230 2542
1539240 2542
1539250 2529
1539260 2519
1539270 2519
1539280 2511
1539290 2509
1539300 2509
1539310 2508
1539320 2505
1539330 2505
1539340 2503
1539350 2501
1539360 2501
1539370 2499
1539380 2497
1539390 2492
1539400 2492
1539410 2483
1539420 2465
1539430 2465
1539440 2465
1539450 2467
1539460 2467
1539470 2471
1539480 2480
1539490 2480
1539500 2481
1539510 2479
1539520 2479
1539530 2477
1539540 2483
1539550 2483
1539560 2491
1539570 2494
1539580 2494
1539590 2487
1539600 2492
1539610 2492
1539620 2500
1539630 2503
1539640 2503
1539650 2503
1539660 2502
1539670 2495
1539680 2495
1539690 2496
1539700 2491
1539710 2491
1539720 2489
1539730 2485
1539740 2485
1539750 2482
1539760 2481
1539770 2481
1539780 2480
1539790 2479
1539800 2479
1539810 2480
1539820 2483
1539830 2483
1539840 2489
1539850 2491
1539860 2491
1539870 2489
1539880 2487
1539890 2487
1539900 2488
1539910 2492
1539920 2492
1539930 2497
1539940 2503
1539950 2509
1539960 2509
1539970 2527
1539980 2548
1539990 2548
