1520000 1380
1520010 1375
1520020 1375
1520030 1370
1520040 1367
1520050 1363
1520060 1363
1520070 1359
1520080 1352
1520090 1352
1520100 1343
1520110 1336
1520120 1336
1520130 1330
1520140 1323
1520150 1323
1520160 1318
1520170 1314
1520180 1314
1520190 1308
1520200 1302
1520210 1302
1520220 1297
1520230 1292
1520240 1292
1520250 1286
1520260 1281
1520270 1281
1520280 1276
1520290 1272
1520300 1272
1520310 1267
1520320 1261
1520330 1257
1520340 1257
1520350 1250
1520360 1245
1520370 1245
1520380 1239
1520390 1233
1520400 1233
1520410 1228
1520420 1218
1520430 1218
1520440 1209
1520450 1200
1520460 1200
1520470 1193
1520480 1188
1520490 1188
1520500 1185
1520510 1182
1520520 1182
1520530 1178
1520540 1173
1520550 1173
1520560 1166
1520570 1157
1520580 1157
1520590 1145
1520600 1133
1520610 1123
1520620 1123
1520630 1115
1520640 1109
1520650 1109
1520660 1103
1520670 1100
1520680 1100
1520690 1095
1520700 1085
1520710 1085
1520720 1073
1520730 1063
1520740 1063
1520750 1058
1520760 1053
1520770 1053
1520780 1050
1520790 1045
1520800 1045
1520810 1041
1520820 1035
1520830 1035
1520840 1031
1520850 1027
1520860 1027
1520870 1023
1520880 1018
1520890 1014
1520900 1014
1520910 1009
1520920 1005
1520930 1005
1520940 1000
1520950 995
1520960 995
1520970 990
1520980 987
1520990 987
1521000 983
1521010 980
1521020 980
1521030 978
1521040 976
1521050 976
1521060 975
1521070 975
1521080 975
1521090 974
1521100 974
1521110 974
1521120 973
1521130 972
1521140 972
1521150 972
1521160 972
1521170 974
1521180 974
1521190 975
1521200 976
1521210 976
1521220 978
1521230 977
1521240 977
1521250 972
1521260 972
1521270 972
1521280 972
1521290 972
1521300 972
1521310 972
1521320 972
1521330 972
1521340 973
1521350 974
1521360 974
1521370 974
1521380 974
1521390 974
1521400 974
1521410 975
1521420 975
1521430 977
1521440 979
1521450 982
1521460 982
1521470 985
1521480 988
1521490 988
1521500 991
1521510 996
1521520 996
1521530 1000
1521540 1004
1521550 1004
1521560 1008
1521570 1012
1521580 1012
1521590 1015
1521600 1019
1521610 1019
1521620 1028
1521630 1032
1521640 1032
1521650 1036
1521660 1040
1521670 1040
1521680 1044
1521690 1048
1521700 1048
1521710 1051
1521720 1053
1521730 1055
1521740 1055
1521750 1057
1521760 1061
1521770 1061
1521780 1067
1521790 1072
1521800 1072
1521810 1084
1521820 1095
1521830 1095
1521840 1100
1521850 1104
1521860 1104
1521870 1113
1521880 1127
1521890 1127
1521900 1137
1521910 1146
1521920 1146
1521930 1152
1521940 1157
1521950 1157
1521960 1162
1521970 1170
1521980 1170
1521990 1177
1522000 1186
1522010 1193
1522020 1193
1522030 1198
1522040 1206
1522050 1206
1522060 1212
1522070 1221
1522080 1221
1522090 1230
1522100 1237
1522110 1237
1522120 1242
1522130 1244
1522140 1244
1522150 1245
1522160 1246
1522170 1246
1522180 1249
1522190 1253
1522200 1253
1522210 1257
1522220 1260
1522230 1260
1522240 1267
1522250 1274
1522260 1274
1522270 1281
1522280 1286
1522290 1290
1522300 1290
1522310 1294
1522320 1298
1522330 1298
1522340 1301
1522350 1306
1522360 1306
1522370 1312
1522380 1319
1522390 1319
1522400 1325
1522410 1330
1522420 1330
1522430 1336
1522440 1340
1522450 1340
1522460 1343
1522470 1346
1522480 1346
1522490 1348
1522500 1352
1522510 1352
1522520 1358
1522530 1363
1522540 1363
1522550 1369
1522560 1375
1522570 1383
1522580 1383
1522590 1390
1522600 1396
1522610 1396
1522620 1401
1522630 1408
1522640 1408
1522650 1414
1522660 1420
1522670 1420
1522680 1425
1522690 1431
1522700 1431
1522710 1437
1522720 1442
1522730 1442
1522740 1447
1522750 1456
1522760 1456
1522770 1466
1522780 1476
1522790 1476
1522800 1485
1522810 1493
1522820 1493
1522830 1500
1522840 1505
1522850 1509
1522860 1509
1522870 1514
1522880 1519
1522890 1519
1522900 1526
1522910 1537
1522920 1537
1522930 1546
1522940 1553
1522950 1553
1522960 1559
1522970 1566
1522980 1566
1522990 1570
1523000 1574
1523010 1574
1523020 1577
1523030 1578
1523040 1578
1523050 1579
1523060 1580
1523070 1580
1523080 1578
1523090 1579
1523100 1579
1523110 1578
1523120 1577
1523130 1578
1523140 1578
1523150 1579
1523160 1582
1523170 1582
1523180 1585
1523190 1588
1523200 1588
1523210 1591
1523220 1596
1523230 1596
1523240 1602
1523250 1610
1523260 1610
1523270 1618
1523280 1627
1523290 1627
1523300 1636
1523310 1640
1523320 1640
1523330 1645
1523340 1651
1523350 1651
1523360 1657
1523370 1659
1523380 1659
1523390 1660
1523400 1664
1523410 1668
1523420 1668
1523430 1669
1523440 1669
1523450 1669
1523460 1668
1523470 1692
1523480 1692
1523490 1698
1523500 1706
1523510 1706
1523520 1718
1523530 1730
1523540 1730
1523550 1742
1523560 1756
1523570 1756
1523580 1766
1523590 1772
1523600 1772
1523610 1776
1523620 1780
1523630 1780
1523640 1787
1523650 1794
1523660 1794
1523670 1803
1523680 1812
1523690 1816
1523700 1816
1523710 1818
1523720 1820
1523730 1820
1523740 1825
1523750 1838
1523760 1838
1523770 1850
1523780 1873
1523790 1873
1523800 1885
1523810 1887
1523820 1887
1523830 1891
1523840 1895
1523850 1895
1523860 1896
1523870 1898
1523880 1898
1523890 1905
1523900 1912
1523910 1912
1523920 1918
1523930 1920
1523940 1920
1523950 1923
1523960 1924
1523970 1925
1523980 1925
1523990 1923
1524000 1919
1524010 1919
1524020 1915
1524030 1910
1524040 1910
1524050 1905
1524060 1899
1524070 1899
1524080 1887
1524090 1870
1524100 1870
1524110 1855
1524120 1846
1524130 1846
1524140 1838
1524150 1831
1524160 1831
1524170 1824
1524180 1811
1524190 1811
1524200 1797
1524210 1786
1524220 1786
1524230 1775
1524240 1770
1524250 1767
1524260 1767
1524270 1763
1524280 1760
1524290 1760
1524300 1758
1524310 1758
1524320 1758
1524330 1760
1524340 1763
1524350 1763
1524360 1763
1524370 1765
1524380 1765
1524390 1770
1524400 1774
1524410 1774
1524420 1779
1524430 1790
1524440 1790
1524450 1803
1524460 1813
1524470 1813
1524480 1824
1524490 1833
1524500 1833
1524510 1845
1524520 1852
1524530 1852
1524540 1852
1524550 1849
1524560 1837
1524570 1837
1524580 1823
1524590 1803
1524600 1803
1524610 1795
1524620 1789
1524630 1789
1524640 1781
1524650 1774
1524660 1774
1524670 1765
1524680 1758
1524690 1758
1524700 1750
1524710 1745
1524720 1745
1524730 1737
1524740 1729
1524750 1729
1524760 1725
1524770 1719
1524780 1719
1524790 1714
1524800 1711
1524810 1707
1524820 1707
1524830 1705
1524840 1702
1524850 1702
1524860 1702
1524870 1700
1524880 1700
1524890 1699
1524900 1699
1524910 1699
1524920 1700
1524930 1699
1524940 1699
1524950 1703
1524960 1707
1524970 1707
1524980 1711
1524990 1716
1525000 1716
1525010 1721
1525020 1728
1525030 1728
1525040 1727
1525050 1721
1525060 1721
1525070 1714
1525080 1707
1525090 1700
1525100 1700
1525110 1694
1525120 1690
1525130 1690
1525140 1691
1525150 1694
1525160 1694
1525170 1704
1525180 1710
1525190 1710
1525200 1713
1525210 1717
1525220 1717
1525230 1722
1525240 1725
1525250 1725
1525260 1722
1525270 1718
1525280 1718
1525290 1712
1525300 1705
1525310 1705
1525320 1700
1525330 1693
1525340 1693
1525350 1686
1525360 1679
1525370 1673
1525380 1673
1525390 1666
1525400 1659
1525410 1659
1525420 1653
1525430 1648
1525440 1648
1525450 1641
1525460 1635
1525470 1635
1525480 1628
1525490 1621
1525500 1621
1525510 1613
1525520 1606
1525530 1606
1525540 1600
1525550 1594
1525560 1594
1525570 1588
1525580 1583
1525590 1583
1525600 1581
1525610 1577
1525620 1577
1525630 1572
1525640 1567
1525650 1562
1525660 1562
1525670 1556
1525680 1554
1525690 1554
1525700 1552
1525710 1549
1525720 1549
1525730 1545
1525740 1541
1525750 1541
1525760 1538
1525770 1530
1525780 1530
1525790 1534
1525800 1540
1525810 1540
1525820 1539
1525830 1538
1525840 1538
1525850 1538
1525860 1539
1525870 1539
1525880 1538
1525890 1536
1525900 1536
1525910 1535
1525920 1538
1525930 1541
1525940 1541
1525950 1543
1525960 1544
1525970 1544
1525980 1545
1525990 1546
1526000 1546
1526010 1549
1526020 1553
1526030 1553
1526040 1558
1526050 1561
1526060 1561
1526070 1562
1526080 1563
1526090 1563
1526100 1565
1526110 1567
1526120 1567
1526130 1571
1526140 1574
1526150 1574
1526160 1575
1526170 1577
1526180 1577
1526190 1578
1526200 1578
1526210 1577
1526220 1577
1526230 1578
1526240 1578
1526250 1578
1526260 1579
1526270 1579
1526280 1579
1526290 1576
1526300 1572
1526310 1572
1526320 1566
1526330 1558
1526340 1558
1526350 1550
1526360 1542
1526370 1542
1526380 1538
1526390 1535
1526400 1535
1526410 1533
1526420 1531
1526430 1531
1526440 1529
1526450 1528
1526460 1528
1526470 1528
1526480 1527
1526490 1522
1526500 1522
1526510 1518
1526520 1515
1526530 1515
1526540 1511
1526550 1506
1526560 1506
1526570 1502
1526580 1497
1526590 1497
1526600 1493
1526610 1489
1526620 1489
1526630 1487
1526640 1482
1526650 1482
1526660 1477
1526670 1472
1526680 1472
1526690 1467
1526700 1464
1526710 1464
1526720 1462
1526730 1461
1526740 1461
1526750 1458
1526760 1455
1526770 1452
1526780 1452
1526790 1449
1526800 1446
1526810 1446
1526820 1443
1526830 1441
1526840 1441
1526850 1438
1526860 1435
1526870 1435
1526880 1432
1526890 1429
1526900 1429
1526910 1426
1526920 1422
1526930 1422
1526940 1418
1526950 1415
1526960 1415
1526970 1412
1526980 1411
1526990 1411
1527000 1409
1527010 1405
1527020 1405
1527030 1399
1527040 1393
1527050 1385
1527060 1385
1527070 1378
1527080 1370
1527090 1370
1527100 1364
1527110 1359
1527120 1359
1527130 1354
1527140 1350
1527150 1350
1527160 1347
1527170 1345
1527180 1345
1527190 1342
1527200 1336
1527210 1336
1527220 1330
1527230 1320
1527240 1320
1527250 1301
1527260 1288
1527270 1288
1527280 1273
1527290 1253
1527300 1253
1527310 1247
1527320 1243
1527330 1244
1527340 1244
1527350 1246
1527360 1246
1527370 1246
1527380 1248
1527390 1251
1527400 1251
1527410 1251
1527420 1245
1527430 1245
1527440 1242
1527450 1237
1527460 1237
1527470 1231
1527480 1235
1527490 1235
1527500 1229
1527510 1211
1527520 1211
1527530 1188
1527540 1174
1527550 1174
1527560 1169
1527570 1164
1527580 1164
1527590 1160
1527600 1156
1527610 1154
1527620 1154
1527630 1152
1527640 1150
1527650 1150
1527660 1149
1527670 1142
1527680 1142
1527690 1136
1527700 1131
1527710 1131
1527720 1128
1527730 1125
1527740 1125
1527750 1121
1527760 1117
1527770 1117
1527780 1113
1527790 1109
1527800 1109
1527810 1105
1527820 1100
1527830 1100
1527840 1096
1527850 1091
1527860 1091
1527870 1087
1527880 1082
1527890 1077
1527900 1077
1527910 1073
1527920 1069
1527930 1069
1527940 1064
1527950 1059
1527960 1059
1527970 1055
1527980 1045
1527990 1045
1528000 1040
1528010 1036
1528020 1036
1528030 1033
1528040 1032
1528050 1032
1528060 1031
1528070 1030
1528080 1030
1528090 1030
1528100 1031
1528110 1031
1528120 1033
1528130 1034
1528140 1034
1528150 1034
1528160 1033
1528170 1031
1528180 1031
1528190 1030
1528200 1029
1528210 1029
1528220 1027
1528230 1026
1528240 1026
1528250 1026
1528260 1027
1528270 1027
1528280 1028
1528290 1029
1528300 1029
1528310 1029
1528320 1030
1528330 1030
1528340 1030
1528350 1031
1528360 1031
1528370 1031
1528380 1032
1528390 1032
1528400 1032
1528410 1031
1528420 1031
1528430 1031
1528440 1029
1528450 1030
1528460 1030
1528470 1031
1528480 1032
1528490 1032
1528500 1034
1528510 1037
1528520 1037
1528530 1039
1528540 1042
1528550 1042
1528560 1044
1528570 1046
1528580 1046
1528590 1048
1528600 1052
1528610 1052
1528620 1057
1528630 1061
1528640 1061
1528650 1063
1528660 1064
1528670 1064
1528680 1066
1528690 1070
1528700 1070
1528710 1072
1528720 1074
1528730 1076
1528740 1076
1528750 1076
1528760 1080
1528770 1080
1528780 1083
1528790 1086
1528800 1086
1528810 1088
1528820 1090
1528830 1090
1528840 1091
1528850 1091
1528860 1091
1528870 1091
1528880 1091
1528890 1091
1528900 1092
1528910 1097
1528920 1097
1528930 1103
1528940 1109
1528950 1109
1528960 1116
1528970 1123
1528980 1123
1528990 1131
1529000 1139
1529010 1144
1529020 1144
1529030 1155
1529040 1166
1529050 1166
1529060 1179
1529070 1191
1529080 1191
1529090 1208
1529100 1216
1529110 1216
1529120 1221
1529130 1234
1529140 1234
1529150 1239
1529160 1245
1529170 1245
1529180 1240
1529190 1238
1529200 1238
1529210 1239
1529220 1240
1529230 1240
1529240 1239
1529250 1241
1529260 1241
1529270 1245
1529280 1245
1529290 1246
1529300 1246
1529310 1249
1529320 1249
1529330 1249
1529340 1249
1529350 1249
1529360 1249
1529370 1251
1529380 1257
1529390 1257
1529400 1263
1529410 1274
1529420 1274
1529430 1281
1529440 1292
1529450 1292
1529460 1302
1529470 1312
1529480 1312
1529490 1323
1529500 1343
1529510 1343
1529520 1367
1529530 1382
1529540 1382
1529550 1396
1529560 1424
1529570 1431
1529580 1431
1529590 1433
1529600 1438
1529610 1438
1529620 1440
1529630 1448
1529640 1448
1529650 1462
1529660 1484
1529670 1484
1529680 1498
1529690 1507
1529700 1507
1529710 1517
1529720 1527
1529730 1527
1529740 1536
1529750 1559
1529760 1559
1529770 1574
1529780 1581
1529790 1581
1529800 1586
1529810 1591
1529820 1591
1529830 1596
1529840 1601
1529850 1605
1529860 1605
1529870 1611
1529880 1618
1529890 1618
1529900 1626
1529910 1635
1529920 1635
1529930 1642
1529940 1651
1529950 1651
1529960 1660
1529970 1670
1529980 1670
1529990 1679
1530000 1693
1530010 1693
1530020 1720
1530030 1750
1530040 1750
1530050 1766
1530060 1774
1530070 1774
1530080 1778
1530090 1781
1530100 1781
1530110 1783
1530120 1786
1530130 1791
1530140 1791
1530150 1795
1530160 1799
1530170 1799
1530180 1804
1530190 1809
1530200 1809
1530210 1815
1530220 1823
1530230 1823
1530240 1832
1530250 1841
1530260 1841
1530270 1846
1530280 1849
1530290 1849
1530300 1851
1530310 1852
1530320 1852
1530330 1853
1530340 1854
1530350 1854
1530360 1855
1530370 1857
1530380 1857
1530390 1860
1530400 1863
1530410 1868
1530420 1868
1530430 1873
1530440 1875
1530450 1875
1530460 1878
1530470 1880
1530480 1880
1530490 1881
1530500 1882
1530510 1882
1530520 1883
1530530 1885
1530540 1885
1530550 1887
1530560 1890
1530570 1890
1530580 1894
1530590 1898
1530600 1898
1530610 1904
1530620 1909
1530630 1909
1530640 1914
1530650 1919
1530660 1919
1530670 1925
1530680 1932
1530690 1939
1530700 1939
1530710 1946
1530720 1953
1530730 1953
1530740 1960
1530750 1968
1530760 1968
1530770 1977
1530780 1983
1530790 1983
1530800 1984
1530810 1976
1530820 1976
1530830 1965
1530840 1966
1530850 1966
1530860 1963
1530870 1961
1530880 1961
1530890 1958
1530900 1963
1530910 1963
1530920 1970
1530930 1977
1530940 1977
1530950 1977
1530960 1974
1530970 1973
1530980 1973
1530990 1982
1531000 1991
1531010 1991
1531020 2002
1531030 2018
1531040 2018
1531050 2035
1531060 2044
1531070 2044
1531080 2051
1531090 2057
1531100 2057
1531110 2060
1531120 2059
1531130 2059
1531140 2059
1531150 2058
1531160 2058
1531170 2049
1531180 2049
1531190 2049
1531200 2054
1531210 2055
1531220 2055
1531230 2063
1531240 2067
1531250 2068
1531260 2068
1531270 2072
1531280 2073
1531290 2073
1531300 2086
1531310 2102
1531320 2102
1531330 2118
1531340 2128
1531350 2128
1531360 2133
1531370 2142
1531380 2142
1531390 2151
1531400 2157
1531410 2157
1531420 2163
1531430 2168
1531440 2168
1531450 2174
1531460 2179
1531470 2179
1531480 2184
1531490 2187
1531500 2187
1531510 2189
1531520 2193
1531530 2197
1531540 2197
1531550 2202
1531560 2206
1531570 2206
1531580 2206
1531590 2207
1531600 2207
1531610 2209
1531620 2208
1531630 2208
1531640 2205
1531650 2203
1531660 2203
1531670 2202
1531680 2201
1531690 2201
1531700 2201
1531710 2201
1531720 2201
1531730 2201
1531740 2201
1531750 2201
1531760 2202
1531770 2201
1531780 2201
1531790 2200
1531800 2199
1531810 2198
1531820 2198
1531830 2197
1531840 2196
1531850 2196
1531860 2192
1531870 2194
1531880 2194
1531890 2197
1531900 2197
1531910 2197
1531920 2198
1531930 2199
1531940 2199
1531950 2199
1531960 2200
1531970 2200
1531980 2203
1531990 2204
1532000 2204
1532010 2202
1532020 2198
1532030 2198
1532040 2192
1532050 2192
1532060 2192
1532070 2189
1532080 2176
1532090 2153
1532100 2153
1532110 2139
1532120 2119
1532130 2119
1532140 2109
1532150 2122
1532160 2122
1532170 2155
1532180 2182
1532190 2182
1532200 2196
1532210 2210
1532220 2210
1532230 2217
1532240 2227
1532250 2227
1532260 2225
1532270 2216
1532280 2216
1532290 2204
1532300 2182
1532310 2182
1532320 2145
1532330 2131
1532340 2131
1532350 2122
1532360 2114
1532370 2107
1532380 2107
1532390 2099
1532400 2092
1532410 2092
1532420 2089
1532430 2082
1532440 2082
1532450 2074
1532460 2063
1532470 2063
1532480 2052
1532490 2039
1532500 2039
1532510 2018
1532520 2008
1532530 2008
1532540 2002
1532550 1998
1532560 1998
1532570 1995
1532580 1990
1532590 1990
1532600 1984
1532610 1971
1532620 1971
1532630 1961
1532640 1957
1532650 1953
1532660 1953
1532670 1943
1532680 1938
1532690 1938
1532700 1924
1532710 1920
1532720 1920
1532730 1918
1532740 1914
1532750 1914
1532760 1909
1532770 1903
1532780 1903
1532790 1898
1532800 1894
1532810 1894
1532820 1892
1532830 1889
1532840 1889
1532850 1885
1532860 1883
1532870 1883
1532880 1880
1532890 1876
1532900 1876
1532910 1874
1532920 1872
1532930 1874
1532940 1874
1532950 1874
1532960 1872
1532970 1872
1532980 1871
1532990 1872
1533000 1872
1533010 1873
1533020 1873
1533030 1873
1533040 1874
1533050 1875
1533060 1875
1533070 1876
1533080 1879
1533090 1879
1533100 1882
1533110 1886
1533120 1886
1533130 1889
1533140 1892
1533150 1892
1533160 1895
1533170 1898
1533180 1898
1533190 1902
1533200 1907
1533210 1911
1533220 1911
1533230 1913
1533240 1917
1533250 1917
1533260 1920
1533270 1923
1533280 1923
1533290 1923
1533300 1923
1533310 1923
1533320 1924
1533330 1924
1533340 1924
1533350 1926
1533360 1925
1533370 1925
1533380 1926
1533390 1927
1533400 1927
1533410 1927
1533420 1929
1533430 1929
1533440 1931
1533450 1936
1533460 1936
1533470 1938
1533480 1940
1533490 1942
1533500 1942
1533510 1945
1533520 1946
1533530 1946
1533540 1948
1533550 1951
1533560 1951
1533570 1954
1533580 1957
1533590 1957
1533600 1958
1533610 1962
1533620 1962
1533630 1968
1533640 1975
1533650 1975
1533660 1981
1533670 1988
1533680 1988
1533690 1995
1533700 2003
1533710 2003
1533720 2010
1533730 2018
1533740 2018
1533750 2026
1533760 2033
1533770 2036
1533780 2036
1533790 2036
1533800 2035
1533810 2035
1533820 2035
1533830 2037
1533840 2037
1533850 2037
1533860 2036
1533870 2036
1533880 2034
1533890 2034
1533900 2034
1533910 2033
1533920 2032
1533930 2032
1533940 2031
1533950 2029
1533960 2029
1533970 2029
1533980 2029
1533990 2029
1534000 2030
1534010 2032
1534020 2032
1534030 2034
1534040 2035
1534050 2035
1534060 2035
1534070 2035
1534080 2035
1534090 2035
1534100 2035
1534110 2035
1534120 2035
1534130 2036
1534140 2039
1534150 2039
1534160 2041
1534170 2044
1534180 2044
1534190 2050
1534200 2055
1534210 2055
1534220 2060
1534230 2064
1534240 2064
1534250 2068
1534260 2072
1534270 2072
1534280 2079
1534290 2104
1534300 2104
1534310 2131
1534320 2146
1534330 2157
1534340 2157
1534350 2160
1534360 2160
1534370 2160
1534380 2172
1534390 2192
1534400 2192
1534410 2214
1534420 2262
1534430 2262
1534440 2295
1534450 2307
1534460 2307
1534470 2315
1534480 2323
1534490 2323
1534500 2331
1534510 2341
1534520 2341
1534530 2350
1534540 2356
1534550 2356
1534560 2361
1534570 2369
1534580 2369
1534590 2375
1534600 2375
1534610 2376
1534620 2376
1534630 2372
1534640 2364
1534650 2364
1534660 2337
1534670 2330
1534680 2330
1534690 2330
1534700 2334
1534710 2334
1534720 2332
1534730 2327
1534740 2327
1534750 2319
1534760 2319
1534770 2319
1534780 2320
1534790 2319
1534800 2319
1534810 2316
1534820 2313
1534830 2313
1534840 2313
1534850 2315
1534860 2315
1534870 2318
1534880 2322
1534890 2329
1534900 2329
1534910 2341
1534920 2346
1534930 2346
1534940 2348
1534950 2351
1534960 2351
1534970 2354
1534980 2357
1534990 2357
1535000 2363
1535010 2391
1535020 2391
1535030 2411
1535040 2428
1535050 2428
1535060 2439
1535070 2436
1535080 2436
1535090 2434
1535100 2433
1535110 2433
1535120 2433
1535130 2431
1535140 2431
1535150 2430
1535160 2431
1535170 2432
1535180 2432
1535190 2432
1535200 2433
1535210 2433
1535220 2434
1535230 2433
1535240 2433
1535250 2432
1535260 2432
1535270 2432
1535280 2433
1535290 2433
1535300 2433
1535310 2433
1535320 2434
1535330 2434
1535340 2436
1535350 2437
1535360 2437
1535370 2434
1535380 2428
1535390 2428
1535400 2419
1535410 2411
1535420 2411
1535430 2403
1535440 2395
1535450 2386
1535460 2386
1535470 2380
1535480 2374
1535490 2374
1535500 2369
1535510 2363
1535520 2363
1535530 2354
1535540 2348
1535550 2348
1535560 2344
1535570 2337
1535580 2337
1535590 2333
1535600 2330
1535610 2330
1535620 2326
1535630 2319
1535640 2319
1535650 2312
1535660 2310
1535670 2310
1535680 2306
1535690 2299
1535700 2299
1535710 2295
1535720 2287
1535730 2275
1535740 2275
1535750 2270
1535760 2257
1535770 2257
1535780 2249
1535790 2243
1535800 2243
1535810 2240
1535820 2238
1535830 2238
1535840 2238
1535850 2238
1535860 2238
1535870 2237
1535880 2234
1535890 2234
1535900 2230
1535910 2228
1535920 2228
1535930 2224
1535940 2221
1535950 2221
1535960 2217
1535970 2209
1535980 2209
1535990 2203
1536000 2198
1536010 2193
1536020 2193
1536030 2189
1536040 2182
1536050 2182
1536060 2187
1536070 2187
1536080 2187
1536090 2179
1536100 2175
1536110 2175
1536120 2165
1536130 2156
1536140 2156
1536150 2151
1536160 2146
1536170 2146
1536180 2144
1536190 2142
1536200 2142
1536210 2140
1536220 2137
1536230 2137
1536240 2134
1536250 2130
1536260 2130
1536270 2127
1536280 2125
1536290 2124
1536300 2124
1536310 2121
1536320 2115
1536330 2115
1536340 2111
1536350 2106
1536360 2106
1536370 2095
1536380 2084
1536390 2084
1536400 2075
1536410 2068
1536420 2068
1536430 2061
1536440 2058
1536450 2058
1536460 2056
1536470 2054
1536480 2054
1536490 2053
1536500 2051
1536510 2051
1536520 2050
1536530 2052
1536540 2052
1536550 2055
1536560 2057
1536570 2058
1536580 2058
1536590 2062
1536600 2066
1536610 2066
1536620 2071
1536630 2076
1536640 2076
1536650 2083
1536660 2089
1536670 2089
1536680 2103
1536690 2108
1536700 2108
1536710 2113
1536720 2115
1536730 2115
1536740 2116
1536750 2116
1536760 2116
1536770 2116
1536780 2117
1536790 2117
1536800 2118
1536810 2119
1536820 2119
1536830 2122
1536840 2125
1536850 2126
1536860 2126
1536870 2122
1536880 2120
1536890 2120
1536900 2120
1536910 2120
1536920 2120
1536930 2120
1536940 2120
1536950 2120
1536960 2121
1536970 2122
1536980 2122
1536990 2124
1537000 2126
1537010 2126
1537020 2128
1537030 2131
1537040 2131
1537050 2135
1537060 2138
1537070 2138
1537080 2143
1537090 2149
1537100 2149
1537110 2158
1537120 2161
1537130 2164
1537140 2164
1537150 2165
1537160 2163
1537170 2163
1537180 2163
1537190 2164
1537200 2164
1537210 2167
1537220 2166
1537230 2166
1537240 2170
1537250 2175
1537260 2175
1537270 2178
1537280 2180
1537290 2180
1537300 2180
1537310 2180
1537320 2180
1537330 2181
1537340 2184
1537350 2184
1537360 2187
1537370 2185
1537380 2185
1537390 2176
1537400 2166
1537410 2156
1537420 2156
1537430 2145
1537440 2137
1537450 2137
1537460 2130
1537470 2122
1537480 2122
1537490 2114
1537500 2109
1537510 2109
1537520 2106
1537530 2102
1537540 2102
1537550 2099
1537560 2098
1537570 2098
1537580 2095
1537590 2092
1537600 2092
1537610 2092
1537620 2093
1537630 2093
1537640 2095
1537650 2098
1537660 2098
1537670 2102
1537680 2106
1537690 2109
1537700 2109
1537710 2106
1537720 2096
1537730 2096
1537740 2098
1537750 2099
1537760 2099
1537770 2100
1537780 2092
1537790 2092
1537800 2079
1537810 2075
1537820 2075
1537830 2078
1537840 2064
1537850 2064
1537860 2037
1537870 2008
1537880 2008
1537890 1975
1537900 1952
1537910 1952
1537920 1938
1537930 1930
1537940 1930
1537950 1922
1537960 1916
1537970 1911
1537980 1911
1537990 1905
1538000 1895
1538010 1895
1538020 1878
1538030 1870
1538040 1870
1538050 1866
1538060 1864
1538070 1864
1538080 1865
1538090 1873
1538100 1873
1538110 1877
1538120 1879
1538130 1879
1538140 1877
1538150 1874
1538160 1874
1538170 1872
1538180 1869
1538190 1869
1538200 1867
1538210 1865
1538220 1865
1538230 1846
1538240 1814
1538250 1806
1538260 1806
1538270 1788
1538280 1780
1538290 1780
1538300 1773
1538310 1769
1538320 1769
1538330 1763
1538340 1758
1538350 1758
1538360 1753
1538370 1749
1538380 1749
1538390 1744
1538400 1739
1538410 1739
1538420 1735
1538430 1731
1538440 1731
1538450 1728
1538460 1725
1538470 1725
1538480 1722
1538490 1720
1538500 1720
1538510 1721
1538520 1720
1538530 1719
1538540 1719
1538550 1720
1538560 1722
1538570 1722
1538580 1724
1538590 1726
1538600 1726
1538610 1728
1538620 1730
1538630 1730
1538640 1731
1538650 1733
1538660 1733
1538670 1735
1538680 1737
1538690 1737
1538700 1738
1538710 1740
1538720 1740
1538730 1741
1538740 1744
1538750 1744
1538760 1746
1538770 1748
1538780 1748
1538790 1750
1538800 1753
1538810 1756
1538820 1756
1538830 1759
1538840 1763
1538850 1763
1538860 1766
1538870 1769
1538880 1769
1538890 1774
1538900 1776
1538910 1776
1538920 1779
1538930 1783
1538940 1783
1538950 1790
1538960 1797
1538970 1797
1538980 1817
1538990 1879
1539000 1879
1539010 1896
1539020 1906
1539030 1906
1539040 1912
1539050 1915
1539060 1915
1539070 1919
1539080 1922
1539090 1926
1539100 1926
1539110 1932
1539120 1937
1539130 1937
1539140 1941
1539150 1946
1539160 1946
1539170 1952
1539180 1956
1539190 1956
1539200 1960
1539210 1963
1539220 1963
1539230 1967
1539240 1972
1539250 1972
1539260 1977
1539270 1981
1539280 1981
1539290 1986
1539300 1991
1539310 1991
1539320 1995
1539330 2003
1539340 2003
1539350 2018
1539360 2038
1539370 2065
1539380 2065
1539390 2082
1539400 2093
1539410 2093
1539420 2101
1539430 2109
1539440 2109
1539450 2118
1539460 2126
1539470 2126
1539480 2133
1539490 2141
1539500 2141
1539510 2151
1539520 2161
1539530 2161
1539540 2170
1539550 2179
1539560 2179
1539570 2187
1539580 2195
1539590 2195
1539600 2203
1539610 2212
1539620 2212
1539630 2221
1539640 2230
1539650 2238
1539660 2238
1539670 2247
1539680 2257
1539690 2257
1539700 2270
1539710 2278
1539720 2278
1539730 2294
1539740 2310
1539750 2310
1539760 2319
1539770 2327
1539780 2327
1539790 2335
1539800 2343
1539810 2343
1539820 2351
1539830 2358
1539840 2358
1539850 2368
1539860 2378
1539870 2378
1539880 2386
1539890 2394
1539900 2394
1539910 2402
1539920 2412
1539930 2425
1539940 2425
1539950 2447
1539960 2448
1539970 2448
1539980 2452
1539990 2458
