1520000 1266
1520010 1256
1520020 1256
1520030 1246
1520040 1240
1520050 1240
1520060 1232
1520070 1222
1520080 1222
1520090 1211
1520100 1199
1520110 1199
1520120 1189
1520130 1181
1520140 1181
1520150 1173
1520160 1166
1520170 1166
1520180 1159
1520190 1153
1520200 1153
1520210 1147
1520220 1140
1520230 1133
1520240 1133
1520250 1126
1520260 1118
1520270 1118
1520280 1111
1520290 1102
1520300 1102
1520310 1094
1520320 1088
1520330 1088
1520340 1083
1520350 1077
1520360 1077
1520370 1072
1520380 1067
1520390 1067
1520400 1062
1520410 1058
1520420 1058
1520430 1053
1520440 1048
1520450 1048
1520460 1043
1520470 1038
1520480 1038
1520490 1033
1520500 1027
1520510 1027
1520520 1022
1520530 1017
1520540 1013
1520550 1013
1520560 1009
1520570 1004
1520580 1004
1520590 1001
1520600 998
1520610 998
1520620 995
1520630 993
1520640 993
1520650 990
1520660 988
1520670 988
1520680 986
1520690 983
1520700 983
1520710 981
1520720 980
1520730 980
1520740 978
1520750 976
1520760 976
1520770 974
1520780 973
1520790 973
1520800 972
1520810 970
1520820 969
1520830 969
1520840 968
1520850 967
1520860 967
1520870 967
1520880 967
1520890 967
1520900 967
1520910 966
1520920 966
1520930 966
1520940 965
1520950 965
1520960 965
1520970 965
1520980 965
1520990 964
1521000 964
1521010 964
1521020 964
1521030 964
1521040 964
1521050 964
1521060 964
1521070 964
1521080 963
1521090 963
1521100 965
1521110 965
1521120 967
1521130 970
1521140 970
1521150 973
1521160 977
1521170 977
1521180 981
1521190 986
1521200 986
1521210 990
1521220 997
1521230 997
1521240 1005
1521250 1014
1521260 1014
1521270 1026
1521280 1036
1521290 1036
1521300 1043
1521310 1050
1521320 1050
1521330 1062
1521340 1073
1521350 1073
1521360 1085
1521370 1098
1521380 1109
1521390 1109
1521400 1116
1521410 1123
1521420 1123
1521430 1132
1521440 1141
1521450 1141
1521460 1147
1521470 1152
1521480 1152
1521490 1155
1521500 1158
1521510 1158
1521520 1164
1521530 1169
1521540 1169
1521550 1175
1521560 1181
1521570 1181
1521580 1187
1521590 1195
1521600 1195
1521610 1205
1521620 1214
1521630 1214
1521640 1222
1521650 1230
1521660 1238
1521670 1238
1521680 1247
1521690 1263
1521700 1263
1521710 1291
1521720 1315
1521730 1315
1521740 1330
1521750 1340
1521760 1340
1521770 1346
1521780 1351
1521790 1351
1521800 1363
1521810 1378
1521820 1378
1521830 1385
1521840 1393
1521850 1393
1521860 1397
1521870 1402
1521880 1402
1521890 1408
1521900 1417
1521910 1417
1521920 1424
1521930 1429
1521940 1431
1521950 1431
1521960 1433
1521970 1432
1521980 1432
1521990 1431
1522000 1431
1522010 1431
1522020 1430
1522030 1430
1522040 1430
1522050 1431
1522060 1432
1522070 1432
1522080 1435
1522090 1435
1522100 1435
1522110 1434
1522120 1435
1522130 1435
1522140 1438
1522150 1441
1522160 1441
1522170 1442
1522180 1443
1522190 1443
1522200 1443
1522210 1444
1522220 1447
1522230 1447
1522240 1450
1522250 1454
1522260 1454
1522270 1458
1522280 1462
1522290 1462
1522300 1467
1522310 1471
1522320 1470
1522330 1476
1522340 1480
1522350 1480
1522360 1485
1522370 1489
1522380 1489
1522390 1495
1522400 1501
1522410 1501
1522420 1507
1522430 1515
1522440 1515
1522450 1522
1522460 1529
1522470 1529
1522480 1534
1522490 1541
1522500 1547
1522510 1547
1522520 1551
1522530 1556
1522540 1556
1522550 1559
1522560 1562
1522570 1562
1522580 1568
1522590 1572
1522600 1572
1522610 1577
1522620 1582
1522630 1582
1522640 1585
1522650 1590
1522660 1590
1522670 1594
1522680 1599
1522690 1599
1522700 1604
1522710 1610
1522720 1610
1522730 1617
1522740 1623
1522750 1623
1522760 1631
1522770 1637
1522780 1644
1522790 1644
1522800 1649
1522810 1655
1522820 1655
1522830 1660
1522840 1664
1522850 1664
1522860 1671
1522870 1676
1522880 1676
1522890 1680
1522900 1681
1522910 1681
1522920 1684
1522930 1686
1522940 1686
1522950 1688
1522960 1688
1522970 1688
1522980 1687
1522990 1683
1523000 1683
1523010 1681
1523020 1679
1523030 1679
1523040 1676
1523050 1672
1523060 1667
1523070 1667
1523080 1664
1523090 1663
1523100 1663
1523110 1660
1523120 1658
1523130 1658
1523140 1655
1523150 1652
1523160 1652
1523170 1652
1523180 1652
1523190 1652
1523200 1653
1523210 1653
1523220 1653
1523230 1654
1523240 1654
1523250 1654
1523260 1655
1523270 1654
1523280 1654
1523290 1653
1523300 1652
1523310 1652
1523320 1652
1523330 1653
1523340 1654
1523350 1654
1523360 1656
1523370 1657
1523380 1657
1523390 1657
1523400 1656
1523410 1656
1523420 1655
1523430 1654
1523440 1654
1523450 1653
1523460 1651
1523470 1651
1523480 1650
1523490 1650
1523500 1650
1523510 1650
1523520 1647
1523530 1647
1523540 1644
1523550 1641
1523560 1641
1523570 1635
1523580 1620
1523590 1620
1523600 1600
1523610 1577
1523620 1564
1523630 1564
1523640 1556
1523650 1542
1523660 1542
1523670 1532
1523680 1528
1523690 1528
1523700 1524
1523710 1521
1523720 1521
1523730 1522
1523740 1524
1523750 1524
1523760 1519
1523770 1508
1523780 1508
1523790 1506
1523800 1506
1523810 1506
1523820 1507
1523830 1508
1523840 1508
1523850 1506
1523860 1502
1523870 1502
1523880 1502
1523890 1499
1523900 1495
1523910 1495
1523920 1493
1523930 1495
1523940 1495
1523950 1496
1523960 1497
1523970 1497
1523980 1498
1523990 1503
1524000 1503
1524010 1507
1524020 1510
1524030 1510
1524040 1510
1524050 1509
1524060 1509
1524070 1507
1524080 1506
1524090 1506
1524100 1505
1524110 1504
1524120 1504
1524130 1503
1524140 1501
1524150 1501
1524160 1499
1524170 1493
1524180 1487
1524190 1487
1524200 1476
1524210 1465
1524220 1465
1524230 1464
1524240 1462
1524250 1462
1524260 1458
1524270 1458
1524280 1458
1524290 1459
1524300 1456
1524310 1456
1524320 1448
1524330 1442
1524340 1442
1524350 1443
1524360 1449
1524370 1449
1524380 1447
1524390 1444
1524400 1444
1524410 1441
1524420 1438
1524430 1438
1524440 1434
1524450 1430
1524460 1428
1524470 1428
1524480 1427
1524490 1426
1524500 1426
1524510 1423
1524520 1416
1524530 1416
1524540 1408
1524550 1403
1524560 1403
1524570 1396
1524580 1390
1524590 1390
1524600 1381
1524610 1373
1524620 1373
1524630 1370
1524640 1369
1524650 1369
1524660 1367
1524670 1364
1524680 1364
1524690 1360
1524700 1354
1524710 1354
1524720 1348
1524730 1343
1524740 1336
1524750 1336
1524760 1333
1524770 1333
1524780 1333
1524790 1330
1524800 1327
1524810 1327
1524820 1325
1524830 1322
1524840 1322
1524850 1320
1524860 1317
1524870 1317
1524880 1316
1524890 1315
1524900 1315
1524910 1310
1524920 1304
1524930 1304
1524940 1298
1524950 1291
1524960 1291
1524970 1293
1524980 1299
1524990 1299
1525000 1302
1525010 1305
1525020 1304
1525030 1304
1525040 1303
1525050 1302
1525060 1302
1525070 1303
1525080 1304
1525090 1304
1525100 1303
1525110 1305
1525120 1305
1525130 1310
1525140 1315
1525150 1315
1525160 1317
1525170 1317
1525180 1317
1525190 1315
1525200 1314
1525210 1314
1525220 1314
1525230 1314
1525240 1314
1525250 1313
1525260 1312
1525270 1312
1525280 1311
1525290 1309
1525300 1306
1525310 1306
1525320 1300
1525330 1297
1525340 1297
1525350 1293
1525360 1292
1525370 1292
1525380 1291
1525390 1291
1525400 1291
1525410 1291
1525420 1292
1525430 1292
1525440 1291
1525450 1296
1525460 1296
1525470 1308
1525480 1303
1525490 1303
1525500 1298
1525510 1297
1525520 1297
1525530 1301
1525540 1301
1525550 1301
1525560 1298
1525570 1300
1525580 1292
1525590 1292
1525600 1287
1525610 1282
1525620 1282
1525630 1279
1525640 1276
1525650 1276
1525660 1274
1525670 1273
1525680 1273
1525690 1274
1525700 1276
1525710 1276
1525720 1278
1525730 1283
1525740 1283
1525750 1285
1525760 1286
1525770 1286
1525780 1288
1525790 1286
1525800 1286
1525810 1279
1525820 1266
1525830 1266
1525840 1257
1525850 1250
1525860 1247
1525870 1247
1525880 1244
1525890 1241
1525900 1241
1525910 1240
1525920 1239
1525930 1239
1525940 1236
1525950 1229
1525960 1229
1525970 1222
1525980 1213
1525990 1213
1526000 1205
1526010 1198
1526020 1198
1526030 1198
1526040 1211
1526050 1211
1526060 1220
1526070 1223
1526080 1223
1526090 1227
1526100 1230
1526110 1230
1526120 1232
1526130 1233
1526140 1233
1526150 1233
1526160 1233
1526170 1233
1526180 1233
1526190 1232
1526200 1230
1526210 1230
1526220 1229
1526230 1227
1526240 1227
1526250 1224
1526260 1220
1526270 1220
1526280 1219
1526290 1220
1526300 1220
1526310 1219
1526320 1218
1526330 1218
1526340 1217
1526350 1216
1526360 1216
1526370 1214
1526380 1211
1526390 1211
1526400 1209
1526410 1206
1526420 1206
1526430 1204
1526440 1201
1526450 1198
1526460 1198
1526470 1195
1526480 1191
1526490 1191
1526500 1187
1526510 1187
1526520 1187
1526530 1187
1526540 1184
1526550 1184
1526560 1182
1526570 1175
1526580 1175
1526590 1161
1526600 1156
1526610 1156
1526620 1153
1526630 1149
1526640 1149
1526650 1144
1526660 1140
1526670 1140
1526680 1135
1526690 1130
1526700 1130
1526710 1124
1526720 1119
1526730 1113
1526740 1113
1526750 1105
1526760 1100
1526770 1100
1526780 1097
1526790 1094
1526800 1094
1526810 1090
1526820 1088
1526830 1088
1526840 1085
1526850 1082
1526860 1082
1526870 1078
1526880 1075
1526890 1075
1526900 1071
1526910 1067
1526920 1067
1526930 1063
1526940 1059
1526950 1059
1526960 1054
1526970 1050
1526980 1050
1526990 1048
1527000 1049
1527010 1049
1527020 1049
1527030 1048
1527040 1048
1527050 1048
1527060 1047
1527070 1047
1527080 1047
1527090 1047
1527100 1044
1527110 1044
1527120 1042
1527130 1039
1527140 1039
1527150 1035
1527160 1033
1527170 1033
1527180 1031
1527190 1029
1527200 1029
1527210 1026
1527220 1024
1527230 1024
1527240 1022
1527250 1021
1527260 1021
1527270 1020
1527280 1020
1527290 1021
1527300 1021
1527310 1021
1527320 1021
1527330 1021
1527340 1021
1527350 1021
1527360 1021
1527370 1021
1527380 1021
1527390 1021
1527400 1021
1527410 1021
1527420 1021
1527430 1021
1527440 1021
1527450 1021
1527460 1021
1527470 1021
1527480 1021
1527490 1021
1527500 1021
1527510 1021
1527520 1021
1527530 1021
1527540 1021
1527550 1021
1527560 1021
1527570 1021
1527580 1021
1527590 1021
1527600 1021
1527610 1021
1527620 1022
1527630 1022
1527640 1022
1527650 1022
1527660 1022
1527670 1022
1527680 1022
1527690 1022
1527700 1022
1527710 1022
1527720 1022
1527730 1022
1527740 1023
1527750 1023
1527760 1023
1527770 1023
1527780 1023
1527790 1023
1527800 1024
1527810 1026
1527820 1026
1527830 1027
1527840 1029
1527850 1032
1527860 1032
1527870 1034
1527880 1036
1527890 1036
1527900 1039
1527910 1041
1527920 1041
1527930 1043
1527940 1045
1527950 1045
1527960 1047
1527970 1050
1527980 1050
1527990 1053
1528000 1055
1528010 1055
1528020 1057
1528030 1060
1528040 1060
1528050 1062
1528060 1064
1528070 1064
1528080 1066
1528090 1069
1528100 1069
1528110 1074
1528120 1079
1528130 1083
1528140 1083
1528150 1086
1528160 1089
1528170 1089
1528180 1091
1528190 1095
1528200 1095
1528210 1100
1528220 1106
1528230 1106
1528240 1112
1528250 1118
1528260 1118
1528270 1121
1528280 1124
1528290 1124
1528300 1127
1528310 1132
1528320 1132
1528330 1135
1528340 1136
1528350 1136
1528360 1139
1528370 1143
1528380 1143
1528390 1144
1528400 1147
1528410 1154
1528420 1154
1528430 1161
1528440 1168
1528450 1168
1528460 1176
1528470 1184
1528480 1184
1528490 1193
1528500 1201
1528510 1201
1528520 1208
1528530 1216
1528540 1216
1528550 1223
1528560 1230
1528570 1230
1528580 1236
1528590 1248
1528600 1248
1528610 1255
1528620 1265
1528630 1265
1528640 1276
1528650 1282
1528660 1282
1528670 1290
1528680 1300
1528690 1315
1528700 1315
1528710 1330
1528720 1332
1528730 1332
1528740 1329
1528750 1335
1528760 1335
1528770 1335
1528780 1351
1528790 1351
1528800 1364
1528810 1369
1528820 1369
1528830 1370
1528840 1369
1528850 1369
1528860 1368
1528870 1366
1528880 1366
1528890 1361
1528900 1359
1528910 1359
1528920 1361
1528930 1361
1528940 1361
1528950 1391
1528960 1399
1528970 1402
1528980 1402
1528990 1403
1529000 1406
1529010 1406
1529020 1411
1529030 1413
1529040 1413
1529050 1411
1529060 1415
1529070 1415
1529080 1420
1529090 1409
1529100 1409
1529110 1410
1529120 1411
1529130 1411
1529140 1419
1529150 1429
1529160 1429
1529170 1442
1529180 1455
1529190 1455
1529200 1464
1529210 1469
1529220 1469
1529230 1470
1529240 1477
1529250 1485
1529260 1485
1529270 1496
1529280 1505
1529290 1505
1529300 1517
1529310 1531
1529320 1531
1529330 1544
1529340 1558
1529350 1558
1529360 1571
1529370 1579
1529380 1579
1529390 1587
1529400 1591
1529410 1591
1529420 1599
1529430 1607
1529440 1607
1529450 1615
1529460 1627
1529470 1627
1529480 1637
1529490 1648
1529500 1648
1529510 1658
1529520 1669
1529530 1678
1529540 1678
1529550 1688
1529560 1699
1529570 1699
1529580 1707
1529590 1717
1529600 1717
1529610 1729
1529620 1738
1529630 1738
1529640 1741
1529650 1741
1529660 1741
1529670 1750
1529680 1755
1529690 1755
1529700 1764
1529710 1774
1529720 1774
1529730 1786
1529740 1797
1529750 1797
1529760 1809
1529770 1822
1529780 1822
1529790 1824
1529800 1828
1529810 1829
1529820 1829
1529830 1835
1529840 1845
1529850 1845
1529860 1841
1529870 1845
1529880 1845
1529890 1864
1529900 1882
1529910 1882
1529920 1891
1529930 1892
1529940 1892
1529950 1886
1529960 1884
1529970 1884
1529980 1894
1529990 1917
1530000 1917
1530010 1933
1530020 1952
1530030 1952
1530040 1965
1530050 1969
1530060 1969
1530070 1969
1530080 1966
1530090 1966
1530100 1966
1530110 1964
1530120 1962
1530130 1962
1530140 1959
1530150 1962
1530160 1962
1530170 1967
1530180 1972
1530190 1972
1530200 1980
1530210 1989
1530220 1989
1530230 2001
1530240 2010
1530250 2010
1530260 2012
1530270 2017
1530280 2017
1530290 2025
1530300 2038
1530310 2038
1530320 2051
1530330 2058
1530340 2058
1530350 2071
1530360 2087
1530370 2103
1530380 2103
1530390 2117
1530400 2122
1530410 2122
1530420 2128
1530430 2140
1530440 2140
1530450 2144
1530460 2139
1530470 2139
1530480 2129
1530490 2127
1530500 2127
1530510 2134
1530520 2143
1530530 2143
1530540 2152
1530550 2162
1530560 2162
1530570 2171
1530580 2180
1530590 2180
1530600 2189
1530610 2195
1530620 2195
1530630 2202
1530640 2211
1530650 2216
1530660 2216
1530670 2219
1530680 2220
1530690 2220
1530700 2220
1530710 2216
1530720 2216
1530730 2210
1530740 2197
1530750 2197
1530760 2186
1530770 2179
1530780 2179
1530790 2170
1530800 2165
1530810 2165
1530820 2159
1530830 2149
1530840 2149
1530850 2143
1530860 2138
1530870 2138
1530880 2131
1530890 2124
1530900 2124
1530910 2117
1530920 2113
1530930 2103
1530940 2103
1530950 2100
1530960 2096
1530970 2096
1530980 2092
1530990 2089
1531000 2089
1531010 2089
1531020 2087
1531030 2087
1531040 2090
1531050 2091
1531060 2091
1531070 2094
1531080 2095
1531090 2095
1531100 2096
1531110 2101
1531120 2101
1531130 2107
1531140 2116
1531150 2116
1531160 2123
1531170 2126
1531180 2126
1531190 2130
1531200 2133
1531210 2137
1531220 2137
1531230 2139
1531240 2144
1531250 2144
1531260 2147
1531270 2149
1531280 2149
1531290 2152
1531300 2155
1531310 2155
1531320 2160
1531330 2153
1531340 2153
1531350 2139
1531360 2125
1531370 2125
1531380 2117
1531390 2100
1531400 2100
1531410 2072
1531420 2067
1531430 2067
1531440 2061
1531450 2064
1531460 2064
1531470 2070
1531480 2049
1531490 2049
1531500 1973
1531510 1953
1531520 1946
1531530 1946
1531540 1940
1531550 1934
1531560 1934
1531570 1930
1531580 1930
1531590 1930
1531600 1937
1531610 1939
1531620 1939
1531630 1933
1531640 1922
1531650 1922
1531660 1903
1531670 1901
1531680 1901
1531690 1905
1531700 1905
1531710 1905
1531720 1893
1531730 1874
1531740 1874
1531750 1852
1531760 1835
1531770 1835
1531780 1823
1531790 1821
1531800 1819
1531810 1819
1531820 1815
1531830 1810
1531840 1810
1531850 1806
1531860 1801
1531870 1801
1531880 1797
1531890 1792
1531900 1792
1531910 1787
1531920 1782
1531930 1782
1531940 1778
1531950 1773
1531960 1773
1531970 1769
1531980 1765
1531990 1765
1532000 1760
1532010 1756
1532020 1756
1532030 1752
1532040 1749
1532050 1749
1532060 1746
1532070 1745
1532080 1743
1532090 1743
1532100 1741
1532110 1742
1532120 1742
1532130 1742
1532140 1741
1532150 1741
1532160 1740
1532170 1740
1532180 1740
1532190 1742
1532200 1745
1532210 1745
1532220 1749
1532230 1752
1532240 1752
1532250 1752
1532260 1752
1532270 1752
1532280 1752
1532290 1753
1532300 1753
1532310 1753
1532320 1754
1532330 1754
1532340 1756
1532350 1757
1532360 1756
1532370 1756
1532380 1754
1532390 1754
1532400 1754
1532410 1752
1532420 1749
1532430 1749
1532440 1747
1532450 1750
1532460 1750
1532470 1754
1532480 1756
1532490 1756
1532500 1758
1532510 1760
1532520 1760
1532530 1763
1532540 1766
1532550 1766
1532560 1767
1532570 1769
1532580 1769
1532590 1773
1532600 1773
1532610 1773
1532620 1773
1532630 1773
1532640 1771
1532650 1771
1532660 1772
1532670 1772
1532680 1772
1532690 1773
1532700 1774
1532710 1774
1532720 1776
1532730 1779
1532740 1779
1532750 1782
1532760 1786
1532770 1786
1532780 1788
1532790 1789
1532800 1789
1532810 1792
1532820 1792
1532830 1792
1532840 1792
1532850 1793
1532860 1793
1532870 1793
1532880 1794
1532890 1794
1532900 1793
1532910 1792
1532920 1790
1532930 1790
1532940 1789
1532950 1790
1532960 1790
1532970 1794
1532980 1797
1532990 1797
1533000 1799
1533010 1801
1533020 1801
1533030 1801
1533040 1800
1533050 1800
1533060 1799
1533070 1798
1533080 1798
1533090 1796
1533100 1795
1533110 1795
1533120 1795
1533130 1795
1533140 1795
1533150 1796
1533160 1802
1533170 1802
1533180 1807
1533190 1811
1533200 1816
1533210 1816
1533220 1822
1533230 1828
1533240 1828
1533250 1834
1533260 1839
1533270 1839
1533280 1846
1533290 1852
1533300 1852
1533310 1858
1533320 1866
1533330 1866
1533340 1874
1533350 1884
1533360 1884
1533370 1898
1533380 1911
1533390 1911
1533400 1924
1533410 1931
1533420 1931
1533430 1936
1533440 1940
1533450 1940
1533460 1946
1533470 1951
1533480 1955
1533490 1955
1533500 1958
1533510 1960
1533520 1960
1533530 1962
1533540 1964
1533550 1964
1533560 1966
1533570 1970
1533580 1970
1533590 1974
1533600 1979
1533610 1979
1533620 1984
1533630 1991
1533640 1991
1533650 1999
1533660 2007
1533670 2007
1533680 2016
1533690 2025
1533700 2025
1533710 2032
1533720 2037
1533730 2037
1533740 2043
1533750 2048
1533760 2054
1533770 2054
1533780 2059
1533790 2063
1533800 2063
1533810 2068
1533820 2073
1533830 2073
1533840 2076
1533850 2079
1533860 2079
1533870 2081
1533880 2084
1533890 2084
1533900 2088
1533910 2092
1533920 2092
1533930 2098
1533940 2103
1533950 2103
1533960 2104
1533970 2105
1533980 2105
1533990 2107
1534000 2108
1534010 2108
1534020 2110
1534030 2112
1534040 2114
1534050 2114
1534060 2115
1534070 2120
1534080 2120
1534090 2123
1534100 2126
1534110 2126
1534120 2128
1534130 2131
1534140 2131
1534150 2134
1534160 2137
1534170 2137
1534180 2141
1534190 2145
1534200 2145
1534210 2148
1534220 2152
1534230 2152
1534240 2157
1534250 2162
1534260 2162
1534270 2168
1534280 2173
1534290 2173
1534300 2177
1534310 2180
1534320 2181
1534330 2181
1534340 2181
1534350 2183
1534360 2183
1534370 2184
1534380 2184
1534390 2184
1534400 2183
1534410 2182
1534420 2182
1534430 2182
1534440 2183
1534450 2183
1534460 2185
1534470 2187
1534480 2187
1534490 2188
1534500 2188
1534510 2188
1534520 2187
1534530 2185
1534540 2185
1534550 2178
1534560 2170
1534570 2170
1534580 2166
1534590 2158
1534600 2138
1534610 2138
1534620 2127
1534630 2113
1534640 2113
1534650 2108
1534660 2102
1534670 2102
1534680 2097
1534690 2094
1534700 2094
1534710 2092
1534720 2088
1534730 2088
1534740 2086
1534750 2086
1534760 2086
1534770 2088
1534780 2090
1534790 2090
1534800 2093
1534810 2097
1534820 2097
1534830 2103
1534840 2109
1534850 2109
1534860 2115
1534870 2118
1534880 2110
1534890 2110
1534900 2109
1534910 2109
1534920 2109
1534930 2107
1534940 2110
1534950 2110
1534960 2120
1534970 2125
1534980 2125
1534990 2125
1535000 2125
1535010 2125
1535020 2128
1535030 2129
1535040 2129
1535050 2131
1535060 2134
1535070 2134
1535080 2134
1535090 2134
1535100 2134
1535110 2133
1535120 2129
1535130 2129
1535140 2126
1535150 2121
1535160 2124
1535170 2124
1535180 2133
1535190 2138
1535200 2138
1535210 2129
1535220 2123
1535230 2123
1535240 2118
1535250 2111
1535260 2111
1535270 2109
1535280 2103
1535290 2103
1535300 2098
1535310 2093
1535320 2093
1535330 2096
1535340 2096
1535350 2096
1535360 2098
1535370 2101
1535380 2101
1535390 2104
1535400 2105
1535410 2105
1535420 2106
1535430 2107
1535440 2106
1535450 2106
1535460 2104
1535470 2103
1535480 2103
1535490 2102
1535500 2100
1535510 2100
1535520 2100
1535530 2100
1535540 2100
1535550 2103
1535560 2106
1535570 2106
1535580 2116
1535590 2122
1535600 2122
1535610 2126
1535620 2128
1535630 2128
1535640 2129
1535650 2129
1535660 2129
1535670 2129
1535680 2128
1535690 2128
1535700 2127
1535710 2126
1535720 2127
1535730 2127
1535740 2129
1535750 2132
1535760 2132
1535770 2135
1535780 2140
1535790 2140
1535800 2144
1535810 2149
1535820 2149
1535830 2155
1535840 2160
1535850 2160
1535860 2166
1535870 2172
1535880 2172
1535890 2179
1535900 2187
1535910 2187
1535920 2195
1535930 2202
1535940 2202
1535950 2202
1535960 2187
1535970 2187
1535980 2179
1535990 2169
1536000 2159
1536010 2159
1536020 2148
1536030 2136
1536040 2136
1536050 2124
1536060 2118
1536070 2118
1536080 2111
1536090 2104
1536100 2104
1536110 2098
1536120 2092
1536130 2092
1536140 2086
1536150 2083
1536160 2083
1536170 2080
1536180 2076
1536190 2076
1536200 2074
1536210 2071
1536220 2071
1536230 2069
1536240 2066
1536250 2066
1536260 2064
1536270 2062
1536280 2062
1536290 2062
1536300 2062
1536310 2059
1536320 2059
1536330 2058
1536340 2056
1536350 2056
1536360 2055
1536370 2055
1536380 2055
1536390 2054
1536400 2052
1536410 2052
1536420 2052
1536430 2053
1536440 2053
1536450 2051
1536460 2050
1536470 2050
1536480 2052
1536490 2052
1536500 2052
1536510 2051
1536520 2050
1536530 2050
1536540 2049
1536550 2048
1536560 2048
1536570 2047
1536580 2051
1536590 2055
1536600 2055
1536610 2055
1536620 2051
1536630 2051
1536640 2046
1536650 2042
1536660 2042
1536670 2040
1536680 2039
1536690 2039
1536700 2039
1536710 2040
1536720 2040
1536730 2040
1536740 2041
1536750 2041
1536760 2040
1536770 2039
1536780 2039
1536790 2039
1536800 2038
1536810 2038
1536820 2035
1536830 2032
1536840 2032
1536850 2029
1536860 2026
1536870 2024
1536880 2024
1536890 2024
1536900 2023
1536910 2023
1536920 2019
1536930 2016
1536940 2016
1536950 2011
1536960 2007
1536970 2007
1536980 2005
1536990 2002
1537000 2002
1537010 2000
1537020 2000
1537030 2000
1537040 1999
1537050 1995
1537060 1995
1537070 1991
1537080 1984
1537090 1984
1537100 1979
1537110 1976
1537120 1976
1537130 1973
1537140 1971
1537150 1972
1537160 1972
1537170 1971
1537180 1970
1537190 1970
1537200 1968
1537210 1967
1537220 1967
1537230 1968
1537240 1970
1537250 1970
1537260 1973
1537270 1977
1537280 1977
1537290 1981
1537300 1983
1537310 1983
1537320 1986
1537330 1989
1537340 1989
1537350 1990
1537360 1990
1537370 1990
1537380 1991
1537390 1990
1537400 1990
1537410 1990
1537420 1990
1537430 1990
1537440 1990
1537450 1989
1537460 1987
1537470 1987
1537480 1984
1537490 1981
1537500 1981
1537510 1982
1537520 1982
1537530 1982
1537540 1981
1537550 1982
1537560 1982
1537570 1982
1537580 1981
1537590 1981
1537600 1982
1537610 1985
1537620 1985
1537630 1984
1537640 1974
1537650 1974
1537660 1959
1537670 1947
1537680 1947
1537690 1935
1537700 1923
1537710 1909
1537720 1909
1537730 1890
1537740 1877
1537750 1877
1537760 1869
1537770 1861
1537780 1861
1537790 1854
1537800 1848
1537810 1848
1537820 1841
1537830 1834
1537840 1834
1537850 1831
1537860 1823
1537870 1823
1537880 1812
1537890 1803
1537900 1803
1537910 1793
1537920 1780
1537930 1780
1537940 1767
1537950 1752
1537960 1752
1537970 1738
1537980 1723
1537990 1720
1538000 1720
1538010 1707
1538020 1690
1538030 1690
1538040 1683
1538050 1677
1538060 1677
1538070 1672
1538080 1672
1538090 1672
1538100 1672
1538110 1672
1538120 1672
1538130 1672
1538140 1672
1538150 1672
1538160 1672
1538170 1672
1538180 1672
1538190 1672
1538200 1672
1538210 1672
1538220 1672
1538230 1672
1538240 1672
1538250 1672
1538260 1672
1538270 1672
1538280 1672
1538290 1672
1538300 1672
1538310 1672
1538320 1672
1538330 1672
1538340 1672
1538350 1672
1538360 1672
1538370 1672
1538380 1681
1538390 1694
1538400 1694
1538410 1696
1538420 1700
1538430 1700
1538440 1705
1538450 1712
1538460 1712
1538470 1722
1538480 1739
1538490 1739
1538500 1749
1538510 1756
1538520 1756
1538530 1758
1538540 1760
1538550 1765
1538560 1765
1538570 1768
1538580 1771
1538590 1771
1538600 1774
1538610 1779
1538620 1779
1538630 1785
1538640 1791
1538650 1791
1538660 1796
1538670 1802
1538680 1802
1538690 1808
1538700 1813
1538710 1813
1538720 1819
1538730 1826
1538740 1826
1538750 1842
1538760 1855
1538770 1855
1538780 1860
1538790 1865
1538800 1865
1538810 1871
1538820 1879
1538830 1887
1538840 1887
1538850 1897
1538860 1905
1538870 1905
1538880 1915
1538890 1924
1538900 1924
1538910 1932
1538920 1941
1538930 1941
1538940 1949
1538950 1958
1538960 1958
1538970 1968
1538980 1975
1538990 1975
1539000 1983
1539010 1990
1539020 1990
1539030 1997
1539040 2005
1539050 2005
1539060 2012
1539070 2020
1539080 2020
1539090 2027
1539100 2034
1539110 2042
1539120 2042
1539130 2050
1539140 2058
1539150 2058
1539160 2066
1539170 2073
1539180 2073
1539190 2079
1539200 2086
1539210 2086
1539220 2091
1539230 2098
1539240 2098
1539250 2105
1539260 2113
1539270 2113
1539280 2122
1539290 2134
1539300 2134
1539310 2141
1539320 2151
1539330 2151
1539340 2165
1539350 2174
1539360 2174
1539370 2181
1539380 2188
1539390 2195
1539400 2195
1539410 2201
1539420 2208
1539430 2208
1539440 2216
1539450 2224
1539460 2224
1539470 2231
1539480 2235
1539490 2235
1539500 2239
1539510 2244
1539520 2244
1539530 2253
1539540 2259
1539550 2259
1539560 2267
1539570 2274
1539580 2274
1539590 2282
1539600 2290
1539610 2290
1539620 2297
1539630 2305
1539640 2305
1539650 2313
1539660 2321
1539670 2328
1539680 2328
1539690 2336
1539700 2343
1539710 2343
1539720 2351
1539730 2357
1539740 2357
1539750 2366
1539760 2373
1539770 2373
1539780 2381
1539790 2388
1539800 2388
1539810 2397
1539820 2416
1539830 2416
1539840 2414
1539850 2393
1539860 2393
1539870 2382
1539880 2374
1539890 2374
1539900 2367
1539910 2361
1539920 2361
1539930 2358
1539940 2355
1539950 2353
1539960 2353
1539970 2352
1539980 2354
1539990 2354
