1520000 1251
1520010 1247
1520020 1242
1520030 1242
1520040 1237
1520050 1232
1520060 1232
1520070 1228
1520080 1224
1520090 1224
1520100 1220
1520110 1218
1520120 1218
1520130 1215
1520140 1213
1520150 1213
1520160 1210
1520170 1206
1520180 1206
1520190 1199
1520200 1193
1520210 1193
1520220 1187
1520230 1181
1520240 1176
1520250 1176
1520260 1172
1520270 1169
1520280 1169
1520290 1165
1520300 1161
1520310 1161
1520320 1156
1520330 1153
1520340 1153
1520350 1149
1520360 1146
1520370 1146
1520380 1143
1520390 1138
1520400 1138
1520410 1134
1520420 1131
1520430 1131
1520440 1127
1520450 1123
1520460 1123
1520470 1120
1520480 1116
1520490 1116
1520500 1112
1520510 1108
1520520 1105
1520530 1105
1520540 1102
1520550 1098
1520560 1098
1520570 1095
1520580 1091
1520590 1091
1520600 1088
1520610 1085
1520620 1085
1520630 1083
1520640 1082
1520650 1082
1520660 1078
1520670 1075
1520680 1075
1520690 1072
1520700 1069
1520710 1069
1520720 1065
1520730 1062
1520740 1062
1520750 1058
1520760 1055
1520770 1055
1520780 1052
1520790 1049
1520800 1047
1520810 1047
1520820 1044
1520830 1042
1520840 1042
1520850 1039
1520860 1037
1520870 1037
1520880 1035
1520890 1033
1520900 1033
1520910 1030
1520920 1028
1520930 1028
1520940 1024
1520950 1022
1520960 1022
1520970 1020
1520980 1017
1520990 1017
1521000 1015
1521010 1012
1521020 1012
1521030 1008
1521040 1006
1521050 1006
1521060 1004
1521070 1001
1521080 1001
1521090 998
1521100 995
1521110 992
1521120 992
1521130 989
1521140 987
1521150 987
1521160 985
1521170 984
1521180 984
1521190 982
1521200 980
1521210 980
1521220 978
1521230 976
1521240 976
1521250 973
1521260 970
1521270 970
1521280 969
1521290 967
1521300 967
1521310 966
1521320 963
1521330 963
1521340 961
1521350 959
1521360 959
1521370 957
1521380 955
1521390 953
1521400 953
1521410 951
1521420 949
1521430 949
1521440 947
1521450 945
1521460 945
1521470 944
1521480 942
1521490 942
1521500 941
1521510 939
1521520 939
1521530 937
1521540 935
1521550 935
1521560 932
1521570 926
1521580 926
1521590 921
1521600 917
1521610 917
1521620 923
1521630 931
1521640 931
1521650 937
1521660 939
1521670 940
1521680 940
1521690 942
1521700 945
1521710 945
1521720 947
1521730 949
1521740 949
1521750 952
1521760 955
1521770 955
1521780 959
1521790 962
1521800 962
1521810 965
1521820 968
1521830 968
1521840 971
1521850 973
1521860 973
1521870 978
1521880 982
1521890 982
1521900 984
1521910 986
1521920 986
1521930 990
1521940 992
1521950 994
1521960 994
1521970 996
1521980 997
1521990 997
1522000 998
1522010 1000
1522020 1000
1522030 1003
1522040 1007
1522050 1007
1522060 1009
1522070 1012
1522080 1012
1522090 1016
1522100 1019
1522110 1019
1522120 1021
1522130 1024
1522140 1024
1522150 1025
1522160 1028
1522170 1028
1522180 1031
1522190 1033
1522200 1033
1522210 1035
1522220 1037
1522230 1040
1522240 1040
1522250 1041
1522260 1043
1522270 1043
1522280 1045
1522290 1046
1522300 1046
1522310 1048
1522320 1049
1522330 1049
1522340 1051
1522350 1051
1522360 1051
1522370 1048
1522380 1046
1522390 1046
1522400 1044
1522410 1044
1522420 1044
1522430 1044
1522440 1038
1522450 1038
1522460 1035
1522470 1030
1522480 1030
1522490 1025
1522500 1022
1522510 1022
1522520 1020
1522530 1016
1522540 1011
1522550 1011
1522560 1005
1522570 997
1522580 997
1522590 990
1522600 985
1522610 985
1522620 983
1522630 982
1522640 982
1522650 979
1522660 974
1522670 974
1522680 970
1522690 965
1522700 965
1522710 961
1522720 958
1522730 958
1522740 955
1522750 954
1522760 954
1522770 952
1522780 950
1522790 950
1522800 948
1522810 946
1522820 945
1522830 945
1522840 944
1522850 943
1522860 943
1522870 943
1522880 942
1522890 942
1522900 942
1522910 941
1522920 941
1522930 940
1522940 939
1522950 939
1522960 937
1522970 936
1522980 936
1522990 934
1523000 932
1523010 932
1523020 931
1523030 930
1523040 930
1523050 928
1523060 927
1523070 927
1523080 927
1523090 927
1523100 925
1523110 925
1523120 925
1523130 924
1523140 924
1523150 924
1523160 923
1523170 923
1523180 923
1523190 922
1523200 922
1523210 922
1523220 921
1523230 921
1523240 920
1523250 920
1523260 920
1523270 919
1523280 918
1523290 918
1523300 917
1523310 915
1523320 915
1523330 913
1523340 911
1523350 911
1523360 910
1523370 909
1523380 908
1523390 908
1523400 907
1523410 906
1523420 906
1523430 904
1523440 898
1523450 898
1523460 897
1523470 901
1523480 901
1523490 905
1523500 907
1523510 907
1523520 908
1523530 910
1523540 910
1523550 913
1523560 916
1523570 916
1523580 920
1523590 923
1523600 923
1523610 925
1523620 929
1523630 929
1523640 931
1523650 935
1523660 936
1523670 936
1523680 938
1523690 942
1523700 942
1523710 944
1523720 947
1523730 947
1523740 949
1523750 952
1523760 952
1523770 955
1523780 958
1523790 958
1523800 961
1523810 964
1523820 964
1523830 966
1523840 969
1523850 969
1523860 972
1523870 974
1523880 974
1523890 976
1523900 977
1523910 977
1523920 979
1523930 983
1523940 983
1523950 987
1523960 992
1523970 994
1523980 994
1523990 999
1524000 1003
1524010 1003
1524020 1007
1524030 1010
1524040 1010
1524050 1013
1524060 1015
1524070 1015
1524080 1016
1524090 1018
1524100 1018
1524110 1019
1524120 1021
1524130 1021
1524140 1024
1524150 1026
1524160 1026
1524170 1029
1524180 1032
1524190 1032
1524200 1034
1524210 1037
1524220 1037
1524230 1041
1524240 1044
1524250 1046
1524260 1046
1524270 1048
1524280 1051
1524290 1051
1524300 1055
1524310 1058
1524320 1058
1524330 1062
1524340 1066
1524350 1066
1524360 1070
1524370 1076
1524380 1076
1524390 1081
1524400 1086
1524410 1086
1524420 1090
1524430 1096
1524440 1096
1524450 1102
1524460 1109
1524470 1109
1524480 1116
1524490 1122
1524500 1122
1524510 1127
1524520 1131
1524530 1135
1524540 1135
1524550 1140
1524560 1145
1524570 1145
1524580 1150
1524590 1155
1524600 1155
1524610 1160
1524620 1164
1524630 1164
1524640 1169
1524650 1173
1524660 1173
1524670 1178
1524680 1183
1524690 1183
1524700 1188
1524710 1195
1524720 1195
1524730 1201
1524740 1207
1524750 1207
1524760 1215
1524770 1222
1524780 1222
1524790 1230
1524800 1236
1524810 1241
1524820 1241
1524830 1247
1524840 1252
1524850 1252
1524860 1258
1524870 1263
1524880 1263
1524890 1269
1524900 1275
1524910 1275
1524920 1280
1524930 1286
1524940 1286
1524950 1292
1524960 1298
1524970 1298
1524980 1302
1524990 1306
1525000 1306
1525010 1312
1525020 1318
1525030 1318
1525040 1326
1525050 1335
1525060 1335
1525070 1340
1525080 1346
1525090 1351
1525100 1351
1525110 1357
1525120 1364
1525130 1364
1525140 1371
1525150 1378
1525160 1378
1525170 1385
1525180 1392
1525190 1392
1525200 1399
1525210 1405
1525220 1405
1525230 1410
1525240 1415
1525250 1415
1525260 1419
1525270 1423
1525280 1423
1525290 1427
1525300 1431
1525310 1431
1525320 1436
1525330 1441
1525340 1441
1525350 1446
1525360 1449
1525370 1449
1525380 1453
1525390 1457
1525400 1460
1525410 1460
1525420 1464
1525430 1469
1525440 1469
1525450 1473
1525460 1478
1525470 1478
1525480 1481
1525490 1484
1525500 1484
1525510 1487
1525520 1490
1525530 1490
1525540 1493
1525550 1496
1525560 1496
1525570 1500
1525580 1504
1525590 1504
1525600 1508
1525610 1513
1525620 1513
1525630 1518
1525640 1522
1525650 1522
1525660 1526
1525670 1532
1525680 1539
1525690 1539
1525700 1544
1525710 1550
1525720 1550
1525730 1555
1525740 1557
1525750 1557
1525760 1557
1525770 1555
1525780 1555
1525790 1556
1525800 1559
1525810 1559
1525820 1561
1525830 1564
1525840 1564
1525850 1567
1525860 1569
1525870 1569
1525880 1571
1525890 1574
1525900 1574
1525910 1576
1525920 1577
1525930 1577
1525940 1578
1525950 1580
1525960 1580
1525970 1580
1525980 1581
1525990 1583
1526000 1583
1526010 1583
1526020 1583
1526030 1583
1526040 1582
1526050 1582
1526060 1582
1526070 1582
1526080 1581
1526090 1581
1526100 1579
1526110 1578
1526120 1578
1526130 1576
1526140 1575
1526150 1575
1526160 1575
1526170 1574
1526180 1574
1526190 1573
1526200 1572
1526210 1572
1526220 1571
1526230 1570
1526240 1566
1526250 1566
1526260 1558
1526270 1551
1526280 1551
1526290 1550
1526300 1557
1526310 1557
1526320 1562
1526330 1565
1526340 1565
1526350 1569
1526360 1574
1526370 1574
1526380 1578
1526390 1581
1526400 1581
1526410 1585
1526420 1587
1526430 1587
1526440 1589
1526450 1591
1526460 1591
1526470 1594
1526480 1597
1526490 1597
1526500 1600
1526510 1603
1526520 1605
1526530 1605
1526540 1608
1526550 1610
1526560 1610
1526570 1612
1526580 1614
1526590 1614
1526600 1615
1526610 1617
1526620 1617
1526630 1619
1526640 1621
1526650 1621
1526660 1622
1526670 1623
1526680 1623
1526690 1623
1526700 1624
1526710 1624
1526720 1626
1526730 1628
1526740 1628
1526750 1630
1526760 1633
1526770 1633
1526780 1635
1526790 1638
1526800 1638
1526810 1640
1526820 1643
1526830 1646
1526840 1646
1526850 1649
1526860 1651
1526870 1651
1526880 1654
1526890 1655
1526900 1655
1526910 1656
1526920 1659
1526930 1659
1526940 1662
1526950 1665
1526960 1665
1526970 1668
1526980 1672
1526990 1672
1527000 1675
1527010 1678
1527020 1678
1527030 1680
1527040 1682
1527050 1682
1527060 1684
1527070 1687
1527080 1687
1527090 1690
1527100 1694
1527110 1696
1527120 1696
1527130 1698
1527140 1700
1527150 1700
1527160 1702
1527170 1704
1527180 1704
1527190 1705
1527200 1707
1527210 1707
1527220 1710
1527230 1713
1527240 1713
1527250 1716
1527260 1718
1527270 1718
1527280 1720
1527290 1722
1527300 1722
1527310 1723
1527320 1725
1527330 1725
1527340 1727
1527350 1730
1527360 1730
1527370 1733
1527380 1735
1527390 1736
1527400 1736
1527410 1737
1527420 1740
1527430 1740
1527440 1744
1527450 1747
1527460 1747
1527470 1750
1527480 1753
1527490 1753
1527500 1755
1527510 1757
1527520 1757
1527530 1759
1527540 1761
1527550 1761
1527560 1763
1527570 1764
1527580 1764
1527590 1765
1527600 1767
1527610 1767
1527620 1768
1527630 1770
1527640 1770
1527650 1772
1527660 1774
1527670 1776
1527680 1776
1527690 1778
1527700 1779
1527710 1779
1527720 1781
1527730 1782
1527740 1782
1527750 1783
1527760 1785
1527770 1785
1527780 1787
1527790 1789
1527800 1789
1527810 1790
1527820 1791
1527830 1791
1527840 1793
1527850 1794
1527860 1794
1527870 1795
1527880 1797
1527890 1797
1527900 1798
1527910 1799
1527920 1799
1527930 1800
1527940 1801
1527950 1802
1527960 1802
1527970 1803
1527980 1807
1527990 1807
1528000 1812
1528010 1815
1528020 1815
1528030 1818
1528040 1821
1528050 1821
1528060 1823
1528070 1826
1528080 1826
1528090 1829
1528100 1832
1528110 1832
1528120 1834
1528130 1837
1528140 1837
1528150 1839
1528160 1840
1528170 1840
1528180 1841
1528190 1841
1528200 1841
1528210 1841
1528220 1840
1528230 1840
1528240 1839
1528250 1836
1528260 1835
1528270 1835
1528280 1833
1528290 1830
1528300 1830
1528310 1827
1528320 1824
1528330 1824
1528340 1821
1528350 1819
1528360 1819
1528370 1816
1528380 1815
1528390 1815
1528400 1814
1528410 1813
1528420 1813
1528430 1812
1528440 1811
1528450 1811
1528460 1809
1528470 1808
1528480 1808
1528490 1806
1528500 1805
1528510 1805
1528520 1804
1528530 1802
1528540 1801
1528550 1801
1528560 1799
1528570 1798
1528580 1798
1528590 1797
1528600 1794
1528610 1794
1528620 1792
1528630 1790
1528640 1790
1528650 1789
1528660 1787
1528670 1787
1528680 1784
1528690 1778
1528700 1778
1528710 1774
1528720 1771
1528730 1771
1528740 1768
1528750 1763
1528760 1763
1528770 1759
1528780 1755
1528790 1755
1528800 1752
1528810 1750
1528820 1747
1528830 1747
1528840 1744
1528850 1741
1528860 1741
1528870 1737
1528880 1734
1528890 1734
1528900 1731
1528910 1727
1528920 1727
1528930 1723
1528940 1719
1528950 1719
1528960 1716
1528970 1713
1528980 1713
1528990 1709
1529000 1704
1529010 1704
1529020 1700
1529030 1699
1529040 1699
1529050 1697
1529060 1695
1529070 1695
1529080 1692
1529090 1689
1529100 1686
1529110 1686
1529120 1683
1529130 1681
1529140 1681
1529150 1680
1529160 1678
1529170 1678
1529180 1675
1529190 1674
1529200 1674
1529210 1672
1529220 1668
1529230 1668
1529240 1665
1529250 1662
1529260 1662
1529270 1660
1529280 1659
1529290 1659
1529300 1656
1529310 1653
1529320 1653
1529330 1651
1529340 1649
1529350 1649
1529360 1647
1529370 1645
1529380 1642
1529390 1642
1529400 1640
1529410 1639
1529420 1639
1529430 1639
1529440 1638
1529450 1638
1529460 1637
1529470 1636
1529480 1636
1529490 1634
1529500 1633
1529510 1633
1529520 1630
1529530 1627
1529540 1627
1529550 1625
1529560 1622
1529570 1622
1529580 1619
1529590 1617
1529600 1617
1529610 1615
1529620 1615
1529630 1615
1529640 1615
1529650 1616
1529660 1616
1529670 1617
1529680 1618
1529690 1619
1529700 1619
1529710 1619
1529720 1620
1529730 1620
1529740 1619
1529750 1619
1529760 1619
1529770 1620
1529780 1621
1529790 1621
1529800 1622
1529810 1623
1529820 1623
1529830 1624
1529840 1626
1529850 1626
1529860 1630
1529870 1632
1529880 1632
1529890 1635
1529900 1635
1529910 1635
1529920 1635
1529930 1638
1529940 1638
1529950 1643
1529960 1647
1529970 1652
1529980 1652
1529990 1657
1530000 1663
1530010 1663
1530020 1667
1530030 1673
1530040 1673
1530050 1678
1530060 1685
1530070 1685
1530080 1690
1530090 1692
1530100 1692
1530110 1694
1530120 1694
1530130 1694
1530140 1692
1530150 1690
1530160 1690
1530170 1686
1530180 1683
1530190 1683
1530200 1678
1530210 1674
1530220 1674
1530230 1669
1530240 1664
1530250 1657
1530260 1657
1530270 1651
1530280 1645
1530290 1645
1530300 1639
1530310 1633
1530320 1633
1530330 1627
1530340 1621
1530350 1621
1530360 1614
1530370 1608
1530380 1608
1530390 1603
1530400 1597
1530410 1597
1530420 1590
1530430 1584
1530440 1584
1530450 1578
1530460 1571
1530470 1571
1530480 1567
1530490 1563
1530500 1563
1530510 1558
1530520 1554
1530530 1550
1530540 1550
1530550 1545
1530560 1539
1530570 1539
1530580 1532
1530590 1525
1530600 1525
1530610 1520
1530620 1513
1530630 1513
1530640 1507
1530650 1502
1530660 1502
1530670 1499
1530680 1498
1530690 1498
1530700 1497
1530710 1495
1530720 1495
1530730 1492
1530740 1489
1530750 1489
1530760 1487
1530770 1485
1530780 1485
1530790 1485
1530800 1486
1530810 1486
1530820 1486
1530830 1486
1530840 1486
1530850 1486
1530860 1485
1530870 1484
1530880 1484
1530890 1482
1530900 1480
1530910 1480
1530920 1478
1530930 1475
1530940 1475
1530950 1473
1530960 1469
1530970 1469
1530980 1466
1530990 1463
1531000 1463
1531010 1459
1531020 1456
1531030 1456
1531040 1453
1531050 1449
1531060 1449
1531070 1445
1531080 1441
1531090 1441
1531100 1437
1531110 1433
1531120 1427
1531130 1427
1531140 1422
1531150 1415
1531160 1415
1531170 1408
1531180 1402
1531190 1402
1531200 1397
1531210 1392
1531220 1392
1531230 1386
1531240 1381
1531250 1381
1531260 1377
1531270 1372
1531280 1372
1531290 1368
1531300 1364
1531310 1364
1531320 1360
1531330 1358
1531340 1358
1531350 1357
1531360 1358
1531370 1358
1531380 1359
1531390 1359
1531400 1357
1531410 1357
1531420 1359
1531430 1361
1531440 1361
1531450 1362
1531460 1363
1531470 1363
1531480 1362
1531490 1363
1531500 1363
1531510 1364
1531520 1364
1531530 1364
1531540 1366
1531550 1370
1531560 1370
1531570 1376
1531580 1381
1531590 1381
1531600 1384
1531610 1391
1531620 1391
1531630 1396
1531640 1402
1531650 1402
1531660 1407
1531670 1412
1531680 1418
1531690 1418
1531700 1421
1531710 1427
1531720 1427
1531730 1432
1531740 1436
1531750 1436
1531760 1439
1531770 1439
1531780 1439
1531790 1440
1531800 1444
1531810 1444
1531820 1448
1531830 1453
1531840 1453
1531850 1458
1531860 1463
1531870 1463
1531880 1468
1531890 1471
1531900 1471
1531910 1475
1531920 1480
1531930 1480
1531940 1485
1531950 1490
1531960 1495
1531970 1495
1531980 1499
1531990 1505
1532000 1505
1532010 1510
1532020 1514
1532030 1514
1532040 1521
1532050 1528
1532060 1528
1532070 1535
1532080 1541
1532090 1541
1532100 1548
1532110 1554
1532120 1554
1532130 1560
1532140 1566
1532150 1566
1532160 1573
1532170 1579
1532180 1579
1532190 1586
1532200 1592
1532210 1592
1532220 1598
1532230 1605
1532240 1610
1532250 1610
1532260 1615
1532270 1619
1532280 1619
1532290 1623
1532300 1627
1532310 1627
1532320 1631
1532330 1635
1532340 1635
1532350 1639
1532360 1641
1532370 1641
1532380 1645
1532390 1648
1532400 1648
1532410 1651
1532420 1653
1532430 1653
1532440 1656
1532450 1659
1532460 1659
1532470 1662
1532480 1664
1532490 1664
1532500 1668
1532510 1671
1532520 1671
1532530 1674
1532540 1675
1532550 1676
1532560 1676
1532570 1676
1532580 1677
1532590 1677
1532600 1678
1532610 1678
1532620 1678
1532630 1678
1532640 1677
1532650 1677
1532660 1676
1532670 1676
1532680 1676
1532690 1676
1532700 1679
1532710 1679
1532720 1680
1532730 1681
1532740 1681
1532750 1683
1532760 1685
1532770 1685
1532780 1687
1532790 1689
1532800 1689
1532810 1691
1532820 1694
1532830 1696
1532840 1696
1532850 1699
1532860 1701
1532870 1701
1532880 1703
1532890 1704
1532900 1704
1532910 1705
1532920 1707
1532930 1707
1532940 1709
1532950 1711
1532960 1711
1532970 1713
1532980 1713
1532990 1713
1533000 1715
1533010 1716
1533020 1716
1533030 1717
1533040 1717
1533050 1717
1533060 1718
1533070 1718
1533080 1718
1533090 1719
1533100 1721
1533110 1723
1533120 1723
1533130 1726
1533140 1728
1533150 1728
1533160 1730
1533170 1734
1533180 1734
1533190 1736
1533200 1736
1533210 1736
1533220 1737
1533230 1738
1533240 1738
1533250 1739
1533260 1741
1533270 1741
1533280 1744
1533290 1745
1533300 1745
1533310 1748
1533320 1750
1533330 1750
1533340 1750
1533350 1752
1533360 1752
1533370 1755
1533380 1758
1533390 1760
1533400 1760
1533410 1762
1533420 1765
1533430 1765
1533440 1770
1533450 1776
1533460 1776
1533470 1778
1533480 1785
1533490 1785
1533500 1791
1533510 1796
1533520 1796
1533530 1801
1533540 1805
1533550 1805
1533560 1809
1533570 1813
1533580 1813
1533590 1816
1533600 1820
1533610 1820
1533620 1824
1533630 1828
1533640 1828
1533650 1832
1533660 1836
1533670 1836
1533680 1841
1533690 1848
1533700 1854
1533710 1854
1533720 1861
1533730 1869
1533740 1869
1533750 1875
1533760 1877
1533770 1877
1533780 1878
1533790 1877
1533800 1877
1533810 1877
1533820 1876
1533830 1876
1533840 1874
1533850 1872
1533860 1872
1533870 1869
1533880 1866
1533890 1866
1533900 1862
1533910 1860
1533920 1860
1533930 1858
1533940 1856
1533950 1856
1533960 1854
1533970 1852
1533980 1850
1533990 1850
1534000 1850
1534010 1849
1534020 1849
1534030 1846
1534040 1844
1534050 1844
1534060 1842
1534070 1839
1534080 1839
1534090 1837
1534100 1835
1534110 1835
1534120 1833
1534130 1831
1534140 1831
1534150 1828
1534160 1822
1534170 1822
1534180 1820
1534190 1819
1534200 1819
1534210 1816
1534220 1813
1534230 1813
1534240 1808
1534250 1803
1534260 1799
1534270 1799
1534280 1796
1534290 1794
1534300 1794
1534310 1792
1534320 1791
1534330 1791
1534340 1789
1534350 1788
1534360 1788
1534370 1787
1534380 1785
1534390 1785
1534400 1785
1534410 1784
1534420 1784
1534430 1782
1534440 1779
1534450 1779
1534460 1777
1534470 1774
1534480 1774
1534490 1772
1534500 1770
1534510 1770
1534520 1768
1534530 1765
1534540 1760
1534550 1760
1534560 1755
1534570 1751
1534580 1751
1534590 1748
1534600 1746
1534610 1746
1534620 1745
1534630 1744
1534640 1744
1534650 1742
1534660 1741
1534670 1741
1534680 1740
1534690 1738
1534700 1738
1534710 1736
1534720 1733
1534730 1733
1534740 1729
1534750 1726
1534760 1726
1534770 1725
1534780 1724
1534790 1724
1534800 1722
1534810 1721
1534820 1719
1534830 1719
1534840 1717
1534850 1716
1534860 1716
1534870 1713
1534880 1711
1534890 1711
1534900 1710
1534910 1709
1534920 1709
1534930 1709
1534940 1709
1534950 1709
1534960 1708
1534970 1707
1534980 1707
1534990 1706
1535000 1704
1535010 1704
1535020 1703
1535030 1703
1535040 1703
1535050 1706
1535060 1710
1535070 1710
1535080 1715
1535090 1719
1535100 1719
1535110 1724
1535120 1727
1535130 1728
1535140 1728
1535150 1729
1535160 1728
1535170 1728
1535180 1716
1535190 1703
1535200 1703
1535210 1676
1535220 1653
1535230 1653
1535240 1632
1535250 1624
1535260 1624
1535270 1615
1535280 1608
1535290 1608
1535300 1601
1535310 1596
1535320 1596
1535330 1594
1535340 1591
1535350 1591
1535360 1590
1535370 1586
1535380 1586
1535390 1581
1535400 1579
1535410 1578
1535420 1578
1535430 1578
1535440 1575
1535450 1575
1535460 1573
1535470 1573
1535480 1573
1535490 1570
1535500 1568
1535510 1568
1535520 1567
1535530 1566
1535540 1566
1535550 1564
1535560 1560
1535570 1560
1535580 1552
1535590 1550
1535600 1550
1535610 1550
1535620 1543
1535630 1543
1535640 1537
1535650 1528
1535660 1528
1535670 1522
1535680 1519
1535690 1522
1535700 1522
1535710 1520
1535720 1508
1535730 1508
1535740 1509
1535750 1510
1535760 1510
1535770 1509
1535780 1511
1535790 1511
1535800 1512
1535810 1512
1535820 1512
1535830 1516
1535840 1517
1535850 1517
1535860 1520
1535870 1521
1535880 1521
1535890 1523
1535900 1526
1535910 1526
1535920 1530
1535930 1534
1535940 1534
1535950 1538
1535960 1541
1535970 1545
1535980 1545
1535990 1550
1536000 1558
1536010 1558
1536020 1565
1536030 1572
1536040 1572
1536050 1580
1536060 1586
1536070 1586
1536080 1592
1536090 1598
1536100 1598
1536110 1606
1536120 1612
1536130 1612
1536140 1621
1536150 1628
1536160 1628
1536170 1635
1536180 1643
1536190 1643
1536200 1649
1536210 1656
1536220 1656
1536230 1663
1536240 1671
1536250 1679
1536260 1679
1536270 1687
1536280 1695
1536290 1695
1536300 1702
1536310 1709
1536320 1709
1536330 1716
1536340 1723
1536350 1723
1536360 1731
1536370 1740
1536380 1740
1536390 1750
1536400 1761
1536410 1761
1536420 1771
1536430 1778
1536440 1778
1536450 1784
1536460 1791
1536470 1791
1536480 1797
1536490 1803
1536500 1803
1536510 1810
1536520 1817
1536530 1817
1536540 1825
1536550 1832
1536560 1840
1536570 1840
1536580 1848
1536590 1856
1536600 1856
1536610 1863
1536620 1877
1536630 1877
1536640 1890
1536650 1903
1536660 1903
1536670 1928
1536680 1943
1536690 1943
1536700 1955
1536710 1964
1536720 1964
1536730 1984
1536740 2015
1536750 2015
1536760 2027
1536770 2035
1536780 2035
1536790 2042
1536800 2048
1536810 2048
1536820 2053
1536830 2059
1536840 2064
1536850 2064
1536860 2069
1536870 2073
1536880 2073
1536890 2077
1536900 2079
1536910 2079
1536920 2082
1536930 2085
1536940 2085
1536950 2086
1536960 2088
1536970 2088
1536980 2089
1536990 2090
1537000 2090
1537010 2092
1537020 2092
1537030 2092
1537040 2092
1537050 2091
1537060 2091
1537070 2084
1537080 2078
1537090 2078
1537100 2067
1537110 2055
1537120 2045
1537130 2045
1537140 2033
1537150 2025
1537160 2025
1537170 2016
1537180 2006
1537190 2006
1537200 1997
1537210 1989
1537220 1989
1537230 1980
1537240 1972
1537250 1972
1537260 1963
1537270 1954
1537280 1954
1537290 1943
1537300 1933
1537310 1933
1537320 1922
1537330 1910
1537340 1910
1537350 1891
1537360 1887
1537370 1887
1537380 1891
1537390 1886
1537400 1884
1537410 1884
1537420 1881
1537430 1881
1537440 1881
1537450 1868
1537460 1850
1537470 1850
1537480 1838
1537490 1824
1537500 1824
1537510 1812
1537520 1798
1537530 1798
1537540 1784
1537550 1774
1537560 1774
1537570 1761
1537580 1748
1537590 1748
1537600 1732
1537610 1715
1537620 1715
1537630 1704
1537640 1697
1537650 1697
1537660 1691
1537670 1685
1537680 1677
1537690 1677
1537700 1669
1537710 1661
1537720 1661
1537730 1649
1537740 1640
1537750 1640
1537760 1632
1537770 1625
1537780 1625
1537790 1618
1537800 1606
1537810 1606
1537820 1596
1537830 1586
1537840 1586
1537850 1576
1537860 1569
1537870 1569
1537880 1562
1537890 1554
1537900 1554
1537910 1545
1537920 1538
1537930 1538
1537940 1530
1537950 1524
1537960 1524
1537970 1517
1537980 1512
1537990 1507
1538000 1507
1538010 1498
1538020 1484
1538030 1484
1538040 1469
1538050 1451
1538060 1451
1538070 1418
1538080 1383
1538090 1383
1538100 1358
1538110 1343
1538120 1343
1538130 1336
1538140 1330
1538150 1330
1538160 1326
1538170 1308
1538180 1308
1538190 1302
1538200 1296
1538210 1296
1538220 1289
1538230 1283
1538240 1283
1538250 1276
1538260 1270
1538270 1264
1538280 1264
1538290 1259
1538300 1253
1538310 1253
1538320 1250
1538330 1246
1538340 1246
1538350 1241
1538360 1237
1538370 1237
1538380 1234
1538390 1231
1538400 1231
1538410 1228
1538420 1225
1538430 1225
1538440 1225
1538450 1225
1538460 1225
1538470 1222
1538480 1220
1538490 1220
1538500 1219
1538510 1218
1538520 1218
1538530 1218
1538540 1219
1538550 1220
1538560 1220
1538570 1223
1538580 1226
1538590 1226
1538600 1229
1538610 1233
1538620 1233
1538630 1236
1538640 1238
1538650 1238
1538660 1239
1538670 1242
1538680 1242
1538690 1245
1538700 1249
1538710 1249
1538720 1251
1538730 1252
1538740 1252
1538750 1253
1538760 1256
1538770 1256
1538780 1259
1538790 1262
1538800 1262
1538810 1268
1538820 1274
1538830 1280
1538840 1280
1538850 1287
1538860 1291
1538870 1291
1538880 1295
1538890 1302
1538900 1302
1538910 1310
1538920 1322
1538930 1322
1538940 1333
1538950 1345
1538960 1345
1538970 1354
1538980 1364
1538990 1364
1539000 1371
1539010 1379
1539020 1379
1539030 1385
1539040 1390
1539050 1390
1539060 1393
1539070 1398
1539080 1398
1539090 1401
1539100 1407
1539110 1411
1539120 1411
1539130 1416
1539140 1422
1539150 1422
1539160 1429
1539170 1433
1539180 1433
1539190 1437
1539200 1440
1539210 1440
1539220 1444
1539230 1446
1539240 1446
1539250 1448
1539260 1451
1539270 1451
1539280 1454
1539290 1457
1539300 1457
1539310 1459
1539320 1461
1539330 1461
1539340 1464
1539350 1468
1539360 1468
1539370 1471
1539380 1474
1539390 1474
1539400 1476
1539410 1479
1539420 1482
1539430 1482
1539440 1484
1539450 1486
1539460 1486
1539470 1490
1539480 1493
1539490 1493
1539500 1497
1539510 1501
1539520 1501
1539530 1503
1539540 1508
1539550 1508
1539560 1512
1539570 1515
1539580 1515
1539590 1519
1539600 1521
1539610 1521
1539620 1523
1539630 1528
1539640 1528
1539650 1532
1539660 1537
1539670 1537
1539680 1540
1539690 1544
1539700 1547
1539710 1547
1539720 1551
1539730 1555
1539740 1555
1539750 1559
1539760 1563
1539770 1563
1539780 1568
1539790 1573
1539800 1573
1539810 1578
1539820 1584
1539830 1584
1539840 1589
1539850 1594
1539860 1594
1539870 1601
1539880 1607
1539890 1607
1539900 1613
1539910 1620
1539920 1620
1539930 1627
1539940 1635
1539950 1635
1539960 1643
1539970 1651
1539980 1658
1539990 1658
