1520000 1212
1520010 1208
1520020 1208
1520030 1204
1520040 1199
1520050 1199
1520060 1193
1520070 1189
1520080 1189
1520090 1185
1520100 1182
1520110 1182
1520120 1179
1520130 1175
1520140 1175
1520150 1171
1520160 1167
1520170 1162
1520180 1162
1520190 1157
1520200 1153
1520210 1153
1520220 1149
1520230 1145
1520240 1145
1520250 1141
1520260 1139
1520270 1139
1520280 1137
1520290 1135
1520300 1135
1520310 1133
1520320 1130
1520330 1130
1520340 1127
1520350 1124
1520360 1124
1520370 1120
1520380 1117
1520390 1117
1520400 1113
1520410 1110
1520420 1110
1520430 1107
1520440 1105
1520450 1103
1520460 1103
1520470 1101
1520480 1099
1520490 1099
1520500 1097
1520510 1095
1520520 1095
1520530 1093
1520540 1089
1520550 1089
1520560 1084
1520570 1080
1520580 1080
1520590 1076
1520600 1071
1520610 1071
1520620 1066
1520630 1062
1520640 1062
1520650 1058
1520660 1054
1520670 1054
1520680 1050
1520690 1045
1520700 1045
1520710 1042
1520720 1037
1520730 1037
1520740 1033
1520750 1031
1520760 1028
1520770 1028
1520780 1026
1520790 1023
1520800 1023
1520810 1020
1520820 1018
1520830 1018
1520840 1017
1520850 1015
1520860 1015
1520870 1013
1520880 1011
1520890 1011
1520900 1009
1520910 1007
1520920 1007
1520930 1006
1520940 1004
1520950 1004
1520960 1002
1520970 1000
1520980 1000
1520990 998
1521000 997
1521010 997
1521020 995
1521030 993
1521040 991
1521050 991
1521060 989
1521070 987
1521080 987
1521090 986
1521100 984
1521110 984
1521120 982
1521130 980
1521140 980
1521150 978
1521160 976
1521170 976
1521180 975
1521190 974
1521200 974
1521210 972
1521220 971
1521230 971
1521240 970
1521250 968
1521260 968
1521270 967
1521280 965
1521290 965
1521300 964
1521310 963
1521320 961
1521330 961
1521340 959
1521350 958
1521360 958
1521370 957
1521380 956
1521390 956
1521400 956
1521410 955
1521420 955
1521430 953
1521440 952
1521450 952
1521460 951
1521470 951
1521480 951
1521490 950
1521500 950
1521510 950
1521520 949
1521530 948
1521540 948
1521550 947
1521560 946
1521570 946
1521580 945
1521590 944
1521600 944
1521610 943
1521620 942
1521630 941
1521640 941
1521650 939
1521660 938
1521670 938
1521680 937
1521690 937
1521700 937
1521710 937
1521720 937
1521730 937
1521740 936
1521750 934
1521760 934
1521770 932
1521780 930
1521790 930
1521800 927
1521810 924
1521820 924
1521830 921
1521840 920
1521850 920
1521860 917
1521870 916
1521880 916
1521890 915
1521900 913
1521910 910
1521920 910
1521930 906
1521940 896
1521950 896
1521960 886
1521970 884
1521980 884
1521990 879
1522000 872
1522010 872
1522020 873
1522030 876
1522040 876
1522050 882
1522060 888
1522070 888
1522080 891
1522090 893
1522100 893
1522110 895
1522120 896
1522130 896
1522140 898
1522150 901
1522160 901
1522170 902
1522180 901
1522190 900
1522200 900
1522210 898
1522220 898
1522230 898
1522240 897
1522250 896
1522260 896
1522270 894
1522280 894
1522290 894
1522300 892
1522310 890
1522320 890
1522330 887
1522340 886
1522350 886
1522360 886
1522370 886
1522380 886
1522390 886
1522400 886
1522410 886
1522420 885
1522430 881
1522440 881
1522450 878
1522460 877
1522470 875
1522480 875
1522490 873
1522500 873
1522510 873
1522520 873
1522530 873
1522540 873
1522550 873
1522560 874
1522570 874
1522580 874
1522590 873
1522600 873
1522610 874
1522620 874
1522630 874
1522640 874
1522650 873
1522660 873
1522670 873
1522680 872
1522690 872
1522700 871
1522710 870
1522720 870
1522730 872
1522740 874
1522750 874
1522760 878
1522770 882
1522780 885
1522790 885
1522800 888
1522810 892
1522820 892
1522830 897
1522840 901
1522850 901
1522860 905
1522870 910
1522880 910
1522890 914
1522900 919
1522910 919
1522920 926
1522930 931
1522940 931
1522950 936
1522960 941
1522970 941
1522980 946
1522990 951
1523000 951
1523010 956
1523020 961
1523030 961
1523040 966
1523050 972
1523060 977
1523070 977
1523080 981
1523090 986
1523100 986
1523110 991
1523120 995
1523130 995
1523140 1001
1523150 1007
1523160 1007
1523170 1012
1523180 1015
1523190 1015
1523200 1019
1523210 1023
1523220 1023
1523230 1028
1523240 1031
1523250 1031
1523260 1034
1523270 1038
1523280 1038
1523290 1043
1523300 1048
1523310 1048
1523320 1053
1523330 1058
1523340 1064
1523350 1064
1523360 1070
1523370 1075
1523380 1075
1523390 1079
1523400 1084
1523410 1084
1523420 1089
1523430 1094
1523440 1094
1523450 1100
1523460 1107
1523470 1107
1523480 1113
1523490 1124
1523500 1124
1523510 1128
1523520 1129
1523530 1129
1523540 1134
1523550 1137
1523560 1137
1523570 1140
1523580 1144
1523590 1144
1523600 1148
1523610 1152
1523620 1155
1523630 1155
1523640 1158
1523650 1162
1523660 1162
1523670 1167
1523680 1172
1523690 1172
1523700 1176
1523710 1179
1523720 1179
1523730 1183
1523740 1187
1523750 1187
1523760 1191
1523770 1196
1523780 1196
1523790 1200
1523800 1204
1523810 1204
1523820 1207
1523830 1211
1523840 1211
1523850 1215
1523860 1218
1523870 1218
1523880 1223
1523890 1228
1523900 1228
1523910 1232
1523920 1235
1523930 1239
1523940 1239
1523950 1244
1523960 1249
1523970 1249
1523980 1255
1523990 1261
1524000 1261
1524010 1265
1524020 1270
1524030 1270
1524040 1274
1524050 1278
1524060 1278
1524070 1282
1524080 1286
1524090 1286
1524100 1290
1524110 1293
1524120 1293
1524130 1297
1524140 1300
1524150 1300
1524160 1303
1524170 1306
1524180 1306
1524190 1308
1524200 1311
1524210 1314
1524220 1314
1524230 1317
1524240 1321
1524250 1321
1524260 1323
1524270 1326
1524280 1326
1524290 1328
1524300 1330
1524310 1330
1524320 1333
1524330 1336
1524340 1336
1524350 1340
1524360 1343
1524370 1343
1524380 1346
1524390 1349
1524400 1349
1524410 1351
1524420 1354
1524430 1354
1524440 1356
1524450 1358
1524460 1358
1524470 1359
1524480 1361
1524490 1362
1524500 1362
1524510 1363
1524520 1364
1524530 1364
1524540 1366
1524550 1369
1524560 1369
1524570 1371
1524580 1374
1524590 1374
1524600 1376
1524610 1378
1524620 1378
1524630 1380
1524640 1382
1524650 1382
1524660 1384
1524670 1386
1524680 1386
1524690 1388
1524700 1389
1524710 1389
1524720 1391
1524730 1393
1524740 1393
1524750 1394
1524760 1395
1524770 1396
1524780 1396
1524790 1397
1524800 1398
1524810 1398
1524820 1399
1524830 1401
1524840 1401
1524850 1404
1524860 1407
1524870 1407
1524880 1410
1524890 1412
1524900 1412
1524910 1414
1524920 1417
1524930 1417
1524940 1419
1524950 1422
1524960 1422
1524970 1425
1524980 1430
1524990 1430
1525000 1433
1525010 1439
1525020 1439
1525030 1443
1525040 1447
1525050 1447
1525060 1449
1525070 1452
1525080 1456
1525090 1456
1525100 1459
1525110 1463
1525120 1463
1525130 1466
1525140 1469
1525150 1469
1525160 1473
1525170 1475
1525180 1475
1525190 1480
1525200 1482
1525210 1482
1525220 1487
1525230 1490
1525240 1490
1525250 1493
1525260 1497
1525270 1497
1525280 1500
1525290 1503
1525300 1503
1525310 1506
1525320 1509
1525330 1509
1525340 1512
1525350 1515
1525360 1518
1525370 1518
1525380 1521
1525390 1524
1525400 1524
1525410 1526
1525420 1530
1525430 1530
1525440 1532
1525450 1535
1525460 1535
1525470 1539
1525480 1542
1525490 1542
1525500 1544
1525510 1546
1525520 1546
1525530 1548
1525540 1549
1525550 1549
1525560 1551
1525570 1551
1525580 1551
1525590 1553
1525600 1555
1525610 1555
1525620 1558
1525630 1560
1525640 1563
1525650 1563
1525660 1565
1525670 1568
1525680 1568
1525690 1571
1525700 1573
1525710 1573
1525720 1576
1525730 1580
1525740 1580
1525750 1583
1525760 1585
1525770 1585
1525780 1588
1525790 1591
1525800 1591
1525810 1594
1525820 1598
1525830 1598
1525840 1601
1525850 1605
1525860 1605
1525870 1609
1525880 1613
1525890 1613
1525900 1617
1525910 1622
1525920 1627
1525930 1627
1525940 1632
1525950 1637
1525960 1637
1525970 1642
1525980 1646
1525990 1646
1526000 1651
1526010 1654
1526020 1654
1526030 1659
1526040 1665
1526050 1666
1526060 1672
1526070 1676
1526080 1676
1526090 1681
1526100 1686
1526110 1686
1526120 1690
1526130 1694
1526140 1694
1526150 1698
1526160 1702
1526170 1702
1526180 1706
1526190 1710
1526200 1710
1526210 1713
1526220 1717
1526230 1721
1526240 1721
1526250 1723
1526260 1727
1526270 1727
1526280 1730
1526290 1733
1526300 1733
1526310 1735
1526320 1738
1526330 1738
1526340 1740
1526350 1741
1526360 1741
1526370 1743
1526380 1744
1526390 1744
1526400 1745
1526410 1746
1526420 1746
1526430 1747
1526440 1747
1526450 1747
1526460 1747
1526470 1748
1526480 1748
1526490 1749
1526500 1749
1526510 1748
1526520 1748
1526530 1747
1526540 1744
1526550 1744
1526560 1742
1526570 1740
1526580 1740
1526590 1737
1526600 1735
1526610 1735
1526620 1733
1526630 1731
1526640 1731
1526650 1729
1526660 1727
1526670 1727
1526680 1725
1526690 1723
1526700 1723
1526710 1720
1526720 1717
1526730 1717
1526740 1714
1526750 1711
1526760 1711
1526770 1709
1526780 1709
1526790 1708
1526800 1708
1526810 1707
1526820 1707
1526830 1707
1526840 1706
1526850 1705
1526860 1705
1526870 1703
1526880 1702
1526890 1702
1526900 1702
1526910 1703
1526920 1703
1526930 1704
1526940 1703
1526950 1703
1526960 1703
1526970 1705
1526980 1705
1526990 1707
1527000 1708
1527010 1708
1527020 1710
1527030 1711
1527040 1711
1527050 1713
1527060 1714
1527070 1716
1527080 1716
1527090 1717
1527100 1719
1527110 1719
1527120 1720
1527130 1722
1527140 1722
1527150 1724
1527160 1726
1527170 1726
1527180 1729
1527190 1732
1527200 1732
1527210 1736
1527220 1739
1527230 1739
1527240 1741
1527250 1744
1527260 1744
1527270 1747
1527280 1751
1527290 1751
1527300 1753
1527310 1757
1527320 1757
1527330 1760
1527340 1763
1527350 1763
1527360 1767
1527370 1771
1527380 1776
1527390 1776
1527400 1780
1527410 1785
1527420 1785
1527430 1790
1527440 1794
1527450 1794
1527460 1801
1527470 1804
1527480 1804
1527490 1805
1527500 1806
1527510 1806
1527520 1808
1527530 1813
1527540 1813
1527550 1818
1527560 1821
1527570 1821
1527580 1823
1527590 1827
1527600 1827
1527610 1831
1527620 1834
1527630 1834
1527640 1838
1527650 1841
1527660 1844
1527670 1844
1527680 1847
1527690 1851
1527700 1851
1527710 1854
1527720 1857
1527730 1857
1527740 1860
1527750 1862
1527760 1862
1527770 1865
1527780 1867
1527790 1867
1527800 1869
1527810 1870
1527820 1870
1527830 1871
1527840 1872
1527850 1872
1527860 1874
1527870 1875
1527880 1875
1527890 1875
1527900 1875
1527910 1875
1527920 1875
1527930 1875
1527940 1874
1527950 1874
1527960 1871
1527970 1868
1527980 1868
1527990 1865
1528000 1858
1528010 1858
1528020 1853
1528030 1848
1528040 1848
1528050 1843
1528060 1838
1528070 1838
1528080 1833
1528090 1829
1528100 1829
1528110 1824
1528120 1818
1528130 1818
1528140 1812
1528150 1806
1528160 1806
1528170 1801
1528180 1800
1528190 1800
1528200 1800
1528210 1801
1528220 1799
1528230 1799
1528240 1797
1528250 1795
1528260 1795
1528270 1793
1528280 1793
1528290 1793
1528300 1792
1528310 1790
1528320 1790
1528330 1788
1528340 1786
1528350 1786
1528360 1786
1528370 1786
1528380 1786
1528390 1786
1528400 1785
1528410 1785
1528420 1784
1528430 1782
1528440 1782
1528450 1780
1528460 1776
1528470 1776
1528480 1773
1528490 1768
1528500 1768
1528510 1764
1528520 1760
1528530 1757
1528540 1757
1528550 1756
1528560 1752
1528570 1752
1528580 1746
1528590 1739
1528600 1739
1528610 1732
1528620 1727
1528630 1727
1528640 1722
1528650 1718
1528660 1718
1528670 1715
1528680 1713
1528690 1713
1528700 1711
1528710 1708
1528720 1708
1528730 1705
1528740 1702
1528750 1702
1528760 1698
1528770 1692
1528780 1692
1528790 1684
1528800 1678
1528810 1673
1528820 1673
1528830 1668
1528840 1664
1528850 1664
1528860 1660
1528870 1657
1528880 1657
1528890 1653
1528900 1649
1528910 1649
1528920 1643
1528930 1638
1528940 1638
1528950 1633
1528960 1629
1528970 1629
1528980 1625
1528990 1622
1529000 1622
1529010 1617
1529020 1612
1529030 1612
1529040 1606
1529050 1601
1529060 1601
1529070 1595
1529080 1587
1529090 1579
1529100 1579
1529110 1573
1529120 1570
1529130 1570
1529140 1567
1529150 1568
1529160 1568
1529170 1568
1529180 1566
1529190 1566
1529200 1561
1529210 1556
1529220 1556
1529230 1549
1529240 1543
1529250 1543
1529260 1537
1529270 1531
1529280 1531
1529290 1525
1529300 1519
1529310 1519
1529320 1515
1529330 1510
1529340 1510
1529350 1505
1529360 1500
1529370 1496
1529380 1496
1529390 1493
1529400 1490
1529410 1490
1529420 1487
1529430 1484
1529440 1484
1529450 1482
1529460 1479
1529470 1479
1529480 1477
1529490 1474
1529500 1474
1529510 1470
1529520 1464
1529530 1464
1529540 1463
1529550 1464
1529560 1464
1529570 1469
1529580 1471
1529590 1471
1529600 1473
1529610 1474
1529620 1474
1529630 1475
1529640 1474
1529650 1474
1529660 1474
1529670 1474
1529680 1475
1529690 1475
1529700 1477
1529710 1478
1529720 1478
1529730 1479
1529740 1479
1529750 1479
1529760 1479
1529770 1479
1529780 1479
1529790 1480
1529800 1478
1529810 1478
1529820 1480
1529830 1482
1529840 1482
1529850 1483
1529860 1484
1529870 1484
1529880 1485
1529890 1485
1529900 1485
1529910 1484
1529920 1485
1529930 1485
1529940 1486
1529950 1488
1529960 1491
1529970 1491
1529980 1494
1529990 1496
1530000 1496
1530010 1499
1530020 1503
1530030 1503
1530040 1505
1530050 1505
1530060 1505
1530070 1509
1530080 1512
1530090 1512
1530100 1513
1530110 1513
1530120 1513
1530130 1514
1530140 1513
1530150 1513
1530160 1512
1530170 1512
1530180 1512
1530190 1511
1530200 1511
1530210 1511
1530220 1510
1530230 1510
1530240 1509
1530250 1509
1530260 1508
1530270 1508
1530280 1508
1530290 1507
1530300 1506
1530310 1506
1530320 1503
1530330 1496
1530340 1496
1530350 1493
1530360 1492
1530370 1492
1530380 1493
1530390 1492
1530400 1492
1530410 1492
1530420 1491
1530430 1491
1530440 1490
1530450 1489
1530460 1489
1530470 1488
1530480 1486
1530490 1486
1530500 1485
1530510 1484
1530520 1484
1530530 1483
1530540 1481
1530550 1475
1530560 1475
1530570 1471
1530580 1468
1530590 1468
1530600 1467
1530610 1464
1530620 1464
1530630 1461
1530640 1457
1530650 1457
1530660 1454
1530670 1451
1530680 1451
1530690 1447
1530700 1443
1530710 1443
1530720 1439
1530730 1436
1530740 1436
1530750 1434
1530760 1432
1530770 1432
1530780 1430
1530790 1428
1530800 1428
1530810 1426
1530820 1424
1530830 1421
1530840 1421
1530850 1417
1530860 1412
1530870 1412
1530880 1407
1530890 1401
1530900 1401
1530910 1396
1530920 1389
1530930 1389
1530940 1381
1530950 1373
1530960 1373
1530970 1366
1530980 1363
1530990 1363
1531000 1358
1531010 1353
1531020 1353
1531030 1349
1531040 1344
1531050 1344
1531060 1340
1531070 1336
1531080 1336
1531090 1332
1531100 1330
1531110 1329
1531120 1329
1531130 1327
1531140 1322
1531150 1322
1531160 1318
1531170 1315
1531180 1315
1531190 1309
1531200 1306
1531210 1306
1531220 1308
1531230 1313
1531240 1313
1531250 1315
1531260 1316
1531270 1316
1531280 1318
1531290 1320
1531300 1320
1531310 1322
1531320 1324
1531330 1324
1531340 1326
1531350 1328
1531360 1328
1531370 1332
1531380 1334
1531390 1337
1531400 1337
1531410 1339
1531420 1341
1531430 1341
1531440 1343
1531450 1345
1531460 1345
1531470 1346
1531480 1349
1531490 1349
1531500 1353
1531510 1358
1531520 1358
1531530 1364
1531540 1369
1531550 1369
1531560 1373
1531570 1375
1531580 1375
1531590 1377
1531600 1379
1531610 1379
1531620 1381
1531630 1383
1531640 1383
1531650 1386
1531660 1389
1531670 1389
1531680 1393
1531690 1397
1531700 1402
1531710 1402
1531720 1406
1531730 1411
1531740 1411
1531750 1417
1531760 1422
1531770 1422
1531780 1427
1531790 1431
1531800 1431
1531810 1437
1531820 1443
1531830 1445
1531840 1450
1531850 1455
1531860 1455
1531870 1457
1531880 1460
1531890 1460
1531900 1463
1531910 1468
1531920 1468
1531930 1470
1531940 1473
1531950 1473
1531960 1475
1531970 1477
1531980 1480
1531990 1480
1532000 1482
1532010 1483
1532020 1483
1532030 1483
1532040 1484
1532050 1484
1532060 1485
1532070 1485
1532080 1485
1532090 1485
1532100 1485
1532110 1485
1532120 1485
1532130 1486
1532140 1486
1532150 1487
1532160 1486
1532170 1486
1532180 1487
1532190 1490
1532200 1490
1532210 1493
1532220 1497
1532230 1497
1532240 1503
1532250 1509
1532260 1513
1532270 1513
1532280 1518
1532290 1524
1532300 1524
1532310 1530
1532320 1536
1532330 1536
1532340 1542
1532350 1547
1532360 1547
1532370 1551
1532380 1556
1532390 1556
1532400 1561
1532410 1566
1532420 1566
1532430 1570
1532440 1574
1532450 1574
1532460 1578
1532470 1582
1532480 1582
1532490 1585
1532500 1588
1532510 1588
1532520 1591
1532530 1594
1532540 1596
1532550 1596
1532560 1599
1532570 1600
1532580 1600
1532590 1602
1532600 1603
1532610 1603
1532620 1606
1532630 1610
1532640 1610
1532650 1613
1532660 1615
1532670 1615
1532680 1619
1532690 1624
1532700 1624
1532710 1628
1532720 1633
1532730 1633
1532740 1638
1532750 1643
1532760 1643
1532770 1648
1532780 1654
1532790 1654
1532800 1658
1532810 1663
1532820 1663
1532830 1667
1532840 1671
1532850 1675
1532860 1675
1532870 1679
1532880 1682
1532890 1682
1532900 1685
1532910 1688
1532920 1688
1532930 1691
1532940 1695
1532950 1695
1532960 1698
1532970 1702
1532980 1702
1532990 1706
1533000 1711
1533010 1711
1533020 1715
1533030 1718
1533040 1718
1533050 1721
1533060 1724
1533070 1724
1533080 1729
1533090 1734
1533100 1734
1533110 1738
1533120 1743
1533130 1747
1533140 1747
1533150 1751
1533160 1755
1533170 1755
1533180 1758
1533190 1761
1533200 1761
1533210 1764
1533220 1767
1533230 1767
1533240 1769
1533250 1772
1533260 1772
1533270 1775
1533280 1779
1533290 1779
1533300 1782
1533310 1786
1533320 1786
1533330 1790
1533340 1793
1533350 1793
1533360 1797
1533370 1802
1533380 1802
1533390 1806
1533400 1811
1533410 1815
1533420 1815
1533430 1821
1533440 1825
1533450 1825
1533460 1830
1533470 1835
1533480 1835
1533490 1839
1533500 1843
1533510 1843
1533520 1848
1533530 1853
1533540 1853
1533550 1857
1533560 1862
1533570 1862
1533580 1866
1533590 1871
1533600 1871
1533610 1875
1533620 1879
1533630 1879
1533640 1883
1533650 1887
1533660 1887
1533670 1890
1533680 1893
1533690 1893
1533700 1896
1533710 1899
1533720 1902
1533730 1902
1533740 1906
1533750 1910
1533760 1910
1533770 1914
1533780 1919
1533790 1919
1533800 1924
1533810 1930
1533820 1930
1533830 1934
1533840 1939
1533850 1939
1533860 1942
1533870 1946
1533880 1946
1533890 1950
1533900 1955
1533910 1955
1533920 1959
1533930 1962
1533940 1962
1533950 1965
1533960 1967
1533970 1967
1533980 1969
1533990 1970
1534000 1970
1534010 1970
1534020 1971
1534030 1971
1534040 1971
1534050 1966
1534060 1962
1534070 1962
1534080 1958
1534090 1953
1534100 1953
1534110 1947
1534120 1941
1534130 1941
1534140 1936
1534150 1929
1534160 1929
1534170 1923
1534180 1917
1534190 1917
1534200 1911
1534210 1905
1534220 1905
1534230 1899
1534240 1893
1534250 1893
1534260 1887
1534270 1882
1534280 1874
1534290 1874
1534300 1867
1534310 1861
1534320 1861
1534330 1855
1534340 1848
1534350 1848
1534360 1843
1534370 1837
1534380 1837
1534390 1832
1534400 1826
1534410 1826
1534420 1819
1534430 1813
1534440 1813
1534450 1807
1534460 1799
1534470 1799
1534480 1792
1534490 1786
1534500 1786
1534510 1779
1534520 1772
1534530 1772
1534540 1764
1534550 1757
1534560 1751
1534570 1751
1534580 1743
1534590 1736
1534600 1736
1534610 1729
1534620 1722
1534630 1722
1534640 1715
1534650 1708
1534660 1708
1534670 1701
1534680 1694
1534690 1694
1534700 1687
1534710 1680
1534720 1680
1534730 1674
1534740 1667
1534750 1667
1534760 1660
1534770 1652
1534780 1652
1534790 1644
1534800 1637
1534810 1637
1534820 1628
1534830 1619
1534840 1619
1534850 1612
1534860 1604
1534870 1596
1534880 1596
1534890 1585
1534900 1576
1534910 1576
1534920 1569
1534930 1562
1534940 1562
1534950 1558
1534960 1553
1534970 1553
1534980 1545
1534990 1531
1535000 1531
1535010 1522
1535020 1515
1535030 1515
1535040 1505
1535050 1491
1535060 1491
1535070 1475
1535080 1466
1535090 1466
1535100 1458
1535110 1451
1535120 1451
1535130 1444
1535140 1437
1535150 1429
1535160 1429
1535170 1421
1535180 1414
1535190 1414
1535200 1407
1535210 1400
1535220 1400
1535230 1393
1535240 1385
1535250 1385
1535260 1378
1535270 1371
1535280 1371
1535290 1364
1535300 1358
1535310 1358
1535320 1353
1535330 1352
1535340 1352
1535350 1350
1535360 1349
1535370 1349
1535380 1347
1535390 1346
1535400 1346
1535410 1344
1535420 1342
1535430 1340
1535440 1340
1535450 1338
1535460 1337
1535470 1337
1535480 1336
1535490 1335
1535500 1335
1535510 1334
1535520 1333
1535530 1333
1535540 1332
1535550 1331
1535560 1331
1535570 1331
1535580 1331
1535590 1331
1535600 1332
1535610 1333
1535620 1333
1535630 1335
1535640 1336
1535650 1336
1535660 1337
1535670 1338
1535680 1338
1535690 1339
1535700 1340
1535710 1342
1535720 1342
1535730 1344
1535740 1349
1535750 1349
1535760 1355
1535770 1361
1535780 1361
1535790 1368
1535800 1374
1535810 1374
1535820 1379
1535830 1386
1535840 1386
1535850 1393
1535860 1399
1535870 1399
1535880 1404
1535890 1409
1535900 1409
1535910 1415
1535920 1421
1535930 1421
1535940 1427
1535950 1433
1535960 1433
1535970 1440
1535980 1446
1535990 1446
1536000 1452
1536010 1458
1536020 1463
1536030 1463
1536040 1468
1536050 1474
1536060 1474
1536070 1481
1536080 1487
1536090 1487
1536100 1494
1536110 1501
1536120 1501
1536130 1507
1536140 1514
1536150 1514
1536160 1520
1536170 1526
1536180 1526
1536190 1531
1536200 1537
1536210 1537
1536220 1544
1536230 1550
1536240 1550
1536250 1556
1536260 1563
1536270 1563
1536280 1569
1536290 1574
1536300 1579
1536310 1579
1536320 1583
1536330 1587
1536340 1587
1536350 1592
1536360 1596
1536370 1596
1536380 1600
1536390 1603
1536400 1603
1536410 1605
1536420 1608
1536430 1608
1536440 1612
1536450 1614
1536460 1614
1536470 1616
1536480 1615
1536490 1615
1536500 1620
1536510 1627
1536520 1627
1536530 1632
1536540 1635
1536550 1635
1536560 1634
1536570 1639
1536580 1645
1536590 1645
1536600 1648
1536610 1651
1536620 1651
1536630 1653
1536640 1654
1536650 1654
1536660 1657
1536670 1661
1536680 1661
1536690 1665
1536700 1668
1536710 1668
1536720 1671
1536730 1675
1536740 1675
1536750 1678
1536760 1681
1536770 1681
1536780 1683
1536790 1686
1536800 1686
1536810 1689
1536820 1692
1536830 1692
1536840 1695
1536850 1697
1536860 1698
1536870 1698
1536880 1702
1536890 1706
1536900 1706
1536910 1708
1536920 1710
1536930 1710
1536940 1702
1536950 1704
1536960 1704
1536970 1704
1536980 1707
1536990 1707
1537000 1708
1537010 1710
1537020 1710
1537030 1713
1537040 1715
1537050 1715
1537060 1716
1537070 1718
1537080 1718
1537090 1722
1537100 1727
1537110 1727
1537120 1731
1537130 1734
1537140 1734
1537150 1737
1537160 1740
1537170 1743
1537180 1743
1537190 1745
1537200 1748
1537210 1748
1537220 1749
1537230 1749
1537240 1749
1537250 1750
1537260 1753
1537270 1753
1537280 1757
1537290 1760
1537300 1760
1537310 1764
1537320 1771
1537330 1771
1537340 1781
1537350 1791
1537360 1791
1537370 1799
1537380 1804
1537390 1804
1537400 1809
1537410 1814
1537420 1814
1537430 1818
1537440 1822
1537450 1826
1537460 1826
1537470 1830
1537480 1831
1537490 1831
1537500 1827
1537510 1824
1537520 1824
1537530 1819
1537540 1806
1537550 1806
1537560 1796
1537570 1788
1537580 1788
1537590 1778
1537600 1769
1537610 1769
1537620 1760
1537630 1751
1537640 1751
1537650 1743
1537660 1735
1537670 1735
1537680 1726
1537690 1718
1537700 1718
1537710 1709
1537720 1700
1537730 1692
1537740 1692
1537750 1684
1537760 1675
1537770 1675
1537780 1659
1537790 1643
1537800 1643
1537810 1630
1537820 1618
1537830 1618
1537840 1606
1537850 1594
1537860 1594
1537870 1585
1537880 1578
1537890 1578
1537900 1569
1537910 1556
1537920 1556
1537930 1545
1537940 1536
1537950 1536
1537960 1528
1537970 1521
1537980 1521
1537990 1510
1538000 1487
1538010 1487
1538020 1459
1538030 1446
1538040 1426
1538050 1426
1538060 1409
1538070 1396
1538080 1396
1538090 1387
1538100 1377
1538110 1377
1538120 1365
1538130 1356
1538140 1356
1538150 1343
1538160 1327
1538170 1327
1538180 1307
1538190 1295
1538200 1295
1538210 1285
1538220 1275
1538230 1275
1538240 1268
1538250 1260
1538260 1260
1538270 1253
1538280 1245
1538290 1245
1538300 1238
1538310 1232
1538320 1225
1538330 1225
1538340 1218
1538350 1211
1538360 1211
1538370 1204
1538380 1197
1538390 1197
1538400 1191
1538410 1185
1538420 1185
1538430 1179
1538440 1174
1538450 1174
1538460 1169
1538470 1165
1538480 1165
1538490 1161
1538500 1158
1538510 1158
1538520 1156
1538530 1156
1538540 1156
1538550 1156
1538560 1155
1538570 1155
1538580 1155
1538590 1155
1538600 1155
1538610 1155
1538620 1156
1538630 1155
1538640 1155
1538650 1155
1538660 1155
1538670 1155
1538680 1155
1538690 1155
1538700 1155
1538710 1155
1538720 1155
1538730 1155
1538740 1155
1538750 1155
1538760 1155
1538770 1155
1538780 1155
1538790 1155
1538800 1155
1538810 1155
1538820 1155
1538830 1155
1538840 1155
1538850 1155
1538860 1155
1538870 1155
1538880 1155
1538890 1155
1538900 1156
1538910 1162
1538920 1162
1538930 1169
1538940 1175
1538950 1175
1538960 1184
1538970 1192
1538980 1192
1538990 1200
1539000 1208
1539010 1208
1539020 1215
1539030 1222
1539040 1222
1539050 1229
1539060 1237
1539070 1237
1539080 1243
1539090 1250
1539100 1250
1539110 1257
1539120 1264
1539130 1264
1539140 1271
1539150 1277
1539160 1277
1539170 1285
1539180 1292
1539190 1295
1539200 1295
1539210 1300
1539220 1308
1539230 1308
1539240 1317
1539250 1320
1539260 1320
1539270 1328
1539280 1337
1539290 1337
1539300 1344
1539310 1352
1539320 1353
1539330 1360
1539340 1366
1539350 1366
1539360 1372
1539370 1378
1539380 1378
1539390 1383
1539400 1389
1539410 1389
1539420 1396
1539430 1400
1539440 1400
1539450 1408
1539460 1416
1539470 1423
1539480 1423
1539490 1430
1539500 1437
1539510 1437
1539520 1444
1539530 1450
1539540 1450
1539550 1458
1539560 1465
1539570 1465
1539580 1473
1539590 1480
1539600 1480
1539610 1487
1539620 1493
1539630 1493
1539640 1499
1539650 1503
1539660 1503
1539670 1506
1539680 1509
1539690 1509
1539700 1510
1539710 1514
1539720 1514
1539730 1516
1539740 1517
1539750 1517
1539760 1517
1539770 1517
1539780 1517
1539790 1517
1539800 1517
1539810 1516
1539820 1516
1539830 1517
1539840 1515
1539850 1515
1539860 1513
1539870 1510
1539880 1510
1539890 1507
1539900 1507
1539910 1507
1539920 1514
1539930 1521
1539940 1521
1539950 1527
1539960 1534
1539970 1534
1539980 1540
1539990 1546
