1520000 1201
1520010 1195
1520020 1195
1520030 1191
1520040 1186
1520050 1186
1520060 1181
1520070 1176
1520080 1176
1520090 1169
1520100 1163
1520110 1156
1520120 1156
1520130 1152
1520140 1150
1520150 1150
1520160 1151
1520170 1149
1520180 1149
1520190 1146
1520200 1143
1520210 1143
1520220 1142
1520230 1142
1520240 1142
1520250 1141
1520260 1139
1520270 1139
1520280 1136
1520290 1131
1520300 1131
1520310 1127
1520320 1122
1520330 1122
1520340 1118
1520350 1114
1520360 1114
1520370 1111
1520380 1108
1520390 1106
1520400 1106
1520410 1104
1520420 1101
1520430 1101
1520440 1098
1520450 1093
1520460 1093
1520470 1088
1520480 1083
1520490 1083
1520500 1079
1520510 1076
1520520 1076
1520530 1074
1520540 1072
1520550 1072
1520560 1070
1520570 1068
1520580 1068
1520590 1067
1520600 1066
1520610 1066
1520620 1065
1520630 1065
1520640 1065
1520650 1064
1520660 1063
1520670 1063
1520680 1062
1520690 1061
1520700 1060
1520710 1060
1520720 1058
1520730 1056
1520740 1056
1520750 1053
1520760 1052
1520770 1052
1520780 1049
1520790 1046
1520800 1046
1520810 1044
1520820 1042
1520830 1042
1520840 1039
1520850 1038
1520860 1038
1520870 1037
1520880 1034
1520890 1034
1520900 1031
1520910 1027
1520920 1027
1520930 1024
1520940 1020
1520950 1020
1520960 1018
1520970 1016
1520980 1014
1520990 1014
1521000 1012
1521010 1009
1521020 1009
1521030 1006
1521040 1003
1521050 1003
1521060 1000
1521070 997
1521080 997
1521090 994
1521100 990
1521110 990
1521120 988
1521130 987
1521140 987
1521150 984
1521160 981
1521170 981
1521180 978
1521190 975
1521200 975
1521210 972
1521220 968
1521230 968
1521240 966
1521250 964
1521260 961
1521270 961
1521280 958
1521290 954
1521300 954
1521310 952
1521320 951
1521330 951
1521340 950
1521350 948
1521360 948
1521370 948
1521380 946
1521390 946
1521400 944
1521410 943
1521420 943
1521430 941
1521440 940
1521450 940
1521460 939
1521470 938
1521480 938
1521490 937
1521500 935
1521510 935
1521520 934
1521530 933
1521540 931
1521550 931
1521560 930
1521570 929
1521580 929
1521590 927
1521600 926
1521610 926
1521620 924
1521630 922
1521640 922
1521650 921
1521660 918
1521670 918
1521680 915
1521690 905
1521700 905
1521710 893
1521720 891
1521730 891
1521740 899
1521750 906
1521760 906
1521770 915
1521780 920
1521790 920
1521800 922
1521810 924
1521820 924
1521830 926
1521840 927
1521850 928
1521860 928
1521870 928
1521880 929
1521890 929
1521900 930
1521910 932
1521920 932
1521930 932
1521940 933
1521950 933
1521960 934
1521970 934
1521980 934
1521990 934
1522000 934
1522010 934
1522020 935
1522030 935
1522040 935
1522050 936
1522060 936
1522070 936
1522080 937
1522090 937
1522100 937
1522110 937
1522120 936
1522130 935
1522140 935
1522150 935
1522160 934
1522170 934
1522180 931
1522190 930
1522200 930
1522210 929
1522220 928
1522230 928
1522240 929
1522250 930
1522260 930
1522270 929
1522280 927
1522290 927
1522300 925
1522310 922
1522320 922
1522330 918
1522340 914
1522350 914
1522360 911
1522370 910
1522380 910
1522390 908
1522400 904
1522410 901
1522420 901
1522430 899
1522440 897
1522450 897
1522460 892
1522470 890
1522480 890
1522490 888
1522500 886
1522510 886
1522520 885
1522530 883
1522540 883
1522550 883
1522560 883
1522570 883
1522580 883
1522590 883
1522600 883
1522610 883
1522620 882
1522630 882
1522640 882
1522650 882
1522660 882
1522670 882
1522680 882
1522690 880
1522700 880
1522710 880
1522720 880
1522730 880
1522740 880
1522750 879
1522760 879
1522770 879
1522780 878
1522790 878
1522800 876
1522810 878
1522820 878
1522830 878
1522840 878
1522850 878
1522860 880
1522870 882
1522880 882
1522890 885
1522900 889
1522910 889
1522920 894
1522930 898
1522940 898
1522950 902
1522960 906
1522970 906
1522980 910
1522990 914
1523000 918
1523010 918
1523020 922
1523030 926
1523040 926
1523050 931
1523060 937
1523070 937
1523080 943
1523090 949
1523100 949
1523110 955
1523120 958
1523130 958
1523140 963
1523150 967
1523160 967
1523170 972
1523180 976
1523190 976
1523200 981
1523210 985
1523220 985
1523230 989
1523240 993
1523250 993
1523260 996
1523270 999
1523280 1003
1523290 1003
1523300 1006
1523310 1009
1523320 1009
1523330 1012
1523340 1014
1523350 1014
1523360 1017
1523370 1020
1523380 1020
1523390 1023
1523400 1026
1523410 1026
1523420 1028
1523430 1031
1523440 1031
1523450 1033
1523460 1036
1523470 1036
1523480 1040
1523490 1043
1523500 1043
1523510 1048
1523520 1051
1523530 1051
1523540 1053
1523550 1057
1523560 1062
1523570 1062
1523580 1066
1523590 1071
1523600 1071
1523610 1076
1523620 1081
1523630 1081
1523640 1085
1523650 1089
1523660 1089
1523670 1094
1523680 1099
1523690 1099
1523700 1103
1523710 1110
1523720 1110
1523730 1117
1523740 1122
1523750 1122
1523760 1127
1523770 1131
1523780 1131
1523790 1134
1523800 1138
1523810 1138
1523820 1143
1523830 1146
1523840 1150
1523850 1150
1523860 1154
1523870 1158
1523880 1158
1523890 1161
1523900 1165
1523910 1165
1523920 1170
1523930 1175
1523940 1175
1523950 1178
1523960 1181
1523970 1181
1523980 1183
1523990 1185
1524000 1185
1524010 1189
1524020 1192
1524030 1192
1524040 1195
1524050 1199
1524060 1199
1524070 1204
1524080 1208
1524090 1208
1524100 1212
1524110 1217
1524120 1217
1524130 1221
1524140 1224
1524150 1227
1524160 1227
1524170 1231
1524180 1234
1524190 1234
1524200 1237
1524210 1240
1524220 1240
1524230 1244
1524240 1248
1524250 1248
1524260 1252
1524270 1255
1524280 1255
1524290 1260
1524300 1264
1524310 1264
1524320 1268
1524330 1270
1524340 1270
1524350 1272
1524360 1274
1524370 1274
1524380 1276
1524390 1280
1524400 1280
1524410 1284
1524420 1287
1524430 1288
1524440 1288
1524450 1290
1524460 1291
1524470 1291
1524480 1293
1524490 1294
1524500 1294
1524510 1295
1524520 1297
1524530 1297
1524540 1300
1524550 1303
1524560 1303
1524570 1305
1524580 1308
1524590 1308
1524600 1311
1524610 1314
1524620 1314
1524630 1318
1524640 1321
1524650 1321
1524660 1324
1524670 1328
1524680 1328
1524690 1333
1524700 1336
1524710 1340
1524720 1340
1524730 1344
1524740 1347
1524750 1347
1524760 1350
1524770 1353
1524780 1353
1524790 1357
1524800 1361
1524810 1361
1524820 1364
1524830 1368
1524840 1368
1524850 1372
1524860 1375
1524870 1375
1524880 1379
1524890 1382
1524900 1382
1524910 1386
1524920 1389
1524930 1389
1524940 1393
1524950 1397
1524960 1397
1524970 1400
1524980 1404
1524990 1407
1525000 1407
1525010 1410
1525020 1413
1525030 1413
1525040 1417
1525050 1421
1525060 1421
1525070 1423
1525080 1427
1525090 1427
1525100 1430
1525110 1434
1525120 1434
1525130 1436
1525140 1439
1525150 1439
1525160 1441
1525170 1443
1525180 1443
1525190 1446
1525200 1449
1525210 1449
1525220 1451
1525230 1451
1525240 1451
1525250 1450
1525260 1449
1525270 1449
1525280 1449
1525290 1451
1525300 1454
1525310 1454
1525320 1456
1525330 1458
1525340 1458
1525350 1459
1525360 1461
1525370 1461
1525380 1463
1525390 1462
1525400 1462
1525410 1464
1525420 1467
1525430 1467
1525440 1470
1525450 1477
1525460 1477
1525470 1482
1525480 1489
1525490 1489
1525500 1495
1525510 1501
1525520 1501
1525530 1506
1525540 1511
1525550 1511
1525560 1515
1525570 1520
1525580 1525
1525590 1525
1525600 1529
1525610 1532
1525620 1532
1525630 1535
1525640 1539
1525650 1539
1525660 1543
1525670 1547
1525680 1547
1525690 1551
1525700 1555
1525710 1555
1525720 1558
1525730 1563
1525740 1563
1525750 1568
1525760 1570
1525770 1570
1525780 1576
1525790 1580
1525800 1580
1525810 1584
1525820 1589
1525830 1589
1525840 1593
1525850 1598
1525860 1602
1525870 1602
1525880 1607
1525890 1611
1525900 1611
1525910 1615
1525920 1619
1525930 1619
1525940 1623
1525950 1626
1525960 1626
1525970 1628
1525980 1631
1525990 1631
1526000 1633
1526010 1636
1526020 1636
1526030 1638
1526040 1638
1526050 1638
1526060 1641
1526070 1646
1526080 1646
1526090 1650
1526100 1654
1526110 1654
1526120 1657
1526130 1659
1526140 1662
1526150 1662
1526160 1664
1526170 1667
1526180 1667
1526190 1671
1526200 1676
1526210 1676
1526220 1680
1526230 1682
1526240 1682
1526250 1684
1526260 1686
1526270 1686
1526280 1689
1526290 1692
1526300 1692
1526310 1694
1526320 1698
1526330 1698
1526340 1701
1526350 1703
1526360 1703
1526370 1705
1526380 1706
1526390 1706
1526400 1706
1526410 1707
1526420 1707
1526430 1709
1526440 1709
1526450 1709
1526460 1709
1526470 1711
1526480 1712
1526490 1712
1526500 1712
1526510 1709
1526520 1709
1526530 1705
1526540 1701
1526550 1701
1526560 1698
1526570 1694
1526580 1694
1526590 1690
1526600 1687
1526610 1687
1526620 1683
1526630 1679
1526640 1679
1526650 1677
1526660 1672
1526670 1672
1526680 1669
1526690 1668
1526700 1668
1526710 1668
1526720 1667
1526730 1671
1526740 1671
1526750 1674
1526760 1675
1526770 1675
1526780 1681
1526790 1683
1526800 1683
1526810 1684
1526820 1685
1526830 1685
1526840 1688
1526850 1693
1526860 1693
1526870 1696
1526880 1697
1526890 1697
1526900 1697
1526910 1698
1526920 1698
1526930 1701
1526940 1703
1526950 1703
1526960 1705
1526970 1707
1526980 1707
1526990 1709
1527000 1712
1527010 1715
1527020 1715
1527030 1718
1527040 1722
1527050 1722
1527060 1725
1527070 1727
1527080 1727
1527090 1730
1527100 1732
1527110 1732
1527120 1735
1527130 1737
1527140 1737
1527150 1739
1527160 1741
1527170 1741
1527180 1743
1527190 1745
1527200 1745
1527210 1747
1527220 1748
1527230 1748
1527240 1750
1527250 1753
1527260 1753
1527270 1754
1527280 1756
1527290 1757
1527300 1757
1527310 1758
1527320 1760
1527330 1760
1527340 1762
1527350 1766
1527360 1766
1527370 1769
1527380 1773
1527390 1773
1527400 1776
1527410 1779
1527420 1779
1527430 1781
1527440 1784
1527450 1784
1527460 1787
1527470 1790
1527480 1790
1527490 1794
1527500 1797
1527510 1797
1527520 1800
1527530 1803
1527540 1803
1527550 1807
1527560 1811
1527570 1811
1527580 1814
1527590 1818
1527600 1822
1527610 1822
1527620 1826
1527630 1830
1527640 1830
1527650 1834
1527660 1837
1527670 1837
1527680 1841
1527690 1845
1527700 1845
1527710 1849
1527720 1852
1527730 1852
1527740 1856
1527750 1860
1527760 1860
1527770 1863
1527780 1867
1527790 1867
1527800 1871
1527810 1874
1527820 1874
1527830 1878
1527840 1882
1527850 1882
1527860 1885
1527870 1889
1527880 1892
1527890 1892
1527900 1894
1527910 1897
1527920 1897
1527930 1900
1527940 1902
1527950 1902
1527960 1902
1527970 1901
1527980 1901
1527990 1900
1528000 1900
1528010 1900
1528020 1899
1528030 1897
1528040 1897
1528050 1893
1528060 1883
1528070 1883
1528080 1876
1528090 1869
1528100 1869
1528110 1863
1528120 1856
1528130 1856
1528140 1851
1528150 1847
1528160 1843
1528170 1843
1528180 1840
1528190 1837
1528200 1837
1528210 1834
1528220 1831
1528230 1831
1528240 1830
1528250 1828
1528260 1828
1528270 1826
1528280 1825
1528290 1825
1528300 1822
1528310 1820
1528320 1820
1528330 1820
1528340 1818
1528350 1818
1528360 1816
1528370 1813
1528380 1813
1528390 1811
1528400 1807
1528410 1807
1528420 1802
1528430 1796
1528440 1787
1528450 1787
1528460 1779
1528470 1771
1528480 1771
1528490 1764
1528500 1757
1528510 1757
1528520 1750
1528530 1745
1528540 1745
1528550 1740
1528560 1736
1528570 1736
1528580 1733
1528590 1729
1528600 1729
1528610 1725
1528620 1722
1528630 1722
1528640 1719
1528650 1716
1528660 1716
1528670 1714
1528680 1713
1528690 1713
1528700 1711
1528710 1710
1528720 1708
1528730 1708
1528740 1706
1528750 1705
1528760 1703
1528770 1702
1528780 1699
1528790 1699
1528800 1695
1528810 1689
1528820 1689
1528830 1684
1528840 1681
1528850 1681
1528860 1677
1528870 1673
1528880 1673
1528890 1668
1528900 1661
1528910 1661
1528920 1654
1528930 1647
1528940 1647
1528950 1642
1528960 1636
1528970 1636
1528980 1631
1528990 1627
1529000 1627
1529010 1622
1529020 1617
1529030 1612
1529040 1612
1529050 1605
1529060 1597
1529070 1597
1529080 1589
1529090 1584
1529100 1584
1529110 1579
1529120 1576
1529130 1576
1529140 1574
1529150 1571
1529160 1571
1529170 1569
1529180 1565
1529190 1565
1529200 1562
1529210 1559
1529220 1559
1529230 1556
1529240 1552
1529250 1552
1529260 1548
1529270 1545
1529280 1545
1529290 1541
1529300 1539
1529310 1537
1529320 1537
1529330 1535
1529340 1532
1529350 1532
1529360 1528
1529370 1523
1529380 1523
1529390 1520
1529400 1517
1529410 1517
1529420 1515
1529430 1511
1529440 1511
1529450 1509
1529460 1508
1529470 1508
1529480 1510
1529490 1514
1529500 1514
1529510 1515
1529520 1516
1529530 1516
1529540 1517
1529550 1519
1529560 1519
1529570 1520
1529580 1522
1529590 1523
1529600 1523
1529610 1524
1529620 1525
1529630 1525
1529640 1525
1529650 1525
1529660 1525
1529670 1525
1529680 1525
1529690 1525
1529700 1525
1529710 1524
1529720 1524
1529730 1525
1529740 1525
1529750 1525
1529760 1524
1529770 1523
1529780 1523
1529790 1522
1529800 1522
1529810 1522
1529820 1523
1529830 1522
1529840 1522
1529850 1521
1529860 1520
1529870 1519
1529880 1519
1529890 1519
1529900 1520
1529910 1520
1529920 1521
1529930 1523
1529940 1523
1529950 1526
1529960 1528
1529970 1528
1529980 1532
1529990 1537
1530000 1537
1530010 1541
1530020 1545
1530030 1545
1530040 1550
1530050 1554
1530060 1554
1530070 1556
1530080 1558
1530090 1558
1530100 1559
1530110 1560
1530120 1560
1530130 1561
1530140 1562
1530150 1562
1530160 1562
1530170 1561
1530180 1560
1530190 1560
1530200 1559
1530210 1557
1530220 1557
1530230 1557
1530240 1557
1530250 1557
1530260 1556
1530270 1555
1530280 1555
1530290 1553
1530300 1548
1530310 1548
1530320 1544
1530330 1542
1530340 1542
1530350 1539
1530360 1537
1530370 1537
1530380 1536
1530390 1535
1530400 1535
1530410 1534
1530420 1533
1530430 1533
1530440 1532
1530450 1530
1530460 1528
1530470 1528
1530480 1526
1530490 1525
1530500 1525
1530510 1524
1530520 1525
1530530 1525
1530540 1523
1530550 1520
1530560 1520
1530570 1515
1530580 1511
1530590 1511
1530600 1507
1530610 1502
1530620 1502
1530630 1498
1530640 1495
1530650 1495
1530660 1491
1530670 1488
1530680 1488
1530690 1484
1530700 1480
1530710 1480
1530720 1476
1530730 1473
1530740 1469
1530750 1469
1530760 1465
1530770 1460
1530780 1460
1530790 1455
1530800 1449
1530810 1449
1530820 1445
1530830 1440
1530840 1440
1530850 1435
1530860 1430
1530870 1430
1530880 1425
1530890 1420
1530900 1420
1530910 1415
1530920 1410
1530930 1410
1530940 1405
1530950 1400
1530960 1400
1530970 1395
1530980 1389
1530990 1389
1531000 1385
1531010 1380
1531020 1380
1531030 1375
1531040 1370
1531050 1363
1531060 1363
1531070 1357
1531080 1350
1531090 1350
1531100 1346
1531110 1341
1531120 1341
1531130 1338
1531140 1336
1531150 1336
1531160 1335
1531170 1335
1531180 1335
1531190 1334
1531200 1333
1531210 1333
1531220 1330
1531230 1328
1531240 1328
1531250 1326
1531260 1323
1531270 1323
1531280 1320
1531290 1318
1531300 1318
1531310 1319
1531320 1321
1531330 1326
1531340 1326
1531350 1327
1531360 1327
1531370 1327
1531380 1330
1531390 1334
1531400 1334
1531410 1339
1531420 1345
1531430 1345
1531440 1351
1531450 1358
1531460 1358
1531470 1365
1531480 1372
1531490 1372
1531500 1376
1531510 1377
1531520 1377
1531530 1380
1531540 1385
1531550 1385
1531560 1389
1531570 1395
1531580 1395
1531590 1399
1531600 1404
1531610 1408
1531620 1408
1531630 1413
1531640 1418
1531650 1418
1531660 1422
1531670 1426
1531680 1426
1531690 1430
1531700 1434
1531710 1434
1531720 1438
1531730 1442
1531740 1442
1531750 1447
1531760 1448
1531770 1448
1531780 1453
1531790 1456
1531800 1456
1531810 1457
1531820 1459
1531830 1459
1531840 1464
1531850 1471
1531860 1471
1531870 1475
1531880 1479
1531890 1484
1531900 1484
1531910 1486
1531920 1487
1531930 1487
1531940 1487
1531950 1490
1531960 1490
1531970 1495
1531980 1498
1531990 1498
1532000 1500
1532010 1502
1532020 1502
1532030 1503
1532040 1505
1532050 1505
1532060 1508
1532070 1512
1532080 1512
1532090 1516
1532100 1520
1532110 1520
1532120 1524
1532130 1528
1532140 1528
1532150 1531
1532160 1535
1532170 1535
1532180 1540
1532190 1544
1532200 1548
1532210 1548
1532220 1551
1532230 1554
1532240 1554
1532250 1558
1532260 1561
1532270 1561
1532280 1564
1532290 1567
1532300 1567
1532310 1570
1532320 1572
1532330 1572
1532340 1576
1532350 1578
1532360 1578
1532370 1578
1532380 1579
1532390 1579
1532400 1580
1532410 1580
1532420 1580
1532430 1581
1532440 1581
1532450 1581
1532460 1581
1532470 1580
1532480 1580
1532490 1580
1532500 1583
1532510 1585
1532520 1585
1532530 1587
1532540 1589
1532550 1589
1532560 1591
1532570 1593
1532580 1593
1532590 1594
1532600 1597
1532610 1597
1532620 1599
1532630 1602
1532640 1602
1532650 1605
1532660 1608
1532670 1608
1532680 1612
1532690 1616
1532700 1616
1532710 1619
1532720 1623
1532730 1623
1532740 1627
1532750 1631
1532760 1635
1532770 1635
1532780 1640
1532790 1644
1532800 1644
1532810 1649
1532820 1654
1532830 1654
1532840 1660
1532850 1667
1532860 1667
1532870 1673
1532880 1680
1532890 1680
1532900 1686
1532910 1691
1532920 1691
1532930 1696
1532940 1700
1532950 1700
1532960 1705
1532970 1708
1532980 1708
1532990 1711
1533000 1713
1533010 1713
1533020 1715
1533030 1718
1533040 1720
1533050 1720
1533060 1723
1533070 1726
1533080 1726
1533090 1729
1533100 1732
1533110 1732
1533120 1736
1533130 1740
1533140 1740
1533150 1744
1533160 1748
1533170 1748
1533180 1751
1533190 1755
1533200 1755
1533210 1758
1533220 1762
1533230 1762
1533240 1766
1533250 1770
1533260 1770
1533270 1774
1533280 1779
1533290 1779
1533300 1783
1533310 1786
1533320 1786
1533330 1793
1533340 1797
1533350 1799
1533360 1799
1533370 1802
1533380 1806
1533390 1806
1533400 1809
1533410 1813
1533420 1813
1533430 1816
1533440 1819
1533450 1819
1533460 1822
1533470 1825
1533480 1825
1533490 1829
1533500 1833
1533510 1833
1533520 1837
1533530 1841
1533540 1841
1533550 1845
1533560 1849
1533570 1849
1533580 1853
1533590 1857
1533600 1857
1533610 1861
1533620 1865
1533630 1870
1533640 1870
1533650 1873
1533660 1877
1533670 1877
1533680 1881
1533690 1884
1533700 1884
1533710 1888
1533720 1892
1533730 1892
1533740 1897
1533750 1902
1533760 1902
1533770 1906
1533780 1909
1533790 1909
1533800 1913
1533810 1916
1533820 1916
1533830 1918
1533840 1922
1533850 1922
1533860 1926
1533870 1929
1533880 1929
1533890 1933
1533900 1936
1533910 1939
1533920 1939
1533930 1941
1533940 1942
1533950 1942
1533960 1944
1533970 1946
1533980 1946
1533990 1949
1534000 1952
1534010 1952
1534020 1954
1534030 1954
1534040 1954
1534050 1949
1534060 1941
1534070 1941
1534080 1933
1534090 1928
1534100 1928
1534110 1922
1534120 1914
1534130 1914
1534140 1907
1534150 1901
1534160 1901
1534170 1895
1534180 1889
1534190 1883
1534200 1883
1534210 1881
1534220 1875
1534230 1875
1534240 1870
1534250 1865
1534260 1865
1534270 1859
1534280 1853
1534290 1853
1534300 1847
1534310 1840
1534320 1840
1534330 1833
1534340 1824
1534350 1824
1534360 1820
1534370 1815
1534380 1815
1534390 1807
1534400 1799
1534410 1799
1534420 1791
1534430 1784
1534440 1784
1534450 1776
1534460 1769
1534470 1769
1534480 1763
1534490 1753
1534500 1745
1534510 1745
1534520 1738
1534530 1729
1534540 1729
1534550 1719
1534560 1709
1534570 1709
1534580 1701
1534590 1696
1534600 1696
1534610 1691
1534620 1687
1534630 1687
1534640 1682
1534650 1677
1534660 1677
1534670 1673
1534680 1669
1534690 1669
1534700 1666
1534710 1663
1534720 1663
1534730 1660
1534740 1655
1534750 1655
1534760 1649
1534770 1643
1534780 1635
1534790 1635
1534800 1626
1534810 1612
1534820 1612
1534830 1600
1534840 1588
1534850 1588
1534860 1576
1534870 1565
1534880 1565
1534890 1554
1534900 1543
1534910 1543
1534920 1534
1534930 1525
1534940 1525
1534950 1517
1534960 1508
1534970 1508
1534980 1498
1534990 1489
1535000 1489
1535010 1480
1535020 1476
1535030 1476
1535040 1478
1535050 1478
1535060 1471
1535070 1471
1535080 1465
1535090 1463
1535100 1463
1535110 1459
1535120 1458
1535130 1458
1535140 1457
1535150 1455
1535160 1455
1535170 1451
1535180 1446
1535190 1446
1535200 1441
1535210 1435
1535220 1435
1535230 1428
1535240 1421
1535250 1421
1535260 1414
1535270 1408
1535280 1408
1535290 1402
1535300 1395
1535310 1395
1535320 1388
1535330 1382
1535340 1375
1535350 1375
1535360 1370
1535370 1364
1535380 1364
1535390 1360
1535400 1356
1535410 1356
1535420 1353
1535430 1352
1535440 1352
1535450 1350
1535460 1347
1535470 1347
1535480 1345
1535490 1344
1535500 1344
1535510 1343
1535520 1342
1535530 1342
1535540 1343
1535550 1344
1535560 1344
1535570 1344
1535580 1344
1535590 1344
1535600 1345
1535610 1345
1535620 1345
1535630 1347
1535640 1348
1535650 1348
1535660 1348
1535670 1348
1535680 1349
1535690 1349
1535700 1352
1535710 1355
1535720 1355
1535730 1357
1535740 1359
1535750 1359
1535760 1361
1535770 1363
1535780 1363
1535790 1367
1535800 1372
1535810 1372
1535820 1378
1535830 1385
1535840 1385
1535850 1393
1535860 1400
1535870 1400
1535880 1408
1535890 1416
1535900 1416
1535910 1423
1535920 1430
1535930 1437
1535940 1437
1535950 1444
1535960 1452
1535970 1452
1535980 1459
1535990 1466
1536000 1466
1536010 1474
1536020 1482
1536030 1482
1536040 1490
1536050 1498
1536060 1498
1536070 1507
1536080 1518
1536090 1518
1536100 1533
1536110 1549
1536120 1549
1536130 1564
1536140 1576
1536150 1576
1536160 1585
1536170 1592
1536180 1592
1536190 1597
1536200 1601
1536210 1606
1536220 1606
1536230 1609
1536240 1612
1536250 1612
1536260 1613
1536270 1616
1536280 1616
1536290 1621
1536300 1631
1536310 1631
1536320 1640
1536330 1648
1536340 1648
1536350 1655
1536360 1663
1536370 1663
1536380 1669
1536390 1675
1536400 1675
1536410 1680
1536420 1685
1536430 1685
1536440 1692
1536450 1699
1536460 1699
1536470 1704
1536480 1707
1536490 1711
1536500 1711
1536510 1713
1536520 1716
1536530 1716
1536540 1717
1536550 1718
1536560 1718
1536570 1721
1536580 1724
1536590 1724
1536600 1724
1536610 1727
1536620 1727
1536630 1728
1536640 1730
1536650 1730
1536660 1732
1536670 1734
1536680 1734
1536690 1736
1536700 1739
1536710 1732
1536720 1734
1536730 1737
1536740 1737
1536750 1739
1536760 1742
1536770 1742
1536780 1746
1536790 1750
1536800 1754
1536810 1754
1536820 1758
1536830 1763
1536840 1763
1536850 1767
1536860 1771
1536870 1771
1536880 1774
1536890 1777
1536900 1777
1536910 1781
1536920 1784
1536930 1784
1536940 1786
1536950 1789
1536960 1789
1536970 1791
1536980 1794
1536990 1794
1537000 1798
1537010 1802
1537020 1802
1537030 1806
1537040 1810
1537050 1810
1537060 1813
1537070 1817
1537080 1821
1537090 1821
1537100 1826
1537110 1829
1537120 1829
1537130 1833
1537140 1837
1537150 1837
1537160 1841
1537170 1845
1537180 1845
1537190 1849
1537200 1853
1537210 1853
1537220 1858
1537230 1862
1537240 1862
1537250 1866
1537260 1868
1537270 1868
1537280 1872
1537290 1874
1537300 1874
1537310 1878
1537320 1882
1537330 1882
1537340 1886
1537350 1890
1537360 1893
1537370 1893
1537380 1897
1537390 1900
1537400 1900
1537410 1893
1537420 1881
1537430 1881
1537440 1873
1537450 1864
1537460 1864
1537470 1851
1537480 1839
1537490 1839
1537500 1830
1537510 1822
1537520 1822
1537530 1814
1537540 1805
1537550 1805
1537560 1796
1537570 1788
1537580 1788
1537590 1779
1537600 1761
1537610 1761
1537620 1731
1537630 1714
1537640 1689
1537650 1689
1537660 1682
1537670 1671
1537680 1671
1537690 1660
1537700 1647
1537710 1647
1537720 1634
1537730 1620
1537740 1620
1537750 1616
1537760 1610
1537770 1610
1537780 1599
1537790 1586
1537800 1586
1537810 1575
1537820 1566
1537830 1566
1537840 1556
1537850 1548
1537860 1548
1537870 1538
1537880 1525
1537890 1525
1537900 1516
1537910 1508
1537920 1508
1537930 1500
1537940 1488
1537950 1473
1537960 1473
1537970 1450
1537980 1427
1537990 1427
1538000 1417
1538010 1410
1538020 1410
1538030 1405
1538040 1395
1538050 1395
1538060 1379
1538070 1351
1538080 1351
1538090 1330
1538100 1322
1538110 1322
1538120 1315
1538130 1307
1538140 1307
1538150 1300
1538160 1293
1538170 1293
1538180 1285
1538190 1278
1538200 1278
1538210 1272
1538220 1265
1538230 1258
1538240 1258
1538250 1250
1538260 1244
1538270 1244
1538280 1237
1538290 1230
1538300 1230
1538310 1224
1538320 1217
1538330 1217
1538340 1211
1538350 1205
1538360 1205
1538370 1200
1538380 1197
1538390 1197
1538400 1193
1538410 1189
1538420 1189
1538430 1185
1538440 1181
1538450 1181
1538460 1177
1538470 1174
1538480 1174
1538490 1171
1538500 1167
1538510 1165
1538520 1165
1538530 1162
1538540 1160
1538550 1160
1538560 1158
1538570 1157
1538580 1157
1538590 1156
1538600 1156
1538610 1156
1538620 1156
1538630 1156
1538640 1156
1538650 1156
1538660 1156
1538670 1156
1538680 1156
1538690 1156
1538700 1156
1538710 1156
1538720 1156
1538730 1156
1538740 1156
1538750 1156
1538760 1156
1538770 1156
1538780 1156
1538790 1157
1538800 1157
1538810 1160
1538820 1165
1538830 1165
1538840 1171
1538850 1179
1538860 1179
1538870 1186
1538880 1194
1538890 1194
1538900 1202
1538910 1208
1538920 1208
1538930 1214
1538940 1221
1538950 1221
1538960 1228
1538970 1237
1538980 1237
1538990 1245
1539000 1252
1539010 1252
1539020 1258
1539030 1263
1539040 1263
1539050 1269
1539060 1275
1539070 1281
1539080 1281
1539090 1287
1539100 1298
1539110 1298
1539120 1308
1539130 1315
1539140 1315
1539150 1322
1539160 1329
1539170 1329
1539180 1337
1539190 1341
1539200 1341
1539210 1349
1539220 1356
1539230 1356
1539240 1363
1539250 1370
1539260 1370
1539270 1376
1539280 1382
1539290 1382
1539300 1389
1539310 1395
1539320 1395
1539330 1402
1539340 1409
1539350 1409
1539360 1415
1539370 1420
1539380 1426
1539390 1426
1539400 1432
1539410 1436
1539420 1436
1539430 1441
1539440 1444
1539450 1444
1539460 1448
1539470 1452
1539480 1452
1539490 1455
1539500 1458
1539510 1458
1539520 1463
1539530 1465
1539540 1465
1539550 1470
1539560 1479
1539570 1479
1539580 1487
1539590 1494
1539600 1494
1539610 1501
1539620 1507
1539630 1507
1539640 1512
1539650 1517
1539660 1522
1539670 1522
1539680 1528
1539690 1534
1539700 1534
1539710 1541
1539720 1548
1539730 1548
1539740 1554
1539750 1560
1539760 1560
1539770 1565
1539780 1570
1539790 1570
1539800 1576
1539810 1582
1539820 1582
1539830 1587
1539840 1592
1539850 1592
1539860 1595
1539870 1598
1539880 1598
1539890 1601
1539900 1604
1539910 1604
1539920 1607
1539930 1609
1539940 1611
1539950 1611
1539960 1613
1539970 1615
1539980 1615
1539990 1618
