1520000 1244
1520010 1240
1520020 1235
1520030 1235
1520040 1230
1520050 1226
1520060 1226
1520070 1222
1520080 1219
1520090 1219
1520100 1215
1520110 1211
1520120 1211
1520130 1207
1520140 1203
1520150 1203
1520160 1200
1520170 1196
1520180 1196
1520190 1193
1520200 1189
1520210 1189
1520220 1185
1520230 1182
1520240 1182
1520250 1178
1520260 1174
1520270 1169
1520280 1169
1520290 1163
1520300 1158
1520310 1158
1520320 1154
1520330 1149
1520340 1149
1520350 1144
1520360 1137
1520370 1137
1520380 1131
1520390 1126
1520400 1126
1520410 1123
1520420 1119
1520430 1119
1520440 1117
1520450 1115
1520460 1115
1520470 1112
1520480 1110
1520490 1110
1520500 1108
1520510 1107
1520520 1107
1520530 1106
1520540 1105
1520550 1105
1520560 1103
1520570 1099
1520580 1097
1520590 1097
1520600 1095
1520610 1093
1520620 1093
1520630 1091
1520640 1089
1520650 1089
1520660 1086
1520670 1081
1520680 1081
1520690 1079
1520700 1078
1520710 1078
1520720 1076
1520730 1072
1520740 1072
1520750 1069
1520760 1065
1520770 1065
1520780 1062
1520790 1060
1520800 1060
1520810 1058
1520820 1055
1520830 1055
1520840 1052
1520850 1050
1520860 1047
1520870 1047
1520880 1045
1520890 1042
1520900 1042
1520910 1038
1520920 1033
1520930 1033
1520940 1029
1520950 1026
1520960 1026
1520970 1022
1520980 1019
1520990 1019
1521000 1016
1521010 1013
1521020 1013
1521030 1010
1521040 1007
1521050 1007
1521060 1004
1521070 1001
1521080 1001
1521090 999
1521100 997
1521110 997
1521120 995
1521130 993
1521140 991
1521150 991
1521160 989
1521170 986
1521180 986
1521190 983
1521200 979
1521210 979
1521220 976
1521230 974
1521240 974
1521250 972
1521260 969
1521270 969
1521280 967
1521290 966
1521300 966
1521310 964
1521320 963
1521330 963
1521340 962
1521350 959
1521360 959
1521370 957
1521380 955
1521390 955
1521400 953
1521410 951
1521420 949
1521430 949
1521440 948
1521450 947
1521460 947
1521470 945
1521480 942
1521490 942
1521500 940
1521510 938
1521520 938
1521530 937
1521540 935
1521550 935
1521560 934
1521570 933
1521580 933
1521590 932
1521600 930
1521610 930
1521620 928
1521630 917
1521640 917
1521650 914
1521660 925
1521670 925
1521680 929
1521690 931
1521700 931
1521710 934
1521720 938
1521730 941
1521740 941
1521750 945
1521760 946
1521770 946
1521780 948
1521790 951
1521800 951
1521810 954
1521820 956
1521830 956
1521840 959
1521850 961
1521860 961
1521870 962
1521880 964
1521890 964
1521900 966
1521910 969
1521920 969
1521930 971
1521940 974
1521950 974
1521960 976
1521970 978
1521980 978
1521990 979
1522000 980
1522010 981
1522020 981
1522030 983
1522040 987
1522050 987
1522060 991
1522070 992
1522080 992
1522090 993
1522100 994
1522110 994
1522120 995
1522130 996
1522140 996
1522150 998
1522160 999
1522170 999
1522180 1001
1522190 1002
1522200 1002
1522210 1003
1522220 1003
1522230 1003
1522240 1003
1522250 1004
1522260 1004
1522270 1007
1522280 1010
1522290 1011
1522300 1011
1522310 1013
1522320 1014
1522330 1014
1522340 1014
1522350 1010
1522360 1010
1522370 1006
1522380 1004
1522390 1004
1522400 1002
1522410 1000
1522420 1000
1522430 998
1522440 994
1522450 994
1522460 991
1522470 986
1522480 986
1522490 982
1522500 977
1522510 977
1522520 974
1522530 970
1522540 970
1522550 965
1522560 960
1522570 956
1522580 956
1522590 952
1522600 948
1522610 948
1522620 946
1522630 944
1522640 944
1522650 941
1522660 938
1522670 938
1522680 935
1522690 932
1522700 932
1522710 932
1522720 931
1522730 931
1522740 930
1522750 928
1522760 928
1522770 927
1522780 926
1522790 926
1522800 925
1522810 925
1522820 925
1522830 925
1522840 924
1522850 923
1522860 923
1522870 922
1522880 922
1522890 922
1522900 921
1522910 919
1522920 919
1522930 918
1522940 916
1522950 916
1522960 913
1522970 907
1522980 907
1522990 899
1523000 893
1523010 893
1523020 891
1523030 891
1523040 891
1523050 889
1523060 888
1523070 888
1523080 889
1523090 890
1523100 890
1523110 892
1523120 892
1523130 892
1523140 892
1523150 893
1523160 895
1523170 895
1523180 897
1523190 898
1523200 898
1523210 899
1523220 899
1523230 899
1523240 899
1523250 900
1523260 900
1523270 900
1523280 900
1523290 900
1523300 901
1523310 902
1523320 902
1523330 904
1523340 906
1523350 906
1523360 909
1523370 913
1523380 913
1523390 916
1523400 921
1523410 921
1523420 924
1523430 928
1523440 932
1523450 932
1523460 935
1523470 938
1523480 938
1523490 942
1523500 945
1523510 945
1523520 948
1523530 952
1523540 952
1523550 955
1523560 958
1523570 958
1523580 961
1523590 964
1523600 964
1523610 966
1523620 967
1523630 967
1523640 968
1523650 969
1523660 969
1523670 971
1523680 973
1523690 973
1523700 975
1523710 977
1523720 980
1523730 980
1523740 983
1523750 987
1523760 987
1523770 990
1523780 993
1523790 993
1523800 996
1523810 1000
1523820 1000
1523830 1004
1523840 1006
1523850 1006
1523860 1010
1523870 1013
1523880 1013
1523890 1016
1523900 1018
1523910 1018
1523920 1019
1523930 1021
1523940 1021
1523950 1025
1523960 1027
1523970 1027
1523980 1029
1523990 1031
1524000 1032
1524010 1032
1524020 1034
1524030 1035
1524040 1035
1524050 1039
1524060 1043
1524070 1043
1524080 1046
1524090 1050
1524100 1050
1524110 1053
1524120 1058
1524130 1058
1524140 1062
1524150 1066
1524160 1066
1524170 1071
1524180 1075
1524190 1075
1524200 1080
1524210 1084
1524220 1084
1524230 1089
1524240 1093
1524250 1093
1524260 1098
1524270 1100
1524280 1102
1524290 1102
1524300 1104
1524310 1106
1524320 1106
1524330 1110
1524340 1115
1524350 1115
1524360 1119
1524370 1125
1524380 1125
1524390 1130
1524400 1135
1524410 1135
1524420 1140
1524430 1146
1524440 1146
1524450 1151
1524460 1158
1524470 1158
1524480 1162
1524490 1165
1524500 1165
1524510 1169
1524520 1173
1524530 1173
1524540 1178
1524550 1183
1524560 1183
1524570 1188
1524580 1191
1524590 1194
1524600 1194
1524610 1197
1524620 1199
1524630 1199
1524640 1197
1524650 1205
1524660 1205
1524670 1212
1524680 1218
1524690 1218
1524700 1223
1524710 1227
1524720 1227
1524730 1233
1524740 1239
1524750 1239
1524760 1244
1524770 1250
1524780 1250
1524790 1257
1524800 1262
1524810 1262
1524820 1270
1524830 1279
1524840 1279
1524850 1289
1524860 1295
1524870 1301
1524880 1301
1524890 1305
1524900 1311
1524910 1311
1524920 1317
1524930 1324
1524940 1324
1524950 1329
1524960 1335
1524970 1335
1524980 1339
1524990 1344
1525000 1344
1525010 1348
1525020 1353
1525030 1353
1525040 1357
1525050 1363
1525060 1363
1525070 1368
1525080 1374
1525090 1374
1525100 1379
1525110 1385
1525120 1385
1525130 1390
1525140 1396
1525150 1401
1525160 1401
1525170 1406
1525180 1410
1525190 1410
1525200 1415
1525210 1419
1525220 1419
1525230 1423
1525240 1427
1525250 1427
1525260 1431
1525270 1435
1525280 1435
1525290 1438
1525300 1441
1525310 1441
1525320 1445
1525330 1449
1525340 1449
1525350 1452
1525360 1456
1525370 1456
1525380 1460
1525390 1464
1525400 1464
1525410 1467
1525420 1472
1525430 1476
1525440 1476
1525450 1479
1525460 1482
1525470 1482
1525480 1486
1525490 1490
1525500 1490
1525510 1494
1525520 1498
1525530 1498
1525540 1502
1525550 1507
1525560 1507
1525570 1513
1525580 1517
1525590 1517
1525600 1519
1525610 1521
1525620 1521
1525630 1526
1525640 1531
1525650 1531
1525660 1536
1525670 1541
1525680 1541
1525690 1544
1525700 1549
1525710 1553
1525720 1553
1525730 1558
1525740 1561
1525750 1561
1525760 1564
1525770 1567
1525780 1567
1525790 1570
1525800 1573
1525810 1573
1525820 1576
1525830 1579
1525840 1579
1525850 1583
1525860 1586
1525870 1586
1525880 1590
1525890 1593
1525900 1593
1525910 1594
1525920 1595
1525930 1595
1525940 1597
1525950 1599
1525960 1599
1525970 1601
1525980 1603
1525990 1603
1526000 1604
1526010 1605
1526020 1606
1526030 1606
1526040 1606
1526050 1606
1526060 1606
1526070 1606
1526080 1605
1526090 1605
1526100 1605
1526110 1605
1526120 1605
1526130 1605
1526140 1606
1526150 1606
1526160 1609
1526170 1610
1526180 1610
1526190 1609
1526200 1608
1526210 1608
1526220 1607
1526230 1606
1526240 1606
1526250 1605
1526260 1603
1526270 1603
1526280 1600
1526290 1598
1526300 1594
1526310 1594
1526320 1589
1526330 1585
1526340 1585
1526350 1585
1526360 1591
1526370 1591
1526380 1595
1526390 1599
1526400 1599
1526410 1603
1526420 1606
1526430 1606
1526440 1609
1526450 1612
1526460 1612
1526470 1614
1526480 1617
1526490 1617
1526500 1619
1526510 1622
1526520 1622
1526530 1624
1526540 1625
1526550 1625
1526560 1627
1526570 1628
1526580 1631
1526590 1631
1526600 1633
1526610 1635
1526620 1635
1526630 1637
1526640 1638
1526650 1638
1526660 1641
1526670 1643
1526680 1643
1526690 1645
1526700 1647
1526710 1647
1526720 1649
1526730 1650
1526740 1650
1526750 1652
1526760 1654
1526770 1654
1526780 1656
1526790 1658
1526800 1658
1526810 1661
1526820 1664
1526830 1664
1526840 1667
1526850 1670
1526860 1672
1526870 1672
1526880 1674
1526890 1675
1526900 1675
1526910 1677
1526920 1681
1526930 1681
1526940 1684
1526950 1687
1526960 1687
1526970 1690
1526980 1693
1526990 1693
1527000 1695
1527010 1696
1527020 1696
1527030 1699
1527040 1702
1527050 1702
1527060 1705
1527070 1708
1527080 1708
1527090 1711
1527100 1713
1527110 1713
1527120 1716
1527130 1718
1527140 1718
1527150 1721
1527160 1723
1527170 1725
1527180 1725
1527190 1727
1527200 1729
1527210 1729
1527220 1731
1527230 1731
1527240 1731
1527250 1732
1527260 1734
1527270 1734
1527280 1737
1527290 1739
1527300 1739
1527310 1741
1527320 1744
1527330 1744
1527340 1747
1527350 1750
1527360 1750
1527370 1753
1527380 1755
1527390 1755
1527400 1757
1527410 1759
1527420 1759
1527430 1761
1527440 1763
1527450 1764
1527460 1764
1527470 1766
1527480 1769
1527490 1769
1527500 1771
1527510 1773
1527520 1773
1527530 1775
1527540 1777
1527550 1777
1527560 1778
1527570 1781
1527580 1781
1527590 1783
1527600 1785
1527610 1785
1527620 1787
1527630 1789
1527640 1789
1527650 1791
1527660 1793
1527670 1793
1527680 1794
1527690 1796
1527700 1796
1527710 1798
1527720 1801
1527730 1804
1527740 1804
1527750 1806
1527760 1808
1527770 1808
1527780 1809
1527790 1811
1527800 1811
1527810 1813
1527820 1814
1527830 1814
1527840 1815
1527850 1816
1527860 1816
1527870 1817
1527880 1818
1527890 1818
1527900 1819
1527910 1820
1527920 1820
1527930 1822
1527940 1825
1527950 1825
1527960 1829
1527970 1836
1527980 1836
1527990 1843
1528000 1847
1528010 1849
1528020 1849
1528030 1852
1528040 1856
1528050 1856
1528060 1858
1528070 1863
1528080 1863
1528090 1866
1528100 1868
1528110 1868
1528120 1870
1528130 1868
1528140 1868
1528150 1865
1528160 1862
1528170 1862
1528180 1859
1528190 1855
1528200 1855
1528210 1851
1528220 1847
1528230 1847
1528240 1842
1528250 1837
1528260 1837
1528270 1832
1528280 1827
1528290 1822
1528300 1822
1528310 1818
1528320 1814
1528330 1814
1528340 1813
1528350 1812
1528360 1812
1528370 1810
1528380 1809
1528390 1809
1528400 1808
1528410 1806
1528420 1806
1528430 1804
1528440 1803
1528450 1803
1528460 1800
1528470 1798
1528480 1798
1528490 1796
1528500 1793
1528510 1793
1528520 1791
1528530 1788
1528540 1788
1528550 1785
1528560 1783
1528570 1783
1528580 1780
1528590 1778
1528600 1777
1528610 1777
1528620 1775
1528630 1773
1528640 1773
1528650 1771
1528660 1767
1528670 1767
1528680 1765
1528690 1763
1528700 1763
1528710 1762
1528720 1760
1528730 1760
1528740 1758
1528750 1756
1528760 1756
1528770 1749
1528780 1742
1528790 1742
1528800 1735
1528810 1730
1528820 1730
1528830 1727
1528840 1725
1528850 1725
1528860 1723
1528870 1721
1528880 1719
1528890 1719
1528900 1716
1528910 1713
1528920 1713
1528930 1709
1528940 1705
1528950 1705
1528960 1702
1528970 1699
1528980 1699
1528990 1695
1529000 1690
1529010 1690
1529020 1685
1529030 1679
1529040 1679
1529050 1674
1529060 1670
1529070 1670
1529080 1669
1529090 1666
1529100 1666
1529110 1662
1529120 1659
1529130 1659
1529140 1656
1529150 1653
1529160 1650
1529170 1650
1529180 1646
1529190 1642
1529200 1642
1529210 1639
1529220 1637
1529230 1637
1529240 1634
1529250 1633
1529260 1633
1529270 1631
1529280 1629
1529290 1629
1529300 1628
1529310 1626
1529320 1626
1529330 1625
1529340 1624
1529350 1624
1529360 1623
1529370 1622
1529380 1622
1529390 1620
1529400 1618
1529410 1618
1529420 1616
1529430 1613
1529440 1611
1529450 1611
1529460 1610
1529470 1608
1529480 1608
1529490 1607
1529500 1606
1529510 1606
1529520 1606
1529530 1605
1529540 1605
1529550 1605
1529560 1604
1529570 1604
1529580 1603
1529590 1601
1529600 1601
1529610 1601
1529620 1600
1529630 1600
1529640 1599
1529650 1599
1529660 1599
1529670 1599
1529680 1599
1529690 1599
1529700 1600
1529710 1600
1529720 1602
1529730 1602
1529740 1602
1529750 1603
1529760 1603
1529770 1604
1529780 1604
1529790 1604
1529800 1603
1529810 1604
1529820 1604
1529830 1605
1529840 1606
1529850 1606
1529860 1606
1529870 1607
1529880 1607
1529890 1607
1529900 1607
1529910 1607
1529920 1607
1529930 1608
1529940 1608
1529950 1611
1529960 1615
1529970 1615
1529980 1618
1529990 1620
1530000 1620
1530010 1623
1530020 1626
1530030 1628
1530040 1628
1530050 1630
1530060 1632
1530070 1632
1530080 1635
1530090 1636
1530100 1636
1530110 1638
1530120 1640
1530130 1640
1530140 1642
1530150 1642
1530160 1642
1530170 1643
1530180 1643
1530190 1643
1530200 1643
1530210 1642
1530220 1642
1530230 1644
1530240 1646
1530250 1646
1530260 1647
1530270 1646
1530280 1646
1530290 1645
1530300 1641
1530310 1637
1530320 1637
1530330 1632
1530340 1627
1530350 1627
1530360 1621
1530370 1616
1530380 1616
1530390 1613
1530400 1607
1530410 1607
1530420 1599
1530430 1590
1530440 1590
1530450 1583
1530460 1577
1530470 1577
1530480 1570
1530490 1563
1530500 1563
1530510 1557
1530520 1552
1530530 1552
1530540 1548
1530550 1543
1530560 1543
1530570 1537
1530580 1531
1530590 1527
1530600 1527
1530610 1522
1530620 1518
1530630 1518
1530640 1514
1530650 1510
1530660 1510
1530670 1505
1530680 1501
1530690 1501
1530700 1497
1530710 1492
1530720 1492
1530730 1488
1530740 1483
1530750 1483
1530760 1479
1530770 1475
1530780 1475
1530790 1473
1530800 1474
1530810 1474
1530820 1476
1530830 1474
1530840 1474
1530850 1473
1530860 1470
1530870 1467
1530880 1467
1530890 1464
1530900 1462
1530910 1462
1530920 1458
1530930 1454
1530940 1454
1530950 1451
1530960 1449
1530970 1449
1530980 1446
1530990 1442
1531000 1442
1531010 1438
1531020 1435
1531030 1435
1531040 1431
1531050 1424
1531060 1424
1531070 1421
1531080 1419
1531090 1419
1531100 1415
1531110 1409
1531120 1409
1531130 1402
1531140 1395
1531150 1395
1531160 1388
1531170 1381
1531180 1374
1531190 1374
1531200 1367
1531210 1362
1531220 1362
1531230 1358
1531240 1354
1531250 1354
1531260 1350
1531270 1347
1531280 1347
1531290 1346
1531300 1345
1531310 1345
1531320 1345
1531330 1345
1531340 1345
1531350 1345
1531360 1345
1531370 1345
1531380 1346
1531390 1347
1531400 1347
1531410 1346
1531420 1345
1531430 1345
1531440 1345
1531450 1348
1531460 1349
1531470 1349
1531480 1353
1531490 1360
1531500 1360
1531510 1367
1531520 1373
1531530 1373
1531540 1379
1531550 1385
1531560 1385
1531570 1390
1531580 1395
1531590 1395
1531600 1399
1531610 1405
1531620 1405
1531630 1410
1531640 1414
1531650 1414
1531660 1418
1531670 1423
1531680 1423
1531690 1428
1531700 1431
1531710 1431
1531720 1437
1531730 1442
1531740 1446
1531750 1446
1531760 1450
1531770 1455
1531780 1455
1531790 1461
1531800 1466
1531810 1466
1531820 1472
1531830 1479
1531840 1479
1531850 1485
1531860 1492
1531870 1492
1531880 1496
1531890 1499
1531900 1499
1531910 1505
1531920 1511
1531930 1511
1531940 1516
1531950 1520
1531960 1520
1531970 1527
1531980 1533
1531990 1533
1532000 1537
1532010 1541
1532020 1545
1532030 1545
1532040 1549
1532050 1553
1532060 1553
1532070 1557
1532080 1563
1532090 1563
1532100 1569
1532110 1574
1532120 1574
1532130 1580
1532140 1585
1532150 1585
1532160 1588
1532170 1592
1532180 1592
1532190 1595
1532200 1598
1532210 1598
1532220 1600
1532230 1602
1532240 1602
1532250 1604
1532260 1605
1532270 1605
1532280 1607
1532290 1610
1532300 1614
1532310 1614
1532320 1618
1532330 1621
1532340 1621
1532350 1622
1532360 1623
1532370 1623
1532380 1623
1532390 1624
1532400 1624
1532410 1626
1532420 1627
1532430 1627
1532440 1628
1532450 1630
1532460 1630
1532470 1631
1532480 1632
1532490 1632
1532500 1633
1532510 1635
1532520 1635
1532530 1637
1532540 1639
1532550 1639
1532560 1641
1532570 1644
1532580 1644
1532590 1647
1532600 1649
1532610 1651
1532620 1651
1532630 1653
1532640 1655
1532650 1655
1532660 1658
1532670 1660
1532680 1660
1532690 1661
1532700 1663
1532710 1663
1532720 1665
1532730 1666
1532740 1666
1532750 1667
1532760 1668
1532770 1668
1532780 1670
1532790 1671
1532800 1671
1532810 1670
1532820 1671
1532830 1671
1532840 1671
1532850 1672
1532860 1672
1532870 1672
1532880 1673
1532890 1674
1532900 1674
1532910 1675
1532920 1677
1532930 1677
1532940 1679
1532950 1680
1532960 1680
1532970 1682
1532980 1683
1532990 1683
1533000 1685
1533010 1687
1533020 1687
1533030 1690
1533040 1693
1533050 1693
1533060 1696
1533070 1699
1533080 1699
1533090 1702
1533100 1705
1533110 1705
1533120 1708
1533130 1711
1533140 1711
1533150 1715
1533160 1719
1533170 1721
1533180 1721
1533190 1724
1533200 1726
1533210 1726
1533220 1727
1533230 1728
1533240 1728
1533250 1730
1533260 1734
1533270 1734
1533280 1740
1533290 1746
1533300 1746
1533310 1751
1533320 1756
1533330 1756
1533340 1762
1533350 1766
1533360 1766
1533370 1772
1533380 1779
1533390 1779
1533400 1783
1533410 1790
1533420 1790
1533430 1794
1533440 1797
1533450 1799
1533460 1799
1533470 1804
1533480 1810
1533490 1810
1533500 1815
1533510 1819
1533520 1819
1533530 1825
1533540 1830
1533550 1830
1533560 1833
1533570 1837
1533580 1837
1533590 1842
1533600 1844
1533610 1844
1533620 1847
1533630 1851
1533640 1851
1533650 1856
1533660 1863
1533670 1863
1533680 1871
1533690 1879
1533700 1879
1533710 1886
1533720 1906
1533730 1906
1533740 1917
1533750 1921
1533760 1923
1533770 1923
1533780 1926
1533790 1927
1533800 1927
1533810 1925
1533820 1921
1533830 1921
1533840 1917
1533850 1912
1533860 1912
1533870 1909
1533880 1905
1533890 1905
1533900 1901
1533910 1896
1533920 1896
1533930 1891
1533940 1886
1533950 1886
1533960 1879
1533970 1873
1533980 1873
1533990 1866
1534000 1858
1534010 1858
1534020 1847
1534030 1835
1534040 1826
1534050 1826
1534060 1821
1534070 1817
1534080 1817
1534090 1815
1534100 1813
1534110 1813
1534120 1811
1534130 1809
1534140 1809
1534150 1807
1534160 1805
1534170 1805
1534180 1802
1534190 1798
1534200 1798
1534210 1794
1534220 1790
1534230 1790
1534240 1787
1534250 1784
1534260 1784
1534270 1780
1534280 1775
1534290 1775
1534300 1772
1534310 1767
1534320 1761
1534330 1761
1534340 1757
1534350 1753
1534360 1753
1534370 1750
1534380 1746
1534390 1746
1534400 1743
1534410 1741
1534420 1741
1534430 1738
1534440 1735
1534450 1735
1534460 1733
1534470 1731
1534480 1731
1534490 1728
1534500 1726
1534510 1726
1534520 1724
1534530 1722
1534540 1722
1534550 1720
1534560 1716
1534570 1716
1534580 1712
1534590 1709
1534600 1706
1534610 1706
1534620 1703
1534630 1699
1534640 1699
1534650 1695
1534660 1692
1534670 1692
1534680 1689
1534690 1685
1534700 1685
1534710 1683
1534720 1680
1534730 1680
1534740 1679
1534750 1678
1534760 1678
1534770 1677
1534780 1675
1534790 1675
1534800 1674
1534810 1673
1534820 1673
1534830 1672
1534840 1672
1534850 1672
1534860 1673
1534870 1674
1534880 1675
1534890 1675
1534900 1677
1534910 1679
1534920 1679
1534930 1680
1534940 1679
1534950 1679
1534960 1681
1534970 1682
1534980 1682
1534990 1681
1535000 1679
1535010 1679
1535020 1678
1535030 1675
1535040 1675
1535050 1674
1535060 1673
1535070 1673
1535080 1673
1535090 1672
1535100 1672
1535110 1671
1535120 1670
1535130 1670
1535140 1671
1535150 1672
1535160 1672
1535170 1672
1535180 1670
1535190 1666
1535200 1666
1535210 1659
1535220 1651
1535230 1651
1535240 1627
1535250 1599
1535260 1599
1535270 1588
1535280 1580
1535290 1580
1535300 1572
1535310 1564
1535320 1564
1535330 1556
1535340 1548
1535350 1548
1535360 1541
1535370 1537
1535380 1537
1535390 1534
1535400 1533
1535410 1533
1535420 1530
1535430 1526
1535440 1526
1535450 1523
1535460 1518
1535470 1513
1535480 1513
1535490 1497
1535500 1476
1535510 1476
1535520 1469
1535530 1464
1535540 1464
1535550 1462
1535560 1459
1535570 1459
1535580 1456
1535590 1453
1535600 1453
1535610 1449
1535620 1445
1535630 1445
1535640 1442
1535650 1440
1535660 1440
1535670 1439
1535680 1440
1535690 1440
1535700 1441
1535710 1443
1535720 1443
1535730 1446
1535740 1450
1535750 1453
1535760 1453
1535770 1455
1535780 1459
1535790 1459
1535800 1462
1535810 1466
1535820 1466
1535830 1471
1535840 1475
1535850 1475
1535860 1479
1535870 1484
1535880 1484
1535890 1489
1535900 1494
1535910 1494
1535920 1500
1535930 1505
1535940 1505
1535950 1511
1535960 1517
1535970 1517
1535980 1523
1535990 1528
1536000 1528
1536010 1534
1536020 1539
1536030 1545
1536040 1545
1536050 1550
1536060 1555
1536070 1555
1536080 1560
1536090 1567
1536100 1567
1536110 1573
1536120 1580
1536130 1580
1536140 1585
1536150 1590
1536160 1590
1536170 1596
1536180 1603
1536190 1603
1536200 1609
1536210 1616
1536220 1616
1536230 1622
1536240 1629
1536250 1625
1536260 1633
1536270 1639
1536280 1639
1536290 1646
1536300 1652
1536310 1659
1536320 1659
1536330 1665
1536340 1670
1536350 1670
1536360 1678
1536370 1692
1536380 1692
1536390 1699
1536400 1706
1536410 1706
1536420 1714
1536430 1723
1536440 1723
1536450 1733
1536460 1750
1536470 1750
1536480 1772
1536490 1796
1536500 1796
1536510 1808
1536520 1815
1536530 1815
1536540 1824
1536550 1838
1536560 1838
1536570 1852
1536580 1864
1536590 1864
1536600 1873
1536610 1884
1536620 1898
1536630 1898
1536640 1913
1536650 1926
1536660 1926
1536670 1937
1536680 1945
1536690 1945
1536700 1950
1536710 1955
1536720 1955
1536730 1959
1536740 1963
1536750 1963
1536760 1966
1536770 1970
1536780 1970
1536790 1974
1536800 1976
1536810 1976
1536820 1978
1536830 1981
1536840 1981
1536850 1984
1536860 1989
1536870 1989
1536880 1993
1536890 1996
1536900 1998
1536910 1998
1536920 2000
1536930 2002
1536940 2002
1536950 2005
1536960 2008
1536970 2008
1536980 2011
1536990 2012
1537000 2012
1537010 2015
1537020 2018
1537030 2018
1537040 2020
1537050 2021
1537060 2021
1537070 2024
1537080 2028
1537090 2028
1537100 2031
1537110 2032
1537120 2032
1537130 2034
1537140 2035
1537150 2035
1537160 2036
1537170 2037
1537180 2037
1537190 2037
1537200 2033
1537210 2028
1537220 2028
1537230 2021
1537240 2011
1537250 2011
1537260 1993
1537270 1979
1537280 1979
1537290 1972
1537300 1966
1537310 1966
1537320 1956
1537330 1945
1537340 1945
1537350 1936
1537360 1928
1537370 1928
1537380 1920
1537390 1913
1537400 1913
1537410 1906
1537420 1897
1537430 1897
1537440 1886
1537450 1868
1537460 1856
1537470 1856
1537480 1847
1537490 1841
1537500 1841
1537510 1833
1537520 1820
1537530 1820
1537540 1802
1537550 1792
1537560 1792
1537570 1778
1537580 1765
1537590 1765
1537600 1752
1537610 1741
1537620 1741
1537630 1735
1537640 1729
1537650 1729
1537660 1724
1537670 1717
1537680 1717
1537690 1710
1537700 1701
1537710 1701
1537720 1686
1537730 1667
1537740 1667
1537750 1652
1537760 1642
1537770 1633
1537780 1633
1537790 1625
1537800 1614
1537810 1614
1537820 1605
1537830 1595
1537840 1595
1537850 1581
1537860 1567
1537870 1567
1537880 1539
1537890 1514
1537900 1514
1537910 1488
1537920 1466
1537930 1466
1537940 1443
1537950 1440
1537960 1440
1537970 1440
1537980 1443
1537990 1443
1538000 1447
1538010 1444
1538020 1444
1538030 1428
1538040 1414
1538050 1402
1538060 1402
1538070 1371
1538080 1345
1538090 1345
1538100 1329
1538110 1308
1538120 1308
1538130 1292
1538140 1288
1538150 1288
1538160 1282
1538170 1275
1538180 1275
1538190 1268
1538200 1260
1538210 1260
1538220 1254
1538230 1249
1538240 1249
1538250 1245
1538260 1241
1538270 1241
1538280 1236
1538290 1233
1538300 1233
1538310 1228
1538320 1224
1538330 1219
1538340 1219
1538350 1215
1538360 1211
1538370 1211
1538380 1208
1538390 1206
1538400 1206
1538410 1204
1538420 1202
1538430 1202
1538440 1200
1538450 1198
1538460 1198
1538470 1196
1538480 1195
1538490 1195
1538500 1193
1538510 1192
1538520 1192
1538530 1193
1538540 1192
1538550 1192
1538560 1191
1538570 1192
1538580 1192
1538590 1193
1538600 1195
1538610 1197
1538620 1197
1538630 1199
1538640 1201
1538650 1199
1538660 1200
1538670 1202
1538680 1202
1538690 1205
1538700 1208
1538710 1208
1538720 1211
1538730 1214
1538740 1214
1538750 1218
1538760 1222
1538770 1222
1538780 1226
1538790 1231
1538800 1231
1538810 1235
1538820 1240
1538830 1240
1538840 1247
1538850 1254
1538860 1254
1538870 1262
1538880 1270
1538890 1277
1538900 1277
1538910 1285
1538920 1293
1538930 1293
1538940 1301
1538950 1309
1538960 1309
1538970 1317
1538980 1325
1538990 1325
1539000 1333
1539010 1340
1539020 1340
1539030 1348
1539040 1355
1539050 1355
1539060 1362
1539070 1367
1539080 1367
1539090 1369
1539100 1371
1539110 1371
1539120 1372
1539130 1371
1539140 1371
1539150 1372
1539160 1377
1539170 1377
1539180 1383
1539190 1389
1539200 1392
1539210 1392
1539220 1391
1539230 1391
1539240 1391
1539250 1394
1539260 1399
1539270 1399
1539280 1406
1539290 1411
1539300 1411
1539310 1415
1539320 1419
1539330 1419
1539340 1422
1539350 1428
1539360 1428
1539370 1434
1539380 1439
1539390 1439
1539400 1445
1539410 1450
1539420 1450
1539430 1456
1539440 1461
1539450 1461
1539460 1466
1539470 1472
1539480 1478
1539490 1478
1539500 1483
1539510 1488
1539520 1488
1539530 1494
1539540 1498
1539550 1498
1539560 1501
1539570 1503
1539580 1503
1539590 1507
1539600 1512
1539610 1512
1539620 1519
1539630 1525
1539640 1525
1539650 1533
1539660 1542
1539670 1542
1539680 1555
1539690 1568
1539700 1568
1539710 1577
1539720 1585
1539730 1585
1539740 1594
1539750 1602
1539760 1610
1539770 1610
1539780 1615
1539790 1623
1539800 1623
1539810 1631
1539820 1639
1539830 1639
1539840 1651
1539850 1660
1539860 1660
1539870 1667
1539880 1676
1539890 1676
1539900 1686
1539910 1697
1539920 1697
1539930 1708
1539940 1721
1539950 1721
1539960 1730
1539970 1743
1539980 1743
1539990 1755
