1520000 1053
1520010 1054
1520020 1053
1520030 1053
1520040 1053
1520050 1054
1520060 1058
1520070 1058
1520080 1059
1520090 1060
1520100 1060
1520110 1062
1520120 1065
1520130 1065
1520140 1067
1520150 1068
1520160 1068
1520170 1069
1520180 1070
1520190 1070
1520200 1070
1520210 1070
1520220 1070
1520230 1069
1520240 1069
1520250 1069
1520260 1069
1520270 1068
1520280 1068
1520290 1068
1520300 1067
1520310 1067
1520320 1067
1520330 1066
1520340 1066
1520350 1066
1520360 1065
1520370 1064
1520380 1064
1520390 1063
1520400 1062
1520410 1062
1520420 1060
1520430 1058
1520440 1058
1520450 1056
1520460 1054
1520470 1054
1520480 1052
1520490 1051
1520500 1051
1520510 1049
1520520 1047
1520530 1047
1520540 1046
1520550 1045
1520560 1045
1520570 1044
1520580 1043
1520590 1043
1520600 1042
1520610 1042
1520620 1042
1520630 1042
1520640 1041
1520650 1040
1520660 1040
1520670 1039
1520680 1038
1520690 1038
1520700 1037
1520710 1036
1520720 1036
1520730 1036
1520740 1034
1520750 1034
1520760 1033
1520770 1032
1520780 1032
1520790 1031
1520800 1030
1520810 1030
1520820 1029
1520830 1028
1520840 1028
1520850 1027
1520860 1026
1520870 1026
1520880 1025
1520890 1024
1520900 1023
1520910 1023
1520920 1022
1520930 1021
1520940 1021
1520950 1021
1520960 1021
1520970 1021
1520980 1020
1520990 1018
1521000 1018
1521010 1016
1521020 1015
1521030 1015
1521040 1014
1521050 1014
1521060 1014
1521070 1014
1521080 1013
1521090 1013
1521100 1013
1521110 1012
1521120 1012
1521130 1011
1521140 1010
1521150 1010
1521160 1009
1521170 1008
1521180 1006
1521190 1006
1521200 1006
1521210 1005
1521220 1005
1521230 1005
1521240 1005
1521250 1005
1521260 1004
1521270 1003
1521280 1003
1521290 1002
1521300 1002
1521310 1002
1521320 1001
1521330 1000
1521340 1000
1521350 999
1521360 999
1521370 999
1521380 998
1521390 998
1521400 998
1521410 997
1521420 996
1521430 996
1521440 996
1521450 994
1521460 994
1521470 994
1521480 993
1521490 993
1521500 993
1521510 993
1521520 993
1521530 993
1521540 992
1521550 992
1521560 992
1521570 991
1521580 991
1521590 991
1521600 990
1521610 990
1521620 990
1521630 989
1521640 988
1521650 988
1521660 987
1521670 987
1521680 987
1521690 986
1521700 985
1521710 985
1521720 985
1521730 984
1521740 984
1521750 984
1521760 983
1521770 982
1521780 982
1521790 982
1521800 981
1521810 981
1521820 980
1521830 978
1521840 978
1521850 977
1521860 976
1521870 976
1521880 976
1521890 974
1521900 974
1521910 973
1521920 973
1521930 973
1521940 972
1521950 972
1521960 972
1521970 971
1521980 969
1521990 969
1522000 968
1522010 966
1522020 966
1522030 965
1522040 965
1522050 964
1522060 964
1522070 962
1522080 962
1522090 962
1522100 961
1522110 960
1522120 960
1522130 960
1522140 959
1522150 959
1522160 959
1522170 959
1522180 959
1522190 959
1522200 958
1522210 958
1522220 956
1522230 952
1522240 952
1522250 947
1522260 943
1522270 943
1522280 941
1522290 939
1522300 939
1522310 938
1522320 936
1522330 936
1522340 934
1522350 932
1522360 930
1522370 930
1522380 928
1522390 926
1522400 926
1522410 923
1522420 922
1522430 922
1522440 922
1522450 920
1522460 920
1522470 919
1522480 917
1522490 917
1522500 915
1522510 913
1522520 913
1522530 910
1522540 907
1522550 907
1522560 904
1522570 900
1522580 900
1522590 897
1522600 895
1522610 895
1522620 892
1522630 890
1522640 889
1522650 889
1522660 887
1522670 885
1522680 885
1522690 883
1522700 881
1522710 881
1522720 879
1522730 877
1522740 877
1522750 875
1522760 872
1522770 872
1522780 870
1522790 868
1522800 868
1522810 866
1522820 864
1522830 864
1522840 863
1522850 862
1522860 862
1522870 861
1522880 860
1522890 860
1522900 860
1522910 858
1522920 857
1522930 857
1522940 854
1522950 853
1522960 853
1522970 852
1522980 848
1522990 848
1523000 839
1523010 830
1523020 830
1523030 821
1523040 809
1523050 809
1523060 802
1523070 803
1523080 803
1523090 808
1523100 815
1523110 815
1523120 823
1523130 831
1523140 831
1523150 836
1523160 839
1523170 839
1523180 843
1523190 850
1523200 850
1523210 857
1523220 865
1523230 873
1523240 873
1523250 880
1523260 885
1523270 885
1523280 891
1523290 897
1523300 897
1523310 902
1523320 906
1523330 906
1523340 909
1523350 911
1523360 911
1523370 913
1523380 914
1523390 914
1523400 916
1523410 919
1523420 919
1523430 922
1523440 923
1523450 923
1523460 925
1523470 927
1523480 927
1523490 929
1523500 930
1523510 935
1523520 935
1523530 939
1523540 944
1523550 944
1523560 950
1523570 955
1523580 955
1523590 959
1523600 963
1523610 963
1523620 967
1523630 971
1523640 971
1523650 975
1523660 979
1523670 979
1523680 982
1523690 984
1523700 984
1523710 986
1523720 989
1523730 989
1523740 992
1523750 997
1523760 997
1523770 1002
1523780 1006
1523790 1006
1523800 1009
1523810 1014
1523820 1020
1523830 1020
1523840 1025
1523850 1027
1523860 1027
1523870 1032
1523880 1037
1523890 1037
1523900 1044
1523910 1049
1523920 1049
1523930 1051
1523940 1053
1523950 1053
1523960 1056
1523970 1060
1523980 1060
1523990 1063
1524000 1066
1524010 1066
1524020 1069
1524030 1072
1524040 1072
1524050 1074
1524060 1076
1524070 1076
1524080 1079
1524090 1082
1524100 1085
1524110 1085
1524120 1089
1524130 1094
1524140 1094
1524150 1097
1524160 1100
1524170 1100
1524180 1103
1524190 1106
1524200 1106
1524210 1109
1524220 1111
1524230 1111
1524240 1114
1524250 1116
1524260 1116
1524270 1119
1524280 1121
1524290 1121
1524300 1123
1524310 1126
1524320 1126
1524330 1128
1524340 1131
1524350 1131
1524360 1134
1524370 1137
1524380 1139
1524390 1139
1524400 1140
1524410 1144
1524420 1144
1524430 1149
1524440 1153
1524450 1153
1524460 1156
1524470 1159
1524480 1159
1524490 1161
1524500 1164
1524510 1164
1524520 1167
1524530 1170
1524540 1170
1524550 1174
1524560 1177
1524570 1177
1524580 1180
1524590 1183
1524600 1183
1524610 1187
1524620 1190
1524630 1190
1524640 1195
1524650 1197
1524660 1197
1524670 1201
1524680 1205
1524690 1208
1524700 1208
1524710 1210
1524720 1213
1524730 1213
1524740 1215
1524750 1218
1524760 1218
1524770 1221
1524780 1224
1524790 1224
1524800 1227
1524810 1230
1524820 1230
1524830 1232
1524840 1234
1524850 1234
1524860 1236
1524870 1239
1524880 1239
1524890 1241
1524900 1244
1524910 1244
1524920 1246
1524930 1248
1524940 1248
1524950 1249
1524960 1250
1524970 1252
1524980 1252
1524990 1253
1525000 1256
1525010 1256
1525020 1258
1525030 1261
1525040 1261
1525050 1263
1525060 1266
1525070 1266
1525080 1268
1525090 1270
1525100 1270
1525110 1272
1525120 1274
1525130 1274
1525140 1276
1525150 1277
1525160 1277
1525170 1278
1525180 1279
1525190 1279
1525200 1281
1525210 1283
1525220 1283
1525230 1284
1525240 1287
1525250 1290
1525260 1290
1525270 1293
1525280 1295
1525290 1295
1525300 1297
1525310 1299
1525320 1299
1525330 1301
1525340 1301
1525350 1301
1525360 1300
1525370 1300
1525380 1300
1525390 1302
1525400 1303
1525410 1303
1525420 1304
1525430 1305
1525440 1305
1525450 1306
1525460 1308
1525470 1308
1525480 1311
1525490 1313
1525500 1313
1525510 1314
1525520 1316
1525530 1316
1525540 1317
1525550 1317
1525560 1318
1525570 1318
1525580 1320
1525590 1321
1525600 1321
1525610 1323
1525620 1325
1525630 1325
1525640 1326
1525650 1327
1525660 1327
1525670 1328
1525680 1330
1525690 1330
1525700 1329
1525710 1330
1525720 1330
1525730 1331
1525740 1333
1525750 1333
1525760 1334
1525770 1336
1525780 1336
1525790 1338
1525800 1342
1525810 1342
1525820 1344
1525830 1346
1525840 1347
1525850 1347
1525860 1348
1525870 1349
1525880 1349
1525890 1351
1525900 1352
1525910 1352
1525920 1355
1525930 1356
1525940 1356
1525950 1358
1525960 1359
1525970 1359
1525980 1359
1525990 1359
1526000 1359
1526010 1361
1526020 1363
1526030 1363
1526040 1365
1526050 1368
1526060 1368
1526070 1370
1526080 1372
1526090 1372
1526100 1374
1526110 1377
1526120 1377
1526130 1379
1526140 1382
1526150 1385
1526160 1385
1526170 1387
1526180 1390
1526190 1390
1526200 1392
1526210 1394
1526220 1394
1526230 1396
1526240 1398
1526250 1398
1526260 1400
1526270 1402
1526280 1402
1526290 1403
1526300 1404
1526310 1404
1526320 1406
1526330 1407
1526340 1407
1526350 1408
1526360 1409
1526370 1409
1526380 1408
1526390 1408
1526400 1408
1526410 1407
1526420 1407
1526430 1407
1526440 1407
1526450 1408
1526460 1409
1526470 1409
1526480 1410
1526490 1410
1526500 1410
1526510 1410
1526520 1411
1526530 1411
1526540 1412
1526550 1415
1526560 1415
1526570 1417
1526580 1419
1526590 1419
1526600 1422
1526610 1424
1526620 1424
1526630 1426
1526640 1426
1526650 1426
1526660 1424
1526670 1424
1526680 1424
1526690 1426
1526700 1427
1526710 1429
1526720 1429
1526730 1432
1526740 1435
1526750 1435
1526760 1439
1526770 1443
1526780 1443
1526790 1448
1526800 1449
1526810 1449
1526820 1450
1526830 1452
1526840 1452
1526850 1451
1526860 1446
1526870 1446
1526880 1447
1526890 1449
1526900 1449
1526910 1452
1526920 1455
1526930 1455
1526940 1458
1526950 1461
1526960 1461
1526970 1463
1526980 1465
1526990 1465
1527000 1466
1527010 1468
1527020 1469
1527030 1469
1527040 1469
1527050 1470
1527060 1470
1527070 1470
1527080 1469
1527090 1469
1527100 1469
1527110 1471
1527120 1471
1527130 1473
1527140 1474
1527150 1474
1527160 1474
1527170 1475
1527180 1475
1527190 1476
1527200 1478
1527210 1478
1527220 1479
1527230 1481
1527240 1481
1527250 1484
1527260 1484
1527270 1484
1527280 1483
1527290 1481
1527300 1480
1527310 1480
1527320 1480
1527330 1480
1527340 1480
1527350 1481
1527360 1483
1527370 1483
1527380 1484
1527390 1484
1527400 1484
1527410 1485
1527420 1485
1527430 1485
1527440 1486
1527450 1485
1527460 1485
1527470 1483
1527480 1480
1527490 1480
1527500 1479
1527510 1481
1527520 1481
1527530 1483
1527540 1484
1527550 1484
1527560 1486
1527570 1488
1527580 1489
1527590 1489
1527600 1489
1527610 1490
1527620 1490
1527630 1489
1527640 1488
1527650 1488
1527660 1487
1527670 1486
1527680 1486
1527690 1484
1527700 1484
1527710 1484
1527720 1486
1527730 1488
1527740 1488
1527750 1489
1527760 1492
1527770 1492
1527780 1495
1527790 1497
1527800 1497
1527810 1498
1527820 1499
1527830 1499
1527840 1501
1527850 1502
1527860 1502
1527870 1502
1527880 1502
1527890 1501
1527900 1501
1527910 1501
1527920 1500
1527930 1500
1527940 1500
1527950 1500
1527960 1500
1527970 1500
1527980 1501
1527990 1501
1528000 1501
1528010 1501
1528020 1501
1528030 1502
1528040 1502
1528050 1502
1528060 1503
1528070 1503
1528080 1503
1528090 1504
1528100 1504
1528110 1504
1528120 1504
1528130 1505
1528140 1505
1528150 1505
1528160 1505
1528170 1505
1528180 1505
1528190 1505
1528200 1506
1528210 1506
1528220 1506
1528230 1505
1528240 1505
1528250 1504
1528260 1504
1528270 1504
1528280 1503
1528290 1504
1528300 1504
1528310 1504
1528320 1504
1528330 1504
1528340 1503
1528350 1503
1528360 1503
1528370 1503
1528380 1503
1528390 1503
1528400 1501
1528410 1499
1528420 1499
1528430 1498
1528440 1497
1528450 1497
1528460 1497
1528470 1497
1528480 1496
1528490 1496
1528500 1496
1528510 1495
1528520 1495
1528530 1492
1528540 1488
1528550 1488
1528560 1482
1528570 1478
1528580 1478
1528590 1476
1528600 1474
1528610 1474
1528620 1474
1528630 1474
1528640 1474
1528650 1474
1528660 1472
1528670 1472
1528680 1470
1528690 1466
1528700 1466
1528710 1464
1528720 1461
1528730 1461
1528740 1457
1528750 1452
1528760 1445
1528770 1445
1528780 1439
1528790 1433
1528800 1433
1528810 1427
1528820 1422
1528830 1422
1528840 1418
1528850 1412
1528860 1412
1528870 1405
1528880 1398
1528890 1398
1528900 1394
1528910 1386
1528920 1386
1528930 1379
1528940 1372
1528950 1372
1528960 1365
1528970 1356
1528980 1356
1528990 1354
1529000 1359
1529010 1359
1529020 1360
1529030 1359
1529040 1358
1529050 1358
1529060 1354
1529070 1355
1529080 1355
1529090 1354
1529100 1354
1529110 1354
1529120 1357
1529130 1357
1529140 1357
1529150 1355
1529160 1359
1529170 1359
1529180 1360
1529190 1361
1529200 1361
1529210 1361
1529220 1362
1529230 1362
1529240 1363
1529250 1362
1529260 1362
1529270 1362
1529280 1363
1529290 1363
1529300 1364
1529310 1365
1529320 1365
1529330 1366
1529340 1366
1529350 1367
1529360 1367
1529370 1368
1529380 1369
1529390 1369
1529400 1370
1529410 1370
1529420 1370
1529430 1370
1529440 1369
1529450 1369
1529460 1367
1529470 1365
1529480 1365
1529490 1362
1529500 1360
1529510 1360
1529520 1357
1529530 1354
1529540 1354
1529550 1352
1529560 1349
1529570 1349
1529580 1344
1529590 1339
1529600 1339
1529610 1336
1529620 1333
1529630 1330
1529640 1330
1529650 1327
1529660 1324
1529670 1324
1529680 1321
1529690 1317
1529700 1317
1529710 1312
1529720 1307
1529730 1307
1529740 1302
1529750 1299
1529760 1299
1529770 1294
1529780 1290
1529790 1290
1529800 1285
1529810 1281
1529820 1281
1529830 1278
1529840 1274
1529850 1274
1529860 1270
1529870 1266
1529880 1266
1529890 1267
1529900 1266
1529910 1264
1529920 1264
1529930 1262
1529940 1260
1529950 1260
1529960 1259
1529970 1257
1529980 1257
1529990 1255
1530000 1253
1530010 1253
1530020 1250
1530030 1248
1530040 1248
1530050 1246
1530060 1244
1530070 1244
1530080 1242
1530090 1241
1530100 1241
1530110 1239
1530120 1238
1530130 1238
1530140 1236
1530150 1235
1530160 1235
1530170 1233
1530180 1230
1530190 1230
1530200 1226
1530210 1222
1530220 1219
1530230 1219
1530240 1215
1530250 1212
1530260 1212
1530270 1211
1530280 1210
1530290 1210
1530300 1206
1530310 1204
1530320 1204
1530330 1201
1530340 1199
1530350 1199
1530360 1194
1530370 1187
1530380 1187
1530390 1182
1530400 1176
1530410 1176
1530420 1170
1530430 1165
1530440 1165
1530450 1166
1530460 1166
1530470 1166
1530480 1172
1530490 1179
1530500 1185
1530510 1185
1530520 1192
1530530 1198
1530540 1198
1530550 1204
1530560 1211
1530570 1211
1530580 1217
1530590 1222
1530600 1222
1530610 1227
1530620 1232
1530630 1232
1530640 1236
1530650 1240
1530660 1240
1530670 1244
1530680 1249
1530690 1249
1530700 1254
1530710 1257
1530720 1257
1530730 1262
1530740 1267
1530750 1267
1530760 1273
1530770 1278
1530780 1278
1530790 1283
1530800 1288
1530810 1294
1530820 1294
1530830 1300
1530840 1306
1530850 1306
1530860 1312
1530870 1318
1530880 1318
1530890 1324
1530900 1331
1530910 1331
1530920 1337
1530930 1343
1530940 1343
1530950 1350
1530960 1356
1530970 1356
1530980 1363
1530990 1370
1531000 1370
1531010 1376
1531020 1382
1531030 1382
1531040 1388
1531050 1394
1531060 1394
1531070 1399
1531080 1405
1531090 1410
1531100 1410
1531110 1416
1531120 1421
1531130 1421
1531140 1427
1531150 1432
1531160 1432
1531170 1438
1531180 1444
1531190 1444
1531200 1450
1531210 1455
1531220 1455
1531230 1460
1531240 1464
1531250 1464
1531260 1469
1531270 1472
1531280 1472
1531290 1474
1531300 1476
1531310 1476
1531320 1479
1531330 1483
1531340 1483
1531350 1489
1531360 1494
1531370 1498
1531380 1498
1531390 1501
1531400 1504
1531410 1504
1531420 1506
1531430 1508
1531440 1508
1531450 1510
1531460 1512
1531470 1512
1531480 1514
1531490 1517
1531500 1517
1531510 1520
1531520 1523
1531530 1523
1531540 1528
1531550 1531
1531560 1531
1531570 1533
1531580 1536
1531590 1536
1531600 1540
1531610 1546
1531620 1546
1531630 1553
1531640 1560
1531650 1560
1531660 1564
1531670 1568
1531680 1572
1531690 1572
1531700 1577
1531710 1582
1531720 1582
1531730 1586
1531740 1592
1531750 1592
1531760 1598
1531770 1602
1531780 1602
1531790 1606
1531800 1609
1531810 1609
1531820 1611
1531830 1616
1531840 1616
1531850 1617
1531860 1622
1531870 1622
1531880 1624
1531890 1625
1531900 1625
1531910 1633
1531920 1638
1531930 1638
1531940 1641
1531950 1643
1531960 1646
1531970 1646
1531980 1650
1531990 1654
1532000 1654
1532010 1657
1532020 1660
1532030 1660
1532040 1663
1532050 1666
1532060 1666
1532070 1668
1532080 1671
1532090 1671
1532100 1674
1532110 1677
1532120 1677
1532130 1680
1532140 1683
1532150 1683
1532160 1685
1532170 1688
1532180 1688
1532190 1691
1532200 1693
1532210 1693
1532220 1695
1532230 1697
1532240 1697
1532250 1699
1532260 1701
1532270 1704
1532280 1704
1532290 1705
1532300 1706
1532310 1706
1532320 1709
1532330 1711
1532340 1711
1532350 1711
1532360 1712
1532370 1712
1532380 1712
1532390 1713
1532400 1713
1532410 1713
1532420 1713
1532430 1713
1532440 1714
1532450 1714
1532460 1714
1532470 1714
1532480 1715
1532490 1715
1532500 1718
1532510 1720
1532520 1720
1532530 1722
1532540 1723
1532550 1724
1532560 1724
1532570 1723
1532580 1723
1532590 1723
1532600 1722
1532610 1722
1532620 1722
1532630 1721
1532640 1721
1532650 1721
1532660 1720
1532670 1719
1532680 1719
1532690 1718
1532700 1717
1532710 1717
1532720 1716
1532730 1715
1532740 1715
1532750 1715
1532760 1716
1532770 1716
1532780 1717
1532790 1718
1532800 1718
1532810 1719
1532820 1719
1532830 1722
1532840 1722
1532850 1725
1532860 1729
1532870 1729
1532880 1730
1532890 1729
1532900 1729
1532910 1729
1532920 1728
1532930 1728
1532940 1729
1532950 1727
1532960 1727
1532970 1726
1532980 1722
1532990 1722
1533000 1716
1533010 1711
1533020 1711
1533030 1705
1533040 1701
1533050 1701
1533060 1699
1533070 1695
1533080 1695
1533090 1692
1533100 1689
1533110 1689
1533120 1684
1533130 1680
1533140 1675
1533150 1675
1533160 1672
1533170 1669
1533180 1669
1533190 1667
1533200 1665
1533210 1665
1533220 1665
1533230 1665
1533240 1665
1533250 1665
1533260 1664
1533270 1664
1533280 1663
1533290 1661
1533300 1661
1533310 1659
1533320 1658
1533330 1658
1533340 1657
1533350 1656
1533360 1656
1533370 1656
1533380 1655
1533390 1655
1533400 1657
1533410 1658
1533420 1659
1533430 1659
1533440 1659
1533450 1660
1533460 1660
1533470 1660
1533480 1661
1533490 1661
1533500 1662
1533510 1664
1533520 1664
1533530 1665
1533540 1666
1533550 1666
1533560 1667
1533570 1669
1533580 1669
1533590 1670
1533600 1670
1533610 1670
1533620 1670
1533630 1669
1533640 1669
1533650 1670
1533660 1671
1533670 1671
1533680 1671
1533690 1673
1533700 1674
1533710 1674
1533720 1675
1533730 1676
1533740 1676
1533750 1678
1533760 1679
1533770 1679
1533780 1677
1533790 1676
1533800 1676
1533810 1674
1533820 1675
1533830 1675
1533840 1674
1533850 1673
1533860 1673
1533870 1676
1533880 1679
1533890 1679
1533900 1682
1533910 1686
1533920 1686
1533930 1690
1533940 1695
1533950 1695
1533960 1700
1533970 1704
1533980 1704
1533990 1710
1534000 1713
1534010 1716
1534020 1716
1534030 1718
1534040 1719
1534050 1719
1534060 1720
1534070 1723
1534080 1723
1534090 1725
1534100 1725
1534110 1725
1534120 1725
1534130 1725
1534140 1725
1534150 1725
1534160 1727
1534170 1727
1534180 1730
1534190 1731
1534200 1731
1534210 1732
1534220 1734
1534230 1734
1534240 1735
1534250 1737
1534260 1737
1534270 1739
1534280 1740
1534290 1740
1534300 1740
1534310 1739
1534320 1739
1534330 1739
1534340 1739
1534350 1739
1534360 1739
1534370 1737
1534380 1737
1534390 1737
1534400 1736
1534410 1735
1534420 1735
1534430 1731
1534440 1727
1534450 1727
1534460 1723
1534470 1718
1534480 1718
1534490 1713
1534500 1710
1534510 1710
1534520 1710
1534530 1711
1534540 1711
1534550 1710
1534560 1707
1534570 1707
1534580 1703
1534590 1699
1534600 1694
1534610 1694
1534620 1689
1534630 1687
1534640 1687
1534650 1685
1534660 1682
1534670 1682
1534680 1679
1534690 1676
1534700 1676
1534710 1673
1534720 1670
1534730 1670
1534740 1666
1534750 1666
1534760 1666
1534770 1665
1534780 1664
1534790 1664
1534800 1661
1534810 1656
1534820 1656
1534830 1651
1534840 1647
1534850 1647
1534860 1641
1534870 1636
1534880 1631
1534890 1631
1534900 1629
1534910 1624
1534920 1624
1534930 1620
1534940 1615
1534950 1615
1534960 1610
1534970 1604
1534980 1604
1534990 1599
1535000 1593
1535010 1593
1535020 1588
1535030 1584
1535040 1584
1535050 1579
1535060 1576
1535070 1576
1535080 1571
1535090 1565
1535100 1565
1535110 1559
1535120 1554
1535130 1554
1535140 1549
1535150 1544
1535160 1539
1535170 1539
1535180 1535
1535190 1530
1535200 1530
1535210 1525
1535220 1521
1535230 1521
1535240 1516
1535250 1512
1535260 1512
1535270 1507
1535280 1501
1535290 1501
1535300 1494
1535310 1489
1535320 1489
1535330 1483
1535340 1479
1535350 1479
1535360 1474
1535370 1468
1535380 1468
1535390 1463
1535400 1457
1535410 1457
1535420 1451
1535430 1444
1535440 1444
1535450 1439
1535460 1433
1535470 1427
1535480 1427
1535490 1420
1535500 1412
1535510 1412
1535520 1406
1535530 1400
1535540 1400
1535550 1394
1535560 1387
1535570 1387
1535580 1380
1535590 1374
1535600 1374
1535610 1368
1535620 1362
1535630 1362
1535640 1355
1535650 1349
1535660 1349
1535670 1342
1535680 1336
1535690 1336
1535700 1330
1535710 1325
1535720 1325
1535730 1321
1535740 1316
1535750 1311
1535760 1311
1535770 1306
1535780 1301
1535790 1301
1535800 1297
1535810 1296
1535820 1296
1535830 1298
1535840 1298
1535850 1298
1535860 1295
1535870 1293
1535880 1293
1535890 1290
1535900 1287
1535910 1287
1535920 1285
1535930 1284
1535940 1284
1535950 1283
1535960 1282
1535970 1282
1535980 1281
1535990 1282
1536000 1282
1536010 1283
1536020 1282
1536030 1282
1536040 1278
1536050 1272
1536060 1273
1536070 1273
1536080 1280
1536090 1283
1536100 1283
1536110 1285
1536120 1286
1536130 1286
1536140 1284
1536150 1284
1536160 1284
1536170 1285
1536180 1285
1536190 1285
1536200 1282
1536210 1281
1536220 1281
1536230 1281
1536240 1281
1536250 1281
1536260 1281
1536270 1282
1536280 1282
1536290 1283
1536300 1287
1536310 1287
1536320 1291
1536330 1296
1536340 1301
1536350 1301
1536360 1306
1536370 1311
1536380 1311
1536390 1316
1536400 1321
1536410 1321
1536420 1326
1536430 1331
1536440 1331
1536450 1337
1536460 1342
1536470 1342
1536480 1347
1536490 1353
1536500 1353
1536510 1359
1536520 1366
1536530 1366
1536540 1371
1536550 1378
1536560 1378
1536570 1385
1536580 1392
1536590 1392
1536600 1398
1536610 1405
1536620 1412
1536630 1412
1536640 1420
1536650 1427
1536660 1427
1536670 1435
1536680 1443
1536690 1443
1536700 1451
1536710 1459
1536720 1459
1536730 1465
1536740 1474
1536750 1474
1536760 1483
1536770 1493
1536780 1493
1536790 1501
1536800 1507
1536810 1507
1536820 1514
1536830 1520
1536840 1520
1536850 1527
1536860 1533
1536870 1533
1536880 1540
1536890 1547
1536900 1547
1536910 1554
1536920 1560
1536930 1567
1536940 1567
1536950 1572
1536960 1574
1536970 1574
1536980 1578
1536990 1583
1537000 1583
1537010 1588
1537020 1593
1537030 1593
1537040 1598
1537050 1602
1537060 1602
1537070 1606
1537080 1611
1537090 1611
1537100 1615
1537110 1619
1537120 1619
1537130 1624
1537140 1629
1537150 1629
1537160 1635
1537170 1641
1537180 1641
1537190 1646
1537200 1651
1537210 1656
1537220 1656
1537230 1661
1537240 1667
1537250 1667
1537260 1673
1537270 1679
1537280 1679
1537290 1686
1537300 1691
1537310 1691
1537320 1696
1537330 1701
1537340 1701
1537350 1706
1537360 1711
1537370 1711
1537380 1715
1537390 1719
1537400 1719
1537410 1722
1537420 1726
1537430 1726
1537440 1731
1537450 1735
1537460 1735
1537470 1741
1537480 1745
1537490 1747
1537500 1747
1537510 1749
1537520 1750
1537530 1750
1537540 1751
1537550 1752
1537560 1752
1537570 1750
1537580 1747
1537590 1747
1537600 1745
1537610 1743
1537620 1743
1537630 1741
1537640 1738
1537650 1738
1537660 1734
1537670 1730
1537680 1730
1537690 1725
1537700 1720
1537710 1720
1537720 1717
1537730 1717
1537740 1717
1537750 1716
1537760 1713
1537770 1713
1537780 1711
1537790 1708
1537800 1701
1537810 1701
1537820 1694
1537830 1691
1537840 1691
1537850 1688
1537860 1684
1537870 1684
1537880 1677
1537890 1676
1537900 1676
1537910 1671
1537920 1666
1537930 1666
1537940 1661
1537950 1656
1537960 1656
1537970 1652
1537980 1648
1537990 1648
1538000 1642
1538010 1636
1538020 1636
1538030 1631
1538040 1626
1538050 1626
1538060 1619
1538070 1612
1538080 1605
1538090 1605
1538100 1597
1538110 1590
1538120 1590
1538130 1584
1538140 1575
1538150 1575
1538160 1569
1538170 1562
1538180 1562
1538190 1550
1538200 1538
1538210 1538
1538220 1527
1538230 1519
1538240 1519
1538250 1512
1538260 1504
1538270 1504
1538280 1496
1538290 1490
1538300 1490
1538310 1484
1538320 1477
1538330 1477
1538340 1466
1538350 1455
1538360 1455
1538370 1446
1538380 1438
1538390 1430
1538400 1430
1538410 1423
1538420 1416
1538430 1416
1538440 1412
1538450 1404
1538460 1404
1538470 1398
1538480 1391
1538490 1391
1538500 1384
1538510 1376
1538520 1376
1538530 1369
1538540 1361
1538550 1361
1538560 1354
1538570 1348
1538580 1348
1538590 1344
1538600 1337
1538610 1337
1538620 1327
1538630 1319
1538640 1319
1538650 1310
1538660 1301
1538670 1291
1538680 1291
1538690 1282
1538700 1274
1538710 1274
1538720 1266
1538730 1258
1538740 1258
1538750 1249
1538760 1241
1538770 1241
1538780 1234
1538790 1228
1538800 1228
1538810 1223
1538820 1216
1538830 1216
1538840 1210
1538850 1204
1538860 1204
1538870 1199
1538880 1193
1538890 1193
1538900 1188
1538910 1183
1538920 1183
1538930 1179
1538940 1174
1538950 1170
1538960 1170
1538970 1165
1538980 1161
1538990 1161
1539000 1158
1539010 1155
1539020 1155
1539030 1151
1539040 1149
1539050 1149
1539060 1146
1539070 1145
1539080 1145
1539090 1143
1539100 1143
1539110 1143
1539120 1142
1539130 1140
1539140 1140
1539150 1139
1539160 1140
1539170 1140
1539180 1143
1539190 1143
1539200 1143
1539210 1144
1539220 1144
1539230 1144
1539240 1144
1539250 1145
1539260 1146
1539270 1146
1539280 1147
1539290 1148
1539300 1148
1539310 1150
1539320 1151
1539330 1151
1539340 1153
1539350 1155
1539360 1155
1539370 1157
1539380 1159
1539390 1159
1539400 1161
1539410 1163
1539420 1163
1539430 1165
1539440 1168
1539450 1168
1539460 1171
1539470 1174
1539480 1174
1539490 1177
1539500 1179
1539510 1179
1539520 1183
1539530 1185
1539540 1192
1539550 1192
1539560 1199
1539570 1205
1539580 1205
1539590 1212
1539600 1219
1539610 1219
1539620 1225
1539630 1230
1539640 1230
1539650 1232
1539660 1234
1539670 1234
1539680 1236
1539690 1236
1539700 1236
1539710 1237
1539720 1238
1539730 1238
1539740 1239
1539750 1240
1539760 1240
1539770 1241
1539780 1241
1539790 1241
1539800 1243
1539810 1247
1539820 1250
1539830 1250
1539840 1253
1539850 1256
1539860 1256
1539870 1259
1539880 1261
1539890 1261
1539900 1262
1539910 1263
1539920 1263
1539930 1263
1539940 1259
1539950 1259
1539960 1257
1539970 1258
1539980 1258
1539990 1259
