1520000 748
1520010 746
1520020 745
1520030 745
1520040 745
1520050 745
1520060 745
1520070 746
1520080 747
1520090 747
1520100 748
1520110 748
1520120 748
1520130 748
1520140 748
1520150 748
1520160 748
1520170 748
1520180 748
1520190 748
1520200 747
1520210 747
1520220 747
1520230 748
1520240 748
1520250 748
1520260 747
1520270 747
1520280 747
1520290 747
1520300 747
1520310 747
1520320 746
1520330 745
1520340 745
1520350 744
1520360 744
1520370 744
1520380 744
1520390 744
1520400 744
1520410 744
1520420 744
1520430 744
1520440 744
1520450 746
1520460 746
1520470 747
1520480 748
1520490 748
1520500 749
1520510 748
1520520 748
1520530 748
1520540 747
1520550 747
1520560 746
1520570 746
1520580 746
1520590 746
1520600 746
1520610 745
1520620 745
1520630 745
1520640 745
1520650 745
1520660 745
1520670 745
1520680 745
1520690 745
1520700 744
1520710 744
1520720 743
1520730 743
1520740 743
1520750 743
1520760 743
1520770 743
1520780 743
1520790 743
1520800 743
1520810 744
1520820 744
1520830 744
1520840 744
1520850 744
1520860 744
1520870 744
1520880 744
1520890 744
1520900 744
1520910 745
1520920 748
1520930 748
1520940 754
1520950 759
1520960 759
1520970 764
1520980 768
1520990 768
1521000 769
1521010 771
1521020 771
1521030 773
1521040 775
1521050 775
1521060 777
1521070 779
1521080 779
1521090 781
1521100 783
1521110 783
1521120 787
1521130 788
1521140 788
1521150 788
1521160 789
1521170 789
1521180 789
1521190 789
1521200 790
1521210 790
1521220 791
1521230 792
1521240 792
1521250 793
1521260 794
1521270 794
1521280 794
1521290 794
1521300 794
1521310 794
1521320 794
1521330 794
1521340 794
1521350 794
1521360 794
1521370 795
1521380 797
1521390 797
1521400 799
1521410 800
1521420 800
1521430 801
1521440 802
1521450 802
1521460 802
1521470 803
1521480 803
1521490 803
1521500 803
1521510 804
1521520 804
1521530 805
1521540 805
1521550 805
1521560 806
1521570 806
1521580 806
1521590 806
1521600 806
1521610 806
1521620 807
1521630 807
1521640 807
1521650 807
1521660 807
1521670 807
1521680 808
1521690 808
1521700 808
1521710 809
1521720 810
1521730 810
1521740 811
1521750 813
1521760 813
1521770 815
1521780 816
1521790 818
1521800 818
1521810 818
1521820 818
1521830 818
1521840 818
1521850 818
1521860 818
1521870 818
1521880 818
1521890 818
1521900 817
1521910 816
1521920 816
1521930 814
1521940 812
1521950 812
1521960 811
1521970 810
1521980 810
1521990 810
1522000 810
1522010 810
1522020 809
1522030 807
1522040 807
1522050 803
1522060 801
1522070 801
1522080 801
1522090 801
1522100 801
1522110 801
1522120 800
1522130 799
1522140 799
1522150 799
1522160 799
1522170 799
1522180 799
1522190 798
1522200 798
1522210 798
1522220 798
1522230 798
1522240 798
1522250 798
1522260 798
1522270 799
1522280 803
1522290 803
1522300 810
1522310 815
1522320 815
1522330 817
1522340 816
1522350 816
1522360 815
1522370 812
1522380 803
1522390 803
1522400 803
1522410 803
1522420 803
1522430 802
1522440 802
1522450 802
1522460 802
1522470 800
1522480 800
1522490 798
1522500 796
1522510 796
1522520 795
1522530 794
1522540 794
1522550 792
1522560 790
1522570 790
1522580 788
1522590 786
1522600 786
1522610 784
1522620 782
1522630 782
1522640 780
1522650 780
1522660 780
1522670 780
1522680 780
1522690 778
1522700 778
1522710 779
1522720 781
1522730 781
1522740 782
1522750 782
1522760 782
1522770 781
1522780 782
1522790 782
1522800 784
1522810 785
1522820 785
1522830 786
1522840 786
1522850 786
1522860 786
1522870 786
1522880 786
1522890 786
1522900 787
1522910 787
1522920 787
1522930 789
1522940 789
1522950 790
1522960 792
1522970 793
1522980 793
1522990 792
1523000 792
1523010 792
1523020 792
1523030 792
1523040 792
1523050 792
1523060 792
1523070 792
1523080 793
1523090 793
1523100 793
1523110 792
1523120 791
1523130 791
1523140 790
1523150 789
1523160 789
1523170 788
1523180 787
1523190 787
1523200 786
1523210 785
1523220 785
1523230 784
1523240 783
1523250 782
1523260 782
1523270 781
1523280 779
1523290 779
1523300 777
1523310 775
1523320 775
1523330 774
1523340 772
1523350 772
1523360 771
1523370 770
1523380 770
1523390 769
1523400 768
1523410 768
1523420 768
1523430 767
1523440 767
1523450 767
1523460 767
1523470 767
1523480 766
1523490 766
1523500 766
1523510 765
1523520 764
1523530 764
1523540 763
1523550 763
1523560 763
1523570 763
1523580 764
1523590 764
1523600 764
1523610 763
1523620 762
1523630 762
1523640 761
1523650 759
1523660 759
1523670 758
1523680 757
1523690 757
1523700 757
1523710 756
1523720 756
1523730 755
1523740 752
1523750 752
1523760 749
1523770 745
1523780 745
1523790 748
1523800 753
1523810 753
1523820 755
1523830 758
1523840 757
1523850 757
1523860 757
1523870 758
1523880 758
1523890 760
1523900 764
1523910 764
1523920 768
1523930 773
1523940 773
1523950 778
1523960 782
1523970 782
1523980 787
1523990 791
1524000 791
1524010 795
1524020 801
1524030 801
1524040 806
1524050 810
1524060 810
1524070 816
1524080 821
1524090 821
1524100 826
1524110 831
1524120 831
1524130 837
1524140 841
1524150 844
1524160 844
1524170 849
1524180 854
1524190 854
1524200 858
1524210 862
1524220 862
1524230 865
1524240 868
1524250 868
1524260 871
1524270 873
1524280 873
1524290 875
1524300 878
1524310 878
1524320 880
1524330 882
1524340 882
1524350 884
1524360 885
1524370 885
1524380 887
1524390 890
1524400 890
1524410 890
1524420 892
1524430 898
1524440 898
1524450 902
1524460 905
1524470 905
1524480 910
1524490 915
1524500 915
1524510 917
1524520 918
1524530 918
1524540 919
1524550 921
1524560 921
1524570 925
1524580 928
1524590 928
1524600 930
1524610 933
1524620 933
1524630 936
1524640 938
1524650 938
1524660 940
1524670 944
1524680 944
1524690 948
1524700 953
1524710 953
1524720 955
1524730 956
1524740 956
1524750 956
1524760 958
1524770 958
1524780 958
1524790 959
1524800 961
1524810 961
1524820 963
1524830 967
1524840 967
1524850 969
1524860 970
1524870 970
1524880 972
1524890 977
1524900 977
1524910 981
1524920 986
1524930 986
1524940 988
1524950 991
1524960 991
1524970 994
1524980 996
1524990 996
1525000 999
1525010 1002
1525020 1004
1525030 1004
1525040 1007
1525050 1008
1525060 1008
1525070 1009
1525080 1006
1525090 1006
1525100 999
1525110 998
1525120 998
1525130 1004
1525140 1011
1525150 1011
1525160 1017
1525170 1022
1525180 1022
1525190 1028
1525200 1031
1525210 1031
1525220 1032
1525230 1033
1525240 1033
1525250 1034
1525260 1034
1525270 1034
1525280 1031
1525290 1027
1525300 1027
1525310 1027
1525320 1033
1525330 1038
1525340 1038
1525350 1044
1525360 1049
1525370 1049
1525380 1052
1525390 1054
1525400 1054
1525410 1056
1525420 1058
1525430 1058
1525440 1060
1525450 1062
1525460 1062
1525470 1064
1525480 1066
1525490 1066
1525500 1068
1525510 1069
1525520 1069
1525530 1070
1525540 1071
1525550 1071
1525560 1071
1525570 1071
1525580 1071
1525590 1072
1525600 1073
1525610 1074
1525620 1074
1525630 1070
1525640 1074
1525650 1074
1525660 1078
1525670 1082
1525680 1082
1525690 1085
1525700 1087
1525710 1087
1525720 1089
1525730 1093
1525740 1093
1525750 1096
1525760 1099
1525770 1099
1525780 1102
1525790 1105
1525800 1105
1525810 1107
1525820 1108
1525830 1108
1525840 1109
1525850 1110
1525860 1110
1525870 1111
1525880 1111
1525890 1111
1525900 1111
1525910 1112
1525920 1114
1525930 1114
1525940 1114
1525950 1111
1525960 1111
1525970 1109
1525980 1111
1525990 1111
1526000 1114
1526010 1117
1526020 1117
1526030 1119
1526040 1120
1526050 1120
1526060 1122
1526070 1123
1526080 1123
1526090 1124
1526100 1127
1526110 1127
1526120 1128
1526130 1129
1526140 1129
1526150 1132
1526160 1134
1526170 1134
1526180 1137
1526190 1139
1526200 1141
1526210 1141
1526220 1143
1526230 1145
1526240 1145
1526250 1147
1526260 1148
1526270 1148
1526280 1147
1526290 1146
1526300 1146
1526310 1146
1526320 1149
1526330 1149
1526340 1155
1526350 1161
1526360 1161
1526370 1167
1526380 1172
1526390 1172
1526400 1174
1526410 1177
1526420 1177
1526430 1180
1526440 1182
1526450 1182
1526460 1185
1526470 1187
1526480 1189
1526490 1189
1526500 1190
1526510 1191
1526520 1191
1526530 1192
1526540 1193
1526550 1193
1526560 1194
1526570 1194
1526580 1194
1526590 1194
1526600 1194
1526610 1194
1526620 1194
1526630 1194
1526640 1194
1526650 1194
1526660 1194
1526670 1194
1526680 1195
1526690 1196
1526700 1196
1526710 1197
1526720 1197
1526730 1197
1526740 1198
1526750 1198
1526760 1198
1526770 1199
1526780 1200
1526790 1200
1526800 1200
1526810 1201
1526820 1201
1526830 1201
1526840 1201
1526850 1202
1526860 1202
1526870 1202
1526880 1202
1526890 1202
1526900 1204
1526910 1205
1526920 1205
1526930 1205
1526940 1206
1526950 1206
1526960 1206
1526970 1206
1526980 1206
1526990 1207
1527000 1208
1527010 1208
1527020 1209
1527030 1210
1527040 1210
1527050 1211
1527060 1211
1527070 1211
1527080 1211
1527090 1211
1527100 1211
1527110 1211
1527120 1210
1527130 1207
1527140 1207
1527150 1207
1527160 1208
1527170 1208
1527180 1210
1527190 1212
1527200 1212
1527210 1215
1527220 1217
1527230 1217
1527240 1217
1527250 1218
1527260 1218
1527270 1219
1527280 1220
1527290 1220
1527300 1222
1527310 1223
1527320 1223
1527330 1224
1527340 1225
1527350 1225
1527360 1227
1527370 1227
1527380 1227
1527390 1227
1527400 1226
1527410 1226
1527420 1226
1527430 1226
1527440 1228
1527450 1228
1527460 1230
1527470 1233
1527480 1233
1527490 1235
1527500 1237
1527510 1237
1527520 1237
1527530 1235
1527540 1235
1527550 1231
1527560 1230
1527570 1230
1527580 1233
1527590 1234
1527600 1234
1527610 1233
1527620 1232
1527630 1232
1527640 1231
1527650 1231
1527660 1230
1527670 1230
1527680 1232
1527690 1233
1527700 1233
1527710 1235
1527720 1236
1527730 1236
1527740 1237
1527750 1237
1527760 1237
1527770 1237
1527780 1237
1527790 1237
1527800 1237
1527810 1236
1527820 1236
1527830 1234
1527840 1231
1527850 1231
1527860 1228
1527870 1228
1527880 1228
1527890 1232
1527900 1235
1527910 1235
1527920 1239
1527930 1240
1527940 1240
1527950 1239
1527960 1239
1527970 1237
1527980 1237
1527990 1236
1528000 1236
1528010 1236
1528020 1238
1528030 1242
1528040 1242
1528050 1245
1528060 1248
1528070 1248
1528080 1248
1528090 1248
1528100 1248
1528110 1251
1528120 1253
1528130 1253
1528140 1255
1528150 1256
1528160 1256
1528170 1256
1528180 1257
1528190 1257
1528200 1257
1528210 1257
1528220 1257
1528230 1258
1528240 1258
1528250 1259
1528260 1259
1528270 1261
1528280 1263
1528290 1263
1528300 1265
1528310 1267
1528320 1267
1528330 1269
1528340 1270
1528350 1270
1528360 1272
1528370 1273
1528380 1273
1528390 1274
1528400 1276
1528410 1276
1528420 1276
1528430 1276
1528440 1276
1528450 1276
1528460 1276
1528470 1276
1528480 1276
1528490 1275
1528500 1275
1528510 1274
1528520 1274
1528530 1273
1528540 1273
1528550 1271
1528560 1270
1528570 1270
1528580 1269
1528590 1269
1528600 1269
1528610 1268
1528620 1267
1528630 1267
1528640 1264
1528650 1262
1528660 1262
1528670 1260
1528680 1259
1528690 1259
1528700 1258
1528710 1257
1528720 1257
1528730 1256
1528740 1254
1528750 1254
1528760 1253
1528770 1251
1528780 1251
1528790 1249
1528800 1248
1528810 1248
1528820 1248
1528830 1246
1528840 1243
1528850 1243
1528860 1240
1528870 1234
1528880 1234
1528890 1230
1528900 1226
1528910 1226
1528920 1222
1528930 1218
1528940 1218
1528950 1217
1528960 1219
1528970 1219
1528980 1220
1528990 1222
1529000 1222
1529010 1222
1529020 1221
1529030 1221
1529040 1218
1529050 1218
1529060 1218
1529070 1217
1529080 1216
1529090 1216
1529100 1215
1529110 1213
1529120 1212
1529130 1212
1529140 1211
1529150 1208
1529160 1208
1529170 1206
1529180 1204
1529190 1204
1529200 1202
1529210 1199
1529220 1199
1529230 1196
1529240 1193
1529250 1193
1529260 1191
1529270 1188
1529280 1188
1529290 1185
1529300 1183
1529310 1183
1529320 1181
1529330 1180
1529340 1180
1529350 1176
1529360 1164
1529370 1164
1529380 1150
1529390 1140
1529400 1140
1529410 1129
1529420 1119
1529430 1109
1529440 1109
1529450 1101
1529460 1097
1529470 1097
1529480 1094
1529490 1091
1529500 1091
1529510 1089
1529520 1090
1529530 1090
1529540 1090
1529550 1089
1529560 1089
1529570 1087
1529580 1086
1529590 1086
1529600 1084
1529610 1083
1529620 1083
1529630 1081
1529640 1081
1529650 1081
1529660 1082
1529670 1085
1529680 1085
1529690 1088
1529700 1087
1529710 1087
1529720 1087
1529730 1088
1529740 1086
1529750 1086
1529760 1083
1529770 1077
1529780 1077
1529790 1074
1529800 1073
1529810 1073
1529820 1072
1529830 1072
1529840 1072
1529850 1072
1529860 1070
1529870 1070
1529880 1067
1529890 1060
1529900 1060
1529910 1056
1529920 1050
1529930 1050
1529940 1038
1529950 1031
1529960 1031
1529970 1021
1529980 1016
1529990 1016
1530000 1024
1530010 1037
1530020 1050
1530030 1050
1530040 1061
1530050 1070
1530060 1070
1530070 1075
1530080 1082
1530090 1082
1530100 1088
1530110 1093
1530120 1093
1530130 1099
1530140 1105
1530150 1105
1530160 1112
1530170 1119
1530180 1119
1530190 1126
1530200 1130
1530210 1130
1530220 1133
1530230 1137
1530240 1137
1530250 1141
1530260 1147
1530270 1147
1530280 1151
1530290 1156
1530300 1162
1530310 1162
1530320 1169
1530330 1174
1530340 1174
1530350 1179
1530360 1184
1530370 1184
1530380 1188
1530390 1191
1530400 1191
1530410 1195
1530420 1199
1530430 1199
1530440 1203
1530450 1207
1530460 1207
1530470 1212
1530480 1218
1530490 1218
1530500 1223
1530510 1227
1530520 1227
1530530 1230
1530540 1235
1530550 1235
1530560 1239
1530570 1244
1530580 1244
1530590 1249
1530600 1255
1530610 1260
1530620 1260
1530630 1264
1530640 1268
1530650 1268
1530660 1272
1530670 1276
1530680 1276
1530690 1280
1530700 1284
1530710 1284
1530720 1288
1530730 1292
1530740 1292
1530750 1295
1530760 1297
1530770 1297
1530780 1300
1530790 1303
1530800 1303
1530810 1306
1530820 1309
1530830 1309
1530840 1312
1530850 1313
1530860 1313
1530870 1315
1530880 1316
1530890 1319
1530900 1319
1530910 1322
1530920 1325
1530930 1325
1530940 1328
1530950 1330
1530960 1330
1530970 1333
1530980 1335
1530990 1335
1531000 1336
1531010 1338
1531020 1338
1531030 1340
1531040 1342
1531050 1342
1531060 1343
1531070 1344
1531080 1344
1531090 1344
1531100 1344
1531110 1344
1531120 1345
1531130 1345
1531140 1345
1531150 1346
1531160 1348
1531170 1348
1531180 1349
1531190 1350
1531200 1352
1531210 1352
1531220 1355
1531230 1357
1531240 1357
1531250 1359
1531260 1361
1531270 1361
1531280 1363
1531290 1365
1531300 1365
1531310 1367
1531320 1370
1531330 1370
1531340 1372
1531350 1374
1531360 1374
1531370 1376
1531380 1379
1531390 1379
1531400 1380
1531410 1382
1531420 1382
1531430 1384
1531440 1385
1531450 1385
1531460 1385
1531470 1388
1531480 1391
1531490 1391
1531500 1393
1531510 1396
1531520 1396
1531530 1397
1531540 1398
1531550 1398
1531560 1399
1531570 1402
1531580 1402
1531590 1404
1531600 1405
1531610 1405
1531620 1406
1531630 1407
1531640 1407
1531650 1409
1531660 1410
1531670 1410
1531680 1412
1531690 1414
1531700 1414
1531710 1416
1531720 1418
1531730 1418
1531740 1420
1531750 1422
1531760 1422
1531770 1423
1531780 1424
1531790 1424
1531800 1424
1531810 1425
1531820 1426
1531830 1426
1531840 1427
1531850 1428
1531860 1428
1531870 1429
1531880 1429
1531890 1429
1531900 1429
1531910 1429
1531920 1429
1531930 1428
1531940 1429
1531950 1429
1531960 1429
1531970 1429
1531980 1429
1531990 1429
1532000 1428
1532010 1428
1532020 1429
1532030 1429
1532040 1429
1532050 1430
1532060 1430
1532070 1430
1532080 1430
1532090 1430
1532100 1430
1532110 1430
1532120 1430
1532130 1430
1532140 1430
1532150 1430
1532160 1430
1532170 1430
1532180 1431
1532190 1432
1532200 1432
1532210 1432
1532220 1433
1532230 1433
1532240 1433
1532250 1433
1532260 1433
1532270 1433
1532280 1433
1532290 1433
1532300 1434
1532310 1434
1532320 1434
1532330 1434
1532340 1434
1532350 1434
1532360 1434
1532370 1433
1532380 1429
1532390 1429
1532400 1426
1532410 1427
1532420 1427
1532430 1429
1532440 1430
1532450 1430
1532460 1432
1532470 1435
1532480 1435
1532490 1436
1532500 1433
1532510 1433
1532520 1428
1532530 1426
1532540 1426
1532550 1426
1532560 1431
1532570 1431
1532580 1436
1532590 1438
1532600 1438
1532610 1438
1532620 1438
1532630 1438
1532640 1438
1532650 1439
1532660 1440
1532670 1440
1532680 1440
1532690 1440
1532700 1440
1532710 1441
1532720 1442
1532730 1442
1532740 1443
1532750 1445
1532760 1445
1532770 1446
1532780 1448
1532790 1448
1532800 1450
1532810 1451
1532820 1451
1532830 1453
1532840 1455
1532850 1455
1532860 1457
1532870 1459
1532880 1459
1532890 1460
1532900 1463
1532910 1463
1532920 1465
1532930 1467
1532940 1468
1532950 1468
1532960 1468
1532970 1467
1532980 1467
1532990 1467
1533000 1467
1533010 1467
1533020 1468
1533030 1468
1533040 1468
1533050 1466
1533060 1465
1533070 1465
1533080 1464
1533090 1464
1533100 1464
1533110 1463
1533120 1462
1533130 1462
1533140 1461
1533150 1459
1533160 1459
1533170 1457
1533180 1454
1533190 1454
1533200 1451
1533210 1449
1533220 1449
1533230 1447
1533240 1444
1533250 1441
1533260 1441
1533270 1439
1533280 1437
1533290 1437
1533300 1436
1533310 1435
1533320 1435
1533330 1433
1533340 1433
1533350 1433
1533360 1434
1533370 1435
1533380 1435
1533390 1432
1533400 1428
1533410 1428
1533420 1426
1533430 1426
1533440 1426
1533450 1427
1533460 1427
1533470 1427
1533480 1428
1533490 1429
1533500 1429
1533510 1428
1533520 1427
1533530 1425
1533540 1425
1533550 1424
1533560 1422
1533570 1422
1533580 1421
1533590 1419
1533600 1419
1533610 1414
1533620 1408
1533630 1408
1533640 1403
1533650 1397
1533660 1397
1533670 1395
1533680 1391
1533690 1391
1533700 1384
1533710 1380
1533720 1380
1533730 1379
1533740 1382
1533750 1382
1533760 1387
1533770 1391
1533780 1391
1533790 1393
1533800 1396
1533810 1396
1533820 1398
1533830 1399
1533840 1400
1533850 1400
1533860 1401
1533870 1402
1533880 1402
1533890 1402
1533900 1402
1533910 1402
1533920 1402
1533930 1402
1533940 1402
1533950 1403
1533960 1405
1533970 1405
1533980 1408
1533990 1411
1534000 1411
1534010 1416
1534020 1419
1534030 1419
1534040 1422
1534050 1426
1534060 1426
1534070 1430
1534080 1434
1534090 1434
1534100 1433
1534110 1436
1534120 1440
1534130 1440
1534140 1444
1534150 1447
1534160 1447
1534170 1449
1534180 1449
1534190 1449
1534200 1449
1534210 1451
1534220 1451
1534230 1454
1534240 1457
1534250 1457
1534260 1460
1534270 1463
1534280 1463
1534290 1464
1534300 1466
1534310 1466
1534320 1468
1534330 1470
1534340 1470
1534350 1471
1534360 1473
1534370 1473
1534380 1475
1534390 1478
1534400 1478
1534410 1479
1534420 1480
1534430 1482
1534440 1482
1534450 1483
1534460 1485
1534470 1485
1534480 1486
1534490 1487
1534500 1487
1534510 1488
1534520 1489
1534530 1489
1534540 1490
1534550 1492
1534560 1492
1534570 1493
1534580 1493
1534590 1493
1534600 1491
1534610 1489
1534620 1489
1534630 1484
1534640 1478
1534650 1478
1534660 1476
1534670 1476
1534680 1476
1534690 1477
1534700 1479
1534710 1479
1534720 1479
1534730 1478
1534740 1478
1534750 1478
1534760 1478
1534770 1479
1534780 1479
1534790 1479
1534800 1479
1534810 1479
1534820 1479
1534830 1478
1534840 1478
1534850 1478
1534860 1476
1534870 1476
1534880 1471
1534890 1468
1534900 1468
1534910 1466
1534920 1463
1534930 1463
1534940 1460
1534950 1456
1534960 1456
1534970 1453
1534980 1450
1534990 1450
1535000 1447
1535010 1444
1535020 1441
1535030 1441
1535040 1438
1535050 1434
1535060 1434
1535070 1431
1535080 1428
1535090 1428
1535100 1424
1535110 1420
1535120 1420
1535130 1416
1535140 1411
1535150 1411
1535160 1406
1535170 1402
1535180 1402
1535190 1398
1535200 1392
1535210 1392
1535220 1388
1535230 1382
1535240 1382
1535250 1377
1535260 1373
1535270 1373
1535280 1370
1535290 1365
1535300 1362
1535310 1362
1535320 1360
1535330 1357
1535340 1357
1535350 1356
1535360 1353
1535370 1353
1535380 1350
1535390 1347
1535400 1347
1535410 1344
1535420 1340
1535430 1340
1535440 1336
1535450 1332
1535460 1332
1535470 1328
1535480 1325
1535490 1325
1535500 1323
1535510 1320
1535520 1320
1535530 1319
1535540 1317
1535550 1317
1535560 1314
1535570 1312
1535580 1312
1535590 1310
1535600 1307
1535610 1305
1535620 1305
1535630 1303
1535640 1300
1535650 1300
1535660 1297
1535670 1294
1535680 1294
1535690 1291
1535700 1290
1535710 1290
1535720 1287
1535730 1284
1535740 1284
1535750 1281
1535760 1278
1535770 1278
1535780 1275
1535790 1272
1535800 1272
1535810 1268
1535820 1265
1535830 1265
1535840 1261
1535850 1258
1535860 1258
1535870 1255
1535880 1252
1535890 1248
1535900 1248
1535910 1245
1535920 1241
1535930 1241
1535940 1238
1535950 1233
1535960 1233
1535970 1229
1535980 1225
1535990 1225
1536000 1221
1536010 1217
1536020 1217
1536030 1215
1536040 1214
1536050 1214
1536060 1214
1536070 1215
1536080 1215
1536090 1215
1536100 1213
1536110 1213
1536120 1209
1536130 1205
1536140 1205
1536150 1201
1536160 1198
1536170 1198
1536180 1195
1536190 1189
1536200 1190
1536210 1190
1536220 1195
1536230 1199
1536240 1199
1536250 1202
1536260 1206
1536270 1206
1536280 1212
1536290 1217
1536300 1217
1536310 1220
1536320 1223
1536330 1223
1536340 1227
1536350 1231
1536360 1231
1536370 1238
1536380 1244
1536390 1244
1536400 1250
1536410 1254
1536420 1254
1536430 1258
1536440 1262
1536450 1262
1536460 1266
1536470 1272
1536480 1277
1536490 1277
1536500 1283
1536510 1289
1536520 1289
1536530 1294
1536540 1300
1536550 1300
1536560 1304
1536570 1309
1536580 1309
1536590 1314
1536600 1318
1536610 1317
1536620 1320
1536630 1324
1536640 1324
1536650 1326
1536660 1329
1536670 1329
1536680 1333
1536690 1336
1536700 1336
1536710 1339
1536720 1343
1536730 1343
1536740 1346
1536750 1350
1536760 1350
1536770 1354
1536780 1358
1536790 1362
1536800 1362
1536810 1367
1536820 1372
1536830 1372
1536840 1376
1536850 1380
1536860 1380
1536870 1384
1536880 1388
1536890 1388
1536900 1392
1536910 1397
1536920 1397
1536930 1403
1536940 1409
1536950 1409
1536960 1415
1536970 1422
1536980 1422
1536990 1428
1537000 1433
1537010 1433
1537020 1438
1537030 1441
1537040 1441
1537050 1443
1537060 1446
1537070 1448
1537080 1448
1537090 1450
1537100 1453
1537110 1453
1537120 1456
1537130 1458
1537140 1458
1537150 1460
1537160 1462
1537170 1462
1537180 1463
1537190 1465
1537200 1465
1537210 1466
1537220 1468
1537230 1468
1537240 1472
1537250 1476
1537260 1476
1537270 1483
1537280 1492
1537290 1492
1537300 1502
1537310 1509
1537320 1509
1537330 1514
1537340 1519
1537350 1521
1537360 1521
1537370 1524
1537380 1527
1537390 1527
1537400 1530
1537410 1531
1537420 1531
1537430 1532
1537440 1532
1537450 1532
1537460 1533
1537470 1534
1537480 1534
1537490 1535
1537500 1535
1537510 1535
1537520 1534
1537530 1533
1537540 1533
1537550 1532
1537560 1531
1537570 1531
1537580 1529
1537590 1528
1537600 1528
1537610 1526
1537620 1525
1537630 1525
1537640 1523
1537650 1522
1537660 1521
1537670 1521
1537680 1519
1537690 1517
1537700 1517
1537710 1515
1537720 1513
1537730 1513
1537740 1511
1537750 1509
1537760 1509
1537770 1506
1537780 1502
1537790 1502
1537800 1500
1537810 1498
1537820 1498
1537830 1497
1537840 1495
1537850 1495
1537860 1494
1537870 1493
1537880 1493
1537890 1492
1537900 1491
1537910 1491
1537920 1491
1537930 1491
1537940 1491
1537950 1491
1537960 1492
1537970 1492
1537980 1492
1537990 1492
1538000 1491
1538010 1491
1538020 1490
1538030 1488
1538040 1488
1538050 1486
1538060 1486
1538070 1486
1538080 1485
1538090 1484
1538100 1484
1538110 1483
1538120 1481
1538130 1481
1538140 1476
1538150 1472
1538160 1472
1538170 1467
1538180 1464
1538190 1464
1538200 1464
1538210 1463
1538220 1463
1538230 1462
1538240 1461
1538250 1459
1538260 1459
1538270 1458
1538280 1457
1538290 1457
1538300 1455
1538310 1454
1538320 1454
1538330 1452
1538340 1451
1538350 1451
1538360 1450
1538370 1448
1538380 1448
1538390 1445
1538400 1436
1538410 1436
1538420 1429
1538430 1427
1538440 1427
1538450 1426
1538460 1422
1538470 1422
1538480 1419
1538490 1414
1538500 1414
1538510 1406
1538520 1400
1538530 1392
1538540 1392
1538550 1386
1538560 1379
1538570 1379
1538580 1372
1538590 1366
1538600 1366
1538610 1359
1538620 1353
1538630 1353
1538640 1350
1538650 1347
1538660 1347
1538670 1343
1538680 1340
1538690 1340
1538700 1337
1538710 1331
1538720 1331
1538730 1328
1538740 1324
1538750 1324
1538760 1316
1538770 1309
1538780 1309
1538790 1304
1538800 1302
1538810 1302
1538820 1300
1538830 1299
1538840 1297
1538850 1297
1538860 1295
1538870 1292
1538880 1292
1538890 1287
1538900 1283
1538910 1283
1538920 1279
1538930 1274
1538940 1274
1538950 1269
1538960 1262
1538970 1262
1538980 1255
1538990 1249
1539000 1247
1539010 1242
1539020 1236
1539030 1236
1539040 1230
1539050 1224
1539060 1224
1539070 1218
1539080 1210
1539090 1210
1539100 1204
1539110 1200
1539120 1195
1539130 1195
1539140 1191
1539150 1187
1539160 1187
1539170 1183
1539180 1179
1539190 1179
1539200 1174
1539210 1169
1539220 1169
1539230 1166
1539240 1162
1539250 1162
1539260 1159
1539270 1155
1539280 1155
1539290 1150
1539300 1146
1539310 1146
1539320 1141
1539330 1138
1539340 1138
1539350 1131
1539360 1125
1539370 1125
1539380 1118
1539390 1114
1539400 1114
1539410 1111
1539420 1109
1539430 1109
1539440 1109
1539450 1111
1539460 1112
1539470 1112
1539480 1114
1539490 1115
1539500 1115
1539510 1114
1539520 1110
1539530 1110
1539540 1102
1539550 1095
1539560 1095
1539570 1087
1539580 1085
1539590 1085
1539600 1088
1539610 1094
1539620 1094
1539630 1099
1539640 1103
1539650 1103
1539660 1108
1539670 1113
1539680 1113
1539690 1116
1539700 1117
1539710 1118
1539720 1118
1539730 1118
1539740 1116
1539750 1116
1539760 1117
1539770 1118
1539780 1118
1539790 1119
1539800 1121
1539810 1121
1539820 1123
1539830 1124
1539840 1124
1539850 1126
1539860 1128
1539870 1128
1539880 1131
1539890 1133
1539900 1133
1539910 1135
1539920 1139
1539930 1139
1539940 1142
1539950 1147
1539960 1147
1539970 1150
1539980 1154
1539990 1154
