1520000 1095
1520010 1095
1520020 1094
1520030 1095
1520040 1095
1520050 1095
1520060 1095
1520070 1095
1520080 1095
1520090 1093
1520100 1093
1520110 1091
1520120 1091
1520130 1091
1520140 1091
1520150 1094
1520160 1094
1520170 1095
1520180 1095
1520190 1096
1520200 1096
1520210 1096
1520220 1097
1520230 1097
1520240 1097
1520250 1097
1520260 1097
1520270 1097
1520280 1097
1520290 1097
1520300 1097
1520310 1097
1520320 1097
1520330 1097
1520340 1098
1520350 1098
1520360 1098
1520370 1098
1520380 1098
1520390 1098
1520400 1099
1520410 1099
1520420 1099
1520430 1099
1520440 1099
1520450 1099
1520460 1099
1520470 1099
1520480 1100
1520490 1100
1520500 1101
1520510 1101
1520520 1102
1520530 1102
1520540 1102
1520550 1103
1520560 1104
1520570 1104
1520580 1104
1520590 1104
1520600 1104
1520610 1104
1520620 1103
1520630 1103
1520640 1102
1520650 1097
1520660 1097
1520670 1090
1520680 1083
1520690 1083
1520700 1077
1520710 1071
1520720 1071
1520730 1063
1520740 1059
1520750 1059
1520760 1051
1520770 1043
1520780 1043
1520790 1035
1520800 1026
1520810 1018
1520820 1018
1520830 1009
1520840 1002
1520850 1002
1520860 995
1520870 989
1520880 989
1520890 984
1520900 978
1520910 978
1520920 971
1520930 965
1520940 965
1520950 959
1520960 953
1520970 956
1520980 954
1520990 951
1521000 951
1521010 948
1521020 947
1521030 947
1521040 945
1521050 944
1521060 944
1521070 944
1521080 944
1521090 945
1521100 945
1521110 945
1521120 947
1521130 947
1521140 949
1521150 951
1521160 951
1521170 953
1521180 957
1521190 957
1521200 963
1521210 970
1521220 970
1521230 977
1521240 984
1521250 984
1521260 989
1521270 994
1521280 994
1521290 999
1521300 1004
1521310 1004
1521320 1012
1521330 1019
1521340 1019
1521350 1027
1521360 1033
1521370 1033
1521380 1035
1521390 1032
1521400 1027
1521410 1027
1521420 1021
1521430 1013
1521440 1013
1521450 1006
1521460 1002
1521470 1002
1521480 1003
1521490 1005
1521500 1005
1521510 1005
1521520 1003
1521530 1003
1521540 1000
1521550 1000
1521560 1000
1521570 1005
1521580 1009
1521590 1009
1521600 1012
1521610 1014
1521620 1014
1521630 1016
1521640 1016
1521650 1016
1521660 1013
1521670 1009
1521680 1004
1521690 1004
1521700 1004
1521710 1008
1521720 1008
1521730 1011
1521740 1015
1521750 1015
1521760 1020
1521770 1025
1521780 1025
1521790 1028
1521800 1031
1521810 1031
1521820 1032
1521830 1028
1521840 1028
1521850 1022
1521860 1017
1521870 1017
1521880 1015
1521890 1015
1521900 1015
1521910 1015
1521920 1016
1521930 1016
1521940 1015
1521950 1010
1521960 1010
1521970 1004
1521980 997
1521990 992
1522000 992
1522010 990
1522020 991
1522030 991
1522040 991
1522050 992
1522060 992
1522070 993
1522080 995
1522090 995
1522100 997
1522110 998
1522120 998
1522130 1001
1522140 999
1522150 999
1522160 994
1522170 987
1522180 987
1522190 980
1522200 973
1522210 973
1522220 968
1522230 965
1522240 965
1522250 961
1522260 957
1522270 952
1522280 952
1522290 953
1522300 954
1522310 954
1522320 956
1522330 957
1522340 957
1522350 958
1522360 958
1522370 958
1522380 954
1522390 948
1522400 948
1522410 943
1522420 937
1522430 937
1522440 932
1522450 926
1522460 926
1522470 920
1522480 915
1522490 915
1522500 911
1522510 908
1522520 908
1522530 907
1522540 906
1522550 906
1522560 906
1522570 905
1522580 904
1522590 904
1522600 902
1522610 900
1522620 900
1522630 899
1522640 897
1522650 897
1522660 896
1522670 896
1522680 896
1522690 898
1522700 899
1522710 899
1522720 899
1522730 900
1522740 900
1522750 900
1522760 901
1522770 901
1522780 899
1522790 897
1522800 897
1522810 894
1522820 890
1522830 890
1522840 888
1522850 885
1522860 885
1522870 881
1522880 878
1522890 877
1522900 877
1522910 876
1522920 875
1522930 875
1522940 875
1522950 875
1522960 875
1522970 874
1522980 875
1522990 875
1523000 880
1523010 887
1523020 887
1523030 888
1523040 883
1523050 883
1523060 877
1523070 873
1523080 873
1523090 871
1523100 873
1523110 873
1523120 879
1523130 881
1523140 881
1523150 879
1523160 875
1523170 873
1523180 873
1523190 872
1523200 868
1523210 868
1523220 865
1523230 864
1523240 864
1523250 865
1523260 864
1523270 864
1523280 860
1523290 856
1523300 856
1523310 856
1523320 861
1523330 861
1523340 865
1523350 865
1523360 865
1523370 863
1523380 861
1523390 861
1523400 857
1523410 851
1523420 851
1523430 845
1523440 844
1523450 844
1523460 845
1523470 848
1523480 848
1523490 848
1523500 847
1523510 848
1523520 848
1523530 846
1523540 846
1523550 846
1523560 850
1523570 853
1523580 853
1523590 856
1523600 859
1523610 859
1523620 862
1523630 862
1523640 862
1523650 861
1523660 860
1523670 860
1523680 859
1523690 857
1523700 857
1523710 855
1523720 852
1523730 852
1523740 849
1523750 847
1523760 845
1523770 845
1523780 843
1523790 842
1523800 842
1523810 839
1523820 836
1523830 836
1523840 832
1523850 829
1523860 829
1523870 829
1523880 827
1523890 827
1523900 826
1523910 826
1523920 826
1523930 826
1523940 824
1523950 824
1523960 821
1523970 818
1523980 818
1523990 817
1524000 815
1524010 815
1524020 814
1524030 811
1524040 811
1524050 809
1524060 807
1524070 807
1524080 807
1524090 807
1524100 807
1524110 807
1524120 804
1524130 802
1524140 802
1524150 802
1524160 802
1524170 802
1524180 800
1524190 798
1524200 798
1524210 796
1524220 795
1524230 795
1524240 794
1524250 793
1524260 793
1524270 792
1524280 791
1524290 791
1524300 790
1524310 788
1524320 790
1524330 788
1524340 787
1524350 787
1524360 785
1524370 783
1524380 782
1524390 782
1524400 780
1524410 778
1524420 778
1524430 778
1524440 776
1524450 776
1524460 774
1524470 773
1524480 773
1524490 772
1524500 770
1524510 770
1524520 769
1524530 768
1524540 768
1524550 766
1524560 764
1524570 764
1524580 763
1524590 758
1524600 758
1524610 754
1524620 752
1524630 752
1524640 751
1524650 751
1524660 751
1524670 751
1524680 751
1524690 749
1524700 749
1524710 749
1524720 750
1524730 750
1524740 749
1524750 746
1524760 746
1524770 744
1524780 741
1524790 741
1524800 739
1524810 737
1524820 737
1524830 736
1524840 736
1524850 736
1524860 735
1524870 734
1524880 734
1524890 734
1524900 735
1524910 735
1524920 735
1524930 735
1524940 735
1524950 736
1524960 737
1524970 737
1524980 737
1524990 737
1525000 733
1525010 733
1525020 731
1525030 730
1525040 730
1525050 729
1525060 728
1525070 728
1525080 729
1525090 729
1525100 729
1525110 729
1525120 729
1525130 729
1525140 729
1525150 729
1525160 729
1525170 729
1525180 729
1525190 729
1525200 728
1525210 728
1525220 728
1525230 728
1525240 728
1525250 728
1525260 728
1525270 728
1525280 728
1525290 728
1525300 728
1525310 728
1525320 728
1525330 728
1525340 728
1525350 728
1525360 728
1525370 728
1525380 728
1525390 728
1525400 728
1525410 728
1525420 727
1525430 728
1525440 728
1525450 727
1525460 727
1525470 727
1525480 727
1525490 727
1525500 727
1525510 727
1525520 727
1525530 727
1525540 727
1525550 727
1525560 727
1525570 727
1525580 727
1525590 727
1525600 727
1525610 727
1525620 726
1525630 726
1525640 726
1525650 726
1525660 726
1525670 726
1525680 726
1525690 726
1525700 726
1525710 726
1525720 726
1525730 726
1525740 726
1525750 726
1525760 726
1525770 726
1525780 726
1525790 726
1525800 725
1525810 725
1525820 726
1525830 726
1525840 726
1525850 726
1525860 726
1525870 726
1525880 726
1525890 725
1525900 726
1525910 726
1525920 726
1525930 726
1525940 726
1525950 726
1525960 726
1525970 726
1525980 726
1525990 726
1526000 726
1526010 726
1526020 726
1526030 726
1526040 725
1526050 725
1526060 725
1526070 724
1526080 722
1526090 722
1526100 721
1526110 721
1526120 721
1526130 721
1526140 722
1526150 723
1526160 723
1526170 724
1526180 725
1526190 725
1526200 724
1526210 725
1526220 725
1526230 724
1526240 724
1526250 724
1526260 724
1526270 724
1526280 724
1526290 724
1526300 724
1526310 724
1526320 724
1526330 724
1526340 724
1526350 724
1526360 724
1526370 724
1526380 724
1526390 724
1526400 724
1526410 724
1526420 723
1526430 723
1526440 723
1526450 723
1526460 724
1526470 724
1526480 725
1526490 729
1526500 729
1526510 733
1526520 737
1526530 737
1526540 742
1526550 746
1526560 746
1526570 747
1526580 748
1526590 748
1526600 749
1526610 751
1526620 751
1526630 753
1526640 755
1526650 755
1526660 753
1526670 755
1526680 755
1526690 758
1526700 757
1526710 757
1526720 758
1526730 758
1526740 759
1526750 759
1526760 760
1526770 760
1526780 760
1526790 761
1526800 761
1526810 761
1526820 762
1526830 763
1526840 763
1526850 764
1526860 764
1526870 764
1526880 763
1526890 763
1526900 763
1526910 763
1526920 762
1526930 762
1526940 762
1526950 761
1526960 761
1526970 761
1526980 760
1526990 760
1527000 760
1527010 760
1527020 760
1527030 759
1527040 759
1527050 759
1527060 759
1527070 760
1527080 760
1527090 760
1527100 761
1527110 761
1527120 761
1527130 762
1527140 763
1527150 763
1527160 764
1527170 765
1527180 765
1527190 766
1527200 767
1527210 767
1527220 769
1527230 770
1527240 770
1527250 772
1527260 773
1527270 773
1527280 774
1527290 775
1527300 775
1527310 773
1527320 776
1527330 777
1527340 777
1527350 778
1527360 777
1527370 777
1527380 777
1527390 778
1527400 778
1527410 774
1527420 775
1527430 775
1527440 775
1527450 775
1527460 775
1527470 776
1527480 777
1527490 777
1527500 778
1527510 779
1527520 779
1527530 780
1527540 781
1527550 781
1527560 781
1527570 782
1527580 782
1527590 783
1527600 783
1527610 783
1527620 783
1527630 783
1527640 784
1527650 784
1527660 784
1527670 784
1527680 784
1527690 785
1527700 786
1527710 786
1527720 786
1527730 786
1527740 786
1527750 787
1527760 788
1527770 788
1527780 788
1527790 789
1527800 789
1527810 790
1527820 792
1527830 792
1527840 791
1527850 790
1527860 790
1527870 791
1527880 791
1527890 791
1527900 790
1527910 788
1527920 788
1527930 789
1527940 790
1527950 790
1527960 790
1527970 789
1527980 788
1527990 788
1528000 789
1528010 793
1528020 793
1528030 796
1528040 796
1528050 796
1528060 796
1528070 796
1528080 796
1528090 796
1528100 796
1528110 796
1528120 796
1528130 795
1528140 795
1528150 795
1528160 796
1528170 796
1528180 797
1528190 800
1528200 800
1528210 802
1528220 803
1528230 804
1528240 804
1528250 806
1528260 806
1528270 806
1528280 807
1528290 808
1528300 808
1528310 808
1528320 808
1528330 808
1528340 809
1528350 809
1528360 809
1528370 810
1528380 810
1528390 810
1528400 811
1528410 811
1528420 811
1528430 810
1528440 809
1528450 809
1528460 809
1528470 808
1528480 808
1528490 808
1528500 809
1528510 809
1528520 810
1528530 811
1528540 811
1528550 811
1528560 811
1528570 808
1528580 808
1528590 805
1528600 803
1528610 803
1528620 801
1528630 797
1528640 797
1528650 793
1528660 795
1528670 795
1528680 799
1528690 802
1528700 802
1528710 805
1528720 806
1528730 806
1528740 807
1528750 807
1528760 807
1528770 808
1528780 808
1528790 808
1528800 808
1528810 808
1528820 809
1528830 809
1528840 809
1528850 810
1528860 810
1528870 809
1528880 808
1528890 808
1528900 806
1528910 804
1528920 804
1528930 801
1528940 798
1528950 798
1528960 796
1528970 794
1528980 794
1528990 790
1529000 785
1529010 785
1529020 782
1529030 785
1529040 785
1529050 787
1529060 785
1529070 785
1529080 783
1529090 779
1529100 779
1529110 775
1529120 773
1529130 772
1529140 772
1529150 772
1529160 771
1529170 771
1529180 771
1529190 771
1529200 771
1529210 772
1529220 772
1529230 772
1529240 773
1529250 772
1529260 772
1529270 773
1529280 775
1529290 775
1529300 776
1529310 777
1529320 777
1529330 776
1529340 776
1529350 776
1529360 775
1529370 774
1529380 774
1529390 774
1529400 774
1529410 774
1529420 774
1529430 774
1529440 777
1529450 777
1529460 780
1529470 783
1529480 783
1529490 786
1529500 788
1529510 788
1529520 791
1529530 794
1529540 794
1529550 800
1529560 805
1529570 805
1529580 811
1529590 814
1529600 814
1529610 813
1529620 810
1529630 810
1529640 805
1529650 808
1529660 808
1529670 812
1529680 812
1529690 812
1529700 811
1529710 812
1529720 813
1529730 813
1529740 814
1529750 816
1529760 816
1529770 824
1529780 830
1529790 830
1529800 835
1529810 837
1529820 837
1529830 839
1529840 842
1529850 842
1529860 844
1529870 848
1529880 848
1529890 849
1529900 850
1529910 850
1529920 850
1529930 851
1529940 851
1529950 853
1529960 855
1529970 855
1529980 856
1529990 856
1530000 856
1530010 858
1530020 860
1530030 862
1530040 862
1530050 864
1530060 865
1530070 865
1530080 866
1530090 868
1530100 868
1530110 870
1530120 871
1530130 871
1530140 874
1530150 878
1530160 878
1530170 879
1530180 880
1530190 880
1530200 881
1530210 881
1530220 881
1530230 881
1530240 883
1530250 883
1530260 887
1530270 891
1530280 891
1530290 893
1530300 893
1530310 894
1530320 894
1530330 896
1530340 898
1530350 898
1530360 899
1530370 900
1530380 900
1530390 901
1530400 902
1530410 902
1530420 903
1530430 904
1530440 904
1530450 905
1530460 907
1530470 907
1530480 908
1530490 910
1530500 910
1530510 911
1530520 911
1530530 911
1530540 911
1530550 911
1530560 911
1530570 911
1530580 912
1530590 912
1530600 913
1530610 914
1530620 915
1530630 915
1530640 916
1530650 916
1530660 916
1530670 919
1530680 922
1530690 922
1530700 926
1530710 932
1530720 932
1530730 935
1530740 934
1530750 934
1530760 933
1530770 932
1530780 932
1530790 932
1530800 932
1530810 932
1530820 933
1530830 934
1530840 934
1530850 934
1530860 935
1530870 935
1530880 935
1530890 935
1530900 935
1530910 935
1530920 935
1530930 935
1530940 935
1530950 934
1530960 933
1530970 933
1530980 933
1530990 933
1531000 933
1531010 932
1531020 932
1531030 932
1531040 931
1531050 931
1531060 931
1531070 931
1531080 932
1531090 932
1531100 931
1531110 931
1531120 931
1531130 931
1531140 931
1531150 931
1531160 932
1531170 932
1531180 932
1531190 934
1531200 937
1531210 939
1531220 939
1531230 942
1531240 944
1531250 944
1531260 948
1531270 953
1531280 953
1531290 959
1531300 965
1531310 965
1531320 971
1531330 974
1531340 974
1531350 977
1531360 982
1531370 982
1531380 987
1531390 992
1531400 992
1531410 998
1531420 1000
1531430 1000
1531440 1002
1531450 1004
1531460 1004
1531470 1006
1531480 1007
1531490 1007
1531500 1008
1531510 1010
1531520 1011
1531530 1011
1531540 1012
1531550 1013
1531560 1013
1531570 1014
1531580 1015
1531590 1015
1531600 1016
1531610 1018
1531620 1018
1531630 1019
1531640 1021
1531650 1021
1531660 1022
1531670 1023
1531680 1023
1531690 1021
1531700 1018
1531710 1018
1531720 1014
1531730 1010
1531740 1010
1531750 1008
1531760 1005
1531770 1005
1531780 999
1531790 994
1531800 991
1531810 991
1531820 989
1531830 987
1531840 987
1531850 986
1531860 984
1531870 984
1531880 982
1531890 981
1531900 981
1531910 981
1531920 980
1531930 980
1531940 980
1531950 979
1531960 979
1531970 981
1531980 982
1531990 982
1532000 982
1532010 983
1532020 983
1532030 988
1532040 994
1532050 994
1532060 1000
1532070 1006
1532080 1006
1532090 1013
1532100 1019
1532110 1025
1532120 1025
1532130 1031
1532140 1038
1532150 1038
1532160 1044
1532170 1046
1532180 1046
1532190 1041
1532200 1037
1532210 1037
1532220 1033
1532230 1027
1532240 1027
1532250 1022
1532260 1014
1532270 1014
1532280 1009
1532290 1001
1532300 1001
1532310 993
1532320 985
1532330 985
1532340 978
1532350 971
1532360 971
1532370 966
1532380 961
1532390 953
1532400 953
1532410 952
1532420 957
1532430 957
1532440 960
1532450 962
1532460 962
1532470 964
1532480 965
1532490 965
1532500 965
1532510 966
1532520 966
1532530 967
1532540 966
1532550 966
1532560 965
1532570 966
1532580 966
1532590 967
1532600 966
1532610 966
1532620 965
1532630 967
1532640 967
1532650 967
1532660 963
1532670 963
1532680 967
1532690 968
1532700 970
1532710 970
1532720 973
1532730 975
1532740 975
1532750 974
1532760 976
1532770 976
1532780 979
1532790 980
1532800 980
1532810 982
1532820 989
1532830 989
1532840 997
1532850 1003
1532860 1003
1532870 1009
1532880 1016
1532890 1016
1532900 1021
1532910 1024
1532920 1024
1532930 1028
1532940 1033
1532950 1033
1532960 1038
1532970 1041
1532980 1041
1532990 1045
1533000 1050
1533010 1056
1533020 1048
1533030 1054
1533040 1059
1533050 1059
1533060 1066
1533070 1072
1533080 1072
1533090 1079
1533100 1087
1533110 1087
1533120 1093
1533130 1097
1533140 1097
1533150 1099
1533160 1099
1533170 1099
1533180 1099
1533190 1100
1533200 1100
1533210 1098
1533220 1099
1533230 1099
1533240 1097
1533250 1093
1533260 1093
1533270 1089
1533280 1090
1533290 1093
1533300 1093
1533310 1092
1533320 1091
1533330 1091
1533340 1090
1533350 1089
1533360 1089
1533370 1089
1533380 1088
1533390 1088
1533400 1088
1533410 1087
1533420 1087
1533430 1086
1533440 1083
1533450 1083
1533460 1081
1533470 1083
1533480 1083
1533490 1084
1533500 1084
1533510 1084
1533520 1084
1533530 1084
1533540 1084
1533550 1083
1533560 1083
1533570 1083
1533580 1082
1533590 1082
1533600 1081
1533610 1081
1533620 1080
1533630 1075
1533640 1075
1533650 1071
1533660 1068
1533670 1068
1533680 1065
1533690 1061
1533700 1061
1533710 1062
1533720 1067
1533730 1067
1533740 1071
1533750 1076
1533760 1076
1533770 1079
1533780 1081
1533790 1081
1533800 1082
1533810 1083
1533820 1083
1533830 1083
1533840 1082
1533850 1082
1533860 1080
1533870 1080
1533880 1080
1533890 1080
1533900 1080
1533910 1079
1533920 1079
1533930 1078
1533940 1072
1533950 1072
1533960 1065
1533970 1058
1533980 1058
1533990 1048
1534000 1039
1534010 1039
1534020 1035
1534030 1030
1534040 1030
1534050 1027
1534060 1023
1534070 1023
1534080 1019
1534090 1014
1534100 1014
1534110 1011
1534120 1008
1534130 1008
1534140 1004
1534150 999
1534160 999
1534170 995
1534180 994
1534190 994
1534200 994
1534210 993
1534220 991
1534230 991
1534240 988
1534250 983
1534260 983
1534270 979
1534280 974
1534290 974
1534300 967
1534310 966
1534320 966
1534330 971
1534340 976
1534350 976
1534360 980
1534370 987
1534380 987
1534390 995
1534400 1006
1534410 1006
1534420 1014
1534430 1019
1534440 1019
1534450 1025
1534460 1028
1534470 1028
1534480 1029
1534490 1034
1534500 1039
1534510 1039
1534520 1040
1534530 1044
1534540 1044
1534550 1048
1534560 1052
1534570 1052
1534580 1056
1534590 1059
1534600 1059
1534610 1062
1534620 1064
1534630 1064
1534640 1066
1534650 1070
1534660 1070
1534670 1076
1534680 1082
1534690 1082
1534700 1084
1534710 1086
1534720 1086
1534730 1088
1534740 1088
1534750 1088
1534760 1089
1534770 1089
1534780 1088
1534790 1088
1534800 1088
1534810 1087
1534820 1087
1534830 1086
1534840 1086
1534850 1086
1534860 1086
1534870 1086
1534880 1086
1534890 1086
1534900 1086
1534910 1086
1534920 1087
1534930 1087
1534940 1087
1534950 1087
1534960 1086
1534970 1086
1534980 1085
1534990 1083
1535000 1083
1535010 1082
1535020 1082
1535030 1082
1535040 1081
1535050 1081
1535060 1081
1535070 1080
1535080 1078
1535090 1077
1535100 1077
1535110 1075
1535120 1073
1535130 1073
1535140 1071
1535150 1070
1535160 1070
1535170 1068
1535180 1066
1535190 1066
1535200 1065
1535210 1065
1535220 1065
1535230 1064
1535240 1064
1535250 1064
1535260 1063
1535270 1063
1535280 1063
1535290 1062
1535300 1060
1535310 1060
1535320 1058
1535330 1057
1535340 1057
1535350 1055
1535360 1054
1535370 1051
1535380 1051
1535390 1049
1535400 1046
1535410 1046
1535420 1044
1535430 1043
1535440 1043
1535450 1041
1535460 1039
1535470 1039
1535480 1035
1535490 1031
1535500 1031
1535510 1028
1535520 1021
1535530 1021
1535540 1014
1535550 1010
1535560 1010
1535570 1005
1535580 997
1535590 997
1535600 992
1535610 990
1535620 990
1535630 989
1535640 988
1535650 988
1535660 986
1535670 984
1535680 981
1535690 981
1535700 978
1535710 976
1535720 976
1535730 974
1535740 973
1535750 973
1535760 971
1535770 969
1535780 969
1535790 968
1535800 967
1535810 967
1535820 966
1535830 963
1535840 963
1535850 959
1535860 952
1535870 952
1535880 944
1535890 940
1535900 940
1535910 933
1535920 927
1535930 927
1535940 921
1535950 920
1535960 920
1535970 923
1535980 929
1535990 937
1536000 937
1536010 943
1536020 950
1536030 950
1536040 958
1536050 965
1536060 965
1536070 973
1536080 981
1536090 981
1536100 988
1536110 995
1536120 995
1536130 1001
1536140 1010
1536150 1010
1536160 1018
1536170 1026
1536180 1026
1536190 1034
1536200 1042
1536210 1042
1536220 1051
1536230 1060
1536240 1060
1536250 1067
1536260 1074
1536270 1078
1536280 1078
1536290 1082
1536300 1084
1536310 1084
1536320 1086
1536330 1088
1536340 1088
1536350 1090
1536360 1091
1536370 1091
1536380 1093
1536390 1094
1536400 1094
1536410 1095
1536420 1097
1536430 1097
1536440 1098
1536450 1099
1536460 1099
1536470 1101
1536480 1104
1536490 1104
1536500 1105
1536510 1107
1536520 1107
1536530 1108
1536540 1108
1536550 1108
1536560 1108
1536570 1109
1536580 1109
1536590 1109
1536600 1110
1536610 1111
1536620 1111
1536630 1112
1536640 1113
1536650 1113
1536660 1114
1536670 1116
1536680 1116
1536690 1117
1536700 1118
1536710 1118
1536720 1118
1536730 1119
1536740 1119
1536750 1119
1536760 1119
1536770 1119
1536780 1120
1536790 1120
1536800 1120
1536810 1119
1536820 1118
1536830 1118
1536840 1118
1536850 1118
1536860 1119
1536870 1119
1536880 1119
1536890 1119
1536900 1119
1536910 1120
1536920 1119
1536930 1119
1536940 1119
1536950 1118
1536960 1118
1536970 1118
1536980 1119
1536990 1119
1537000 1119
1537010 1119
1537020 1119
1537030 1120
1537040 1120
1537050 1120
1537060 1118
1537070 1119
1537080 1119
1537090 1122
1537100 1125
1537110 1125
1537120 1127
1537130 1130
1537140 1130
1537150 1132
1537160 1134
1537170 1133
1537180 1133
1537190 1131
1537200 1129
1537210 1129
1537220 1128
1537230 1125
1537240 1125
1537250 1124
1537260 1124
1537270 1124
1537280 1123
1537290 1121
1537300 1121
1537310 1120
1537320 1119
1537330 1119
1537340 1117
1537350 1116
1537360 1116
1537370 1115
1537380 1113
1537390 1113
1537400 1111
1537410 1109
1537420 1109
1537430 1107
1537440 1106
1537450 1104
1537460 1104
1537470 1103
1537480 1102
1537490 1102
1537500 1101
1537510 1098
1537520 1098
1537530 1096
1537540 1093
1537550 1093
1537560 1091
1537570 1090
1537580 1090
1537590 1087
1537600 1083
1537610 1083
1537620 1080
1537630 1076
1537640 1076
1537650 1072
1537660 1067
1537670 1067
1537680 1064
1537690 1061
1537700 1061
1537710 1058
1537720 1055
1537730 1055
1537740 1053
1537750 1050
1537760 1047
1537770 1047
1537780 1045
1537790 1043
1537800 1043
1537810 1041
1537820 1039
1537830 1039
1537840 1036
1537850 1035
1537860 1035
1537870 1034
1537880 1033
1537890 1033
1537900 1032
1537910 1030
1537920 1030
1537930 1029
1537940 1028
1537950 1028
1537960 1027
1537970 1026
1537980 1026
1537990 1024
1538000 1023
1538010 1023
1538020 1022
1538030 1019
1538040 1019
1538050 1018
1538060 1017
1538070 1016
1538080 1016
1538090 1015
1538100 1009
1538110 1009
1538120 1002
1538130 998
1538140 998
1538150 998
1538160 997
1538170 997
1538180 996
1538190 994
1538200 994
1538210 987
1538220 983
1538230 983
1538240 978
1538250 973
1538260 973
1538270 970
1538280 967
1538290 967
1538300 964
1538310 962
1538320 962
1538330 960
1538340 956
1538350 956
1538360 956
1538370 954
1538380 953
1538390 953
1538400 949
1538410 947
1538420 947
1538430 944
1538440 942
1538450 942
1538460 940
1538470 937
1538480 937
1538490 935
1538500 931
1538510 931
1538520 929
1538530 924
1538540 924
1538550 918
1538560 912
1538570 912
1538580 907
1538590 907
1538600 907
1538610 913
1538620 921
1538630 921
1538640 928
1538650 936
1538660 943
1538670 943
1538680 950
1538690 957
1538700 957
1538710 962
1538720 969
1538730 969
1538740 978
1538750 987
1538760 987
1538770 996
1538780 1004
1538790 1004
1538800 1009
1538810 1013
1538820 1013
1538830 1016
1538840 1019
1538850 1019
1538860 1022
1538870 1025
1538880 1025
1538890 1028
1538900 1032
1538910 1032
1538920 1035
1538930 1039
1538940 1042
1538950 1042
1538960 1045
1538970 1048
1538980 1048
1538990 1052
1539000 1055
1539010 1055
1539020 1058
1539030 1061
1539040 1061
1539050 1064
1539060 1068
1539070 1068
1539080 1070
1539090 1073
1539100 1073
1539110 1075
1539120 1078
1539130 1078
1539140 1081
1539150 1085
1539160 1085
1539170 1088
1539180 1092
1539190 1092
1539200 1094
1539210 1100
1539220 1100
1539230 1104
1539240 1109
1539250 1114
1539260 1114
1539270 1119
1539280 1123
1539290 1123
1539300 1127
1539310 1130
1539320 1130
1539330 1133
1539340 1136
1539350 1136
1539360 1139
1539370 1141
1539380 1141
1539390 1143
1539400 1144
1539410 1144
1539420 1146
1539430 1149
1539440 1149
1539450 1153
1539460 1156
1539470 1156
1539480 1159
1539490 1162
1539500 1162
1539510 1166
1539520 1168
1539530 1168
1539540 1171
1539550 1172
1539560 1174
1539570 1174
1539580 1175
1539590 1177
1539600 1177
1539610 1178
1539620 1178
1539630 1178
1539640 1180
1539650 1181
1539660 1181
1539670 1182
1539680 1183
1539690 1183
1539700 1185
1539710 1186
1539720 1186
1539730 1188
1539740 1190
1539750 1190
1539760 1194
1539770 1197
1539780 1197
1539790 1199
1539800 1202
1539810 1202
1539820 1204
1539830 1207
1539840 1210
1539850 1210
1539860 1214
1539870 1218
1539880 1218
1539890 1221
1539900 1222
1539910 1222
1539920 1224
1539930 1225
1539940 1225
1539950 1226
1539960 1226
1539970 1226
1539980 1226
1539990 1227
