1520000 1146
1520010 1146
1520020 1146
1520030 1146
1520040 1146
1520050 1146
1520060 1146
1520070 1146
1520080 1146
1520090 1146
1520100 1146
1520110 1147
1520120 1147
1520130 1147
1520140 1148
1520150 1148
1520160 1148
1520170 1149
1520180 1149
1520190 1149
1520200 1149
1520210 1150
1520220 1150
1520230 1150
1520240 1150
1520250 1150
1520260 1151
1520270 1151
1520280 1151
1520290 1152
1520300 1152
1520310 1152
1520320 1153
1520330 1153
1520340 1153
1520350 1153
1520360 1154
1520370 1154
1520380 1154
1520390 1154
1520400 1154
1520410 1154
1520420 1154
1520430 1154
1520440 1154
1520450 1154
1520460 1154
1520470 1154
1520480 1154
1520490 1153
1520500 1153
1520510 1153
1520520 1153
1520530 1153
1520540 1152
1520550 1152
1520560 1152
1520570 1152
1520580 1152
1520590 1152
1520600 1151
1520610 1150
1520620 1150
1520630 1150
1520640 1149
1520650 1149
1520660 1149
1520670 1149
1520680 1149
1520690 1148
1520700 1148
1520710 1148
1520720 1147
1520730 1147
1520740 1147
1520750 1146
1520760 1146
1520770 1145
1520780 1145
1520790 1145
1520800 1144
1520810 1144
1520820 1144
1520830 1143
1520840 1143
1520850 1143
1520860 1143
1520870 1143
1520880 1142
1520890 1142
1520900 1142
1520910 1142
1520920 1141
1520930 1141
1520940 1140
1520950 1140
1520960 1140
1520970 1140
1520980 1140
1520990 1140
1521000 1140
1521010 1139
1521020 1139
1521030 1139
1521040 1138
1521050 1138
1521060 1138
1521070 1138
1521080 1137
1521090 1137
1521100 1137
1521110 1136
1521120 1136
1521130 1136
1521140 1135
1521150 1135
1521160 1135
1521170 1134
1521180 1134
1521190 1134
1521200 1134
1521210 1134
1521220 1134
1521230 1133
1521240 1133
1521250 1133
1521260 1133
1521270 1133
1521280 1132
1521290 1132
1521300 1132
1521310 1131
1521320 1131
1521330 1131
1521340 1131
1521350 1131
1521360 1131
1521370 1131
1521380 1131
1521390 1130
1521400 1130
1521410 1130
1521420 1130
1521430 1130
1521440 1130
1521450 1129
1521460 1129
1521470 1129
1521480 1128
1521490 1128
1521500 1128
1521510 1127
1521520 1127
1521530 1127
1521540 1126
1521550 1126
1521560 1126
1521570 1126
1521580 1126
1521590 1125
1521600 1124
1521610 1124
1521620 1124
1521630 1123
1521640 1123
1521650 1123
1521660 1122
1521670 1122
1521680 1122
1521690 1121
1521700 1120
1521710 1120
1521720 1120
1521730 1119
1521740 1119
1521750 1118
1521760 1118
1521770 1118
1521780 1117
1521790 1117
1521800 1117
1521810 1118
1521820 1118
1521830 1118
1521840 1119
1521850 1119
1521860 1119
1521870 1119
1521880 1119
1521890 1119
1521900 1118
1521910 1117
1521920 1117
1521930 1115
1521940 1114
1521950 1114
1521960 1113
1521970 1113
1521980 1113
1521990 1113
1522000 1112
1522010 1111
1522020 1111
1522030 1110
1522040 1109
1522050 1109
1522060 1109
1522070 1109
1522080 1109
1522090 1110
1522100 1110
1522110 1110
1522120 1111
1522130 1112
1522140 1112
1522150 1112
1522160 1114
1522170 1114
1522180 1114
1522190 1114
1522200 1114
1522210 1113
1522220 1112
1522230 1112
1522240 1111
1522250 1110
1522260 1110
1522270 1110
1522280 1110
1522290 1109
1522300 1109
1522310 1108
1522320 1107
1522330 1107
1522340 1107
1522350 1107
1522360 1107
1522370 1106
1522380 1105
1522390 1105
1522400 1104
1522410 1103
1522420 1103
1522430 1102
1522440 1101
1522450 1101
1522460 1100
1522470 1099
1522480 1099
1522490 1098
1522500 1096
1522510 1096
1522520 1095
1522530 1096
1522540 1096
1522550 1096
1522560 1096
1522570 1095
1522580 1095
1522590 1095
1522600 1094
1522610 1094
1522620 1093
1522630 1092
1522640 1092
1522650 1090
1522660 1090
1522670 1090
1522680 1088
1522690 1086
1522700 1086
1522710 1084
1522720 1083
1522730 1083
1522740 1081
1522750 1077
1522760 1077
1522770 1072
1522780 1071
1522790 1071
1522800 1068
1522810 1066
1522820 1066
1522830 1066
1522840 1069
1522850 1069
1522860 1070
1522870 1070
1522880 1069
1522890 1069
1522900 1068
1522910 1067
1522920 1067
1522930 1065
1522940 1063
1522950 1063
1522960 1061
1522970 1060
1522980 1060
1522990 1058
1523000 1057
1523010 1057
1523020 1056
1523030 1055
1523040 1055
1523050 1054
1523060 1054
1523070 1054
1523080 1054
1523090 1053
1523100 1053
1523110 1053
1523120 1051
1523130 1051
1523140 1050
1523150 1049
1523160 1048
1523170 1048
1523180 1047
1523190 1046
1523200 1046
1523210 1045
1523220 1045
1523230 1045
1523240 1044
1523250 1043
1523260 1043
1523270 1042
1523280 1041
1523290 1041
1523300 1040
1523310 1039
1523320 1039
1523330 1038
1523340 1037
1523350 1037
1523360 1036
1523370 1036
1523380 1036
1523390 1036
1523400 1035
1523410 1035
1523420 1035
1523430 1035
1523440 1035
1523450 1034
1523460 1034
1523470 1034
1523480 1034
1523490 1034
1523500 1033
1523510 1033
1523520 1033
1523530 1032
1523540 1032
1523550 1032
1523560 1032
1523570 1032
1523580 1032
1523590 1031
1523600 1031
1523610 1031
1523620 1030
1523630 1030
1523640 1030
1523650 1029
1523660 1029
1523670 1029
1523680 1029
1523690 1029
1523700 1029
1523710 1029
1523720 1029
1523730 1029
1523740 1029
1523750 1029
1523760 1029
1523770 1028
1523780 1028
1523790 1028
1523800 1028
1523810 1029
1523820 1029
1523830 1028
1523840 1026
1523850 1026
1523860 1023
1523870 1019
1523880 1019
1523890 1016
1523900 1012
1523910 1012
1523920 1009
1523930 1006
1523940 1006
1523950 1000
1523960 998
1523970 998
1523980 995
1523990 988
1524000 988
1524010 984
1524020 986
1524030 986
1524040 986
1524050 986
1524060 986
1524070 986
1524080 981
1524090 975
1524100 975
1524110 971
1524120 971
1524130 971
1524140 968
1524150 963
1524160 963
1524170 964
1524180 962
1524190 962
1524200 957
1524210 951
1524220 951
1524230 946
1524240 941
1524250 941
1524260 937
1524270 931
1524280 931
1524290 926
1524300 919
1524310 919
1524320 912
1524330 907
1524340 907
1524350 903
1524360 900
1524370 896
1524380 896
1524390 895
1524400 896
1524410 896
1524420 898
1524430 899
1524440 899
1524450 900
1524460 900
1524470 900
1524480 901
1524490 904
1524500 904
1524510 907
1524520 911
1524530 911
1524540 913
1524550 911
1524560 911
1524570 915
1524580 920
1524590 920
1524600 923
1524610 924
1524620 924
1524630 927
1524640 931
1524650 931
1524660 933
1524670 936
1524680 937
1524690 937
1524700 935
1524710 940
1524720 940
1524730 944
1524740 947
1524750 947
1524760 947
1524770 945
1524780 945
1524790 942
1524800 941
1524810 941
1524820 946
1524830 949
1524840 949
1524850 950
1524860 948
1524870 948
1524880 944
1524890 939
1524900 939
1524910 937
1524920 939
1524930 939
1524940 937
1524950 933
1524960 928
1524970 928
1524980 918
1524990 916
1525000 916
1525010 908
1525020 903
1525030 903
1525040 900
1525050 899
1525060 899
1525070 900
1525080 899
1525090 899
1525100 896
1525110 891
1525120 891
1525130 886
1525140 882
1525150 882
1525160 882
1525170 884
1525180 884
1525190 886
1525200 883
1525210 883
1525220 879
1525230 875
1525240 875
1525250 870
1525260 868
1525270 867
1525280 867
1525290 867
1525300 869
1525310 869
1525320 869
1525330 868
1525340 868
1525350 865
1525360 863
1525370 863
1525380 861
1525390 859
1525400 863
1525410 861
1525420 859
1525430 859
1525440 856
1525450 853
1525460 853
1525470 849
1525480 847
1525490 847
1525500 842
1525510 837
1525520 837
1525530 831
1525540 826
1525550 826
1525560 823
1525570 823
1525580 824
1525590 824
1525600 827
1525610 829
1525620 829
1525630 831
1525640 832
1525650 832
1525660 832
1525670 833
1525680 833
1525690 833
1525700 834
1525710 834
1525720 833
1525730 830
1525740 830
1525750 826
1525760 824
1525770 824
1525780 821
1525790 818
1525800 818
1525810 814
1525820 812
1525830 812
1525840 811
1525850 813
1525860 814
1525870 814
1525880 815
1525890 816
1525900 816
1525910 814
1525920 811
1525930 811
1525940 809
1525950 806
1525960 806
1525970 806
1525980 806
1525990 806
1526000 806
1526010 806
1526020 806
1526030 805
1526040 804
1526050 804
1526060 802
1526070 799
1526080 799
1526090 795
1526100 792
1526110 792
1526120 789
1526130 788
1526140 788
1526150 786
1526160 785
1526170 786
1526180 786
1526190 789
1526200 793
1526210 793
1526220 795
1526230 798
1526240 798
1526250 798
1526260 795
1526270 795
1526280 790
1526290 786
1526300 786
1526310 783
1526320 780
1526330 780
1526340 777
1526350 775
1526360 775
1526370 773
1526380 772
1526390 772
1526400 772
1526410 771
1526420 771
1526430 770
1526440 769
1526450 769
1526460 768
1526470 767
1526480 765
1526490 765
1526500 764
1526510 763
1526520 763
1526530 762
1526540 760
1526550 760
1526560 759
1526570 758
1526580 758
1526590 756
1526600 755
1526610 755
1526620 753
1526630 752
1526640 752
1526650 751
1526660 750
1526670 750
1526680 750
1526690 750
1526700 750
1526710 749
1526720 749
1526730 749
1526740 749
1526750 748
1526760 747
1526770 747
1526780 745
1526790 744
1526800 744
1526810 742
1526820 741
1526830 741
1526840 740
1526850 740
1526860 740
1526870 739
1526880 737
1526890 737
1526900 737
1526910 736
1526920 736
1526930 735
1526940 735
1526950 735
1526960 732
1526970 733
1526980 733
1526990 734
1527000 735
1527010 735
1527020 735
1527030 735
1527040 735
1527050 734
1527060 734
1527070 734
1527080 734
1527090 733
1527100 733
1527110 733
1527120 733
1527130 732
1527140 732
1527150 732
1527160 731
1527170 731
1527180 731
1527190 730
1527200 730
1527210 730
1527220 729
1527230 729
1527240 728
1527250 727
1527260 727
1527270 725
1527280 724
1527290 724
1527300 723
1527310 722
1527320 722
1527330 721
1527340 720
1527350 720
1527360 720
1527370 720
1527380 720
1527390 720
1527400 720
1527410 719
1527420 719
1527430 719
1527440 719
1527450 719
1527460 719
1527470 719
1527480 719
1527490 719
1527500 719
1527510 719
1527520 719
1527530 719
1527540 719
1527550 719
1527560 719
1527570 719
1527580 719
1527590 719
1527600 719
1527610 719
1527620 719
1527630 719
1527640 718
1527650 718
1527660 719
1527670 719
1527680 718
1527690 718
1527700 718
1527710 718
1527720 718
1527730 718
1527740 718
1527750 718
1527760 718
1527770 718
1527780 718
1527790 718
1527800 718
1527810 718
1527820 718
1527830 718
1527840 718
1527850 718
1527860 718
1527870 718
1527880 718
1527890 718
1527900 718
1527910 718
1527920 718
1527930 718
1527940 718
1527950 718
1527960 718
1527970 718
1527980 718
1527990 718
1528000 717
1528010 717
1528020 717
1528030 717
1528040 717
1528050 717
1528060 717
1528070 717
1528080 717
1528090 717
1528100 717
1528110 717
1528120 717
1528130 717
1528140 717
1528150 717
1528160 717
1528170 717
1528180 717
1528190 717
1528200 717
1528210 717
1528220 717
1528230 717
1528240 717
1528250 717
1528260 717
1528270 717
1528280 717
1528290 717
1528300 717
1528310 717
1528320 717
1528330 717
1528340 717
1528350 717
1528360 716
1528370 716
1528380 716
1528390 716
1528400 716
1528410 716
1528420 716
1528430 716
1528440 716
1528450 716
1528460 715
1528470 715
1528480 714
1528490 714
1528500 714
1528510 715
1528520 717
1528530 717
1528540 717
1528550 717
1528560 717
1528570 717
1528580 717
1528590 717
1528600 717
1528610 717
1528620 717
1528630 717
1528640 717
1528650 717
1528660 717
1528670 717
1528680 717
1528690 717
1528700 717
1528710 717
1528720 717
1528730 717
1528740 717
1528750 717
1528760 717
1528770 717
1528780 717
1528790 717
1528800 716
1528810 716
1528820 716
1528830 717
1528840 717
1528850 717
1528860 717
1528870 717
1528880 717
1528890 717
1528900 717
1528910 717
1528920 717
1528930 717
1528940 717
1528950 717
1528960 717
1528970 717
1528980 717
1528990 717
1529000 717
1529010 717
1529020 717
1529030 717
1529040 717
1529050 717
1529060 717
1529070 717
1529080 717
1529090 717
1529100 717
1529110 717
1529120 717
1529130 718
1529140 719
1529150 719
1529160 718
1529170 718
1529180 718
1529190 718
1529200 718
1529210 718
1529220 718
1529230 718
1529240 719
1529250 719
1529260 719
1529270 719
1529280 719
1529290 719
1529300 719
1529310 719
1529320 719
1529330 719
1529340 719
1529350 719
1529360 719
1529370 719
1529380 720
1529390 721
1529400 721
1529410 722
1529420 722
1529430 722
1529440 723
1529450 723
1529460 723
1529470 723
1529480 722
1529490 722
1529500 722
1529510 721
1529520 721
1529530 721
1529540 721
1529550 721
1529560 721
1529570 722
1529580 722
1529590 722
1529600 722
1529610 722
1529620 722
1529630 722
1529640 722
1529650 722
1529660 722
1529670 722
1529680 722
1529690 722
1529700 722
1529710 722
1529720 722
1529730 723
1529740 723
1529750 723
1529760 723
1529770 723
1529780 723
1529790 722
1529800 724
1529810 724
1529820 724
1529830 723
1529840 723
1529850 722
1529860 724
1529870 724
1529880 723
1529890 722
1529900 722
1529910 722
1529920 722
1529930 722
1529940 722
1529950 722
1529960 722
1529970 722
1529980 722
1529990 722
1530000 723
1530010 723
1530020 723
1530030 723
1530040 723
1530050 723
1530060 722
1530070 721
1530080 721
1530090 721
1530100 720
1530110 719
1530120 719
1530130 719
1530140 720
1530150 720
1530160 720
1530170 719
1530180 719
1530190 718
1530200 717
1530210 717
1530220 718
1530230 718
1530240 718
1530250 718
1530260 718
1530270 718
1530280 717
1530290 718
1530300 718
1530310 719
1530320 719
1530330 719
1530340 720
1530350 720
1530360 720
1530370 720
1530380 719
1530390 718
1530400 718
1530410 718
1530420 718
1530430 718
1530440 717
1530450 717
1530460 717
1530470 717
1530480 717
1530490 717
1530500 716
1530510 716
1530520 716
1530530 717
1530540 719
1530550 719
1530560 719
1530570 719
1530580 719
1530590 720
1530600 721
1530610 721
1530620 720
1530630 719
1530640 719
1530650 718
1530660 718
1530670 717
1530680 717
1530690 717
1530700 717
1530710 717
1530720 718
1530730 718
1530740 718
1530750 718
1530760 718
1530770 718
1530780 719
1530790 719
1530800 719
1530810 720
1530820 721
1530830 721
1530840 722
1530850 723
1530860 723
1530870 723
1530880 724
1530890 724
1530900 724
1530910 724
1530920 724
1530930 724
1530940 724
1530950 724
1530960 724
1530970 724
1530980 724
1530990 724
1531000 724
1531010 725
1531020 725
1531030 724
1531040 724
1531050 724
1531060 724
1531070 724
1531080 724
1531090 724
1531100 724
1531110 724
1531120 724
1531130 724
1531140 724
1531150 724
1531160 724
1531170 724
1531180 725
1531190 725
1531200 725
1531210 725
1531220 726
1531230 726
1531240 728
1531250 726
1531260 727
1531270 727
1531280 727
1531290 727
1531300 727
1531310 727
1531320 728
1531330 728
1531340 729
1531350 729
1531360 729
1531370 730
1531380 731
1531390 731
1531400 732
1531410 733
1531420 733
1531430 735
1531440 735
1531450 735
1531460 736
1531470 735
1531480 735
1531490 736
1531500 738
1531510 738
1531520 739
1531530 741
1531540 741
1531550 742
1531560 742
1531570 743
1531580 743
1531590 744
1531600 745
1531610 745
1531620 747
1531630 748
1531640 748
1531650 749
1531660 750
1531670 750
1531680 751
1531690 752
1531700 752
1531710 752
1531720 753
1531730 753
1531740 754
1531750 754
1531760 754
1531770 755
1531780 755
1531790 755
1531800 756
1531810 757
1531820 757
1531830 757
1531840 758
1531850 758
1531860 759
1531870 759
1531880 759
1531890 759
1531900 760
1531910 760
1531920 760
1531930 762
1531940 762
1531950 762
1531960 763
1531970 764
1531980 764
1531990 766
1532000 767
1532010 767
1532020 767
1532030 770
1532040 770
1532050 770
1532060 770
1532070 770
1532080 772
1532090 772
1532100 772
1532110 774
1532120 776
1532130 776
1532140 778
1532150 779
1532160 779
1532170 779
1532180 780
1532190 781
1532200 781
1532210 782
1532220 783
1532230 783
1532240 784
1532250 785
1532260 785
1532270 786
1532280 786
1532290 786
1532300 787
1532310 788
1532320 788
1532330 789
1532340 790
1532350 790
1532360 792
1532370 793
1532380 793
1532390 793
1532400 794
1532410 794
1532420 795
1532430 795
1532440 795
1532450 795
1532460 794
1532470 792
1532480 792
1532490 795
1532500 798
1532510 798
1532520 798
1532530 798
1532540 798
1532550 798
1532560 798
1532570 798
1532580 798
1532590 797
1532600 797
1532610 797
1532620 798
1532630 798
1532640 800
1532650 802
1532660 802
1532670 803
1532680 804
1532690 804
1532700 806
1532710 807
1532720 807
1532730 809
1532740 810
1532750 810
1532760 812
1532770 814
1532780 816
1532790 816
1532800 817
1532810 818
1532820 818
1532830 819
1532840 820
1532850 820
1532860 821
1532870 822
1532880 822
1532890 824
1532900 827
1532910 827
1532920 832
1532930 834
1532940 834
1532950 838
1532960 839
1532970 839
1532980 838
1532990 837
1533000 837
1533010 839
1533020 841
1533030 841
1533040 844
1533050 845
1533060 846
1533070 846
1533080 846
1533090 846
1533100 846
1533110 844
1533120 843
1533130 843
1533140 843
1533150 839
1533160 839
1533170 838
1533180 841
1533190 841
1533200 842
1533210 841
1533220 841
1533230 841
1533240 842
1533250 842
1533260 843
1533270 843
1533280 843
1533290 842
1533300 842
1533310 842
1533320 843
1533330 844
1533340 844
1533350 844
1533360 843
1533370 843
1533380 843
1533390 843
1533400 843
1533410 843
1533420 843
1533430 844
1533440 844
1533450 845
1533460 847
1533470 847
1533480 849
1533490 850
1533500 850
1533510 852
1533520 853
1533530 853
1533540 852
1533550 851
1533560 851
1533570 849
1533580 846
1533590 846
1533600 842
1533610 838
1533620 838
1533630 835
1533640 830
1533650 830
1533660 825
1533670 819
1533680 813
1533690 813
1533700 808
1533710 802
1533720 802
1533730 800
1533740 800
1533750 800
1533760 806
1533770 812
1533780 812
1533790 817
1533800 823
1533810 823
1533820 826
1533830 829
1533840 829
1533850 832
1533860 836
1533870 836
1533880 840
1533890 844
1533900 844
1533910 842
1533920 844
1533930 844
1533940 845
1533950 845
1533960 845
1533970 845
1533980 845
1533990 845
1534000 845
1534010 845
1534020 845
1534030 845
1534040 844
1534050 843
1534060 843
1534070 842
1534080 838
1534090 838
1534100 835
1534110 833
1534120 833
1534130 830
1534140 826
1534150 826
1534160 827
1534170 827
1534180 827
1534190 829
1534200 832
1534210 832
1534220 835
1534230 838
1534240 838
1534250 840
1534260 842
1534270 843
1534280 843
1534290 844
1534300 844
1534310 844
1534320 844
1534330 845
1534340 845
1534350 845
1534360 846
1534370 846
1534380 845
1534390 845
1534400 845
1534410 845
1534420 845
1534430 845
1534440 845
1534450 845
1534460 845
1534470 845
1534480 844
1534490 844
1534500 843
1534510 843
1534520 843
1534530 842
1534540 841
1534550 841
1534560 835
1534570 828
1534580 820
1534590 820
1534600 813
1534610 811
1534620 811
1534630 815
1534640 818
1534650 818
1534660 822
1534670 826
1534680 826
1534690 834
1534700 840
1534710 840
1534720 844
1534730 846
1534740 846
1534750 847
1534760 846
1534770 846
1534780 845
1534790 843
1534800 843
1534810 842
1534820 842
1534830 842
1534840 842
1534850 841
1534860 841
1534870 841
1534880 842
1534890 843
1534900 843
1534910 843
1534920 842
1534930 842
1534940 840
1534950 837
1534960 837
1534970 833
1534980 831
1534990 831
1535000 832
1535010 836
1535020 836
1535030 838
1535040 838
1535050 838
1535060 833
1535070 826
1535080 826
1535090 817
1535100 814
1535110 814
1535120 814
1535130 816
1535140 816
1535150 821
1535160 828
1535170 829
1535180 829
1535190 826
1535200 825
1535210 825
1535220 827
1535230 829
1535240 829
1535250 826
1535260 821
1535270 821
1535280 815
1535290 809
1535300 809
1535310 804
1535320 800
1535330 800
1535340 798
1535350 796
1535360 796
1535370 796
1535380 796
1535390 796
1535400 795
1535410 795
1535420 795
1535430 796
1535440 796
1535450 796
1535460 796
1535470 796
1535480 795
1535490 795
1535500 795
1535510 795
1535520 795
1535530 795
1535540 796
1535550 796
1535560 796
1535570 794
1535580 794
1535590 791
1535600 793
1535610 793
1535620 801
1535630 811
1535640 811
1535650 819
1535660 823
1535670 823
1535680 829
1535690 833
1535700 833
1535710 834
1535720 836
1535730 836
1535740 838
1535750 839
1535760 840
1535770 840
1535780 840
1535790 841
1535800 841
1535810 842
1535820 841
1535830 841
1535840 840
1535850 839
1535860 839
1535870 838
1535880 839
1535890 839
1535900 841
1535910 842
1535920 842
1535930 843
1535940 844
1535950 844
1535960 845
1535970 845
1535980 845
1535990 846
1536000 845
1536010 845
1536020 845
1536030 845
1536040 845
1536050 846
1536060 847
1536070 848
1536080 848
1536090 848
1536100 848
1536110 848
1536120 849
1536130 851
1536140 851
1536150 852
1536160 854
1536170 854
1536180 855
1536190 857
1536200 857
1536210 858
1536220 859
1536230 859
1536240 860
1536250 862
1536260 862
1536270 862
1536280 864
1536290 864
1536300 865
1536310 867
1536320 867
1536330 868
1536340 869
1536350 869
1536360 870
1536370 872
1536380 873
1536390 873
1536400 873
1536410 873
1536420 873
1536430 873
1536440 874
1536450 874
1536460 876
1536470 878
1536480 878
1536490 881
1536500 884
1536510 884
1536520 886
1536530 886
1536540 886
1536550 888
1536560 889
1536570 889
1536580 890
1536590 891
1536600 891
1536610 892
1536620 892
1536630 892
1536640 893
1536650 893
1536660 894
1536670 894
1536680 895
1536690 895
1536700 895
1536710 896
1536720 896
1536730 896
1536740 897
1536750 896
1536760 896
1536770 897
1536780 897
1536790 897
1536800 897
1536810 897
1536820 897
1536830 898
1536840 899
1536850 899
1536860 899
1536870 900
1536880 900
1536890 900
1536900 901
1536910 901
1536920 902
1536930 902
1536940 902
1536950 903
1536960 903
1536970 903
1536980 903
1536990 903
1537000 903
1537010 903
1537020 904
1537030 904
1537040 904
1537050 904
1537060 904
1537070 904
1537080 905
1537090 906
1537100 906
1537110 907
1537120 907
1537130 907
1537140 908
1537150 908
1537160 908
1537170 909
1537180 909
1537190 909
1537200 908
1537210 908
1537220 908
1537230 909
1537240 909
1537250 909
1537260 910
1537270 911
1537280 911
1537290 911
1537300 912
1537310 913
1537320 913
1537330 914
1537340 914
1537350 914
1537360 915
1537370 916
1537380 916
1537390 917
1537400 917
1537410 917
1537420 917
1537430 918
1537440 918
1537450 919
1537460 919
1537470 919
1537480 919
1537490 920
1537500 920
1537510 921
1537520 921
1537530 921
1537540 921
1537550 922
1537560 922
1537570 922
1537580 923
1537590 923
1537600 923
1537610 923
1537620 923
1537630 923
1537640 923
1537650 923
1537660 923
1537670 923
1537680 923
1537690 923
1537700 923
1537710 923
1537720 923
1537730 922
1537740 922
1537750 922
1537760 922
1537770 921
1537780 921
1537790 921
1537800 921
1537810 921
1537820 920
1537830 919
1537840 919
1537850 919
1537860 919
1537870 918
1537880 918
1537890 917
1537900 917
1537910 917
1537920 916
1537930 915
1537940 915
1537950 915
1537960 914
1537970 914
1537980 914
1537990 914
1538000 914
1538010 913
1538020 907
1538030 907
1538040 899
1538050 894
1538060 894
1538070 887
1538080 880
1538090 880
1538100 872
1538110 862
1538120 862
1538130 851
1538140 843
1538150 843
1538160 837
1538170 829
1538180 815
1538190 815
1538200 803
1538210 793
1538220 793
1538230 789
1538240 788
1538250 788
1538260 786
1538270 787
1538280 787
1538290 794
1538300 805
1538310 805
1538320 817
1538330 827
1538340 827
1538350 834
1538360 841
1538370 841
1538380 849
1538390 857
1538400 857
1538410 863
1538420 870
1538430 870
1538440 874
1538450 875
1538460 875
1538470 875
1538480 879
1538490 884
1538500 884
1538510 887
1538520 890
1538530 890
1538540 894
1538550 898
1538560 898
1538570 898
1538580 899
1538590 899
1538600 904
1538610 904
1538620 904
1538630 905
1538640 907
1538650 907
1538660 907
1538670 909
1538680 909
1538690 910
1538700 911
1538710 911
1538720 912
1538730 912
1538740 912
1538750 914
1538760 916
1538770 917
1538780 917
1538790 918
1538800 919
1538810 919
1538820 921
1538830 922
1538840 920
1538850 922
1538860 923
1538870 923
1538880 925
1538890 927
1538900 927
1538910 929
1538920 930
1538930 930
1538940 932
1538950 934
1538960 934
1538970 935
1538980 935
1538990 935
1539000 935
1539010 936
1539020 936
1539030 935
1539040 932
1539050 932
1539060 933
1539070 936
1539080 936
1539090 936
1539100 936
1539110 938
1539120 938
1539130 941
1539140 944
1539150 944
1539160 947
1539170 951
1539180 951
1539190 954
1539200 958
1539210 958
1539220 959
1539230 960
1539240 960
1539250 962
1539260 964
1539270 964
1539280 966
1539290 968
1539300 968
1539310 970
1539320 972
1539330 972
1539340 974
1539350 975
1539360 975
1539370 975
1539380 976
1539390 978
1539400 978
1539410 980
1539420 983
1539430 983
1539440 985
1539450 987
1539460 987
1539470 989
1539480 991
1539490 991
1539500 992
1539510 994
1539520 994
1539530 995
1539540 997
1539550 997
1539560 998
1539570 999
1539580 999
1539590 1000
1539600 1001
1539610 1001
1539620 1002
1539630 1003
1539640 1003
1539650 1003
1539660 1003
1539670 1005
1539680 1005
1539690 1005
1539700 1006
1539710 1006
1539720 1007
1539730 1007
1539740 1007
1539750 1008
1539760 1009
1539770 1009
1539780 1009
1539790 1010
1539800 1010
1539810 1011
1539820 1011
1539830 1011
1539840 1012
1539850 1012
1539860 1012
1539870 1013
1539880 1013
1539890 1013
1539900 1014
1539910 1014
1539920 1014
1539930 1013
1539940 1014
1539950 1014
1539960 1014
1539970 1014
1539980 1015
1539990 1015
