1520000 1361
1520010 1367
1520020 1372
1520030 1372
1520040 1379
1520050 1385
1520060 1385
1520070 1391
1520080 1398
1520090 1398
1520100 1403
1520110 1402
1520120 1402
1520130 1398
1520140 1392
1520150 1392
1520160 1385
1520170 1379
1520180 1379
1520190 1372
1520200 1366
1520210 1366
1520220 1360
1520230 1354
1520240 1354
1520250 1348
1520260 1340
1520270 1334
1520280 1334
1520290 1329
1520300 1325
1520310 1325
1520320 1321
1520330 1315
1520340 1315
1520350 1309
1520360 1302
1520370 1302
1520380 1296
1520390 1291
1520400 1291
1520410 1286
1520420 1284
1520430 1284
1520440 1282
1520450 1279
1520460 1279
1520470 1278
1520480 1278
1520490 1278
1520500 1278
1520510 1279
1520520 1279
1520530 1279
1520540 1280
1520550 1280
1520560 1281
1520570 1281
1520580 1282
1520590 1282
1520600 1282
1520610 1285
1520620 1285
1520630 1290
1520640 1297
1520650 1297
1520660 1305
1520670 1312
1520680 1312
1520690 1320
1520700 1328
1520710 1328
1520720 1336
1520730 1343
1520740 1343
1520750 1350
1520760 1356
1520770 1356
1520780 1362
1520790 1367
1520800 1367
1520810 1371
1520820 1376
1520830 1376
1520840 1381
1520850 1387
1520860 1387
1520870 1394
1520880 1401
1520890 1409
1520900 1409
1520910 1416
1520920 1421
1520930 1421
1520940 1426
1520950 1430
1520960 1430
1520970 1432
1520980 1432
1520990 1432
1521000 1429
1521010 1422
1521020 1422
1521030 1414
1521040 1406
1521050 1406
1521060 1398
1521070 1391
1521080 1391
1521090 1384
1521100 1379
1521110 1379
1521120 1372
1521130 1365
1521140 1365
1521150 1361
1521160 1355
1521170 1355
1521180 1348
1521190 1342
1521200 1338
1521210 1338
1521220 1333
1521230 1328
1521240 1328
1521250 1323
1521260 1318
1521270 1318
1521280 1314
1521290 1310
1521300 1310
1521310 1306
1521320 1303
1521330 1303
1521340 1302
1521350 1301
1521360 1301
1521370 1300
1521380 1299
1521390 1299
1521400 1298
1521410 1297
1521420 1297
1521430 1297
1521440 1295
1521450 1295
1521460 1294
1521470 1293
1521480 1293
1521490 1292
1521500 1290
1521510 1290
1521520 1290
1521530 1289
1521540 1291
1521550 1291
1521560 1294
1521570 1297
1521580 1297
1521590 1299
1521600 1301
1521610 1301
1521620 1305
1521630 1309
1521640 1309
1521650 1313
1521660 1316
1521670 1316
1521680 1321
1521690 1321
1521700 1321
1521710 1318
1521720 1316
1521730 1316
1521740 1318
1521750 1322
1521760 1322
1521770 1326
1521780 1329
1521790 1329
1521800 1331
1521810 1332
1521820 1329
1521830 1329
1521840 1324
1521850 1320
1521860 1320
1521870 1316
1521880 1312
1521890 1312
1521900 1310
1521910 1306
1521920 1306
1521930 1300
1521940 1294
1521950 1294
1521960 1287
1521970 1282
1521980 1282
1521990 1277
1522000 1272
1522010 1272
1522020 1268
1522030 1265
1522040 1265
1522050 1263
1522060 1263
1522070 1263
1522080 1261
1522090 1259
1522100 1259
1522110 1258
1522120 1257
1522130 1256
1522140 1256
1522150 1255
1522160 1254
1522170 1254
1522180 1254
1522190 1259
1522200 1259
1522210 1266
1522220 1274
1522230 1274
1522240 1280
1522250 1286
1522260 1286
1522270 1288
1522280 1283
1522290 1283
1522300 1279
1522310 1272
1522320 1272
1522330 1267
1522340 1262
1522350 1262
1522360 1259
1522370 1256
1522380 1256
1522390 1252
1522400 1247
1522410 1247
1522420 1242
1522430 1238
1522440 1238
1522450 1238
1522460 1238
1522470 1237
1522480 1237
1522490 1237
1522500 1237
1522510 1237
1522520 1237
1522530 1236
1522540 1236
1522550 1237
1522560 1237
1522570 1237
1522580 1236
1522590 1232
1522600 1232
1522610 1235
1522620 1240
1522630 1240
1522640 1246
1522650 1254
1522660 1254
1522670 1261
1522680 1268
1522690 1268
1522700 1274
1522710 1277
1522720 1277
1522730 1278
1522740 1281
1522750 1283
1522760 1283
1522770 1285
1522780 1287
1522790 1287
1522800 1291
1522810 1294
1522820 1294
1522830 1298
1522840 1302
1522850 1302
1522860 1309
1522870 1315
1522880 1315
1522890 1320
1522900 1324
1522910 1324
1522920 1327
1522930 1330
1522940 1330
1522950 1333
1522960 1337
1522970 1337
1522980 1342
1522990 1347
1523000 1347
1523010 1350
1523020 1353
1523030 1353
1523040 1354
1523050 1352
1523060 1350
1523070 1350
1523080 1349
1523090 1350
1523100 1350
1523110 1351
1523120 1351
1523130 1351
1523140 1350
1523150 1350
1523160 1350
1523170 1349
1523180 1349
1523190 1349
1523200 1350
1523210 1352
1523220 1352
1523230 1353
1523240 1355
1523250 1355
1523260 1355
1523270 1358
1523280 1358
1523290 1360
1523300 1360
1523310 1360
1523320 1360
1523330 1363
1523340 1363
1523350 1368
1523360 1371
1523370 1370
1523380 1370
1523390 1366
1523400 1363
1523410 1363
1523420 1360
1523430 1360
1523440 1360
1523450 1364
1523460 1366
1523470 1366
1523480 1368
1523490 1369
1523500 1369
1523510 1370
1523520 1370
1523530 1370
1523540 1370
1523550 1371
1523560 1371
1523570 1371
1523580 1372
1523590 1372
1523600 1374
1523610 1374
1523620 1374
1523630 1374
1523640 1375
1523650 1375
1523660 1375
1523670 1373
1523680 1371
1523690 1371
1523700 1372
1523710 1374
1523720 1374
1523730 1374
1523740 1372
1523750 1372
1523760 1373
1523770 1375
1523780 1375
1523790 1375
1523800 1374
1523810 1374
1523820 1373
1523830 1371
1523840 1371
1523850 1368
1523860 1366
1523870 1366
1523880 1362
1523890 1361
1523900 1361
1523910 1361
1523920 1357
1523930 1357
1523940 1355
1523950 1353
1523960 1353
1523970 1350
1523980 1345
1523990 1342
1524000 1342
1524010 1340
1524020 1336
1524030 1336
1524040 1333
1524050 1330
1524060 1330
1524070 1328
1524080 1323
1524090 1323
1524100 1316
1524110 1309
1524120 1309
1524130 1300
1524140 1291
1524150 1291
1524160 1281
1524170 1273
1524180 1273
1524190 1274
1524200 1277
1524210 1277
1524220 1280
1524230 1283
1524240 1283
1524250 1283
1524260 1284
1524270 1284
1524280 1284
1524290 1283
1524300 1281
1524310 1281
1524320 1280
1524330 1281
1524340 1281
1524350 1284
1524360 1288
1524370 1288
1524380 1293
1524390 1299
1524400 1299
1524410 1305
1524420 1309
1524430 1309
1524440 1312
1524450 1313
1524460 1313
1524470 1313
1524480 1312
1524490 1312
1524500 1311
1524510 1311
1524520 1311
1524530 1314
1524540 1316
1524550 1316
1524560 1317
1524570 1317
1524580 1316
1524590 1316
1524600 1315
1524610 1313
1524620 1313
1524630 1314
1524640 1315
1524650 1315
1524660 1315
1524670 1313
1524680 1313
1524690 1307
1524700 1300
1524710 1300
1524720 1299
1524730 1299
1524740 1299
1524750 1299
1524760 1298
1524770 1298
1524780 1297
1524790 1295
1524800 1295
1524810 1293
1524820 1288
1524830 1288
1524840 1287
1524850 1287
1524860 1287
1524870 1288
1524880 1287
1524890 1286
1524900 1286
1524910 1286
1524920 1285
1524930 1285
1524940 1290
1524950 1293
1524960 1293
1524970 1293
1524980 1293
1524990 1293
1525000 1291
1525010 1290
1525020 1290
1525030 1288
1525040 1286
1525050 1286
1525060 1284
1525070 1284
1525080 1284
1525090 1283
1525100 1282
1525110 1282
1525120 1281
1525130 1281
1525140 1281
1525150 1282
1525160 1282
1525170 1282
1525180 1282
1525190 1284
1525200 1284
1525210 1284
1525220 1283
1525230 1279
1525240 1279
1525250 1276
1525260 1272
1525270 1272
1525280 1269
1525290 1263
1525300 1263
1525310 1257
1525320 1251
1525330 1251
1525340 1245
1525350 1240
1525360 1240
1525370 1236
1525380 1233
1525390 1233
1525400 1232
1525410 1231
1525420 1231
1525430 1230
1525440 1230
1525450 1230
1525460 1230
1525470 1228
1525480 1228
1525490 1225
1525500 1224
1525510 1222
1525520 1222
1525530 1221
1525540 1220
1525550 1220
1525560 1218
1525570 1213
1525580 1213
1525590 1207
1525600 1200
1525610 1200
1525620 1193
1525630 1187
1525640 1187
1525650 1181
1525660 1179
1525670 1179
1525680 1177
1525690 1174
1525700 1174
1525710 1171
1525720 1168
1525730 1168
1525740 1164
1525750 1162
1525760 1162
1525770 1160
1525780 1158
1525790 1158
1525800 1156
1525810 1154
1525820 1153
1525830 1158
1525840 1157
1525850 1155
1525860 1155
1525870 1152
1525880 1150
1525890 1150
1525900 1147
1525910 1142
1525920 1142
1525930 1139
1525940 1136
1525950 1136
1525960 1134
1525970 1132
1525980 1132
1525990 1131
1526000 1128
1526010 1128
1526020 1126
1526030 1123
1526040 1123
1526050 1120
1526060 1118
1526070 1118
1526080 1114
1526090 1110
1526100 1110
1526110 1106
1526120 1102
1526130 1099
1526140 1099
1526150 1096
1526160 1092
1526170 1092
1526180 1090
1526190 1087
1526200 1087
1526210 1085
1526220 1083
1526230 1083
1526240 1081
1526250 1078
1526260 1078
1526270 1076
1526280 1072
1526290 1072
1526300 1069
1526310 1066
1526320 1066
1526330 1065
1526340 1064
1526350 1064
1526360 1063
1526370 1061
1526380 1061
1526390 1058
1526400 1054
1526410 1054
1526420 1051
1526430 1047
1526440 1044
1526450 1044
1526460 1041
1526470 1040
1526480 1040
1526490 1038
1526500 1038
1526510 1038
1526520 1036
1526530 1035
1526540 1035
1526550 1032
1526560 1031
1526570 1031
1526580 1029
1526590 1028
1526600 1028
1526610 1026
1526620 1024
1526630 1024
1526640 1022
1526650 1020
1526660 1020
1526670 1019
1526680 1017
1526690 1017
1526700 1015
1526710 1013
1526720 1013
1526730 1011
1526740 1008
1526750 1006
1526760 1006
1526770 1004
1526780 1000
1526790 1000
1526800 996
1526810 992
1526820 992
1526830 989
1526840 985
1526850 985
1526860 982
1526870 978
1526880 978
1526890 974
1526900 971
1526910 971
1526920 967
1526930 963
1526940 963
1526950 959
1526960 953
1526970 953
1526980 947
1526990 941
1527000 941
1527010 935
1527020 932
1527030 932
1527040 930
1527050 927
1527060 927
1527070 927
1527080 929
1527090 931
1527100 931
1527110 931
1527120 932
1527130 932
1527140 932
1527150 933
1527160 933
1527170 935
1527180 936
1527190 936
1527200 937
1527210 938
1527220 938
1527230 943
1527240 948
1527250 948
1527260 949
1527270 950
1527280 950
1527290 951
1527300 951
1527310 951
1527320 951
1527330 950
1527340 950
1527350 953
1527360 956
1527370 959
1527380 959
1527390 960
1527400 963
1527410 963
1527420 965
1527430 967
1527440 967
1527450 971
1527460 977
1527470 977
1527480 979
1527490 979
1527500 979
1527510 980
1527520 982
1527530 982
1527540 982
1527550 980
1527560 980
1527570 980
1527580 981
1527590 981
1527600 981
1527610 981
1527620 981
1527630 982
1527640 982
1527650 982
1527660 983
1527670 983
1527680 983
1527690 983
1527700 984
1527710 985
1527720 985
1527730 986
1527740 987
1527750 987
1527760 988
1527770 988
1527780 988
1527790 990
1527800 992
1527810 992
1527820 991
1527830 990
1527840 990
1527850 988
1527860 986
1527870 986
1527880 986
1527890 986
1527900 986
1527910 986
1527920 986
1527930 986
1527940 987
1527950 987
1527960 987
1527970 987
1527980 988
1527990 989
1528000 989
1528010 989
1528020 990
1528030 990
1528040 991
1528050 992
1528060 992
1528070 993
1528080 995
1528090 995
1528100 998
1528110 1000
1528120 1000
1528130 999
1528140 1000
1528150 1000
1528160 1003
1528170 1006
1528180 1006
1528190 1007
1528200 1008
1528210 1008
1528220 1009
1528230 1008
1528240 1008
1528250 1008
1528260 1009
1528270 1009
1528280 1009
1528290 1011
1528300 1012
1528310 1012
1528320 1013
1528330 1014
1528340 1014
1528350 1015
1528360 1015
1528370 1015
1528380 1016
1528390 1017
1528400 1017
1528410 1018
1528420 1019
1528430 1019
1528440 1019
1528450 1020
1528460 1020
1528470 1021
1528480 1022
1528490 1022
1528500 1023
1528510 1024
1528520 1024
1528530 1024
1528540 1025
1528550 1025
1528560 1025
1528570 1026
1528580 1026
1528590 1026
1528600 1027
1528610 1027
1528620 1027
1528630 1028
1528640 1028
1528650 1028
1528660 1028
1528670 1028
1528680 1028
1528690 1029
1528700 1030
1528710 1030
1528720 1031
1528730 1029
1528740 1029
1528750 1028
1528760 1028
1528770 1028
1528780 1027
1528790 1026
1528800 1026
1528810 1026
1528820 1025
1528830 1026
1528840 1025
1528850 1024
1528860 1024
1528870 1023
1528880 1022
1528890 1022
1528900 1021
1528910 1020
1528920 1020
1528930 1020
1528940 1019
1528950 1018
1528960 1018
1528970 1018
1528980 1017
1528990 1017
1529000 1017
1529010 1016
1529020 1016
1529030 1015
1529040 1014
1529050 1014
1529060 1013
1529070 1013
1529080 1013
1529090 1012
1529100 1012
1529110 1012
1529120 1012
1529130 1012
1529140 1012
1529150 1012
1529160 1013
1529170 1013
1529180 1012
1529190 1011
1529200 1011
1529210 1012
1529220 1015
1529230 1018
1529240 1018
1529250 1020
1529260 1022
1529270 1022
1529280 1023
1529290 1024
1529300 1024
1529310 1022
1529320 1020
1529330 1020
1529340 1022
1529350 1024
1529360 1024
1529370 1027
1529380 1029
1529390 1029
1529400 1029
1529410 1028
1529420 1028
1529430 1029
1529440 1031
1529450 1031
1529460 1034
1529470 1036
1529480 1036
1529490 1034
1529500 1031
1529510 1031
1529520 1029
1529530 1027
1529540 1028
1529550 1028
1529560 1033
1529570 1038
1529580 1038
1529590 1042
1529600 1044
1529610 1044
1529620 1044
1529630 1047
1529640 1047
1529650 1052
1529660 1057
1529670 1057
1529680 1061
1529690 1063
1529700 1063
1529710 1065
1529720 1069
1529730 1069
1529740 1074
1529750 1077
1529760 1077
1529770 1078
1529780 1079
1529790 1079
1529800 1079
1529810 1079
1529820 1079
1529830 1078
1529840 1078
1529850 1077
1529860 1077
1529870 1076
1529880 1075
1529890 1075
1529900 1074
1529910 1072
1529920 1072
1529930 1071
1529940 1069
1529950 1069
1529960 1068
1529970 1067
1529980 1067
1529990 1065
1530000 1063
1530010 1063
1530020 1060
1530030 1056
1530040 1056
1530050 1052
1530060 1048
1530070 1048
1530080 1044
1530090 1041
1530100 1041
1530110 1037
1530120 1035
1530130 1034
1530140 1034
1530150 1033
1530160 1033
1530170 1033
1530180 1034
1530190 1034
1530200 1034
1530210 1032
1530220 1029
1530230 1029
1530240 1026
1530250 1022
1530260 1022
1530270 1021
1530280 1021
1530290 1021
1530300 1021
1530310 1022
1530320 1022
1530330 1020
1530340 1019
1530350 1019
1530360 1017
1530370 1013
1530380 1013
1530390 1009
1530400 1006
1530410 1006
1530420 1003
1530430 1000
1530440 997
1530450 997
1530460 995
1530470 993
1530480 993
1530490 993
1530500 992
1530510 992
1530520 991
1530530 991
1530540 991
1530550 989
1530560 985
1530570 985
1530580 981
1530590 977
1530600 977
1530610 973
1530620 969
1530630 969
1530640 965
1530650 962
1530660 962
1530670 956
1530680 952
1530690 952
1530700 950
1530710 953
1530720 953
1530730 958
1530740 966
1530750 973
1530760 973
1530770 979
1530780 984
1530790 984
1530800 987
1530810 989
1530820 989
1530830 991
1530840 995
1530850 995
1530860 1000
1530870 1006
1530880 1006
1530890 1007
1530900 1008
1530910 1008
1530920 1007
1530930 1008
1530940 1008
1530950 1009
1530960 1009
1530970 1009
1530980 1010
1530990 1011
1531000 1011
1531010 1012
1531020 1012
1531030 1012
1531040 1012
1531050 1012
1531060 1012
1531070 1012
1531080 1012
1531090 1013
1531100 1013
1531110 1014
1531120 1014
1531130 1014
1531140 1014
1531150 1014
1531160 1014
1531170 1016
1531180 1018
1531190 1018
1531200 1020
1531210 1022
1531220 1022
1531230 1025
1531240 1029
1531250 1029
1531260 1032
1531270 1036
1531280 1036
1531290 1040
1531300 1044
1531310 1044
1531320 1046
1531330 1047
1531340 1047
1531350 1046
1531360 1046
1531370 1045
1531380 1045
1531390 1044
1531400 1043
1531410 1043
1531420 1042
1531430 1043
1531440 1043
1531450 1041
1531460 1041
1531470 1041
1531480 1042
1531490 1041
1531500 1041
1531510 1041
1531520 1039
1531530 1039
1531540 1037
1531550 1038
1531560 1038
1531570 1037
1531580 1035
1531590 1035
1531600 1034
1531610 1034
1531620 1040
1531630 1039
1531640 1037
1531650 1037
1531660 1036
1531670 1034
1531680 1032
1531690 1032
1531700 1029
1531710 1028
1531720 1028
1531730 1026
1531740 1023
1531750 1023
1531760 1021
1531770 1019
1531780 1019
1531790 1017
1531800 1015
1531810 1015
1531820 1012
1531830 1009
1531840 1009
1531850 1007
1531860 1005
1531870 1005
1531880 1003
1531890 1000
1531900 1000
1531910 1000
1531920 1000
1531930 1000
1531940 1000
1531950 999
1531960 999
1531970 1000
1531980 1000
1531990 1000
1532000 1000
1532010 999
1532020 997
1532030 997
1532040 994
1532050 992
1532060 992
1532070 991
1532080 990
1532090 990
1532100 989
1532110 988
1532120 988
1532130 987
1532140 986
1532150 986
1532160 986
1532170 986
1532180 986
1532190 985
1532200 984
1532210 984
1532220 984
1532230 983
1532240 983
1532250 983
1532260 983
1532270 983
1532280 983
1532290 982
1532300 981
1532310 981
1532320 981
1532330 981
1532340 981
1532350 981
1532360 981
1532370 981
1532380 982
1532390 982
1532400 982
1532410 981
1532420 981
1532430 981
1532440 981
1532450 981
1532460 981
1532470 982
1532480 982
1532490 982
1532500 982
1532510 982
1532520 982
1532530 981
1532540 982
1532550 982
1532560 982
1532570 982
1532580 982
1532590 983
1532600 983
1532610 984
1532620 984
1532630 985
1532640 986
1532650 986
1532660 985
1532670 985
1532680 985
1532690 984
1532700 984
1532710 984
1532720 983
1532730 983
1532740 983
1532750 983
1532760 985
1532770 985
1532780 986
1532790 988
1532800 988
1532810 990
1532820 992
1532830 992
1532840 992
1532850 990
1532860 990
1532870 986
1532880 983
1532890 983
1532900 982
1532910 982
1532920 982
1532930 982
1532940 983
1532950 983
1532960 983
1532970 983
1532980 983
1532990 983
1533000 984
1533010 985
1533020 985
1533030 986
1533040 987
1533050 987
1533060 988
1533070 987
1533080 987
1533090 987
1533100 987
1533110 987
1533120 987
1533130 987
1533140 987
1533150 986
1533160 986
1533170 986
1533180 985
1533190 984
1533200 984
1533210 984
1533220 985
1533230 985
1533240 985
1533250 986
1533260 986
1533270 986
1533280 985
1533290 984
1533300 984
1533310 982
1533320 979
1533330 979
1533340 976
1533350 974
1533360 974
1533370 971
1533380 967
1533390 967
1533400 964
1533410 961
1533420 961
1533430 959
1533440 959
1533450 959
1533460 958
1533470 956
1533480 956
1533490 955
1533500 953
1533510 953
1533520 951
1533530 949
1533540 947
1533550 947
1533560 945
1533570 942
1533580 942
1533590 937
1533600 931
1533610 931
1533620 924
1533630 917
1533640 917
1533650 912
1533660 912
1533670 912
1533680 912
1533690 912
1533700 912
1533710 909
1533720 907
1533730 907
1533740 905
1533750 903
1533760 903
1533770 901
1533780 900
1533790 900
1533800 899
1533810 898
1533820 898
1533830 895
1533840 894
1533850 894
1533860 894
1533870 893
1533880 891
1533890 891
1533900 890
1533910 887
1533920 887
1533930 885
1533940 883
1533950 883
1533960 880
1533970 876
1533980 876
1533990 874
1534000 873
1534010 873
1534020 871
1534030 863
1534040 863
1534050 850
1534060 841
1534070 841
1534080 833
1534090 825
1534100 825
1534110 821
1534120 822
1534130 822
1534140 823
1534150 823
1534160 825
1534170 825
1534180 828
1534190 831
1534200 831
1534210 832
1534220 834
1534230 834
1534240 838
1534250 843
1534260 849
1534270 853
1534280 854
1534290 854
1534300 853
1534310 852
1534320 852
1534330 852
1534340 851
1534350 851
1534360 851
1534370 850
1534380 850
1534390 850
1534400 849
1534410 849
1534420 846
1534430 847
1534440 847
1534450 845
1534460 844
1534470 845
1534480 845
1534490 844
1534500 844
1534510 844
1534520 843
1534530 842
1534540 842
1534550 842
1534560 841
1534570 841
1534580 839
1534590 837
1534600 837
1534610 834
1534620 830
1534630 830
1534640 824
1534650 816
1534660 816
1534670 808
1534680 801
1534690 801
1534700 795
1534710 789
1534720 789
1534730 783
1534740 777
1534750 777
1534760 771
1534770 765
1534780 761
1534790 761
1534800 758
1534810 756
1534820 756
1534830 754
1534840 753
1534850 753
1534860 753
1534870 753
1534880 753
1534890 753
1534900 752
1534910 752
1534920 750
1534930 749
1534940 749
1534950 747
1534960 748
1534970 748
1534980 749
1534990 748
1535000 748
1535010 749
1535020 750
1535030 750
1535040 753
1535050 754
1535060 754
1535070 753
1535080 753
1535090 753
1535100 753
1535110 752
1535120 752
1535130 752
1535140 752
1535150 751
1535160 751
1535170 751
1535180 751
1535190 751
1535200 752
1535210 752
1535220 752
1535230 752
1535240 755
1535250 755
1535260 761
1535270 768
1535280 768
1535290 774
1535300 781
1535310 781
1535320 786
1535330 790
1535340 790
1535350 792
1535360 795
1535370 795
1535380 796
1535390 797
1535400 798
1535410 798
1535420 798
1535430 798
1535440 798
1535450 799
1535460 802
1535470 802
1535480 805
1535490 809
1535500 809
1535510 816
1535520 822
1535530 822
1535540 826
1535550 829
1535560 829
1535570 831
1535580 834
1535590 834
1535600 838
1535610 840
1535620 840
1535630 842
1535640 844
1535650 844
1535660 844
1535670 845
1535680 845
1535690 847
1535700 849
1535710 851
1535720 851
1535730 853
1535740 855
1535750 855
1535760 857
1535770 859
1535780 859
1535790 861
1535800 864
1535810 864
1535820 867
1535830 869
1535840 869
1535850 871
1535860 873
1535870 873
1535880 876
1535890 878
1535900 878
1535910 880
1535920 882
1535930 882
1535940 884
1535950 886
1535960 886
1535970 888
1535980 890
1535990 890
1536000 891
1536010 893
1536020 894
1536030 894
1536040 895
1536050 896
1536060 896
1536070 897
1536080 898
1536090 898
1536100 899
1536110 900
1536120 900
1536130 901
1536140 901
1536150 901
1536160 901
1536170 902
1536180 902
1536190 902
1536200 901
1536210 901
1536220 901
1536230 901
1536240 901
1536250 901
1536260 901
1536270 901
1536280 900
1536290 899
1536300 899
1536310 899
1536320 901
1536330 903
1536340 903
1536350 904
1536360 904
1536370 904
1536380 905
1536390 905
1536400 905
1536410 904
1536420 904
1536430 904
1536440 903
1536450 902
1536460 902
1536470 901
1536480 901
1536490 901
1536500 901
1536510 902
1536520 902
1536530 901
1536540 898
1536550 898
1536560 899
1536570 900
1536580 900
1536590 900
1536600 901
1536610 903
1536620 903
1536630 903
1536640 902
1536650 902
1536660 901
1536670 901
1536680 901
1536690 899
1536700 897
1536710 897
1536720 898
1536730 902
1536740 902
1536750 902
1536760 906
1536770 906
1536780 903
1536790 901
1536800 901
1536810 899
1536820 897
1536830 897
1536840 895
1536850 896
1536860 896
1536870 899
1536880 900
1536890 900
1536900 901
1536910 898
1536920 896
1536930 896
1536940 893
1536950 889
1536960 889
1536970 883
1536980 875
1536990 875
1537000 869
1537010 864
1537020 864
1537030 862
1537040 861
1537050 861
1537060 860
1537070 859
1537080 859
1537090 858
1537100 857
1537110 857
1537120 857
1537130 860
1537140 860
1537150 863
1537160 866
1537170 866
1537180 862
1537190 856
1537200 856
1537210 853
1537220 853
1537230 853
1537240 853
1537250 854
1537260 858
1537270 858
1537280 865
1537290 869
1537300 869
1537310 871
1537320 872
1537330 872
1537340 873
1537350 872
1537360 872
1537370 872
1537380 870
1537390 870
1537400 865
1537410 857
1537420 857
1537430 851
1537440 850
1537450 850
1537460 853
1537470 856
1537480 856
1537490 859
1537500 862
1537510 862
1537520 866
1537530 869
1537540 869
1537550 869
1537560 867
1537570 862
1537580 862
1537590 858
1537600 860
1537610 860
1537620 865
1537630 867
1537640 867
1537650 867
1537660 864
1537670 864
1537680 863
1537690 866
1537700 866
1537710 869
1537720 869
1537730 869
1537740 869
1537750 869
1537760 869
1537770 868
1537780 869
1537790 869
1537800 869
1537810 870
1537820 870
1537830 870
1537840 871
1537850 870
1537860 870
1537870 870
1537880 870
1537890 870
1537900 869
1537910 869
1537920 869
1537930 869
1537940 869
1537950 869
1537960 869
1537970 869
1537980 869
1537990 868
1538000 869
1538010 869
1538020 869
1538030 869
1538040 869
1538050 869
1538060 869
1538070 869
1538080 869
1538090 869
1538100 869
1538110 869
1538120 868
1538130 868
1538140 865
1538150 858
1538160 853
1538170 853
1538180 851
1538190 850
1538200 850
1538210 851
1538220 852
1538230 852
1538240 853
1538250 855
1538260 855
1538270 855
1538280 851
1538290 851
1538300 847
1538310 845
1538320 845
1538330 842
1538340 839
1538350 839
1538360 837
1538370 837
1538380 837
1538390 841
1538400 849
1538410 849
1538420 856
1538430 861
1538440 861
1538450 862
1538460 862
1538470 862
1538480 862
1538490 862
1538500 861
1538510 861
1538520 861
1538530 861
1538540 861
1538550 860
1538560 860
1538570 860
1538580 855
1538590 847
1538600 847
1538610 842
1538620 841
1538630 841
1538640 840
1538650 839
1538660 839
1538670 839
1538680 838
1538690 838
1538700 837
1538710 837
1538720 837
1538730 836
1538740 834
1538750 834
1538760 833
1538770 836
1538780 841
1538790 841
1538800 845
1538810 842
1538820 842
1538830 837
1538840 835
1538850 835
1538860 837
1538870 838
1538880 838
1538890 841
1538900 845
1538910 845
1538920 844
1538930 842
1538940 842
1538950 838
1538960 832
1538970 832
1538980 826
1538990 824
1539000 824
1539010 827
1539020 831
1539030 831
1539040 833
1539050 836
1539060 836
1539070 841
1539080 846
1539090 849
1539100 849
1539110 850
1539120 850
1539130 850
1539140 849
1539150 853
1539160 853
1539170 852
1539180 850
1539190 850
1539200 848
1539210 847
1539220 847
1539230 845
1539240 841
1539250 841
1539260 836
1539270 830
1539280 830
1539290 824
1539300 819
1539310 819
1539320 817
1539330 817
1539340 817
1539350 816
1539360 816
1539370 816
1539380 813
1539390 815
1539400 815
1539410 815
1539420 815
1539430 814
1539440 814
1539450 816
1539460 822
1539470 822
1539480 826
1539490 831
1539500 831
1539510 835
1539520 836
1539530 836
1539540 836
1539550 837
1539560 837
1539570 836
1539580 833
1539590 833
1539600 832
1539610 832
1539620 832
1539630 832
1539640 833
1539650 833
1539660 833
1539670 834
1539680 834
1539690 834
1539700 835
1539710 836
1539720 836
1539730 835
1539740 833
1539750 833
1539760 835
1539770 838
1539780 838
1539790 838
1539800 838
1539810 838
1539820 837
1539830 838
1539840 838
1539850 838
1539860 838
1539870 838
1539880 837
1539890 838
1539900 838
1539910 839
1539920 840
1539930 840
1539940 841
1539950 841
1539960 841
1539970 840
1539980 841
1539990 841
