1520000 1799
1520010 1799
1520020 1808
1520030 1816
1520040 1816
1520050 1820
1520060 1817
1520070 1815
1520080 1815
1520090 1813
1520100 1810
1520110 1810
1520120 1806
1520130 1804
1520140 1804
1520150 1803
1520160 1803
1520170 1803
1520180 1802
1520190 1804
1520200 1804
1520210 1806
1520220 1810
1520230 1810
1520240 1814
1520250 1818
1520260 1818
1520270 1823
1520280 1829
1520290 1829
1520300 1836
1520310 1843
1520320 1843
1520330 1850
1520340 1851
1520350 1851
1520360 1851
1520370 1854
1520380 1854
1520390 1858
1520400 1861
1520410 1870
1520420 1870
1520430 1899
1520440 1926
1520450 1926
1520460 1940
1520470 1951
1520480 1951
1520490 1958
1520500 1965
1520510 1965
1520520 1973
1520530 1983
1520540 1983
1520550 1994
1520560 2000
1520570 2000
1520580 2003
1520590 2007
1520600 2007
1520610 2016
1520620 2023
1520630 2023
1520640 2019
1520650 2015
1520660 2015
1520670 2010
1520680 2003
1520690 2003
1520700 1992
1520710 1984
1520720 1975
1520730 1975
1520740 1965
1520750 1955
1520760 1955
1520770 1949
1520780 1943
1520790 1943
1520800 1936
1520810 1931
1520820 1931
1520830 1925
1520840 1919
1520850 1919
1520860 1914
1520870 1908
1520880 1908
1520890 1903
1520900 1899
1520910 1899
1520920 1896
1520930 1894
1520940 1894
1520950 1893
1520960 1892
1520970 1892
1520980 1887
1520990 1886
1521000 1886
1521010 1886
1521020 1882
1521030 1876
1521040 1876
1521050 1868
1521060 1860
1521070 1860
1521080 1858
1521090 1856
1521100 1856
1521110 1859
1521120 1864
1521130 1864
1521140 1867
1521150 1872
1521160 1872
1521170 1878
1521180 1885
1521190 1885
1521200 1890
1521210 1896
1521220 1896
1521230 1897
1521240 1890
1521250 1890
1521260 1889
1521270 1899
1521280 1899
1521290 1907
1521300 1906
1521310 1906
1521320 1907
1521330 1913
1521340 1919
1521350 1919
1521360 1925
1521370 1927
1521380 1927
1521390 1931
1521400 1936
1521410 1936
1521420 1942
1521430 1949
1521440 1949
1521450 1958
1521460 1978
1521470 1978
1521480 2019
1521490 2062
1521500 2062
1521510 2064
1521520 2066
1521530 2066
1521540 2066
1521550 2061
1521560 2061
1521570 2053
1521580 2049
1521590 2049
1521600 2026
1521610 2012
1521620 2012
1521630 2005
1521640 1993
1521650 1981
1521660 1981
1521670 1979
1521680 1980
1521690 1980
1521700 1979
1521710 1978
1521720 1978
1521730 1974
1521740 1970
1521750 1970
1521760 1965
1521770 1962
1521780 1962
1521790 1960
1521800 1963
1521810 1963
1521820 1972
1521830 1979
1521840 1979
1521850 1980
1521860 1985
1521870 1985
1521880 1994
1521890 2000
1521900 2000
1521910 1999
1521920 1995
1521930 1995
1521940 1991
1521950 1986
1521960 1980
1521970 1980
1521980 1975
1521990 1969
1522000 1969
1522010 1963
1522020 1955
1522030 1955
1522040 1948
1522050 1940
1522060 1940
1522070 1931
1522080 1923
1522090 1923
1522100 1916
1522110 1910
1522120 1910
1522130 1911
1522140 1916
1522150 1916
1522160 1923
1522170 1923
1522180 1923
1522190 1912
1522200 1901
1522210 1901
1522220 1899
1522230 1900
1522240 1900
1522250 1902
1522260 1902
1522270 1900
1522280 1900
1522290 1892
1522300 1886
1522310 1886
1522320 1881
1522330 1875
1522340 1875
1522350 1869
1522360 1871
1522370 1871
1522380 1879
1522390 1888
1522400 1888
1522410 1889
1522420 1883
1522430 1883
1522440 1879
1522450 1877
1522460 1877
1522470 1878
1522480 1883
1522490 1883
1522500 1890
1522510 1894
1522520 1894
1522530 1897
1522540 1891
1522550 1891
1522560 1891
1522570 1882
1522580 1865
1522590 1865
1522600 1856
1522610 1850
1522620 1850
1522630 1847
1522640 1841
1522650 1841
1522660 1830
1522670 1821
1522680 1821
1522690 1815
1522700 1811
1522710 1811
1522720 1801
1522730 1786
1522740 1786
1522750 1762
1522760 1748
1522770 1748
1522780 1734
1522790 1723
1522800 1723
1522810 1708
1522820 1693
1522830 1693
1522840 1686
1522850 1681
1522860 1681
1522870 1678
1522880 1675
1522890 1671
1522900 1671
1522910 1669
1522920 1666
1522930 1666
1522940 1663
1522950 1661
1522960 1661
1522970 1657
1522980 1653
1522990 1653
1523000 1650
1523010 1645
1523020 1645
1523030 1641
1523040 1638
1523050 1638
1523060 1635
1523070 1631
1523080 1631
1523090 1626
1523100 1622
1523110 1622
1523120 1620
1523130 1621
1523140 1621
1523150 1619
1523160 1616
1523170 1616
1523180 1612
1523190 1609
1523200 1607
1523210 1607
1523220 1606
1523230 1607
1523240 1607
1523250 1607
1523260 1604
1523270 1604
1523280 1597
1523290 1589
1523300 1589
1523310 1587
1523320 1591
1523330 1591
1523340 1600
1523350 1603
1523360 1603
1523370 1607
1523380 1612
1523390 1612
1523400 1617
1523410 1628
1523420 1628
1523430 1639
1523440 1647
1523450 1647
1523460 1657
1523470 1662
1523480 1662
1523490 1667
1523500 1672
1523510 1678
1523520 1678
1523530 1685
1523540 1692
1523550 1692
1523560 1699
1523570 1707
1523580 1707
1523590 1717
1523600 1727
1523610 1727
1523620 1738
1523630 1749
1523640 1749
1523650 1758
1523660 1769
1523670 1769
1523680 1778
1523690 1788
1523700 1788
1523710 1793
1523720 1801
1523730 1801
1523740 1814
1523750 1823
1523760 1823
1523770 1825
1523780 1827
1523790 1827
1523800 1835
1523810 1856
1523820 1874
1523830 1874
1523840 1885
1523850 1894
1523860 1894
1523870 1902
1523880 1912
1523890 1912
1523900 1919
1523910 1926
1523920 1926
1523930 1929
1523940 1934
1523950 1934
1523960 1938
1523970 1942
1523980 1942
1523990 1949
1524000 1961
1524010 1961
1524020 1971
1524030 1976
1524040 1976
1524050 1975
1524060 1978
1524070 1978
1524080 1981
1524090 1985
1524100 1985
1524110 1991
1524120 1997
1524130 2005
1524140 2005
1524150 2014
1524160 2021
1524170 2021
1524180 2027
1524190 2032
1524200 2032
1524210 2037
1524220 2043
1524230 2043
1524240 2050
1524250 2056
1524260 2056
1524270 2062
1524280 2066
1524290 2066
1524300 2066
1524310 2063
1524320 2063
1524330 2060
1524340 2058
1524350 2058
1524360 2055
1524370 2052
1524380 2052
1524390 2048
1524400 2045
1524410 2045
1524420 2041
1524430 2037
1524440 2037
1524450 2031
1524460 2024
1524470 2017
1524480 2017
1524490 2010
1524500 2003
1524510 2003
1524520 1997
1524530 1990
1524540 1990
1524550 1981
1524560 1975
1524570 1975
1524580 1969
1524590 1963
1524600 1963
1524610 1958
1524620 1951
1524630 1951
1524640 1946
1524650 1940
1524660 1940
1524670 1934
1524680 1927
1524690 1927
1524700 1921
1524710 1915
1524720 1915
1524730 1910
1524740 1906
1524750 1906
1524760 1902
1524770 1896
1524780 1892
1524790 1892
1524800 1886
1524810 1879
1524820 1879
1524830 1870
1524840 1861
1524850 1861
1524860 1853
1524870 1846
1524880 1846
1524890 1840
1524900 1836
1524910 1836
1524920 1829
1524930 1823
1524940 1823
1524950 1817
1524960 1808
1524970 1808
1524980 1798
1524990 1791
1525000 1791
1525010 1784
1525020 1778
1525030 1778
1525040 1773
1525050 1766
1525060 1766
1525070 1761
1525080 1757
1525090 1752
1525100 1752
1525110 1748
1525120 1744
1525130 1744
1525140 1741
1525150 1737
1525160 1737
1525170 1735
1525180 1732
1525190 1732
1525200 1730
1525210 1729
1525220 1729
1525230 1728
1525240 1722
1525250 1722
1525260 1712
1525270 1702
1525280 1702
1525290 1694
1525300 1686
1525310 1686
1525320 1682
1525330 1681
1525340 1681
1525350 1681
1525360 1684
1525370 1684
1525380 1686
1525390 1682
1525400 1676
1525410 1676
1525420 1676
1525430 1678
1525440 1678
1525450 1672
1525460 1664
1525470 1664
1525480 1657
1525490 1643
1525500 1643
1525510 1641
1525520 1639
1525530 1639
1525540 1645
1525550 1652
1525560 1652
1525570 1658
1525580 1653
1525590 1653
1525600 1644
1525610 1627
1525620 1627
1525630 1610
1525640 1603
1525650 1603
1525660 1587
1525670 1561
1525680 1561
1525690 1547
1525700 1533
1525710 1527
1525720 1527
1525730 1519
1525740 1502
1525750 1502
1525760 1495
1525770 1489
1525780 1489
1525790 1479
1525800 1469
1525810 1469
1525820 1453
1525830 1408
1525840 1408
1525850 1375
1525860 1370
1525870 1370
1525880 1367
1525890 1364
1525900 1364
1525910 1360
1525920 1356
1525930 1356
1525940 1351
1525950 1346
1525960 1346
1525970 1339
1525980 1336
1525990 1336
1526000 1331
1526010 1324
1526020 1320
1526030 1320
1526040 1318
1526050 1313
1526060 1313
1526070 1307
1526080 1302
1526090 1302
1526100 1303
1526110 1311
1526120 1311
1526130 1312
1526140 1305
1526150 1305
1526160 1298
1526170 1287
1526180 1287
1526190 1281
1526200 1277
1526210 1277
1526220 1271
1526230 1266
1526240 1266
1526250 1263
1526260 1263
1526270 1263
1526280 1259
1526290 1255
1526300 1255
1526310 1251
1526320 1247
1526330 1242
1526340 1242
1526350 1237
1526360 1232
1526370 1232
1526380 1226
1526390 1220
1526400 1220
1526410 1215
1526420 1208
1526430 1208
1526440 1202
1526450 1197
1526460 1197
1526470 1191
1526480 1186
1526490 1186
1526500 1183
1526510 1181
1526520 1181
1526530 1178
1526540 1176
1526550 1176
1526560 1176
1526570 1177
1526580 1177
1526590 1176
1526600 1173
1526610 1173
1526620 1171
1526630 1169
1526640 1168
1526650 1168
1526660 1166
1526670 1166
1526680 1166
1526690 1166
1526700 1166
1526710 1166
1526720 1166
1526730 1166
1526740 1166
1526750 1165
1526760 1166
1526770 1166
1526780 1166
1526790 1167
1526800 1167
1526810 1168
1526820 1169
1526830 1169
1526840 1171
1526850 1174
1526860 1174
1526870 1177
1526880 1180
1526890 1180
1526900 1183
1526910 1187
1526920 1187
1526930 1190
1526940 1192
1526950 1195
1526960 1195
1526970 1199
1526980 1203
1526990 1203
1527000 1207
1527010 1211
1527020 1211
1527030 1215
1527040 1219
1527050 1219
1527060 1225
1527070 1231
1527080 1231
1527090 1236
1527100 1242
1527110 1242
1527120 1249
1527130 1255
1527140 1255
1527150 1259
1527160 1261
1527170 1261
1527180 1266
1527190 1274
1527200 1274
1527210 1280
1527220 1286
1527230 1286
1527240 1291
1527250 1298
1527260 1305
1527270 1305
1527280 1311
1527290 1318
1527300 1318
1527310 1327
1527320 1336
1527330 1336
1527340 1352
1527350 1373
1527360 1373
1527370 1403
1527380 1425
1527390 1425
1527400 1440
1527410 1443
1527420 1443
1527430 1449
1527440 1464
1527450 1464
1527460 1475
1527470 1479
1527480 1479
1527490 1479
1527500 1484
1527510 1484
1527520 1495
1527530 1502
1527540 1502
1527550 1506
1527560 1510
1527570 1522
1527580 1522
1527590 1534
1527600 1541
1527610 1541
1527620 1547
1527630 1552
1527640 1552
1527650 1555
1527660 1558
1527670 1558
1527680 1561
1527690 1565
1527700 1565
1527710 1569
1527720 1574
1527730 1574
1527740 1578
1527750 1580
1527760 1580
1527770 1582
1527780 1583
1527790 1583
1527800 1583
1527810 1583
1527820 1583
1527830 1582
1527840 1581
1527850 1581
1527860 1582
1527870 1586
1527880 1592
1527890 1592
1527900 1596
1527910 1600
1527920 1600
1527930 1604
1527940 1611
1527950 1611
1527960 1618
1527970 1624
1527980 1624
1527990 1629
1528000 1634
1528010 1634
1528020 1638
1528030 1643
1528040 1643
1528050 1649
1528060 1656
1528070 1656
1528080 1662
1528090 1668
1528100 1668
1528110 1673
1528120 1677
1528130 1677
1528140 1680
1528150 1681
1528160 1681
1528170 1678
1528180 1671
1528190 1666
1528200 1666
1528210 1660
1528220 1655
1528230 1655
1528240 1650
1528250 1646
1528260 1646
1528270 1644
1528280 1642
1528290 1642
1528300 1640
1528310 1638
1528320 1638
1528330 1637
1528340 1634
1528350 1634
1528360 1631
1528370 1627
1528380 1627
1528390 1624
1528400 1621
1528410 1621
1528420 1618
1528430 1615
1528440 1615
1528450 1613
1528460 1611
1528470 1611
1528480 1608
1528490 1604
1528500 1604
1528510 1599
1528520 1593
1528530 1588
1528540 1588
1528550 1583
1528560 1579
1528570 1579
1528580 1575
1528590 1571
1528600 1571
1528610 1565
1528620 1559
1528630 1559
1528640 1552
1528650 1546
1528660 1546
1528670 1540
1528680 1535
1528690 1535
1528700 1532
1528710 1531
1528720 1531
1528730 1529
1528740 1522
1528750 1522
1528760 1515
1528770 1513
1528780 1513
1528790 1514
1528800 1507
1528810 1507
1528820 1498
1528830 1490
1528840 1485
1528850 1485
1528860 1484
1528870 1473
1528880 1473
1528890 1457
1528900 1443
1528910 1443
1528920 1435
1528930 1431
1528940 1431
1528950 1424
1528960 1417
1528970 1417
1528980 1409
1528990 1402
1529000 1402
1529010 1394
1529020 1383
1529030 1383
1529040 1371
1529050 1362
1529060 1362
1529070 1354
1529080 1347
1529090 1347
1529100 1341
1529110 1336
1529120 1336
1529130 1329
1529140 1323
1529150 1318
1529160 1318
1529170 1312
1529180 1306
1529190 1306
1529200 1301
1529210 1296
1529220 1296
1529230 1291
1529240 1285
1529250 1285
1529260 1280
1529270 1275
1529280 1275
1529290 1270
1529300 1266
1529310 1266
1529320 1262
1529330 1259
1529340 1259
1529350 1256
1529360 1253
1529370 1253
1529380 1249
1529390 1246
1529400 1246
1529410 1243
1529420 1237
1529430 1237
1529440 1232
1529450 1229
1529460 1218
1529470 1218
1529480 1212
1529490 1207
1529500 1207
1529510 1203
1529520 1200
1529530 1200
1529540 1197
1529550 1193
1529560 1193
1529570 1191
1529580 1189
1529590 1189
1529600 1185
1529610 1183
1529620 1183
1529630 1181
1529640 1180
1529650 1180
1529660 1181
1529670 1183
1529680 1183
1529690 1184
1529700 1188
1529710 1188
1529720 1192
1529730 1197
1529740 1197
1529750 1203
1529760 1208
1529770 1215
1529780 1215
1529790 1222
1529800 1223
1529810 1223
1529820 1223
1529830 1221
1529840 1221
1529850 1218
1529860 1217
1529870 1217
1529880 1216
1529890 1215
1529900 1215
1529910 1216
1529920 1218
1529930 1218
1529940 1219
1529950 1221
1529960 1221
1529970 1223
1529980 1224
1529990 1224
1530000 1226
1530010 1230
1530020 1230
1530030 1231
1530040 1233
1530050 1233
1530060 1236
1530070 1238
1530080 1238
1530090 1238
1530100 1237
1530110 1237
1530120 1237
1530130 1240
1530140 1244
1530150 1244
1530160 1249
1530170 1251
1530180 1251
1530190 1250
1530200 1253
1530210 1253
1530220 1258
1530230 1262
1530240 1262
1530250 1265
1530260 1267
1530270 1267
1530280 1269
1530290 1272
1530300 1272
1530310 1277
1530320 1282
1530330 1282
1530340 1285
1530350 1287
1530360 1287
1530370 1287
1530380 1288
1530390 1291
1530400 1291
1530410 1294
1530420 1298
1530430 1298
1530440 1301
1530450 1302
1530460 1302
1530470 1305
1530480 1310
1530490 1310
1530500 1313
1530510 1315
1530520 1315
1530530 1318
1530540 1320
1530550 1320
1530560 1324
1530570 1328
1530580 1328
1530590 1333
1530600 1338
1530610 1338
1530620 1343
1530630 1347
1530640 1347
1530650 1352
1530660 1358
1530670 1358
1530680 1361
1530690 1364
1530700 1366
1530710 1366
1530720 1367
1530730 1367
1530740 1367
1530750 1367
1530760 1366
1530770 1366
1530780 1361
1530790 1356
1530800 1356
1530810 1349
1530820 1342
1530830 1342
1530840 1335
1530850 1329
1530860 1329
1530870 1325
1530880 1327
1530890 1327
1530900 1332
1530910 1334
1530920 1334
1530930 1339
1530940 1342
1530950 1342
1530960 1340
1530970 1338
1530980 1338
1530990 1342
1531000 1349
1531010 1357
1531020 1357
1531030 1363
1531040 1369
1531050 1369
1531060 1376
1531070 1382
1531080 1382
1531090 1386
1531100 1391
1531110 1391
1531120 1396
1531130 1401
1531140 1401
1531150 1406
1531160 1410
1531170 1410
1531180 1415
1531190 1418
1531200 1418
1531210 1421
1531220 1424
1531230 1424
1531240 1425
1531250 1425
1531260 1425
1531270 1425
1531280 1422
1531290 1422
1531300 1420
1531310 1418
1531320 1417
1531330 1417
1531340 1416
1531350 1418
1531360 1418
1531370 1419
1531380 1418
1531390 1418
1531400 1418
1531410 1417
1531420 1417
1531430 1413
1531440 1411
1531450 1411
1531460 1415
1531470 1422
1531480 1422
1531490 1427
1531500 1430
1531510 1430
1531520 1431
1531530 1432
1531540 1432
1531550 1433
1531560 1434
1531570 1434
1531580 1435
1531590 1435
1531600 1435
1531610 1436
1531620 1437
1531630 1437
1531640 1437
1531650 1438
1531660 1437
1531670 1437
1531680 1437
1531690 1437
1531700 1437
1531710 1436
1531720 1437
1531730 1437
1531740 1436
1531750 1434
1531760 1434
1531770 1432
1531780 1429
1531790 1429
1531800 1427
1531810 1423
1531820 1423
1531830 1420
1531840 1416
1531850 1416
1531860 1413
1531870 1410
1531880 1410
1531890 1408
1531900 1406
1531910 1406
1531920 1403
1531930 1400
1531940 1398
1531950 1398
1531960 1397
1531970 1396
1531980 1396
1531990 1394
1532000 1391
1532010 1391
1532020 1387
1532030 1382
1532040 1382
1532050 1383
1532060 1385
1532070 1385
1532080 1386
1532090 1386
1532100 1386
1532110 1387
1532120 1387
1532130 1387
1532140 1386
1532150 1384
1532160 1384
1532170 1383
1532180 1382
1532190 1382
1532200 1381
1532210 1379
1532220 1385
1532230 1383
1532240 1381
1532250 1379
1532260 1379
1532270 1376
1532280 1372
1532290 1372
1532300 1367
1532310 1364
1532320 1364
1532330 1361
1532340 1356
1532350 1356
1532360 1345
1532370 1340
1532380 1340
1532390 1336
1532400 1331
1532410 1331
1532420 1324
1532430 1314
1532440 1314
1532450 1306
1532460 1297
1532470 1297
1532480 1290
1532490 1283
1532500 1283
1532510 1278
1532520 1273
1532530 1273
1532540 1268
1532550 1263
1532560 1261
1532570 1261
1532580 1255
1532590 1252
1532600 1252
1532610 1243
1532620 1233
1532630 1233
1532640 1224
1532650 1215
1532660 1215
1532670 1207
1532680 1201
1532690 1201
1532700 1192
1532710 1190
1532720 1190
1532730 1188
1532740 1180
1532750 1180
1532760 1171
1532770 1166
1532780 1166
1532790 1164
1532800 1160
1532810 1160
1532820 1155
1532830 1151
1532840 1151
1532850 1147
1532860 1143
1532870 1143
1532880 1138
1532890 1133
1532900 1131
1532910 1131
1532920 1131
1532930 1133
1532940 1133
1532950 1135
1532960 1135
1532970 1135
1532980 1134
1532990 1131
1533000 1131
1533010 1124
1533020 1119
1533030 1119
1533040 1113
1533050 1111
1533060 1111
1533070 1110
1533080 1109
1533090 1109
1533100 1106
1533110 1103
1533120 1103
1533130 1099
1533140 1094
1533150 1094
1533160 1090
1533170 1091
1533180 1091
1533190 1090
1533200 1084
1533210 1079
1533220 1079
1533230 1077
1533240 1077
1533250 1077
1533260 1073
1533270 1066
1533280 1066
1533290 1061
1533300 1059
1533310 1059
1533320 1059
1533330 1061
1533340 1061
1533350 1063
1533360 1058
1533370 1058
1533380 1050
1533390 1042
1533400 1042
1533410 1034
1533420 1029
1533430 1029
1533440 1028
1533450 1027
1533460 1027
1533470 1030
1533480 1032
1533490 1032
1533500 1029
1533510 1025
1533520 1023
1533530 1023
1533540 1014
1533550 1011
1533560 1011
1533570 1014
1533580 1019
1533590 1019
1533600 1023
1533610 1029
1533620 1029
1533630 1033
1533640 1035
1533650 1035
1533660 1040
1533670 1044
1533680 1044
1533690 1047
1533700 1045
1533710 1045
1533720 1045
1533730 1047
1533740 1047
1533750 1048
1533760 1046
1533770 1046
1533780 1045
1533790 1046
1533800 1046
1533810 1051
1533820 1055
1533830 1061
1533840 1061
1533850 1067
1533860 1073
1533870 1073
1533880 1077
1533890 1082
1533900 1082
1533910 1085
1533920 1087
1533930 1087
1533940 1089
1533950 1090
1533960 1090
1533970 1093
1533980 1095
1533990 1095
1534000 1098
1534010 1101
1534020 1101
1534030 1104
1534040 1107
1534050 1107
1534060 1111
1534070 1115
1534080 1115
1534090 1117
1534100 1118
1534110 1118
1534120 1116
1534130 1114
1534140 1110
1534150 1110
1534160 1107
1534170 1103
1534180 1103
1534190 1098
1534200 1093
1534210 1093
1534220 1089
1534230 1082
1534240 1082
1534250 1076
1534260 1071
1534270 1071
1534280 1065
1534290 1059
1534300 1059
1534310 1054
1534320 1048
1534330 1048
1534340 1042
1534350 1036
1534360 1036
1534370 1030
1534380 1024
1534390 1024
1534400 1017
1534410 1010
1534420 1010
1534430 1005
1534440 999
1534450 993
1534460 993
1534470 988
1534480 983
1534490 983
1534500 979
1534510 973
1534520 973
1534530 967
1534540 961
1534550 961
1534560 956
1534570 951
1534580 951
1534590 946
1534600 941
1534610 941
1534620 936
1534630 931
1534640 931
1534650 927
1534660 923
1534670 923
1534680 919
1534690 914
1534700 914
1534710 910
1534720 907
1534730 907
1534740 902
1534750 899
1534760 895
1534770 895
1534780 890
1534790 885
1534800 885
1534810 882
1534820 880
1534830 881
1534840 879
1534850 876
1534860 876
1534870 873
1534880 872
1534890 872
1534900 871
1534910 870
1534920 870
1534930 869
1534940 868
1534950 868
1534960 867
1534970 867
1534980 867
1534990 866
1535000 866
1535010 866
1535020 866
1535030 865
1535040 865
1535050 864
1535060 863
1535070 863
1535080 863
1535090 862
1535100 861
1535110 861
1535120 858
1535130 851
1535140 851
1535150 844
1535160 836
1535170 836
1535180 828
1535190 825
1535200 825
1535210 825
1535220 825
1535230 825
1535240 830
1535250 834
1535260 834
1535270 835
1535280 835
1535290 835
1535300 838
1535310 839
1535320 839
1535330 840
1535340 841
1535350 841
1535360 841
1535370 842
1535380 845
1535390 845
1535400 852
1535410 858
1535420 858
1535430 862
1535440 863
1535450 863
1535460 864
1535470 865
1535480 865
1535490 866
1535500 867
1535510 867
1535520 868
1535530 869
1535540 869
1535550 870
1535560 871
1535570 871
1535580 872
1535590 874
1535600 874
1535610 875
1535620 876
1535630 876
1535640 877
1535650 878
1535660 878
1535670 880
1535680 881
1535690 883
1535700 883
1535710 886
1535720 888
1535730 888
1535740 891
1535750 893
1535760 893
1535770 896
1535780 899
1535790 899
1535800 902
1535810 905
1535820 905
1535830 908
1535840 910
1535850 910
1535860 912
1535870 914
1535880 914
1535890 916
1535900 918
1535910 918
1535920 920
1535930 923
1535940 923
1535950 925
1535960 926
1535970 926
1535980 928
1535990 931
1536000 933
1536010 933
1536020 935
1536030 937
1536040 937
1536050 939
1536060 941
1536070 941
1536080 942
1536090 944
1536100 944
1536110 945
1536120 946
1536130 946
1536140 949
1536150 952
1536160 952
1536170 955
1536180 960
1536190 960
1536200 963
1536210 967
1536220 967
1536230 972
1536240 977
1536250 977
1536260 983
1536270 987
1536280 987
1536290 994
1536300 999
1536310 1005
1536320 1005
1536330 1010
1536340 1015
1536350 1015
1536360 1019
1536370 1024
1536380 1024
1536390 1028
1536400 1032
1536410 1032
1536420 1037
1536430 1043
1536440 1043
1536450 1049
1536460 1054
1536470 1054
1536480 1060
1536490 1066
1536500 1066
1536510 1071
1536520 1077
1536530 1077
1536540 1083
1536550 1088
1536560 1088
1536570 1094
1536580 1100
1536590 1100
1536600 1107
1536610 1113
1536620 1113
1536630 1119
1536640 1126
1536650 1132
1536660 1132
1536670 1139
1536680 1145
1536690 1145
1536700 1151
1536710 1157
1536720 1157
1536730 1163
1536740 1169
1536750 1169
1536760 1175
1536770 1180
1536780 1180
1536790 1185
1536800 1190
1536810 1190
1536820 1194
1536830 1196
1536840 1196
1536850 1195
1536860 1194
1536870 1194
1536880 1198
1536890 1205
1536900 1205
1536910 1213
1536920 1219
1536930 1219
1536940 1224
1536950 1230
1536960 1233
1536970 1233
1536980 1235
1536990 1235
1537000 1235
1537010 1236
1537020 1236
1537030 1236
1537040 1236
1537050 1236
1537060 1236
1537070 1232
1537080 1229
1537090 1229
1537100 1231
1537110 1233
1537120 1233
1537130 1236
1537140 1239
1537150 1239
1537160 1242
1537170 1245
1537180 1245
1537190 1247
1537200 1247
1537210 1247
1537220 1247
1537230 1245
1537240 1245
1537250 1241
1537260 1243
1537270 1246
1537280 1246
1537290 1250
1537300 1246
1537310 1246
1537320 1249
1537330 1251
1537340 1251
1537350 1254
1537360 1260
1537370 1260
1537380 1266
1537390 1273
1537400 1273
1537410 1279
1537420 1285
1537430 1285
1537440 1291
1537450 1297
1537460 1297
1537470 1303
1537480 1307
1537490 1307
1537500 1309
1537510 1310
1537520 1310
1537530 1311
1537540 1312
1537550 1312
1537560 1311
1537570 1311
1537580 1311
1537590 1311
1537600 1311
1537610 1310
1537620 1310
1537630 1310
1537640 1309
1537650 1309
1537660 1308
1537670 1306
1537680 1306
1537690 1305
1537700 1303
1537710 1303
1537720 1302
1537730 1300
1537740 1300
1537750 1297
1537760 1295
1537770 1295
1537780 1292
1537790 1289
1537800 1289
1537810 1285
1537820 1282
1537830 1282
1537840 1279
1537850 1276
1537860 1276
1537870 1271
1537880 1267
1537890 1262
1537900 1262
1537910 1258
1537920 1255
1537930 1255
1537940 1254
1537950 1253
1537960 1253
1537970 1248
1537980 1244
1537990 1244
1538000 1242
1538010 1237
1538020 1237
1538030 1235
1538040 1233
1538050 1233
1538060 1230
1538070 1230
1538080 1230
1538090 1230
1538100 1228
1538110 1228
1538120 1227
1538130 1225
1538140 1225
1538150 1224
1538160 1220
1538170 1220
1538180 1216
1538190 1210
1538200 1202
1538210 1202
1538220 1194
1538230 1186
1538240 1186
1538250 1187
1538260 1181
1538270 1181
1538280 1176
1538290 1174
1538300 1174
1538310 1173
1538320 1176
1538330 1176
1538340 1181
1538350 1181
1538360 1181
1538370 1177
1538380 1173
1538390 1173
1538400 1169
1538410 1166
1538420 1166
1538430 1164
1538440 1164
1538450 1164
1538460 1162
1538470 1159
1538480 1159
1538490 1156
1538500 1154
1538510 1161
1538520 1161
1538530 1172
1538540 1181
1538550 1181
1538560 1189
1538570 1196
1538580 1196
1538590 1200
1538600 1203
1538610 1203
1538620 1205
1538630 1206
1538640 1206
1538650 1208
1538660 1210
1538670 1210
1538680 1211
1538690 1210
1538700 1210
1538710 1209
1538720 1207
1538730 1207
1538740 1204
1538750 1203
1538760 1203
1538770 1201
1538780 1198
1538790 1198
1538800 1195
1538810 1192
1538820 1193
1538830 1193
1538840 1200
1538850 1206
1538860 1206
1538870 1210
1538880 1214
1538890 1214
1538900 1218
1538910 1223
1538920 1223
1538930 1228
1538940 1232
1538950 1232
1538960 1236
1538970 1241
1538980 1241
1538990 1246
1539000 1250
1539010 1250
1539020 1254
1539030 1258
1539040 1258
1539050 1262
1539060 1265
1539070 1265
1539080 1267
1539090 1268
1539100 1268
1539110 1269
1539120 1268
1539130 1267
1539140 1267
1539150 1265
1539160 1257
1539170 1257
1539180 1246
1539190 1236
1539200 1236
1539210 1224
1539220 1217
1539230 1217
1539240 1204
1539250 1198
1539260 1198
1539270 1188
1539280 1181
1539290 1181
1539300 1176
1539310 1172
1539320 1172
1539330 1169
1539340 1169
1539350 1169
1539360 1169
1539370 1175
1539380 1175
1539390 1177
1539400 1179
1539410 1179
1539420 1180
1539430 1182
1539440 1184
1539450 1184
1539460 1181
1539470 1174
1539480 1174
1539490 1180
1539500 1179
1539510 1179
1539520 1180
1539530 1185
1539540 1185
1539550 1193
1539560 1199
1539570 1199
1539580 1202
1539590 1204
1539600 1204
1539610 1204
1539620 1204
1539630 1204
1539640 1203
1539650 1202
1539660 1202
1539670 1205
1539680 1203
1539690 1203
1539700 1199
1539710 1195
1539720 1195
1539730 1191
1539740 1187
1539750 1183
1539760 1183
1539770 1179
1539780 1174
1539790 1174
1539800 1167
1539810 1160
1539820 1160
1539830 1155
1539840 1152
1539850 1152
1539860 1146
1539870 1138
1539880 1138
1539890 1134
1539900 1129
1539910 1129
1539920 1128
1539930 1136
1539940 1136
1539950 1141
1539960 1147
1539970 1147
1539980 1151
1539990 1152
