1520000 2447
1520010 2442
1520020 2437
1520030 2437
1520040 2436
1520050 2434
1520060 2434
1520070 2431
1520080 2428
1520090 2428
1520100 2424
1520110 2421
1520120 2421
1520130 2420
1520140 2421
1520150 2421
1520160 2424
1520170 2425
1520180 2425
1520190 2424
1520200 2421
1520210 2421
1520220 2416
1520230 2409
1520240 2409
1520250 2400
1520260 2392
1520270 2392
1520280 2388
1520290 2388
1520300 2387
1520310 2387
1520320 2386
1520330 2384
1520340 2384
1520350 2379
1520360 2373
1520370 2373
1520380 2368
1520390 2364
1520400 2364
1520410 2359
1520420 2354
1520430 2354
1520440 2348
1520450 2343
1520460 2343
1520470 2339
1520480 2334
1520490 2334
1520500 2329
1520510 2324
1520520 2324
1520530 2318
1520540 2314
1520550 2314
1520560 2311
1520570 2308
1520580 2308
1520590 2304
1520600 2301
1520610 2300
1520620 2300
1520630 2300
1520640 2300
1520650 2300
1520660 2298
1520670 2297
1520680 2297
1520690 2296
1520700 2294
1520710 2294
1520720 2293
1520730 2293
1520740 2293
1520750 2293
1520760 2293
1520770 2293
1520780 2293
1520790 2291
1520800 2291
1520810 2288
1520820 2284
1520830 2284
1520840 2278
1520850 2274
1520860 2274
1520870 2275
1520880 2274
1520890 2274
1520900 2272
1520910 2271
1520920 2271
1520930 2271
1520940 2270
1520950 2269
1520960 2269
1520970 2268
1520980 2270
1520990 2270
1521000 2272
1521010 2270
1521020 2270
1521030 2270
1521040 2271
1521050 2271
1521060 2270
1521070 2271
1521080 2271
1521090 2271
1521100 2269
1521110 2269
1521120 2267
1521130 2264
1521140 2264
1521150 2263
1521160 2263
1521170 2263
1521180 2266
1521190 2268
1521200 2268
1521210 2268
1521220 2266
1521230 2266
1521240 2264
1521250 2262
1521260 2260
1521270 2260
1521280 2261
1521290 2262
1521300 2262
1521310 2262
1521320 2262
1521330 2262
1521340 2264
1521350 2267
1521360 2267
1521370 2269
1521380 2269
1521390 2269
1521400 2269
1521410 2269
1521420 2269
1521430 2270
1521440 2272
1521450 2272
1521460 2273
1521470 2275
1521480 2275
1521490 2279
1521500 2283
1521510 2283
1521520 2288
1521530 2293
1521540 2293
1521550 2298
1521560 2304
1521570 2309
1521580 2309
1521590 2313
1521600 2317
1521610 2317
1521620 2319
1521630 2320
1521640 2320
1521650 2320
1521660 2322
1521670 2322
1521680 2326
1521690 2329
1521700 2329
1521710 2332
1521720 2334
1521730 2334
1521740 2334
1521750 2332
1521760 2332
1521770 2328
1521780 2323
1521790 2323
1521800 2318
1521810 2319
1521820 2319
1521830 2319
1521840 2322
1521850 2322
1521860 2324
1521870 2327
1521880 2331
1521890 2331
1521900 2335
1521910 2341
1521920 2341
1521930 2346
1521940 2350
1521950 2350
1521960 2355
1521970 2361
1521980 2361
1521990 2365
1522000 2369
1522010 2369
1522020 2373
1522030 2379
1522040 2379
1522050 2386
1522060 2391
1522070 2391
1522080 2398
1522090 2406
1522100 2406
1522110 2411
1522120 2416
1522130 2416
1522140 2420
1522150 2424
1522160 2424
1522170 2429
1522180 2435
1522190 2443
1522200 2443
1522210 2449
1522220 2457
1522230 2457
1522240 2465
1522250 2476
1522260 2476
1522270 2495
1522280 2522
1522290 2522
1522300 2531
1522310 2531
1522320 2531
1522330 2533
1522340 2540
1522350 2540
1522360 2540
1522370 2537
1522380 2537
1522390 2532
1522400 2529
1522410 2529
1522420 2528
1522430 2525
1522440 2525
1522450 2520
1522460 2518
1522470 2518
1522480 2514
1522490 2506
1522500 2506
1522510 2499
1522520 2494
1522530 2493
1522540 2493
1522550 2497
1522560 2497
1522570 2497
1522580 2498
1522590 2493
1522600 2493
1522610 2490
1522620 2488
1522630 2488
1522640 2485
1522650 2487
1522660 2487
1522670 2484
1522680 2479
1522690 2479
1522700 2471
1522710 2460
1522720 2460
1522730 2451
1522740 2444
1522750 2444
1522760 2438
1522770 2431
1522780 2431
1522790 2420
1522800 2414
1522810 2414
1522820 2410
1522830 2407
1522840 2402
1522850 2402
1522860 2397
1522870 2392
1522880 2392
1522890 2385
1522900 2377
1522910 2377
1522920 2371
1522930 2365
1522940 2365
1522950 2361
1522960 2353
1522970 2353
1522980 2346
1522990 2339
1523000 2339
1523010 2332
1523020 2318
1523030 2318
1523040 2303
1523050 2292
1523060 2292
1523070 2282
1523080 2276
1523090 2276
1523100 2266
1523110 2254
1523120 2254
1523130 2245
1523140 2238
1523150 2236
1523160 2236
1523170 2232
1523180 2232
1523190 2232
1523200 2239
1523210 2240
1523220 2240
1523230 2238
1523240 2240
1523250 2240
1523260 2245
1523270 2245
1523280 2245
1523290 2246
1523300 2244
1523310 2244
1523320 2241
1523330 2238
1523340 2238
1523350 2236
1523360 2233
1523370 2233
1523380 2232
1523390 2228
1523400 2228
1523410 2221
1523420 2215
1523430 2215
1523440 2209
1523450 2206
1523460 2203
1523470 2203
1523480 2201
1523490 2201
1523500 2201
1523510 2198
1523520 2195
1523530 2195
1523540 2194
1523550 2191
1523560 2191
1523570 2189
1523580 2186
1523590 2186
1523600 2182
1523610 2179
1523620 2179
1523630 2179
1523640 2179
1523650 2179
1523660 2177
1523670 2177
1523680 2177
1523690 2177
1523700 2176
1523710 2176
1523720 2172
1523730 2170
1523740 2170
1523750 2169
1523760 2166
1523770 2166
1523780 2163
1523790 2160
1523800 2157
1523810 2157
1523820 2155
1523830 2153
1523840 2153
1523850 2151
1523860 2148
1523870 2148
1523880 2145
1523890 2141
1523900 2141
1523910 2139
1523920 2138
1523930 2138
1523940 2134
1523950 2132
1523960 2132
1523970 2131
1523980 2129
1523990 2129
1524000 2124
1524010 2121
1524020 2121
1524030 2121
1524040 2121
1524050 2121
1524060 2120
1524070 2117
1524080 2117
1524090 2113
1524100 2110
1524110 2108
1524120 2108
1524130 2107
1524140 2105
1524150 2105
1524160 2102
1524170 2100
1524180 2100
1524190 2099
1524200 2101
1524210 2101
1524220 2100
1524230 2099
1524240 2099
1524250 2101
1524260 2102
1524270 2102
1524280 2103
1524290 2103
1524300 2103
1524310 2106
1524320 2112
1524330 2112
1524340 2115
1524350 2115
1524360 2115
1524370 2112
1524380 2110
1524390 2110
1524400 2108
1524410 2102
1524420 2099
1524430 2099
1524440 2101
1524450 2099
1524460 2099
1524470 2098
1524480 2101
1524490 2101
1524500 2104
1524510 2103
1524520 2103
1524530 2101
1524540 2097
1524550 2097
1524560 2094
1524570 2091
1524580 2091
1524590 2088
1524600 2090
1524610 2090
1524620 2090
1524630 2089
1524640 2089
1524650 2088
1524660 2088
1524670 2088
1524680 2089
1524690 2089
1524700 2089
1524710 2088
1524720 2083
1524730 2080
1524740 2080
1524750 2074
1524760 2071
1524770 2071
1524780 2070
1524790 2071
1524800 2071
1524810 2070
1524820 2073
1524830 2073
1524840 2074
1524850 2071
1524860 2071
1524870 2070
1524880 2067
1524890 2067
1524900 2065
1524910 2063
1524920 2063
1524930 2062
1524940 2065
1524950 2065
1524960 2066
1524970 2065
1524980 2065
1524990 2062
1525000 2061
1525010 2061
1525020 2062
1525030 2059
1525040 2059
1525050 2056
1525060 2055
1525070 2053
1525080 2053
1525090 2052
1525100 2052
1525110 2052
1525120 2052
1525130 2052
1525140 2052
1525150 2051
1525160 2051
1525170 2051
1525180 2050
1525190 2047
1525200 2047
1525210 2044
1525220 2040
1525230 2040
1525240 2042
1525250 2044
1525260 2044
1525270 2047
1525280 2050
1525290 2050
1525300 2048
1525310 2045
1525320 2045
1525330 2043
1525340 2041
1525350 2041
1525360 2037
1525370 2035
1525380 2033
1525390 2033
1525400 2034
1525410 2035
1525420 2035
1525430 2037
1525440 2040
1525450 2040
1525460 2040
1525470 2039
1525480 2039
1525490 2036
1525500 2029
1525510 2029
1525520 2022
1525530 2012
1525540 2012
1525550 2009
1525560 2012
1525570 2012
1525580 2014
1525590 2012
1525600 2012
1525610 2009
1525620 2002
1525630 2002
1525640 1997
1525650 1992
1525660 1992
1525670 1985
1525680 1980
1525690 1978
1525700 1978
1525710 1976
1525720 1972
1525730 1972
1525740 1972
1525750 1971
1525760 1971
1525770 1970
1525780 1973
1525790 1973
1525800 1976
1525810 1976
1525820 1976
1525830 1971
1525840 1973
1525850 1973
1525860 1974
1525870 1973
1525880 1973
1525890 1969
1525900 1968
1525910 1968
1525920 1969
1525930 1969
1525940 1969
1525950 1965
1525960 1960
1525970 1960
1525980 1956
1525990 1953
1526000 1951
1526010 1951
1526020 1952
1526030 1953
1526040 1953
1526050 1954
1526060 1955
1526070 1955
1526080 1956
1526090 1956
1526100 1956
1526110 1957
1526120 1957
1526130 1957
1526140 1956
1526150 1951
1526160 1951
1526170 1944
1526180 1942
1526190 1942
1526200 1943
1526210 1943
1526220 1943
1526230 1944
1526240 1945
1526250 1945
1526260 1945
1526270 1945
1526280 1945
1526290 1945
1526300 1947
1526310 1947
1526320 1942
1526330 1942
1526340 1941
1526350 1941
1526360 1940
1526370 1940
1526380 1940
1526390 1941
1526400 1939
1526410 1939
1526420 1937
1526430 1933
1526440 1933
1526450 1927
1526460 1921
1526470 1921
1526480 1916
1526490 1913
1526500 1913
1526510 1910
1526520 1909
1526530 1909
1526540 1912
1526550 1917
1526560 1917
1526570 1920
1526580 1923
1526590 1923
1526600 1923
1526610 1919
1526620 1919
1526630 1915
1526640 1911
1526650 1907
1526660 1907
1526670 1905
1526680 1907
1526690 1907
1526700 1907
1526710 1903
1526720 1903
1526730 1900
1526740 1897
1526750 1897
1526760 1896
1526770 1891
1526780 1891
1526790 1884
1526800 1881
1526810 1881
1526820 1880
1526830 1878
1526840 1878
1526850 1875
1526860 1873
1526870 1873
1526880 1875
1526890 1880
1526900 1880
1526910 1885
1526920 1891
1526930 1891
1526940 1900
1526950 1909
1526960 1912
1526970 1912
1526980 1915
1526990 1919
1527000 1919
1527010 1931
1527020 1934
1527030 1934
1527040 1933
1527050 1927
1527060 1927
1527070 1921
1527080 1920
1527090 1920
1527100 1919
1527110 1918
1527120 1918
1527130 1917
1527140 1914
1527150 1914
1527160 1910
1527170 1907
1527180 1907
1527190 1903
1527200 1900
1527210 1900
1527220 1897
1527230 1894
1527240 1894
1527250 1892
1527260 1889
1527270 1885
1527280 1885
1527290 1881
1527300 1877
1527310 1877
1527320 1873
1527330 1870
1527340 1870
1527350 1866
1527360 1862
1527370 1862
1527380 1860
1527390 1861
1527400 1861
1527410 1861
1527420 1860
1527430 1860
1527440 1858
1527450 1853
1527460 1853
1527470 1847
1527480 1841
1527490 1841
1527500 1834
1527510 1827
1527520 1827
1527530 1820
1527540 1814
1527550 1814
1527560 1809
1527570 1806
1527580 1804
1527590 1804
1527600 1803
1527610 1801
1527620 1801
1527630 1799
1527640 1796
1527650 1796
1527660 1793
1527670 1789
1527680 1789
1527690 1783
1527700 1778
1527710 1778
1527720 1773
1527730 1768
1527740 1768
1527750 1763
1527760 1759
1527770 1759
1527780 1756
1527790 1755
1527800 1755
1527810 1755
1527820 1755
1527830 1755
1527840 1754
1527850 1752
1527860 1752
1527870 1750
1527880 1750
1527890 1750
1527900 1750
1527910 1750
1527920 1749
1527930 1749
1527940 1748
1527950 1749
1527960 1749
1527970 1752
1527980 1756
1527990 1756
1528000 1760
1528010 1762
1528020 1762
1528030 1765
1528040 1771
1528050 1771
1528060 1774
1528070 1777
1528080 1777
1528090 1779
1528100 1778
1528110 1778
1528120 1774
1528130 1774
1528140 1774
1528150 1773
1528160 1768
1528170 1768
1528180 1765
1528190 1762
1528200 1762
1528210 1762
1528220 1767
1528230 1771
1528240 1771
1528250 1775
1528260 1781
1528270 1781
1528280 1787
1528290 1792
1528300 1792
1528310 1796
1528320 1802
1528330 1802
1528340 1814
1528350 1824
1528360 1824
1528370 1835
1528380 1844
1528390 1844
1528400 1846
1528410 1843
1528420 1843
1528430 1842
1528440 1852
1528450 1852
1528460 1873
1528470 1887
1528480 1887
1528490 1886
1528500 1883
1528510 1883
1528520 1883
1528530 1889
1528540 1901
1528550 1901
1528560 1903
1528570 1909
1528580 1909
1528590 1915
1528600 1920
1528610 1920
1528620 1935
1528630 1944
1528640 1944
1528650 1944
1528660 1947
1528670 1947
1528680 1953
1528690 1958
1528700 1958
1528710 1964
1528720 1967
1528730 1967
1528740 1971
1528750 1979
1528760 1979
1528770 1993
1528780 2005
1528790 2005
1528800 2011
1528810 2020
1528820 2020
1528830 2031
1528840 2039
1528850 2045
1528860 2045
1528870 2046
1528880 2048
1528890 2048
1528900 2049
1528910 2050
1528920 2050
1528930 2052
1528940 2054
1528950 2054
1528960 2056
1528970 2057
1528980 2057
1528990 2057
1529000 2057
1529010 2057
1529020 2057
1529030 2058
1529040 2058
1529050 2059
1529060 2060
1529070 2060
1529080 2062
1529090 2063
1529100 2063
1529110 2065
1529120 2067
1529130 2067
1529140 2068
1529150 2069
1529160 2069
1529170 2070
1529180 2071
1529190 2072
1529200 2072
1529210 2073
1529220 2074
1529230 2074
1529240 2075
1529250 2075
1529260 2075
1529270 2075
1529280 2074
1529290 2074
1529300 2073
1529310 2074
1529320 2074
1529330 2074
1529340 2075
1529350 2075
1529360 2076
1529370 2076
1529380 2076
1529390 2077
1529400 2077
1529410 2077
1529420 2077
1529430 2078
1529440 2078
1529450 2078
1529460 2079
1529470 2079
1529480 2081
1529490 2082
1529500 2083
1529510 2083
1529520 2084
1529530 2085
1529540 2085
1529550 2086
1529560 2087
1529570 2087
1529580 2088
1529590 2089
1529600 2089
1529610 2090
1529620 2090
1529630 2090
1529640 2089
1529650 2087
1529660 2087
1529670 2084
1529680 2081
1529690 2081
1529700 2077
1529710 2075
1529720 2075
1529730 2072
1529740 2070
1529750 2070
1529760 2068
1529770 2066
1529780 2066
1529790 2064
1529800 2062
1529810 2059
1529820 2059
1529830 2056
1529840 2053
1529850 2053
1529860 2050
1529870 2046
1529880 2046
1529890 2043
1529900 2040
1529910 2040
1529920 2036
1529930 2033
1529940 2033
1529950 2029
1529960 2025
1529970 2025
1529980 2020
1529990 2015
1530000 2015
1530010 2009
1530020 2003
1530030 2003
1530040 1996
1530050 1988
1530060 1988
1530070 1980
1530080 1972
1530090 1972
1530100 1965
1530110 1958
1530120 1952
1530130 1952
1530140 1947
1530150 1941
1530160 1941
1530170 1937
1530180 1938
1530190 1938
1530200 1936
1530210 1933
1530220 1933
1530230 1929
1530240 1925
1530250 1925
1530260 1919
1530270 1913
1530280 1913
1530290 1908
1530300 1904
1530310 1904
1530320 1902
1530330 1903
1530340 1903
1530350 1898
1530360 1894
1530370 1894
1530380 1893
1530390 1890
1530400 1890
1530410 1888
1530420 1883
1530430 1876
1530440 1876
1530450 1870
1530460 1866
1530470 1866
1530480 1865
1530490 1863
1530500 1863
1530510 1863
1530520 1862
1530530 1862
1530540 1863
1530550 1863
1530560 1863
1530570 1863
1530580 1863
1530590 1863
1530600 1863
1530610 1864
1530620 1864
1530630 1864
1530640 1864
1530650 1864
1530660 1863
1530670 1862
1530680 1862
1530690 1862
1530700 1862
1530710 1862
1530720 1861
1530730 1861
1530740 1861
1530750 1862
1530760 1867
1530770 1873
1530780 1873
1530790 1878
1530800 1884
1530810 1884
1530820 1891
1530830 1899
1530840 1899
1530850 1906
1530860 1907
1530870 1907
1530880 1904
1530890 1903
1530900 1903
1530910 1907
1530920 1909
1530930 1909
1530940 1912
1530950 1914
1530960 1914
1530970 1916
1530980 1919
1530990 1919
1531000 1916
1531010 1915
1531020 1915
1531030 1913
1531040 1912
1531050 1912
1531060 1911
1531070 1908
1531080 1906
1531090 1906
1531100 1904
1531110 1903
1531120 1903
1531130 1902
1531140 1900
1531150 1900
1531160 1897
1531170 1892
1531180 1892
1531190 1886
1531200 1884
1531210 1884
1531220 1880
1531230 1876
1531240 1876
1531250 1872
1531260 1871
1531270 1871
1531280 1871
1531290 1869
1531300 1869
1531310 1868
1531320 1867
1531330 1867
1531340 1867
1531350 1867
1531360 1867
1531370 1868
1531380 1867
1531390 1869
1531400 1869
1531410 1868
1531420 1868
1531430 1868
1531440 1866
1531450 1865
1531460 1865
1531470 1866
1531480 1868
1531490 1868
1531500 1867
1531510 1869
1531520 1869
1531530 1873
1531540 1873
1531550 1873
1531560 1870
1531570 1868
1531580 1868
1531590 1867
1531600 1867
1531610 1867
1531620 1866
1531630 1864
1531640 1864
1531650 1863
1531660 1863
1531670 1863
1531680 1861
1531690 1860
1531700 1858
1531710 1858
1531720 1857
1531730 1855
1531740 1855
1531750 1855
1531760 1854
1531770 1854
1531780 1854
1531790 1853
1531800 1853
1531810 1852
1531820 1852
1531830 1852
1531840 1850
1531850 1848
1531860 1848
1531870 1846
1531880 1843
1531890 1843
1531900 1842
1531910 1842
1531920 1842
1531930 1842
1531940 1841
1531950 1841
1531960 1839
1531970 1839
1531980 1839
1531990 1840
1532000 1840
1532010 1840
1532020 1841
1532030 1840
1532040 1838
1532050 1839
1532060 1840
1532070 1840
1532080 1840
1532090 1836
1532100 1833
1532110 1833
1532120 1830
1532130 1825
1532140 1825
1532150 1819
1532160 1812
1532170 1812
1532180 1803
1532190 1796
1532200 1796
1532210 1791
1532220 1784
1532230 1784
1532240 1779
1532250 1775
1532260 1775
1532270 1771
1532280 1768
1532290 1768
1532300 1764
1532310 1761
1532320 1761
1532330 1757
1532340 1751
1532350 1745
1532360 1745
1532370 1740
1532380 1737
1532390 1737
1532400 1735
1532410 1731
1532420 1731
1532430 1728
1532440 1726
1532450 1726
1532460 1722
1532470 1716
1532480 1716
1532490 1712
1532500 1709
1532510 1709
1532520 1706
1532530 1704
1532540 1704
1532550 1702
1532560 1700
1532570 1700
1532580 1699
1532590 1697
1532600 1697
1532610 1694
1532620 1692
1532630 1692
1532640 1689
1532650 1686
1532660 1686
1532670 1686
1532680 1685
1532690 1684
1532700 1684
1532710 1683
1532720 1682
1532730 1682
1532740 1680
1532750 1679
1532760 1679
1532770 1678
1532780 1681
1532790 1681
1532800 1684
1532810 1688
1532820 1688
1532830 1691
1532840 1695
1532850 1695
1532860 1699
1532870 1704
1532880 1704
1532890 1709
1532900 1714
1532910 1714
1532920 1720
1532930 1726
1532940 1726
1532950 1731
1532960 1736
1532970 1741
1532980 1741
1532990 1747
1533000 1753
1533010 1753
1533020 1758
1533030 1764
1533040 1764
1533050 1770
1533060 1777
1533070 1777
1533080 1786
1533090 1794
1533100 1794
1533110 1799
1533120 1803
1533130 1803
1533140 1809
1533150 1815
1533160 1815
1533170 1827
1533180 1835
1533190 1835
1533200 1842
1533210 1849
1533220 1849
1533230 1850
1533240 1850
1533250 1850
1533260 1852
1533270 1853
1533280 1853
1533290 1853
1533300 1850
1533310 1850
1533320 1850
1533330 1850
1533340 1854
1533350 1854
1533360 1860
1533370 1865
1533380 1865
1533390 1881
1533400 1897
1533410 1897
1533420 1904
1533430 1903
1533440 1903
1533450 1895
1533460 1885
1533470 1885
1533480 1879
1533490 1878
1533500 1878
1533510 1883
1533520 1889
1533530 1889
1533540 1890
1533550 1885
1533560 1885
1533570 1887
1533580 1891
1533590 1891
1533600 1893
1533610 1891
1533620 1888
1533630 1888
1533640 1884
1533650 1880
1533660 1880
1533670 1876
1533680 1873
1533690 1873
1533700 1871
1533710 1870
1533720 1870
1533730 1868
1533740 1864
1533750 1864
1533760 1861
1533770 1857
1533780 1857
1533790 1850
1533800 1846
1533810 1846
1533820 1843
1533830 1844
1533840 1844
1533850 1843
1533860 1838
1533870 1838
1533880 1834
1533890 1832
1533900 1832
1533910 1830
1533920 1830
1533930 1830
1533940 1830
1533950 1827
1533960 1825
1533970 1825
1533980 1823
1533990 1819
1534000 1819
1534010 1820
1534020 1822
1534030 1822
1534040 1822
1534050 1819
1534060 1819
1534070 1814
1534080 1811
1534090 1811
1534100 1809
1534110 1805
1534120 1805
1534130 1802
1534140 1796
1534150 1796
1534160 1791
1534170 1789
1534180 1789
1534190 1789
1534200 1790
1534210 1790
1534220 1788
1534230 1779
1534240 1770
1534250 1770
1534260 1765
1534270 1759
1534280 1759
1534290 1739
1534300 1721
1534310 1721
1534320 1712
1534330 1706
1534340 1706
1534350 1699
1534360 1695
1534370 1695
1534380 1696
1534390 1696
1534400 1696
1534410 1696
1534420 1694
1534430 1694
1534440 1691
1534450 1688
1534460 1688
1534470 1678
1534480 1674
1534490 1674
1534500 1674
1534510 1669
1534520 1669
1534530 1657
1534540 1651
1534550 1651
1534560 1644
1534570 1637
1534580 1631
1534590 1631
1534600 1625
1534610 1619
1534620 1619
1534630 1613
1534640 1607
1534650 1607
1534660 1603
1534670 1606
1534680 1606
1534690 1607
1534700 1603
1534710 1603
1534720 1599
1534730 1594
1534740 1594
1534750 1589
1534760 1584
1534770 1584
1534780 1578
1534790 1572
1534800 1572
1534810 1565
1534820 1559
1534830 1559
1534840 1552
1534850 1547
1534860 1547
1534870 1543
1534880 1540
1534890 1535
1534900 1535
1534910 1527
1534920 1520
1534930 1520
1534940 1514
1534950 1509
1534960 1509
1534970 1503
1534980 1498
1534990 1498
1535000 1491
1535010 1483
1535020 1483
1535030 1468
1535040 1452
1535050 1452
1535060 1443
1535070 1435
1535080 1435
1535090 1427
1535100 1417
1535110 1417
1535120 1408
1535130 1398
1535140 1398
1535150 1386
1535160 1372
1535170 1372
1535180 1362
1535190 1355
1535200 1347
1535210 1347
1535220 1341
1535230 1335
1535240 1335
1535250 1331
1535260 1327
1535270 1327
1535280 1323
1535290 1319
1535300 1319
1535310 1313
1535320 1303
1535330 1303
1535340 1296
1535350 1285
1535360 1285
1535370 1280
1535380 1277
1535390 1277
1535400 1273
1535410 1269
1535420 1269
1535430 1262
1535440 1249
1535450 1249
1535460 1237
1535470 1223
1535480 1223
1535490 1208
1535500 1193
1535510 1182
1535520 1182
1535530 1170
1535540 1166
1535550 1166
1535560 1175
1535570 1184
1535580 1184
1535590 1198
1535600 1213
1535610 1213
1535620 1218
1535630 1225
1535640 1225
1535650 1236
1535660 1243
1535670 1243
1535680 1249
1535690 1256
1535700 1256
1535710 1262
1535720 1270
1535730 1270
1535740 1276
1535750 1281
1535760 1281
1535770 1288
1535780 1296
1535790 1296
1535800 1305
1535810 1315
1535820 1325
1535830 1325
1535840 1338
1535850 1352
1535860 1352
1535870 1377
1535880 1397
1535890 1397
1535900 1412
1535910 1423
1535920 1423
1535930 1429
1535940 1432
1535950 1432
1535960 1435
1535970 1439
1535980 1439
1535990 1448
1536000 1455
1536010 1455
1536020 1460
1536030 1464
1536040 1464
1536050 1466
1536060 1465
1536070 1465
1536080 1463
1536090 1459
1536100 1459
1536110 1455
1536120 1454
1536130 1454
1536140 1456
1536150 1460
1536160 1467
1536170 1467
1536180 1469
1536190 1471
1536200 1471
1536210 1475
1536220 1475
1536230 1475
1536240 1476
1536250 1479
1536260 1479
1536270 1484
1536280 1489
1536290 1489
1536300 1489
1536310 1488
1536320 1488
1536330 1489
1536340 1494
1536350 1494
1536360 1500
1536370 1511
1536380 1511
1536390 1524
1536400 1531
1536410 1531
1536420 1531
1536430 1532
1536440 1532
1536450 1530
1536460 1520
1536470 1526
1536480 1526
1536490 1551
1536500 1566
1536510 1566
1536520 1575
1536530 1581
1536540 1581
1536550 1585
1536560 1587
1536570 1587
1536580 1586
1536590 1585
1536600 1585
1536610 1591
1536620 1596
1536630 1596
1536640 1601
1536650 1605
1536660 1605
1536670 1608
1536680 1610
1536690 1610
1536700 1610
1536710 1611
1536720 1611
1536730 1615
1536740 1622
1536750 1622
1536760 1631
1536770 1635
1536780 1637
1536790 1637
1536800 1639
1536810 1641
1536820 1641
1536830 1644
1536840 1646
1536850 1646
1536860 1645
1536870 1644
1536880 1644
1536890 1644
1536900 1644
1536910 1644
1536920 1645
1536930 1643
1536940 1643
1536950 1639
1536960 1634
1536970 1634
1536980 1630
1536990 1630
1537000 1630
1537010 1631
1537020 1632
1537030 1632
1537040 1632
1537050 1629
1537060 1629
1537070 1627
1537080 1623
1537090 1621
1537100 1621
1537110 1619
1537120 1615
1537130 1615
1537140 1611
1537150 1607
1537160 1613
1537170 1609
1537180 1605
1537190 1605
1537200 1602
1537210 1602
1537220 1602
1537230 1604
1537240 1612
1537250 1612
1537260 1617
1537270 1621
1537280 1621
1537290 1626
1537300 1633
1537310 1633
1537320 1640
1537330 1647
1537340 1647
1537350 1654
1537360 1661
1537370 1661
1537380 1676
1537390 1688
1537400 1688
1537410 1695
1537420 1700
1537430 1704
1537440 1704
1537450 1707
1537460 1707
1537470 1707
1537480 1703
1537490 1705
1537500 1705
1537510 1706
1537520 1708
1537530 1708
1537540 1709
1537550 1702
1537560 1702
1537570 1697
1537580 1689
1537590 1689
1537600 1677
1537610 1679
1537620 1679
1537630 1679
1537640 1679
1537650 1679
1537660 1677
1537670 1674
1537680 1674
1537690 1670
1537700 1663
1537710 1663
1537720 1655
1537730 1653
1537740 1658
1537750 1658
1537760 1669
1537770 1676
1537780 1676
1537790 1671
1537800 1666
1537810 1666
1537820 1668
1537830 1681
1537840 1681
1537850 1681
1537860 1676
1537870 1676
1537880 1674
1537890 1677
1537900 1677
1537910 1682
1537920 1681
1537930 1681
1537940 1679
1537950 1682
1537960 1682
1537970 1679
1537980 1672
1537990 1672
1538000 1662
1538010 1653
1538020 1653
1538030 1647
1538040 1644
1538050 1649
1538060 1649
1538070 1644
1538080 1641
1538090 1641
1538100 1647
1538110 1652
1538120 1652
1538130 1657
1538140 1660
1538150 1660
1538160 1659
1538170 1655
1538180 1655
1538190 1646
1538200 1638
1538210 1638
1538220 1631
1538230 1627
1538240 1627
1538250 1629
1538260 1632
1538270 1632
1538280 1635
1538290 1637
1538300 1637
1538310 1636
1538320 1638
1538330 1638
1538340 1640
1538350 1641
1538360 1642
1538370 1642
1538380 1642
1538390 1641
1538400 1641
1538410 1639
1538420 1638
1538430 1638
1538440 1634
1538450 1630
1538460 1630
1538470 1629
1538480 1627
1538490 1627
1538500 1627
1538510 1627
1538520 1627
1538530 1623
1538540 1618
1538550 1618
1538560 1617
1538570 1614
1538580 1614
1538590 1612
1538600 1611
1538610 1611
1538620 1605
1538630 1599
1538640 1599
1538650 1595
1538660 1594
1538670 1594
1538680 1592
1538690 1592
1538700 1591
1538710 1591
1538720 1590
1538730 1589
1538740 1589
1538750 1588
1538760 1588
1538770 1588
1538780 1590
1538790 1593
1538800 1593
1538810 1595
1538820 1596
1538830 1596
1538840 1597
1538850 1600
1538860 1600
1538870 1604
1538880 1605
1538890 1605
1538900 1603
1538910 1598
1538920 1598
1538930 1593
1538940 1587
1538950 1587
1538960 1582
1538970 1577
1538980 1577
1538990 1577
1539000 1579
1539010 1579
1539020 1579
1539030 1580
1539040 1580
1539050 1580
1539060 1579
1539070 1579
1539080 1579
1539090 1581
1539100 1583
1539110 1583
1539120 1586
1539130 1588
1539140 1588
1539150 1586
1539160 1584
1539170 1584
1539180 1582
1539190 1579
1539200 1579
1539210 1576
1539220 1573
1539230 1573
1539240 1571
1539250 1569
1539260 1569
1539270 1568
1539280 1567
1539290 1567
1539300 1567
1539310 1566
1539320 1565
1539330 1565
1539340 1563
1539350 1561
1539360 1561
1539370 1558
1539380 1554
1539390 1554
1539400 1549
1539410 1544
1539420 1544
1539430 1537
1539440 1530
1539450 1530
1539460 1525
1539470 1521
1539480 1521
1539490 1517
1539500 1513
1539510 1513
1539520 1511
1539530 1509
1539540 1514
1539550 1512
1539560 1510
1539570 1510
1539580 1509
1539590 1508
1539600 1508
1539610 1508
1539620 1507
1539630 1507
1539640 1507
1539650 1506
1539660 1504
1539670 1504
1539680 1502
1539690 1501
1539700 1501
1539710 1499
1539720 1496
1539730 1496
1539740 1492
1539750 1489
1539760 1489
1539770 1485
1539780 1483
1539790 1483
1539800 1481
1539810 1479
1539820 1479
1539830 1478
1539840 1476
1539850 1476
1539860 1475
1539870 1471
1539880 1471
1539890 1467
1539900 1463
1539910 1463
1539920 1458
1539930 1454
1539940 1454
1539950 1450
1539960 1446
1539970 1442
1539980 1442
1539990 1438
