1520000 2600
1520010 2606
1520020 2611
1520030 2611
1520040 2618
1520050 2623
1520060 2623
1520070 2627
1520080 2630
1520090 2630
1520100 2629
1520110 2625
1520120 2625
1520130 2625
1520140 2625
1520150 2625
1520160 2628
1520170 2632
1520180 2635
1520190 2635
1520200 2632
1520210 2623
1520220 2623
1520230 2615
1520240 2600
1520250 2600
1520260 2599
1520270 2587
1520280 2587
1520290 2579
1520300 2573
1520310 2573
1520320 2562
1520330 2557
1520340 2557
1520350 2553
1520360 2544
1520370 2544
1520380 2529
1520390 2532
1520400 2532
1520410 2540
1520420 2547
1520430 2547
1520440 2544
1520450 2530
1520460 2530
1520470 2509
1520480 2486
1520490 2476
1520500 2476
1520510 2472
1520520 2468
1520530 2468
1520540 2463
1520550 2460
1520560 2460
1520570 2459
1520580 2458
1520590 2458
1520600 2455
1520610 2451
1520620 2451
1520630 2447
1520640 2441
1520650 2441
1520660 2438
1520670 2434
1520680 2434
1520690 2431
1520700 2430
1520710 2430
1520720 2429
1520730 2431
1520740 2431
1520750 2432
1520760 2431
1520770 2431
1520780 2432
1520790 2433
1520800 2434
1520810 2434
1520820 2438
1520830 2444
1520840 2444
1520850 2448
1520860 2447
1520870 2447
1520880 2449
1520890 2451
1520900 2451
1520910 2454
1520920 2456
1520930 2456
1520940 2454
1520950 2445
1520960 2445
1520970 2432
1520980 2448
1520990 2448
1521000 2468
1521010 2468
1521020 2468
1521030 2454
1521040 2455
1521050 2455
1521060 2457
1521070 2452
1521080 2452
1521090 2442
1521100 2437
1521110 2437
1521120 2438
1521130 2439
1521140 2438
1521150 2438
1521160 2436
1521170 2438
1521180 2438
1521190 2437
1521200 2436
1521210 2436
1521220 2430
1521230 2437
1521240 2437
1521250 2434
1521260 2431
1521270 2431
1521280 2427
1521290 2429
1521300 2429
1521310 2436
1521320 2440
1521330 2440
1521340 2445
1521350 2457
1521360 2457
1521370 2456
1521380 2457
1521390 2457
1521400 2453
1521410 2443
1521420 2443
1521430 2434
1521440 2423
1521450 2411
1521460 2411
1521470 2395
1521480 2382
1521490 2382
1521500 2373
1521510 2364
1521520 2364
1521530 2356
1521540 2349
1521550 2349
1521560 2341
1521570 2334
1521580 2334
1521590 2327
1521600 2321
1521610 2321
1521620 2315
1521630 2308
1521640 2308
1521650 2300
1521660 2292
1521670 2292
1521680 2285
1521690 2280
1521700 2280
1521710 2274
1521720 2268
1521730 2268
1521740 2263
1521750 2258
1521760 2252
1521770 2252
1521780 2246
1521790 2241
1521800 2241
1521810 2240
1521820 2236
1521830 2236
1521840 2232
1521850 2226
1521860 2226
1521870 2224
1521880 2222
1521890 2222
1521900 2219
1521910 2219
1521920 2219
1521930 2221
1521940 2220
1521950 2220
1521960 2221
1521970 2224
1521980 2224
1521990 2224
1522000 2223
1522010 2223
1522020 2224
1522030 2221
1522040 2221
1522050 2219
1522060 2221
1522070 2221
1522080 2221
1522090 2218
1522100 2216
1522110 2216
1522120 2217
1522130 2213
1522140 2213
1522150 2212
1522160 2213
1522170 2213
1522180 2213
1522190 2214
1522200 2214
1522210 2214
1522220 2214
1522230 2214
1522240 2213
1522250 2214
1522260 2214
1522270 2215
1522280 2216
1522290 2216
1522300 2216
1522310 2218
1522320 2218
1522330 2219
1522340 2221
1522350 2221
1522360 2223
1522370 2223
1522380 2226
1522390 2226
1522400 2227
1522410 2228
1522420 2228
1522430 2230
1522440 2230
1522450 2230
1522460 2230
1522470 2231
1522480 2231
1522490 2234
1522500 2236
1522510 2236
1522520 2236
1522530 2238
1522540 2238
1522550 2247
1522560 2247
1522570 2247
1522580 2254
1522590 2257
1522600 2257
1522610 2253
1522620 2254
1522630 2254
1522640 2260
1522650 2261
1522660 2261
1522670 2258
1522680 2256
1522690 2256
1522700 2251
1522710 2240
1522720 2237
1522730 2237
1522740 2239
1522750 2239
1522760 2239
1522770 2230
1522780 2232
1522790 2232
1522800 2239
1522810 2238
1522820 2238
1522830 2235
1522840 2229
1522850 2229
1522860 2225
1522870 2223
1522880 2223
1522890 2218
1522900 2212
1522910 2212
1522920 2206
1522930 2201
1522940 2201
1522950 2194
1522960 2188
1522970 2188
1522980 2183
1522990 2176
1523000 2176
1523010 2169
1523020 2163
1523030 2157
1523040 2157
1523050 2151
1523060 2146
1523070 2146
1523080 2141
1523090 2137
1523100 2137
1523110 2134
1523120 2131
1523130 2131
1523140 2131
1523150 2132
1523160 2132
1523170 2134
1523180 2136
1523190 2136
1523200 2139
1523210 2141
1523220 2141
1523230 2142
1523240 2142
1523250 2142
1523260 2142
1523270 2141
1523280 2141
1523290 2141
1523300 2141
1523310 2141
1523320 2138
1523330 2138
1523340 2138
1523350 2138
1523360 2132
1523370 2126
1523380 2126
1523390 2120
1523400 2116
1523410 2116
1523420 2115
1523430 2116
1523440 2116
1523450 2118
1523460 2120
1523470 2120
1523480 2123
1523490 2127
1523500 2127
1523510 2133
1523520 2138
1523530 2138
1523540 2143
1523550 2164
1523560 2164
1523570 2191
1523580 2202
1523590 2202
1523600 2211
1523610 2215
1523620 2215
1523630 2219
1523640 2225
1523650 2225
1523660 2225
1523670 2229
1523680 2239
1523690 2239
1523700 2255
1523710 2283
1523720 2283
1523730 2296
1523740 2303
1523750 2303
1523760 2305
1523770 2310
1523780 2310
1523790 2315
1523800 2319
1523810 2319
1523820 2322
1523830 2324
1523840 2324
1523850 2324
1523860 2323
1523870 2323
1523880 2323
1523890 2322
1523900 2322
1523910 2322
1523920 2324
1523930 2324
1523940 2325
1523950 2325
1523960 2322
1523970 2322
1523980 2324
1523990 2329
1524000 2329
1524010 2333
1524020 2336
1524030 2336
1524040 2339
1524050 2340
1524060 2340
1524070 2342
1524080 2343
1524090 2343
1524100 2345
1524110 2346
1524120 2346
1524130 2346
1524140 2344
1524150 2344
1524160 2342
1524170 2339
1524180 2339
1524190 2338
1524200 2337
1524210 2337
1524220 2334
1524230 2332
1524240 2332
1524250 2330
1524260 2326
1524270 2326
1524280 2325
1524290 2323
1524300 2322
1524310 2322
1524320 2320
1524330 2318
1524340 2318
1524350 2317
1524360 2315
1524370 2315
1524380 2301
1524390 2298
1524400 2298
1524410 2289
1524420 2283
1524430 2283
1524440 2278
1524450 2273
1524460 2273
1524470 2270
1524480 2266
1524490 2266
1524500 2263
1524510 2259
1524520 2259
1524530 2256
1524540 2254
1524550 2254
1524560 2254
1524570 2250
1524580 2250
1524590 2246
1524600 2246
1524610 2247
1524620 2247
1524630 2243
1524640 2240
1524650 2240
1524660 2241
1524670 2240
1524680 2240
1524690 2240
1524700 2239
1524710 2239
1524720 2238
1524730 2238
1524740 2238
1524750 2234
1524760 2229
1524770 2229
1524780 2226
1524790 2227
1524800 2227
1524810 2226
1524820 2225
1524830 2225
1524840 2224
1524850 2225
1524860 2225
1524870 2227
1524880 2229
1524890 2229
1524900 2231
1524910 2232
1524920 2233
1524930 2233
1524940 2234
1524950 2236
1524960 2236
1524970 2238
1524980 2239
1524990 2239
1525000 2238
1525010 2234
1525020 2234
1525030 2232
1525040 2231
1525050 2231
1525060 2230
1525070 2230
1525080 2230
1525090 2230
1525100 2229
1525110 2229
1525120 2228
1525130 2226
1525140 2226
1525150 2225
1525160 2224
1525170 2224
1525180 2223
1525190 2222
1525200 2222
1525210 2222
1525220 2222
1525230 2218
1525240 2218
1525250 2208
1525260 2197
1525270 2197
1525280 2188
1525290 2179
1525300 2179
1525310 2171
1525320 2117
1525330 2117
1525340 2097
1525350 2089
1525360 2089
1525370 2081
1525380 2076
1525390 2076
1525400 2070
1525410 2064
1525420 2064
1525430 2056
1525440 2044
1525450 2044
1525460 2021
1525470 2015
1525480 2015
1525490 2011
1525500 2005
1525510 2005
1525520 1997
1525530 1982
1525540 1933
1525550 1933
1525560 1909
1525570 1904
1525580 1904
1525590 1899
1525600 1893
1525610 1893
1525620 1888
1525630 1882
1525640 1882
1525650 1876
1525660 1870
1525670 1870
1525680 1864
1525690 1858
1525700 1858
1525710 1855
1525720 1852
1525730 1852
1525740 1849
1525750 1848
1525760 1848
1525770 1846
1525780 1844
1525790 1844
1525800 1843
1525810 1844
1525820 1844
1525830 1844
1525840 1842
1525850 1842
1525860 1839
1525870 1835
1525880 1831
1525890 1831
1525900 1830
1525910 1829
1525920 1829
1525930 1828
1525940 1826
1525950 1826
1525960 1826
1525970 1824
1525980 1824
1525990 1822
1526000 1820
1526010 1820
1526020 1819
1526030 1819
1526040 1819
1526050 1820
1526060 1825
1526070 1825
1526080 1830
1526090 1834
1526100 1834
1526110 1835
1526120 1837
1526130 1837
1526140 1835
1526150 1831
1526160 1831
1526170 1826
1526180 1823
1526190 1824
1526200 1824
1526210 1822
1526220 1818
1526230 1818
1526240 1816
1526250 1814
1526260 1814
1526270 1810
1526280 1802
1526290 1802
1526300 1801
1526310 1806
1526320 1806
1526330 1813
1526340 1810
1526350 1810
1526360 1805
1526370 1800
1526380 1800
1526390 1797
1526400 1794
1526410 1794
1526420 1790
1526430 1786
1526440 1786
1526450 1788
1526460 1792
1526470 1792
1526480 1791
1526490 1787
1526500 1786
1526510 1786
1526520 1787
1526530 1790
1526540 1790
1526550 1793
1526560 1797
1526570 1797
1526580 1798
1526590 1793
1526600 1793
1526610 1790
1526620 1785
1526630 1785
1526640 1779
1526650 1773
1526660 1773
1526670 1769
1526680 1766
1526690 1766
1526700 1763
1526710 1759
1526720 1759
1526730 1762
1526740 1767
1526750 1767
1526760 1769
1526770 1768
1526780 1768
1526790 1765
1526800 1765
1526810 1765
1526820 1765
1526830 1763
1526840 1761
1526850 1761
1526860 1758
1526870 1753
1526880 1753
1526890 1751
1526900 1748
1526910 1748
1526920 1747
1526930 1746
1526940 1746
1526950 1743
1526960 1738
1526970 1738
1526980 1736
1526990 1736
1527000 1736
1527010 1738
1527020 1741
1527030 1741
1527040 1743
1527050 1746
1527060 1746
1527070 1750
1527080 1752
1527090 1752
1527100 1755
1527110 1760
1527120 1766
1527130 1766
1527140 1770
1527150 1775
1527160 1775
1527170 1780
1527180 1792
1527190 1792
1527200 1821
1527210 1827
1527220 1827
1527230 1817
1527240 1824
1527250 1824
1527260 1828
1527270 1831
1527280 1831
1527290 1828
1527300 1824
1527310 1824
1527320 1820
1527330 1816
1527340 1816
1527350 1813
1527360 1812
1527370 1812
1527380 1810
1527390 1808
1527400 1808
1527410 1805
1527420 1801
1527430 1801
1527440 1795
1527450 1790
1527460 1783
1527470 1781
1527480 1774
1527490 1762
1527500 1762
1527510 1752
1527520 1745
1527530 1745
1527540 1738
1527550 1731
1527560 1731
1527570 1724
1527580 1717
1527590 1717
1527600 1712
1527610 1708
1527620 1708
1527630 1705
1527640 1703
1527650 1703
1527660 1703
1527670 1702
1527680 1702
1527690 1698
1527700 1693
1527710 1693
1527720 1688
1527730 1684
1527740 1684
1527750 1678
1527760 1671
1527770 1665
1527780 1665
1527790 1659
1527800 1652
1527810 1652
1527820 1647
1527830 1642
1527840 1642
1527850 1638
1527860 1635
1527870 1635
1527880 1633
1527890 1629
1527900 1629
1527910 1627
1527920 1624
1527930 1624
1527940 1621
1527950 1618
1527960 1618
1527970 1616
1527980 1615
1527990 1615
1528000 1616
1528010 1616
1528020 1616
1528030 1617
1528040 1618
1528050 1618
1528060 1619
1528070 1621
1528080 1623
1528090 1623
1528100 1625
1528110 1625
1528120 1625
1528130 1627
1528140 1628
1528150 1628
1528160 1627
1528170 1626
1528180 1626
1528190 1625
1528200 1627
1528210 1627
1528220 1632
1528230 1636
1528240 1636
1528250 1639
1528260 1642
1528270 1642
1528280 1643
1528290 1645
1528300 1645
1528310 1646
1528320 1646
1528330 1646
1528340 1648
1528350 1649
1528360 1649
1528370 1651
1528380 1652
1528390 1654
1528400 1654
1528410 1659
1528420 1664
1528430 1664
1528440 1669
1528450 1675
1528460 1675
1528470 1679
1528480 1685
1528490 1685
1528500 1690
1528510 1695
1528520 1695
1528530 1700
1528540 1705
1528550 1705
1528560 1709
1528570 1714
1528580 1714
1528590 1718
1528600 1722
1528610 1722
1528620 1727
1528630 1729
1528640 1729
1528650 1731
1528660 1732
1528670 1732
1528680 1735
1528690 1736
1528700 1739
1528710 1739
1528720 1741
1528730 1745
1528740 1745
1528750 1748
1528760 1754
1528770 1754
1528780 1757
1528790 1759
1528800 1759
1528810 1760
1528820 1761
1528830 1761
1528840 1761
1528850 1761
1528860 1761
1528870 1763
1528880 1763
1528890 1763
1528900 1764
1528910 1764
1528920 1764
1528930 1765
1528940 1765
1528950 1765
1528960 1764
1528970 1766
1528980 1766
1528990 1767
1529000 1770
1529010 1770
1529020 1773
1529030 1775
1529040 1776
1529050 1776
1529060 1780
1529070 1782
1529080 1782
1529090 1784
1529100 1787
1529110 1787
1529120 1790
1529130 1793
1529140 1793
1529150 1798
1529160 1803
1529170 1803
1529180 1809
1529190 1811
1529200 1811
1529210 1812
1529220 1815
1529230 1815
1529240 1819
1529250 1830
1529260 1830
1529270 1848
1529280 1876
1529290 1876
1529300 1867
1529310 1852
1529320 1852
1529330 1860
1529340 1876
1529350 1896
1529360 1896
1529370 1903
1529380 1901
1529390 1901
1529400 1894
1529410 1905
1529420 1905
1529430 1920
1529440 1909
1529450 1909
1529460 1884
1529470 1880
1529480 1880
1529490 1895
1529500 1906
1529510 1906
1529520 1913
1529530 1923
1529540 1923
1529550 1932
1529560 1929
1529570 1929
1529580 1923
1529590 1914
1529600 1914
1529610 1907
1529620 1902
1529630 1902
1529640 1900
1529650 1897
1529660 1921
1529670 1921
1529680 1923
1529690 1925
1529700 1925
1529710 1944
1529720 1942
1529730 1942
1529740 1929
1529750 1913
1529760 1913
1529770 1907
1529780 1905
1529790 1905
1529800 1898
1529810 1908
1529820 1908
1529830 1921
1529840 1939
1529850 1939
1529860 1940
1529870 1916
1529880 1916
1529890 1905
1529900 1915
1529910 1915
1529920 1962
1529930 1950
1529940 1950
1529950 1964
1529960 1984
1529970 1992
1529980 1992
1529990 1960
1530000 1924
1530010 1924
1530020 1919
1530030 1920
1530040 1920
1530050 1924
1530060 1930
1530070 1930
1530080 1939
1530090 1944
1530100 1944
1530110 1961
1530120 1980
1530130 1980
1530140 1992
1530150 1996
1530160 1996
1530170 1996
1530180 1993
1530190 1993
1530200 1987
1530210 1980
1530220 1980
1530230 1976
1530240 1973
1530250 1973
1530260 1968
1530270 1967
1530280 1965
1530290 1965
1530300 1957
1530310 1953
1530320 1953
1530330 1949
1530340 1945
1530350 1941
1530360 1938
1530370 1934
1530380 1934
1530390 1931
1530400 1925
1530410 1925
1530420 1920
1530430 1916
1530440 1916
1530450 1911
1530460 1905
1530470 1905
1530480 1901
1530490 1896
1530500 1896
1530510 1895
1530520 1892
1530530 1892
1530540 1886
1530550 1884
1530560 1884
1530570 1883
1530580 1879
1530590 1879
1530600 1876
1530610 1870
1530620 1866
1530630 1866
1530640 1859
1530650 1846
1530660 1846
1530670 1836
1530680 1824
1530690 1824
1530700 1818
1530710 1814
1530720 1814
1530730 1811
1530740 1808
1530750 1808
1530760 1804
1530770 1800
1530780 1800
1530790 1795
1530800 1791
1530810 1791
1530820 1787
1530830 1785
1530840 1785
1530850 1785
1530860 1783
1530870 1783
1530880 1782
1530890 1781
1530900 1781
1530910 1780
1530920 1780
1530930 1779
1530940 1779
1530950 1779
1530960 1781
1530970 1781
1530980 1784
1530990 1788
1531000 1788
1531010 1792
1531020 1796
1531030 1796
1531040 1798
1531050 1801
1531060 1801
1531070 1803
1531080 1804
1531090 1804
1531100 1807
1531110 1807
1531120 1807
1531130 1807
1531140 1807
1531150 1807
1531160 1810
1531170 1813
1531180 1813
1531190 1816
1531200 1822
1531210 1822
1531220 1827
1531230 1829
1531240 1830
1531250 1830
1531260 1832
1531270 1832
1531280 1832
1531290 1828
1531300 1827
1531310 1827
1531320 1832
1531330 1827
1531340 1827
1531350 1821
1531360 1818
1531370 1818
1531380 1825
1531390 1829
1531400 1829
1531410 1828
1531420 1832
1531430 1832
1531440 1837
1531450 1841
1531460 1841
1531470 1842
1531480 1843
1531490 1843
1531500 1842
1531510 1834
1531520 1834
1531530 1826
1531540 1824
1531550 1829
1531560 1829
1531570 1830
1531580 1829
1531590 1829
1531600 1830
1531610 1832
1531620 1832
1531630 1834
1531640 1839
1531650 1839
1531660 1843
1531670 1843
1531680 1843
1531690 1838
1531700 1834
1531710 1834
1531720 1830
1531730 1828
1531740 1828
1531750 1827
1531760 1827
1531770 1827
1531780 1826
1531790 1827
1531800 1827
1531810 1829
1531820 1830
1531830 1830
1531840 1831
1531850 1832
1531860 1833
1531870 1833
1531880 1836
1531890 1838
1531900 1838
1531910 1837
1531920 1838
1531930 1838
1531940 1841
1531950 1838
1531960 1838
1531970 1828
1531980 1821
1531990 1821
1532000 1817
1532010 1813
1532020 1813
1532030 1807
1532040 1803
1532050 1803
1532060 1799
1532070 1794
1532080 1794
1532090 1790
1532100 1788
1532110 1788
1532120 1786
1532130 1788
1532140 1788
1532150 1791
1532160 1793
1532170 1793
1532180 1797
1532190 1799
1532200 1798
1532210 1798
1532220 1796
1532230 1794
1532240 1794
1532250 1791
1532260 1786
1532270 1786
1532280 1783
1532290 1780
1532300 1780
1532310 1777
1532320 1776
1532330 1776
1532340 1775
1532350 1773
1532360 1773
1532370 1771
1532380 1767
1532390 1767
1532400 1763
1532410 1762
1532420 1762
1532430 1761
1532440 1760
1532450 1760
1532460 1754
1532470 1747
1532480 1747
1532490 1747
1532500 1749
1532510 1747
1532520 1747
1532530 1742
1532540 1736
1532550 1736
1532560 1733
1532570 1731
1532580 1731
1532590 1730
1532600 1731
1532610 1731
1532620 1729
1532630 1723
1532640 1723
1532650 1718
1532660 1713
1532670 1713
1532680 1709
1532690 1703
1532700 1703
1532710 1698
1532720 1691
1532730 1691
1532740 1686
1532750 1684
1532760 1684
1532770 1682
1532780 1680
1532790 1680
1532800 1675
1532810 1671
1532820 1668
1532830 1668
1532840 1667
1532850 1666
1532860 1666
1532870 1663
1532880 1652
1532890 1652
1532900 1622
1532910 1612
1532920 1612
1532930 1605
1532940 1602
1532950 1602
1532960 1601
1532970 1606
1532980 1606
1532990 1618
1533000 1623
1533010 1623
1533020 1622
1533030 1623
1533040 1623
1533050 1626
1533060 1626
1533070 1638
1533080 1643
1533090 1647
1533100 1647
1533110 1644
1533120 1637
1533130 1632
1533140 1632
1533150 1626
1533160 1623
1533170 1623
1533180 1612
1533190 1612
1533200 1612
1533210 1617
1533220 1619
1533230 1619
1533240 1626
1533250 1636
1533260 1636
1533270 1640
1533280 1636
1533290 1636
1533300 1636
1533310 1640
1533320 1640
1533330 1641
1533340 1640
1533350 1640
1533360 1639
1533370 1640
1533380 1640
1533390 1640
1533400 1640
1533410 1640
1533420 1638
1533430 1633
1533440 1627
1533450 1627
1533460 1621
1533470 1616
1533480 1616
1533490 1613
1533500 1611
1533510 1611
1533520 1610
1533530 1607
1533540 1607
1533550 1605
1533560 1604
1533570 1604
1533580 1601
1533590 1601
1533600 1601
1533610 1597
1533620 1593
1533630 1593
1533640 1589
1533650 1587
1533660 1587
1533670 1585
1533680 1581
1533690 1581
1533700 1576
1533710 1572
1533720 1572
1533730 1566
1533740 1564
1533750 1564
1533760 1569
1533770 1579
1533780 1582
1533790 1582
1533800 1579
1533810 1578
1533820 1578
1533830 1578
1533840 1578
1533850 1578
1533860 1576
1533870 1576
1533880 1576
1533890 1578
1533900 1577
1533910 1577
1533920 1572
1533930 1574
1533940 1574
1533950 1573
1533960 1574
1533970 1574
1533980 1572
1533990 1570
1534000 1570
1534010 1569
1534020 1565
1534030 1565
1534040 1569
1534050 1579
1534060 1579
1534070 1586
1534080 1586
1534090 1585
1534100 1585
1534110 1583
1534120 1582
1534130 1582
1534140 1578
1534150 1572
1534160 1572
1534170 1567
1534180 1559
1534190 1559
1534200 1550
1534210 1542
1534220 1542
1534230 1534
1534240 1525
1534250 1525
1534260 1517
1534270 1518
1534280 1518
1534290 1513
1534300 1504
1534310 1504
1534320 1509
1534330 1514
1534340 1514
1534350 1513
1534360 1509
1534370 1509
1534380 1505
1534390 1501
1534400 1495
1534410 1495
1534420 1488
1534430 1481
1534440 1481
1534450 1475
1534460 1469
1534470 1469
1534480 1462
1534490 1459
1534500 1459
1534510 1457
1534520 1455
1534530 1455
1534540 1450
1534550 1444
1534560 1444
1534570 1437
1534580 1431
1534590 1431
1534600 1424
1534610 1412
1534620 1412
1534630 1405
1534640 1408
1534650 1408
1534660 1407
1534670 1401
1534680 1401
1534690 1394
1534700 1388
1534710 1385
1534720 1385
1534730 1381
1534740 1377
1534750 1377
1534760 1374
1534770 1372
1534780 1372
1534790 1368
1534800 1361
1534810 1361
1534820 1353
1534830 1347
1534840 1347
1534850 1343
1534860 1341
1534870 1341
1534880 1340
1534890 1339
1534900 1339
1534910 1337
1534920 1337
1534930 1337
1534940 1337
1534950 1335
1534960 1335
1534970 1332
1534980 1330
1534990 1330
1535000 1329
1535010 1327
1535020 1326
1535030 1326
1535040 1325
1535050 1324
1535060 1324
1535070 1324
1535080 1323
1535090 1323
1535100 1322
1535110 1320
1535120 1320
1535130 1318
1535140 1317
1535150 1317
1535160 1316
1535170 1314
1535180 1314
1535190 1311
1535200 1306
1535210 1306
1535220 1300
1535230 1294
1535240 1294
1535250 1278
1535260 1259
1535270 1259
1535280 1250
1535290 1241
1535300 1241
1535310 1234
1535320 1227
1535330 1227
1535340 1219
1535350 1203
1535360 1196
1535370 1196
1535380 1193
1535390 1192
1535400 1192
1535410 1192
1535420 1193
1535430 1193
1535440 1194
1535450 1193
1535460 1193
1535470 1190
1535480 1188
1535490 1188
1535500 1189
1535510 1184
1535520 1184
1535530 1178
1535540 1175
1535550 1175
1535560 1167
1535570 1147
1535580 1147
1535590 1131
1535600 1114
1535610 1114
1535620 1098
1535630 1090
1535640 1090
1535650 1069
1535660 1076
1535670 1122
1535680 1122
1535690 1143
1535700 1149
1535710 1149
1535720 1148
1535730 1152
1535740 1152
1535750 1160
1535760 1163
1535770 1163
1535780 1165
1535790 1165
1535800 1165
1535810 1164
1535820 1162
1535830 1162
1535840 1164
1535850 1163
1535860 1163
1535870 1164
1535880 1163
1535890 1163
1535900 1160
1535910 1162
1535920 1162
1535930 1163
1535940 1164
1535950 1164
1535960 1163
1535970 1164
1535980 1162
1535990 1162
1536000 1161
1536010 1158
1536020 1158
1536030 1156
1536040 1158
1536050 1158
1536060 1161
1536070 1164
1536080 1164
1536090 1167
1536100 1171
1536110 1171
1536120 1175
1536130 1179
1536140 1179
1536150 1184
1536160 1188
1536170 1188
1536180 1192
1536190 1201
1536200 1201
1536210 1207
1536220 1210
1536230 1210
1536240 1208
1536250 1208
1536260 1208
1536270 1211
1536280 1215
1536290 1219
1536300 1219
1536310 1223
1536320 1227
1536330 1227
1536340 1229
1536350 1233
1536360 1233
1536370 1236
1536380 1238
1536390 1238
1536400 1238
1536410 1240
1536420 1240
1536430 1243
1536440 1246
1536450 1246
1536460 1250
1536470 1253
1536480 1253
1536490 1254
1536500 1256
1536510 1256
1536520 1257
1536530 1259
1536540 1259
1536550 1262
1536560 1265
1536570 1265
1536580 1268
1536590 1273
1536600 1277
1536610 1277
1536620 1281
1536630 1285
1536640 1285
1536650 1289
1536660 1294
1536670 1294
1536680 1298
1536690 1302
1536700 1302
1536710 1306
1536720 1310
1536730 1310
1536740 1315
1536750 1320
1536760 1320
1536770 1325
1536780 1329
1536790 1329
1536800 1333
1536810 1336
1536820 1336
1536830 1339
1536840 1340
1536850 1340
1536860 1342
1536870 1348
1536880 1348
1536890 1353
1536900 1358
1536910 1358
1536920 1362
1536930 1365
1536940 1367
1536950 1367
1536960 1369
1536970 1371
1536980 1371
1536990 1372
1537000 1373
1537010 1373
1537020 1373
1537030 1374
1537040 1374
1537050 1378
1537060 1387
1537070 1387
1537080 1393
1537090 1394
1537100 1394
1537110 1393
1537120 1389
1537130 1389
1537140 1379
1537150 1367
1537160 1367
1537170 1362
1537180 1362
1537190 1362
1537200 1370
1537210 1375
1537220 1375
1537230 1373
1537240 1378
1537250 1383
1537260 1383
1537270 1384
1537280 1385
1537290 1385
1537300 1380
1537310 1380
1537320 1380
1537330 1382
1537340 1384
1537350 1384
1537360 1387
1537370 1389
1537380 1389
1537390 1391
1537400 1393
1537410 1393
1537420 1394
1537430 1396
1537440 1396
1537450 1399
1537460 1402
1537470 1402
1537480 1405
1537490 1406
1537500 1406
1537510 1407
1537520 1407
1537530 1407
1537540 1406
1537550 1406
1537560 1408
1537570 1408
1537580 1408
1537590 1408
1537600 1408
1537610 1410
1537620 1413
1537630 1413
1537640 1415
1537650 1417
1537660 1417
1537670 1418
1537680 1417
1537690 1417
1537700 1416
1537710 1415
1537720 1415
1537730 1414
1537740 1413
1537750 1413
1537760 1410
1537770 1408
1537780 1408
1537790 1410
1537800 1418
1537810 1418
1537820 1423
1537830 1426
1537840 1426
1537850 1425
1537860 1425
1537870 1429
1537880 1429
1537890 1435
1537900 1440
1537910 1440
1537920 1444
1537930 1449
1537940 1449
1537950 1454
1537960 1460
1537970 1460
1537980 1466
1537990 1471
1538000 1471
1538010 1477
1538020 1483
1538030 1483
1538040 1488
1538050 1494
1538060 1494
1538070 1500
1538080 1503
1538090 1503
1538100 1507
1538110 1512
1538120 1512
1538130 1516
1538140 1520
1538150 1520
1538160 1525
1538170 1530
1538180 1535
1538190 1535
1538200 1541
1538210 1546
1538220 1546
1538230 1551
1538240 1556
1538250 1556
1538260 1561
1538270 1566
1538280 1566
1538290 1571
1538300 1576
1538310 1576
1538320 1579
1538330 1583
1538340 1583
1538350 1585
1538360 1587
1538370 1587
1538380 1586
1538390 1584
1538400 1584
1538410 1582
1538420 1580
1538430 1580
1538440 1579
1538450 1576
1538460 1576
1538470 1571
1538480 1565
1538490 1565
1538500 1560
1538510 1556
1538520 1552
1538530 1552
1538540 1548
1538550 1544
1538560 1544
1538570 1537
1538580 1529
1538590 1529
1538600 1524
1538610 1519
1538620 1519
1538630 1513
1538640 1507
1538650 1507
1538660 1502
1538670 1497
1538680 1497
1538690 1493
1538700 1488
1538710 1488
1538720 1483
1538730 1478
1538740 1478
1538750 1475
1538760 1470
1538770 1470
1538780 1464
1538790 1456
1538800 1456
1538810 1450
1538820 1446
1538830 1443
1538840 1443
1538850 1442
1538860 1441
1538870 1441
1538880 1441
1538890 1441
1538900 1441
1538910 1440
1538920 1439
1538930 1439
1538940 1437
1538950 1435
1538960 1435
1538970 1432
1538980 1426
1538990 1426
1539000 1424
1539010 1424
1539020 1424
1539030 1426
1539040 1429
1539050 1429
1539060 1431
1539070 1433
1539080 1433
1539090 1435
1539100 1435
1539110 1435
1539120 1435
1539130 1433
1539140 1431
1539150 1431
1539160 1429
1539170 1427
1539180 1427
1539190 1423
1539200 1417
1539210 1417
1539220 1411
1539230 1406
1539240 1406
1539250 1403
1539260 1402
1539270 1402
1539280 1402
1539290 1402
1539300 1402
1539310 1403
1539320 1404
1539330 1404
1539340 1404
1539350 1402
1539360 1402
1539370 1396
1539380 1391
1539390 1391
1539400 1385
1539410 1383
1539420 1383
1539430 1382
1539440 1380
1539450 1378
1539460 1378
1539470 1375
1539480 1374
1539490 1374
1539500 1376
1539510 1376
1539520 1376
1539530 1377
1539540 1377
1539550 1377
1539560 1376
1539570 1377
1539580 1377
1539590 1377
1539600 1378
1539610 1378
1539620 1378
1539630 1377
1539640 1377
1539650 1376
1539660 1375
1539670 1375
1539680 1373
1539690 1370
1539700 1370
1539710 1365
1539720 1364
1539730 1364
1539740 1362
1539750 1360
1539760 1357
1539770 1357
1539780 1355
1539790 1352
1539800 1352
1539810 1346
1539820 1339
1539830 1339
1539840 1334
1539850 1330
1539860 1330
1539870 1324
1539880 1319
1539890 1319
1539900 1311
1539910 1303
1539920 1303
1539930 1298
1539940 1296
1539950 1296
1539960 1295
1539970 1295
1539980 1295
1539990 1295
