1520000 2286
1520010 2276
1520020 2270
1520030 2270
1520040 2266
1520050 2261
1520060 2261
1520070 2257
1520080 2254
1520090 2254
1520100 2253
1520110 2250
1520120 2250
1520130 2246
1520140 2239
1520150 2232
1520160 2232
1520170 2225
1520180 2219
1520190 2219
1520200 2206
1520210 2199
1520220 2199
1520230 2197
1520240 2195
1520250 2195
1520260 2194
1520270 2192
1520280 2192
1520290 2188
1520300 2185
1520310 2185
1520320 2183
1520330 2180
1520340 2180
1520350 2178
1520360 2174
1520370 2174
1520380 2166
1520390 2161
1520400 2161
1520410 2159
1520420 2158
1520430 2158
1520440 2159
1520450 2160
1520460 2160
1520470 2160
1520480 2158
1520490 2154
1520500 2154
1520510 2148
1520520 2146
1520530 2146
1520540 2146
1520550 2146
1520560 2146
1520570 2146
1520580 2145
1520590 2145
1520600 2144
1520610 2141
1520620 2141
1520630 2140
1520640 2141
1520650 2141
1520660 2145
1520670 2150
1520680 2150
1520690 2157
1520700 2167
1520710 2167
1520720 2173
1520730 2178
1520740 2178
1520750 2183
1520760 2186
1520770 2186
1520780 2189
1520790 2192
1520800 2193
1520810 2193
1520820 2193
1520830 2191
1520840 2191
1520850 2189
1520860 2189
1520870 2189
1520880 2189
1520890 2187
1520900 2187
1520910 2182
1520920 2177
1520930 2177
1520940 2173
1520950 2168
1520960 2168
1520970 2166
1520980 2168
1520990 2168
1521000 2167
1521010 2167
1521020 2167
1521030 2170
1521040 2170
1521050 2170
1521060 2169
1521070 2172
1521080 2172
1521090 2172
1521100 2170
1521110 2170
1521120 2166
1521130 2162
1521140 2163
1521150 2163
1521160 2168
1521170 2173
1521180 2173
1521190 2179
1521200 2183
1521210 2183
1521220 2185
1521230 2182
1521240 2182
1521250 2178
1521260 2176
1521270 2176
1521280 2172
1521290 2167
1521300 2167
1521310 2166
1521320 2164
1521330 2164
1521340 2161
1521350 2156
1521360 2156
1521370 2150
1521380 2145
1521390 2145
1521400 2140
1521410 2137
1521420 2137
1521430 2135
1521440 2133
1521450 2134
1521460 2134
1521470 2136
1521480 2139
1521490 2139
1521500 2139
1521510 2137
1521520 2137
1521530 2133
1521540 2134
1521550 2134
1521560 2134
1521570 2132
1521580 2132
1521590 2132
1521600 2132
1521610 2132
1521620 2133
1521630 2131
1521640 2131
1521650 2128
1521660 2128
1521670 2128
1521680 2129
1521690 2130
1521700 2130
1521710 2131
1521720 2129
1521730 2129
1521740 2128
1521750 2124
1521760 2120
1521770 2120
1521780 2117
1521790 2114
1521800 2114
1521810 2114
1521820 2114
1521830 2114
1521840 2115
1521850 2116
1521860 2116
1521870 2118
1521880 2119
1521890 2119
1521900 2117
1521910 2113
1521920 2113
1521930 2109
1521940 2109
1521950 2109
1521960 2107
1521970 2102
1521980 2102
1521990 2099
1522000 2097
1522010 2097
1522020 2096
1522030 2094
1522040 2094
1522050 2094
1522060 2094
1522070 2094
1522080 2093
1522090 2097
1522100 2099
1522110 2099
1522120 2100
1522130 2099
1522140 2099
1522150 2097
1522160 2095
1522170 2095
1522180 2095
1522190 2094
1522200 2094
1522210 2091
1522220 2090
1522230 2090
1522240 2089
1522250 2088
1522260 2088
1522270 2088
1522280 2089
1522290 2089
1522300 2089
1522310 2087
1522320 2087
1522330 2083
1522340 2083
1522350 2083
1522360 2082
1522370 2080
1522380 2080
1522390 2079
1522400 2079
1522410 2078
1522420 2078
1522430 2078
1522440 2079
1522450 2079
1522460 2080
1522470 2080
1522480 2080
1522490 2079
1522500 2079
1522510 2079
1522520 2079
1522530 2080
1522540 2080
1522550 2081
1522560 2085
1522570 2085
1522580 2085
1522590 2085
1522600 2085
1522610 2087
1522620 2086
1522630 2086
1522640 2086
1522650 2088
1522660 2088
1522670 2090
1522680 2094
1522690 2094
1522700 2096
1522710 2097
1522720 2097
1522730 2096
1522740 2093
1522750 2090
1522760 2090
1522770 2086
1522780 2080
1522790 2080
1522800 2075
1522810 2074
1522820 2074
1522830 2077
1522840 2077
1522850 2077
1522860 2075
1522870 2073
1522880 2073
1522890 2073
1522900 2071
1522910 2071
1522920 2068
1522930 2067
1522940 2067
1522950 2062
1522960 2062
1522970 2062
1522980 2060
1522990 2058
1523000 2058
1523010 2060
1523020 2060
1523030 2060
1523040 2060
1523050 2063
1523060 2066
1523070 2066
1523080 2068
1523090 2066
1523100 2066
1523110 2064
1523120 2065
1523130 2065
1523140 2063
1523150 2061
1523160 2061
1523170 2060
1523180 2060
1523190 2060
1523200 2060
1523210 2059
1523220 2059
1523230 2061
1523240 2062
1523250 2062
1523260 2061
1523270 2058
1523280 2058
1523290 2056
1523300 2055
1523310 2055
1523320 2053
1523330 2052
1523340 2052
1523350 2052
1523360 2050
1523370 2050
1523380 2046
1523390 2045
1523400 2042
1523410 2042
1523420 2039
1523430 2035
1523440 2035
1523450 2034
1523460 2033
1523470 2033
1523480 2032
1523490 2032
1523500 2032
1523510 2032
1523520 2033
1523530 2033
1523540 2033
1523550 2033
1523560 2033
1523570 2034
1523580 2033
1523590 2033
1523600 2034
1523610 2032
1523620 2032
1523630 2031
1523640 2029
1523650 2029
1523660 2027
1523670 2027
1523680 2027
1523690 2029
1523700 2030
1523710 2028
1523720 2028
1523730 2028
1523740 2027
1523750 2027
1523760 2027
1523770 2028
1523780 2028
1523790 2027
1523800 2026
1523810 2026
1523820 2026
1523830 2030
1523840 2030
1523850 2034
1523860 2036
1523870 2036
1523880 2036
1523890 2036
1523900 2036
1523910 2035
1523920 2036
1523930 2036
1523940 2039
1523950 2040
1523960 2040
1523970 2040
1523980 2038
1523990 2038
1524000 2034
1524010 2032
1524020 2032
1524030 2027
1524040 2022
1524050 2018
1524060 2018
1524070 2016
1524080 2016
1524090 2016
1524100 2016
1524110 2017
1524120 2017
1524130 2017
1524140 2016
1524150 2016
1524160 2015
1524170 2014
1524180 2014
1524190 2014
1524200 2013
1524210 2013
1524220 2014
1524230 2016
1524240 2016
1524250 2018
1524260 2017
1524270 2017
1524280 2014
1524290 2014
1524300 2014
1524310 2014
1524320 2013
1524330 2013
1524340 2013
1524350 2013
1524360 2014
1524370 2014
1524380 2014
1524390 2014
1524400 2014
1524410 2014
1524420 2013
1524430 2013
1524440 2012
1524450 2011
1524460 2011
1524470 2010
1524480 2012
1524490 2012
1524500 2013
1524510 2014
1524520 2014
1524530 2013
1524540 2013
1524550 2013
1524560 2015
1524570 2018
1524580 2018
1524590 2021
1524600 2022
1524610 2022
1524620 2021
1524630 2019
1524640 2019
1524650 2018
1524660 2016
1524670 2016
1524680 2015
1524690 2014
1524700 2012
1524710 2012
1524720 2009
1524730 2007
1524740 2007
1524750 2007
1524760 2006
1524770 2006
1524780 2003
1524790 1999
1524800 1999
1524810 1996
1524820 1992
1524830 1992
1524840 1990
1524850 1987
1524860 1987
1524870 1986
1524880 1986
1524890 1986
1524900 1987
1524910 1986
1524920 1986
1524930 1983
1524940 1983
1524950 1983
1524960 1986
1524970 1988
1524980 1988
1524990 1989
1525000 1992
1525010 1993
1525020 1993
1525030 1991
1525040 1993
1525050 1993
1525060 1995
1525070 1997
1525080 1997
1525090 1999
1525100 2000
1525110 2000
1525120 2002
1525130 2004
1525140 2004
1525150 2007
1525160 2008
1525170 2008
1525180 2010
1525190 2013
1525200 2013
1525210 2017
1525220 2020
1525230 2020
1525240 2024
1525250 2028
1525260 2028
1525270 2030
1525280 2030
1525290 2030
1525300 2028
1525310 2022
1525320 2022
1525330 2015
1525340 2012
1525350 2010
1525360 2010
1525370 2008
1525380 2004
1525390 2004
1525400 2001
1525410 1998
1525420 1998
1525430 1996
1525440 1996
1525450 1996
1525460 1995
1525470 1995
1525480 1995
1525490 1995
1525500 1995
1525510 1995
1525520 1996
1525530 1996
1525540 1996
1525550 1996
1525560 1994
1525570 1994
1525580 1993
1525590 1994
1525600 1994
1525610 1993
1525620 1993
1525630 1993
1525640 1993
1525650 1993
1525660 1993
1525670 1993
1525680 1992
1525690 1993
1525700 1993
1525710 1994
1525720 1995
1525730 1995
1525740 1995
1525750 1994
1525760 1994
1525770 1991
1525780 1989
1525790 1989
1525800 1989
1525810 1990
1525820 1990
1525830 1990
1525840 1987
1525850 1987
1525860 1985
1525870 1984
1525880 1984
1525890 1986
1525900 1987
1525910 1987
1525920 1987
1525930 1987
1525940 1987
1525950 1987
1525960 1988
1525970 1988
1525980 1989
1525990 1991
1526000 1992
1526010 1992
1526020 1993
1526030 1993
1526040 1993
1526050 1993
1526060 1992
1526070 1992
1526080 1993
1526090 1992
1526100 1992
1526110 1992
1526120 1991
1526130 1991
1526140 1992
1526150 1993
1526160 1993
1526170 1994
1526180 1994
1526190 1994
1526200 1994
1526210 1996
1526220 1996
1526230 1997
1526240 2000
1526250 2000
1526260 2000
1526270 2000
1526280 2000
1526290 1999
1526300 1997
1526310 1997
1526320 1997
1526330 1996
1526340 1998
1526350 1998
1526360 1999
1526370 1998
1526380 1998
1526390 1999
1526400 2000
1526410 2000
1526420 2000
1526430 1999
1526440 1999
1526450 1999
1526460 2000
1526470 2000
1526480 2004
1526490 2008
1526500 2008
1526510 2011
1526520 2014
1526530 2014
1526540 2015
1526550 2015
1526560 2015
1526570 2017
1526580 2017
1526590 2017
1526600 2017
1526610 2015
1526620 2015
1526630 2014
1526640 2013
1526650 2012
1526660 2012
1526670 2012
1526680 2012
1526690 2012
1526700 2011
1526710 2011
1526720 2008
1526730 2007
1526740 2005
1526750 2005
1526760 2000
1526770 1998
1526780 1998
1526790 1997
1526800 1996
1526810 1996
1526820 1995
1526830 1996
1526840 1996
1526850 1998
1526860 1998
1526870 1998
1526880 2000
1526890 2001
1526900 2001
1526910 1998
1526920 1992
1526930 1992
1526940 1987
1526950 1984
1526960 1983
1526970 1983
1526980 1983
1526990 1984
1527000 1984
1527010 1984
1527020 1986
1527030 1986
1527040 1987
1527050 1988
1527060 1988
1527070 1986
1527080 1984
1527090 1984
1527100 1983
1527110 1984
1527120 1984
1527130 1984
1527140 1983
1527150 1983
1527160 1982
1527170 1982
1527180 1982
1527190 1979
1527200 1975
1527210 1975
1527220 1973
1527230 1973
1527240 1973
1527250 1975
1527260 1977
1527270 1977
1527280 1978
1527290 1974
1527300 1970
1527310 1970
1527320 1968
1527330 1965
1527340 1965
1527350 1962
1527360 1959
1527370 1959
1527380 1959
1527390 1961
1527400 1961
1527410 1965
1527420 1967
1527430 1967
1527440 1965
1527450 1964
1527460 1964
1527470 1963
1527480 1962
1527490 1962
1527500 1962
1527510 1963
1527520 1963
1527530 1962
1527540 1961
1527550 1961
1527560 1960
1527570 1960
1527580 1960
1527590 1959
1527600 1959
1527610 1958
1527620 1958
1527630 1958
1527640 1959
1527650 1959
1527660 1959
1527670 1961
1527680 1961
1527690 1961
1527700 1961
1527710 1961
1527720 1958
1527730 1958
1527740 1958
1527750 1954
1527760 1948
1527770 1948
1527780 1945
1527790 1943
1527800 1943
1527810 1941
1527820 1939
1527830 1939
1527840 1938
1527850 1936
1527860 1936
1527870 1935
1527880 1936
1527890 1936
1527900 1934
1527910 1930
1527920 1930
1527930 1924
1527940 1921
1527950 1918
1527960 1918
1527970 1912
1527980 1908
1527990 1908
1528000 1901
1528010 1894
1528020 1894
1528030 1889
1528040 1887
1528050 1887
1528060 1885
1528070 1883
1528080 1883
1528090 1883
1528100 1883
1528110 1883
1528120 1884
1528130 1883
1528140 1883
1528150 1884
1528160 1885
1528170 1885
1528180 1889
1528190 1892
1528200 1892
1528210 1895
1528220 1893
1528230 1893
1528240 1892
1528250 1893
1528260 1893
1528270 1893
1528280 1892
1528290 1891
1528300 1891
1528310 1892
1528320 1893
1528330 1893
1528340 1895
1528350 1896
1528360 1896
1528370 1898
1528380 1897
1528390 1897
1528400 1895
1528410 1895
1528420 1895
1528430 1893
1528440 1891
1528450 1891
1528460 1889
1528470 1885
1528480 1885
1528490 1879
1528500 1878
1528510 1878
1528520 1879
1528530 1878
1528540 1878
1528550 1879
1528560 1878
1528570 1878
1528580 1879
1528590 1885
1528600 1890
1528610 1890
1528620 1892
1528630 1892
1528640 1892
1528650 1892
1528660 1891
1528670 1891
1528680 1888
1528690 1880
1528700 1880
1528710 1878
1528720 1881
1528730 1881
1528740 1885
1528750 1886
1528760 1886
1528770 1885
1528780 1883
1528790 1883
1528800 1883
1528810 1885
1528820 1885
1528830 1886
1528840 1888
1528850 1888
1528860 1888
1528870 1888
1528880 1888
1528890 1884
1528900 1884
1528910 1885
1528920 1885
1528930 1882
1528940 1881
1528950 1881
1528960 1880
1528970 1876
1528980 1876
1528990 1876
1529000 1880
1529010 1880
1529020 1882
1529030 1882
1529040 1882
1529050 1883
1529060 1884
1529070 1884
1529080 1884
1529090 1884
1529100 1884
1529110 1882
1529120 1885
1529130 1885
1529140 1887
1529150 1890
1529160 1890
1529170 1893
1529180 1894
1529190 1894
1529200 1894
1529210 1891
1529220 1891
1529230 1890
1529240 1890
1529250 1889
1529260 1889
1529270 1888
1529280 1888
1529290 1888
1529300 1891
1529310 1888
1529320 1888
1529330 1884
1529340 1878
1529350 1878
1529360 1870
1529370 1866
1529380 1866
1529390 1860
1529400 1857
1529410 1857
1529420 1855
1529430 1852
1529440 1852
1529450 1854
1529460 1854
1529470 1854
1529480 1852
1529490 1847
1529500 1847
1529510 1844
1529520 1844
1529530 1844
1529540 1844
1529550 1843
1529560 1846
1529570 1846
1529580 1849
1529590 1852
1529600 1852
1529610 1851
1529620 1852
1529630 1852
1529640 1855
1529650 1852
1529660 1852
1529670 1847
1529680 1838
1529690 1838
1529700 1830
1529710 1826
1529720 1826
1529730 1823
1529740 1820
1529750 1820
1529760 1818
1529770 1814
1529780 1814
1529790 1811
1529800 1808
1529810 1808
1529820 1807
1529830 1808
1529840 1808
1529850 1809
1529860 1811
1529870 1812
1529880 1812
1529890 1812
1529900 1814
1529910 1814
1529920 1816
1529930 1818
1529940 1818
1529950 1818
1529960 1818
1529970 1818
1529980 1816
1529990 1814
1530000 1814
1530010 1814
1530020 1814
1530030 1814
1530040 1813
1530050 1812
1530060 1812
1530070 1814
1530080 1815
1530090 1815
1530100 1820
1530110 1823
1530120 1823
1530130 1829
1530140 1831
1530150 1831
1530160 1830
1530170 1828
1530180 1828
1530190 1829
1530200 1832
1530210 1833
1530220 1833
1530230 1832
1530240 1832
1530250 1832
1530260 1837
1530270 1839
1530280 1839
1530290 1837
1530300 1835
1530310 1835
1530320 1834
1530330 1834
1530340 1834
1530350 1835
1530360 1834
1530370 1834
1530380 1832
1530390 1832
1530400 1832
1530410 1833
1530420 1840
1530430 1840
1530440 1841
1530450 1839
1530460 1839
1530470 1836
1530480 1832
1530490 1832
1530500 1829
1530510 1827
1530520 1823
1530530 1823
1530540 1824
1530550 1823
1530560 1823
1530570 1822
1530580 1821
1530590 1821
1530600 1821
1530610 1821
1530620 1821
1530630 1820
1530640 1822
1530650 1822
1530660 1824
1530670 1821
1530680 1821
1530690 1815
1530700 1808
1530710 1808
1530720 1809
1530730 1805
1530740 1805
1530750 1798
1530760 1795
1530770 1795
1530780 1793
1530790 1790
1530800 1790
1530810 1789
1530820 1788
1530830 1788
1530840 1784
1530850 1778
1530860 1772
1530870 1772
1530880 1767
1530890 1765
1530900 1765
1530910 1764
1530920 1762
1530930 1762
1530940 1761
1530950 1760
1530960 1760
1530970 1759
1530980 1758
1530990 1758
1531000 1757
1531010 1758
1531020 1758
1531030 1758
1531040 1759
1531050 1759
1531060 1761
1531070 1761
1531080 1761
1531090 1760
1531100 1760
1531110 1760
1531120 1761
1531130 1763
1531140 1763
1531150 1766
1531160 1766
1531170 1766
1531180 1766
1531190 1767
1531200 1768
1531210 1768
1531220 1771
1531230 1772
1531240 1772
1531250 1773
1531260 1774
1531270 1774
1531280 1775
1531290 1777
1531300 1777
1531310 1779
1531320 1783
1531330 1783
1531340 1783
1531350 1780
1531360 1780
1531370 1779
1531380 1781
1531390 1781
1531400 1785
1531410 1788
1531420 1788
1531430 1786
1531440 1787
1531450 1787
1531460 1791
1531470 1790
1531480 1790
1531490 1790
1531500 1792
1531510 1794
1531520 1794
1531530 1796
1531540 1800
1531550 1800
1531560 1804
1531570 1807
1531580 1807
1531590 1811
1531600 1814
1531610 1814
1531620 1817
1531630 1817
1531640 1817
1531650 1819
1531660 1825
1531670 1825
1531680 1828
1531690 1826
1531700 1826
1531710 1821
1531720 1820
1531730 1820
1531740 1823
1531750 1826
1531760 1826
1531770 1822
1531780 1821
1531790 1821
1531800 1824
1531810 1822
1531820 1825
1531830 1825
1531840 1829
1531850 1835
1531860 1835
1531870 1839
1531880 1842
1531890 1842
1531900 1843
1531910 1844
1531920 1844
1531930 1844
1531940 1843
1531950 1843
1531960 1844
1531970 1848
1531980 1848
1531990 1849
1532000 1847
1532010 1847
1532020 1847
1532030 1845
1532040 1845
1532050 1842
1532060 1838
1532070 1838
1532080 1831
1532090 1825
1532100 1825
1532110 1822
1532120 1820
1532130 1820
1532140 1815
1532150 1809
1532160 1807
1532170 1807
1532180 1809
1532190 1807
1532200 1807
1532210 1803
1532220 1807
1532230 1807
1532240 1813
1532250 1811
1532260 1811
1532270 1803
1532280 1798
1532290 1798
1532300 1790
1532310 1783
1532320 1783
1532330 1776
1532340 1771
1532350 1771
1532360 1767
1532370 1766
1532380 1766
1532390 1767
1532400 1770
1532410 1770
1532420 1771
1532430 1777
1532440 1777
1532450 1781
1532460 1782
1532470 1778
1532480 1778
1532490 1775
1532500 1778
1532510 1778
1532520 1784
1532530 1783
1532540 1783
1532550 1781
1532560 1778
1532570 1778
1532580 1783
1532590 1785
1532600 1785
1532610 1785
1532620 1786
1532630 1786
1532640 1784
1532650 1782
1532660 1782
1532670 1784
1532680 1785
1532690 1785
1532700 1784
1532710 1782
1532720 1782
1532730 1780
1532740 1780
1532750 1780
1532760 1777
1532770 1774
1532780 1774
1532790 1774
1532800 1777
1532810 1781
1532820 1781
1532830 1779
1532840 1779
1532850 1779
1532860 1784
1532870 1784
1532880 1784
1532890 1779
1532900 1772
1532910 1772
1532920 1764
1532930 1760
1532940 1760
1532950 1758
1532960 1758
1532970 1758
1532980 1754
1532990 1752
1533000 1752
1533010 1752
1533020 1753
1533030 1753
1533040 1753
1533050 1751
1533060 1751
1533070 1749
1533080 1749
1533090 1749
1533100 1751
1533110 1754
1533120 1757
1533130 1757
1533140 1760
1533150 1760
1533160 1760
1533170 1762
1533180 1765
1533190 1765
1533200 1764
1533210 1763
1533220 1763
1533230 1762
1533240 1764
1533250 1764
1533260 1768
1533270 1769
1533280 1769
1533290 1773
1533300 1775
1533310 1775
1533320 1775
1533330 1773
1533340 1773
1533350 1770
1533360 1765
1533370 1765
1533380 1760
1533390 1753
1533400 1753
1533410 1748
1533420 1747
1533430 1747
1533440 1749
1533450 1749
1533460 1748
1533470 1748
1533480 1747
1533490 1749
1533500 1749
1533510 1753
1533520 1752
1533530 1752
1533540 1746
1533550 1745
1533560 1745
1533570 1746
1533580 1748
1533590 1748
1533600 1746
1533610 1743
1533620 1743
1533630 1740
1533640 1734
1533650 1734
1533660 1716
1533670 1709
1533680 1709
1533690 1710
1533700 1709
1533710 1709
1533720 1708
1533730 1712
1533740 1712
1533750 1719
1533760 1721
1533770 1728
1533780 1728
1533790 1729
1533800 1727
1533810 1727
1533820 1724
1533830 1719
1533840 1719
1533850 1720
1533860 1722
1533870 1722
1533880 1721
1533890 1719
1533900 1719
1533910 1716
1533920 1713
1533930 1713
1533940 1709
1533950 1707
1533960 1707
1533970 1710
1533980 1713
1533990 1713
1534000 1715
1534010 1715
1534020 1715
1534030 1715
1534040 1713
1534050 1713
1534060 1715
1534070 1720
1534080 1720
1534090 1723
1534100 1726
1534110 1731
1534120 1731
1534130 1732
1534140 1730
1534150 1730
1534160 1729
1534170 1731
1534180 1731
1534190 1732
1534200 1734
1534210 1734
1534220 1733
1534230 1731
1534240 1731
1534250 1727
1534260 1722
1534270 1722
1534280 1722
1534290 1720
1534300 1720
1534310 1715
1534320 1714
1534330 1714
1534340 1714
1534350 1711
1534360 1711
1534370 1710
1534380 1707
1534390 1707
1534400 1705
1534410 1703
1534420 1700
1534430 1700
1534440 1698
1534450 1699
1534460 1699
1534470 1701
1534480 1703
1534490 1703
1534500 1705
1534510 1705
1534520 1705
1534530 1703
1534540 1701
1534550 1701
1534560 1700
1534570 1699
1534580 1699
1534590 1694
1534600 1689
1534610 1689
1534620 1685
1534630 1683
1534640 1683
1534650 1684
1534660 1685
1534670 1685
1534680 1688
1534690 1692
1534700 1692
1534710 1695
1534720 1698
1534730 1698
1534740 1698
1534750 1701
1534760 1704
1534770 1704
1534780 1706
1534790 1712
1534800 1712
1534810 1712
1534820 1711
1534830 1711
1534840 1714
1534850 1715
1534860 1715
1534870 1717
1534880 1722
1534890 1722
1534900 1730
1534910 1735
1534920 1735
1534930 1737
1534940 1740
1534950 1740
1534960 1738
1534970 1739
1534980 1739
1534990 1741
1535000 1740
1535010 1731
1535020 1732
1535030 1735
1535040 1735
1535050 1742
1535060 1747
1535070 1751
1535080 1751
1535090 1750
1535100 1747
1535110 1747
1535120 1744
1535130 1739
1535140 1739
1535150 1735
1535160 1728
1535170 1728
1535180 1719
1535190 1711
1535200 1711
1535210 1699
1535220 1688
1535230 1688
1535240 1683
1535250 1681
1535260 1681
1535270 1682
1535280 1681
1535290 1681
1535300 1679
1535310 1672
1535320 1672
1535330 1668
1535340 1661
1535350 1661
1535360 1648
1535370 1631
1535380 1631
1535390 1622
1535400 1617
1535410 1612
1535420 1612
1535430 1608
1535440 1605
1535450 1605
1535460 1602
1535470 1600
1535480 1600
1535490 1600
1535500 1601
1535510 1601
1535520 1601
1535530 1602
1535540 1602
1535550 1604
1535560 1607
1535570 1607
1535580 1609
1535590 1609
1535600 1609
1535610 1609
1535620 1608
1535630 1608
1535640 1606
1535650 1606
1535660 1606
1535670 1605
1535680 1605
1535690 1605
1535700 1605
1535710 1602
1535720 1601
1535730 1601
1535740 1603
1535750 1602
1535760 1602
1535770 1600
1535780 1599
1535790 1599
1535800 1598
1535810 1598
1535820 1598
1535830 1598
1535840 1597
1535850 1597
1535860 1597
1535870 1597
1535880 1597
1535890 1597
1535900 1594
1535910 1594
1535920 1589
1535930 1585
1535940 1585
1535950 1584
1535960 1581
1535970 1581
1535980 1576
1535990 1570
1536000 1570
1536010 1563
1536020 1557
1536030 1557
1536040 1551
1536050 1545
1536060 1538
1536070 1538
1536080 1533
1536090 1524
1536100 1524
1536110 1517
1536120 1511
1536130 1511
1536140 1506
1536150 1498
1536160 1498
1536170 1493
1536180 1489
1536190 1489
1536200 1486
1536210 1485
1536220 1485
1536230 1484
1536240 1483
1536250 1483
1536260 1480
1536270 1479
1536280 1479
1536290 1480
1536300 1480
1536310 1480
1536320 1481
1536330 1482
1536340 1482
1536350 1481
1536360 1480
1536370 1478
1536380 1478
1536390 1477
1536400 1475
1536410 1475
1536420 1472
1536430 1468
1536440 1468
1536450 1467
1536460 1469
1536470 1469
1536480 1470
1536490 1471
1536500 1471
1536510 1472
1536520 1473
1536530 1473
1536540 1472
1536550 1460
1536560 1460
1536570 1451
1536580 1450
1536590 1450
1536600 1451
1536610 1452
1536620 1452
1536630 1454
1536640 1454
1536650 1454
1536660 1451
1536670 1451
1536680 1451
1536690 1451
1536700 1449
1536710 1445
1536720 1445
1536730 1444
1536740 1446
1536750 1446
1536760 1445
1536770 1445
1536780 1445
1536790 1443
1536800 1441
1536810 1441
1536820 1441
1536830 1440
1536840 1440
1536850 1437
1536860 1435
1536870 1435
1536880 1433
1536890 1431
1536900 1431
1536910 1429
1536920 1428
1536930 1428
1536940 1429
1536950 1429
1536960 1429
1536970 1426
1536980 1424
1536990 1424
1537000 1425
1537010 1427
1537020 1426
1537030 1426
1537040 1425
1537050 1428
1537060 1428
1537070 1429
1537080 1432
1537090 1432
1537100 1431
1537110 1433
1537120 1433
1537130 1435
1537140 1438
1537150 1438
1537160 1437
1537170 1435
1537180 1435
1537190 1433
1537200 1430
1537210 1430
1537220 1432
1537230 1431
1537240 1431
1537250 1427
1537260 1419
1537270 1419
1537280 1409
1537290 1403
1537300 1403
1537310 1401
1537320 1397
1537330 1397
1537340 1392
1537350 1390
1537360 1389
1537370 1389
1537380 1390
1537390 1392
1537400 1392
1537410 1395
1537420 1395
1537430 1395
1537440 1396
1537450 1396
1537460 1396
1537470 1398
1537480 1398
1537490 1398
1537500 1400
1537510 1404
1537520 1404
1537530 1410
1537540 1413
1537550 1413
1537560 1413
1537570 1412
1537580 1412
1537590 1411
1537600 1409
1537610 1409
1537620 1408
1537630 1408
1537640 1408
1537650 1407
1537660 1407
1537670 1408
1537680 1408
1537690 1409
1537700 1410
1537710 1410
1537720 1412
1537730 1414
1537740 1414
1537750 1414
1537760 1415
1537770 1415
1537780 1415
1537790 1417
1537800 1417
1537810 1419
1537820 1419
1537830 1419
1537840 1422
1537850 1422
1537860 1422
1537870 1421
1537880 1422
1537890 1422
1537900 1422
1537910 1421
1537920 1421
1537930 1420
1537940 1422
1537950 1422
1537960 1424
1537970 1427
1537980 1427
1537990 1433
1538000 1441
1538010 1449
1538020 1449
1538030 1455
1538040 1460
1538050 1460
1538060 1462
1538070 1464
1538080 1464
1538090 1468
1538100 1470
1538110 1470
1538120 1471
1538130 1471
1538140 1471
1538150 1473
1538160 1478
1538170 1478
1538180 1480
1538190 1485
1538200 1485
1538210 1489
1538220 1492
1538230 1492
1538240 1493
1538250 1495
1538260 1495
1538270 1498
1538280 1500
1538290 1500
1538300 1501
1538310 1503
1538320 1507
1538330 1507
1538340 1509
1538350 1511
1538360 1511
1538370 1513
1538380 1515
1538390 1515
1538400 1517
1538410 1519
1538420 1519
1538430 1520
1538440 1522
1538450 1522
1538460 1522
1538470 1523
1538480 1523
1538490 1528
1538500 1530
1538510 1530
1538520 1533
1538530 1537
1538540 1537
1538550 1539
1538560 1541
1538570 1541
1538580 1542
1538590 1542
1538600 1542
1538610 1540
1538620 1537
1538630 1537
1538640 1534
1538650 1529
1538660 1520
1538670 1520
1538680 1512
1538690 1507
1538700 1507
1538710 1504
1538720 1502
1538730 1502
1538740 1497
1538750 1494
1538760 1494
1538770 1487
1538780 1482
1538790 1482
1538800 1480
1538810 1476
1538820 1476
1538830 1470
1538840 1469
1538850 1469
1538860 1470
1538870 1463
1538880 1463
1538890 1454
1538900 1453
1538910 1453
1538920 1447
1538930 1445
1538940 1445
1538950 1442
1538960 1438
1538970 1437
1538980 1437
1538990 1436
1539000 1435
1539010 1435
1539020 1436
1539030 1437
1539040 1437
1539050 1436
1539060 1435
1539070 1435
1539080 1433
1539090 1430
1539100 1430
1539110 1429
1539120 1427
1539130 1427
1539140 1426
1539150 1424
1539160 1424
1539170 1423
1539180 1422
1539190 1422
1539200 1423
1539210 1422
1539220 1422
1539230 1422
1539240 1421
1539250 1421
1539260 1419
1539270 1417
1539280 1414
1539290 1414
1539300 1411
1539310 1410
1539320 1410
1539330 1407
1539340 1405
1539350 1405
1539360 1402
1539370 1398
1539380 1398
1539390 1396
1539400 1394
1539410 1394
1539420 1394
1539430 1394
1539440 1394
1539450 1393
1539460 1390
1539470 1390
1539480 1387
1539490 1385
1539500 1385
1539510 1383
1539520 1384
1539530 1384
1539540 1388
1539550 1392
1539560 1392
1539570 1395
1539580 1397
1539590 1397
1539600 1399
1539610 1402
1539620 1404
1539630 1404
1539640 1406
1539650 1406
1539660 1406
1539670 1406
1539680 1407
1539690 1407
1539700 1406
1539710 1405
1539720 1405
1539730 1403
1539740 1401
1539750 1401
1539760 1400
1539770 1399
1539780 1399
1539790 1397
1539800 1395
1539810 1395
1539820 1394
1539830 1392
1539840 1392
1539850 1383
1539860 1380
1539870 1380
1539880 1378
1539890 1376
1539900 1376
1539910 1374
1539920 1374
1539930 1373
1539940 1373
1539950 1372
1539960 1371
1539970 1371
1539980 1369
1539990 1369
