1520000 1720
1520010 1718
1520020 1718
1520030 1716
1520040 1715
1520050 1715
1520060 1712
1520070 1711
1520080 1711
1520090 1711
1520100 1712
1520110 1712
1520120 1714
1520130 1716
1520140 1716
1520150 1716
1520160 1716
1520170 1716
1520180 1715
1520190 1716
1520200 1717
1520210 1715
1520220 1713
1520230 1713
1520240 1712
1520250 1713
1520260 1713
1520270 1714
1520280 1715
1520290 1716
1520300 1716
1520310 1717
1520320 1717
1520330 1717
1520340 1718
1520350 1720
1520360 1720
1520370 1720
1520380 1721
1520390 1721
1520400 1724
1520410 1726
1520420 1726
1520430 1728
1520440 1730
1520450 1730
1520460 1731
1520470 1732
1520480 1732
1520490 1732
1520500 1734
1520510 1734
1520520 1734
1520530 1735
1520540 1735
1520550 1737
1520560 1739
1520570 1739
1520580 1741
1520590 1742
1520600 1742
1520610 1738
1520620 1733
1520630 1732
1520640 1732
1520650 1733
1520660 1736
1520670 1736
1520680 1740
1520690 1745
1520700 1745
1520710 1749
1520720 1754
1520730 1754
1520740 1756
1520750 1759
1520760 1759
1520770 1762
1520780 1763
1520790 1763
1520800 1763
1520810 1763
1520820 1763
1520830 1763
1520840 1762
1520850 1762
1520860 1760
1520870 1758
1520880 1758
1520890 1756
1520900 1756
1520910 1756
1520920 1757
1520930 1758
1520940 1758
1520950 1758
1520960 1757
1520970 1756
1520980 1756
1520990 1756
1521000 1755
1521010 1755
1521020 1755
1521030 1755
1521040 1755
1521050 1756
1521060 1753
1521070 1753
1521080 1752
1521090 1751
1521100 1751
1521110 1751
1521120 1753
1521130 1753
1521140 1756
1521150 1759
1521160 1759
1521170 1759
1521180 1759
1521190 1759
1521200 1760
1521210 1759
1521220 1759
1521230 1757
1521240 1754
1521250 1754
1521260 1750
1521270 1747
1521280 1747
1521290 1746
1521300 1743
1521310 1736
1521320 1736
1521330 1729
1521340 1718
1521350 1718
1521360 1709
1521370 1704
1521380 1704
1521390 1702
1521400 1701
1521410 1701
1521420 1699
1521430 1697
1521440 1697
1521450 1695
1521460 1693
1521470 1693
1521480 1691
1521490 1690
1521500 1690
1521510 1690
1521520 1691
1521530 1691
1521540 1690
1521550 1695
1521560 1695
1521570 1697
1521580 1696
1521590 1696
1521600 1694
1521610 1694
1521620 1694
1521630 1695
1521640 1697
1521650 1697
1521660 1697
1521670 1700
1521680 1700
1521690 1700
1521700 1700
1521710 1699
1521720 1699
1521730 1700
1521740 1700
1521750 1700
1521760 1701
1521770 1701
1521780 1701
1521790 1705
1521800 1708
1521810 1708
1521820 1715
1521830 1723
1521840 1723
1521850 1731
1521860 1736
1521870 1736
1521880 1740
1521890 1743
1521900 1743
1521910 1747
1521920 1750
1521930 1750
1521940 1754
1521950 1755
1521960 1755
1521970 1756
1521980 1758
1521990 1758
1522000 1760
1522010 1763
1522020 1768
1522030 1768
1522040 1771
1522050 1775
1522060 1775
1522070 1777
1522080 1777
1522090 1777
1522100 1776
1522110 1773
1522120 1773
1522130 1773
1522140 1774
1522150 1774
1522160 1772
1522170 1774
1522180 1774
1522190 1775
1522200 1777
1522210 1777
1522220 1777
1522230 1777
1522240 1777
1522250 1777
1522260 1775
1522270 1775
1522280 1775
1522290 1775
1522300 1775
1522310 1771
1522320 1768
1522330 1768
1522340 1762
1522350 1758
1522360 1749
1522370 1749
1522380 1747
1522390 1751
1522400 1751
1522410 1751
1522420 1749
1522430 1749
1522440 1742
1522450 1738
1522460 1738
1522470 1734
1522480 1729
1522490 1729
1522500 1725
1522510 1721
1522520 1721
1522530 1715
1522540 1708
1522550 1708
1522560 1704
1522570 1699
1522580 1699
1522590 1691
1522600 1685
1522610 1685
1522620 1682
1522630 1682
1522640 1682
1522650 1681
1522660 1679
1522670 1679
1522680 1676
1522690 1671
1522700 1671
1522710 1657
1522720 1650
1522730 1651
1522740 1651
1522750 1653
1522760 1649
1522770 1649
1522780 1647
1522790 1645
1522800 1645
1522810 1640
1522820 1634
1522830 1634
1522840 1629
1522850 1623
1522860 1623
1522870 1616
1522880 1614
1522890 1614
1522900 1612
1522910 1613
1522920 1613
1522930 1613
1522940 1613
1522950 1613
1522960 1613
1522970 1611
1522980 1611
1522990 1610
1523000 1612
1523010 1612
1523020 1613
1523030 1616
1523040 1616
1523050 1617
1523060 1621
1523070 1623
1523080 1623
1523090 1633
1523100 1639
1523110 1639
1523120 1645
1523130 1646
1523140 1646
1523150 1649
1523160 1651
1523170 1651
1523180 1652
1523190 1654
1523200 1654
1523210 1658
1523220 1660
1523230 1660
1523240 1660
1523250 1662
1523260 1662
1523270 1667
1523280 1671
1523290 1671
1523300 1683
1523310 1695
1523320 1695
1523330 1707
1523340 1716
1523350 1716
1523360 1724
1523370 1725
1523380 1725
1523390 1730
1523400 1733
1523410 1735
1523420 1735
1523430 1737
1523440 1743
1523450 1743
1523460 1753
1523470 1757
1523480 1757
1523490 1763
1523500 1764
1523510 1764
1523520 1765
1523530 1766
1523540 1766
1523550 1768
1523560 1774
1523570 1774
1523580 1780
1523590 1788
1523600 1788
1523610 1808
1523620 1821
1523630 1809
1523640 1823
1523650 1836
1523660 1836
1523670 1848
1523680 1869
1523690 1869
1523700 1882
1523710 1890
1523720 1890
1523730 1899
1523740 1908
1523750 1910
1523760 1910
1523770 1915
1523780 1921
1523790 1921
1523800 1926
1523810 1931
1523820 1931
1523830 1940
1523840 1948
1523850 1948
1523860 1958
1523870 1971
1523880 1971
1523890 1978
1523900 1984
1523910 1984
1523920 1991
1523930 1998
1523940 1998
1523950 2004
1523960 2010
1523970 2010
1523980 2015
1523990 2019
1524000 2019
1524010 2023
1524020 2026
1524030 2026
1524040 2029
1524050 2031
1524060 2031
1524070 2034
1524080 2035
1524090 2035
1524100 2037
1524110 2037
1524120 2039
1524130 2039
1524140 2042
1524150 2045
1524160 2045
1524170 2049
1524180 2050
1524190 2050
1524200 2054
1524210 2056
1524220 2056
1524230 2057
1524240 2058
1524250 2058
1524260 2059
1524270 2060
1524280 2060
1524290 2061
1524300 2060
1524310 2060
1524320 2059
1524330 2056
1524340 2056
1524350 2059
1524360 2059
1524370 2059
1524380 2054
1524390 2049
1524400 2049
1524410 2045
1524420 2042
1524430 2042
1524440 2041
1524450 2036
1524460 2025
1524470 2025
1524480 2016
1524490 2007
1524500 2007
1524510 1998
1524520 1989
1524530 1989
1524540 1981
1524550 1972
1524560 1972
1524570 1966
1524580 1960
1524590 1960
1524600 1953
1524610 1945
1524620 1945
1524630 1937
1524640 1928
1524650 1928
1524660 1919
1524670 1909
1524680 1909
1524690 1901
1524700 1894
1524710 1894
1524720 1882
1524730 1867
1524740 1867
1524750 1845
1524760 1808
1524770 1808
1524780 1792
1524790 1784
1524800 1774
1524810 1774
1524820 1765
1524830 1759
1524840 1759
1524850 1753
1524860 1746
1524870 1746
1524880 1741
1524890 1737
1524900 1737
1524910 1735
1524920 1733
1524930 1733
1524940 1734
1524950 1736
1524960 1736
1524970 1736
1524980 1737
1524990 1737
1525000 1738
1525010 1737
1525020 1737
1525030 1737
1525040 1736
1525050 1736
1525060 1736
1525070 1733
1525080 1733
1525090 1730
1525100 1727
1525110 1727
1525120 1725
1525130 1724
1525140 1719
1525150 1719
1525160 1714
1525170 1714
1525180 1714
1525190 1711
1525200 1712
1525210 1712
1525220 1720
1525230 1722
1525240 1722
1525250 1735
1525260 1740
1525270 1740
1525280 1742
1525290 1743
1525300 1743
1525310 1744
1525320 1745
1525330 1745
1525340 1744
1525350 1742
1525360 1742
1525370 1741
1525380 1740
1525390 1740
1525400 1742
1525410 1741
1525420 1741
1525430 1742
1525440 1744
1525450 1744
1525460 1747
1525470 1749
1525480 1749
1525490 1749
1525500 1749
1525510 1748
1525520 1748
1525530 1745
1525540 1750
1525550 1750
1525560 1751
1525570 1751
1525580 1751
1525590 1753
1525600 1758
1525610 1758
1525620 1760
1525630 1764
1525640 1764
1525650 1767
1525660 1769
1525670 1769
1525680 1772
1525690 1772
1525700 1772
1525710 1775
1525720 1775
1525730 1775
1525740 1779
1525750 1783
1525760 1783
1525770 1783
1525780 1781
1525790 1781
1525800 1780
1525810 1778
1525820 1778
1525830 1779
1525840 1778
1525850 1774
1525860 1774
1525870 1770
1525880 1769
1525890 1769
1525900 1769
1525910 1766
1525920 1766
1525930 1762
1525940 1760
1525950 1760
1525960 1760
1525970 1760
1525980 1760
1525990 1760
1526000 1760
1526010 1760
1526020 1763
1526030 1768
1526040 1768
1526050 1770
1526060 1772
1526070 1772
1526080 1772
1526090 1774
1526100 1774
1526110 1775
1526120 1774
1526130 1774
1526140 1774
1526150 1775
1526160 1775
1526170 1774
1526180 1774
1526190 1776
1526200 1776
1526210 1777
1526220 1778
1526230 1778
1526240 1779
1526250 1780
1526260 1780
1526270 1777
1526280 1777
1526290 1777
1526300 1776
1526310 1776
1526320 1776
1526330 1774
1526340 1774
1526350 1774
1526360 1775
1526370 1776
1526380 1776
1526390 1778
1526400 1781
1526410 1781
1526420 1783
1526430 1784
1526440 1784
1526450 1787
1526460 1790
1526470 1790
1526480 1792
1526490 1795
1526500 1795
1526510 1798
1526520 1801
1526530 1801
1526540 1801
1526550 1805
1526560 1809
1526570 1809
1526580 1813
1526590 1817
1526600 1817
1526610 1819
1526620 1824
1526630 1824
1526640 1830
1526650 1834
1526660 1834
1526670 1834
1526680 1833
1526690 1833
1526700 1836
1526710 1835
1526720 1835
1526730 1827
1526740 1820
1526750 1820
1526760 1815
1526770 1807
1526780 1807
1526790 1807
1526800 1800
1526810 1800
1526820 1798
1526830 1794
1526840 1794
1526850 1789
1526860 1784
1526870 1784
1526880 1781
1526890 1780
1526900 1778
1526910 1778
1526920 1775
1526930 1773
1526940 1773
1526950 1772
1526960 1771
1526970 1771
1526980 1773
1526990 1775
1527000 1775
1527010 1779
1527020 1782
1527030 1782
1527040 1787
1527050 1791
1527060 1791
1527070 1795
1527080 1797
1527090 1797
1527100 1800
1527110 1801
1527120 1801
1527130 1806
1527140 1807
1527150 1807
1527160 1811
1527170 1814
1527180 1814
1527190 1814
1527200 1818
1527210 1818
1527220 1818
1527230 1821
1527240 1824
1527250 1824
1527260 1824
1527270 1825
1527280 1825
1527290 1828
1527300 1836
1527310 1836
1527320 1839
1527330 1841
1527340 1841
1527350 1847
1527360 1857
1527370 1857
1527380 1864
1527390 1863
1527400 1863
1527410 1861
1527420 1857
1527430 1857
1527440 1852
1527450 1857
1527460 1857
1527470 1860
1527480 1861
1527490 1861
1527500 1863
1527510 1866
1527520 1866
1527530 1869
1527540 1870
1527550 1870
1527560 1870
1527570 1868
1527580 1863
1527590 1863
1527600 1859
1527610 1856
1527620 1856
1527630 1852
1527640 1850
1527650 1850
1527660 1846
1527670 1846
1527680 1846
1527690 1851
1527700 1852
1527710 1852
1527720 1853
1527730 1851
1527740 1851
1527750 1847
1527760 1848
1527770 1848
1527780 1848
1527790 1851
1527800 1851
1527810 1848
1527820 1846
1527830 1846
1527840 1854
1527850 1861
1527860 1861
1527870 1868
1527880 1876
1527890 1876
1527900 1882
1527910 1888
1527920 1888
1527930 1887
1527940 1884
1527950 1881
1527960 1881
1527970 1884
1527980 1884
1527990 1884
1528000 1881
1528010 1877
1528020 1877
1528030 1883
1528040 1885
1528050 1885
1528060 1888
1528070 1893
1528080 1893
1528090 1895
1528100 1897
1528110 1897
1528120 1901
1528130 1902
1528140 1902
1528150 1903
1528160 1903
1528170 1903
1528180 1904
1528190 1906
1528200 1906
1528210 1903
1528220 1902
1528230 1902
1528240 1899
1528250 1897
1528260 1897
1528270 1894
1528280 1892
1528290 1893
1528300 1893
1528310 1899
1528320 1904
1528330 1904
1528340 1907
1528350 1908
1528360 1908
1528370 1908
1528380 1907
1528390 1907
1528400 1908
1528410 1909
1528420 1909
1528430 1907
1528440 1909
1528450 1909
1528460 1907
1528470 1906
1528480 1906
1528490 1905
1528500 1905
1528510 1905
1528520 1906
1528530 1911
1528540 1911
1528550 1912
1528560 1910
1528570 1910
1528580 1910
1528590 1909
1528600 1909
1528610 1908
1528620 1905
1528630 1902
1528640 1902
1528650 1898
1528660 1896
1528670 1896
1528680 1893
1528690 1888
1528700 1888
1528710 1886
1528720 1889
1528730 1889
1528740 1893
1528750 1897
1528760 1897
1528770 1901
1528780 1902
1528790 1902
1528800 1903
1528810 1904
1528820 1904
1528830 1909
1528840 1915
1528850 1915
1528860 1918
1528870 1919
1528880 1919
1528890 1921
1528900 1925
1528910 1925
1528920 1931
1528930 1937
1528940 1937
1528950 1942
1528960 1950
1528970 1956
1528980 1956
1528990 1960
1529000 1964
1529010 1964
1529020 1968
1529030 1970
1529040 1970
1529050 1969
1529060 1962
1529070 1962
1529080 1949
1529090 1936
1529100 1936
1529110 1926
1529120 1918
1529130 1918
1529140 1912
1529150 1906
1529160 1906
1529170 1901
1529180 1898
1529190 1898
1529200 1895
1529210 1893
1529220 1893
1529230 1892
1529240 1890
1529250 1890
1529260 1889
1529270 1888
1529280 1888
1529290 1885
1529300 1884
1529310 1884
1529320 1882
1529330 1881
1529340 1879
1529350 1879
1529360 1875
1529370 1871
1529380 1871
1529390 1863
1529400 1864
1529410 1864
1529420 1865
1529430 1864
1529440 1864
1529450 1863
1529460 1859
1529470 1859
1529480 1852
1529490 1844
1529500 1844
1529510 1849
1529520 1849
1529530 1849
1529540 1847
1529550 1843
1529560 1843
1529570 1841
1529580 1838
1529590 1838
1529600 1831
1529610 1822
1529620 1822
1529630 1819
1529640 1814
1529650 1814
1529660 1813
1529670 1810
1529680 1803
1529690 1803
1529700 1802
1529710 1800
1529720 1800
1529730 1795
1529740 1787
1529750 1787
1529760 1770
1529770 1773
1529780 1773
1529790 1772
1529800 1773
1529810 1773
1529820 1771
1529830 1767
1529840 1767
1529850 1759
1529860 1754
1529870 1754
1529880 1750
1529890 1748
1529900 1748
1529910 1748
1529920 1744
1529930 1744
1529940 1745
1529950 1745
1529960 1745
1529970 1739
1529980 1745
1529990 1745
1530000 1745
1530010 1747
1530020 1749
1530030 1749
1530040 1747
1530050 1745
1530060 1745
1530070 1741
1530080 1741
1530090 1741
1530100 1741
1530110 1738
1530120 1738
1530130 1730
1530140 1727
1530150 1727
1530160 1726
1530170 1725
1530180 1725
1530190 1724
1530200 1723
1530210 1723
1530220 1721
1530230 1717
1530240 1717
1530250 1713
1530260 1710
1530270 1710
1530280 1708
1530290 1703
1530300 1703
1530310 1700
1530320 1694
1530330 1694
1530340 1695
1530350 1701
1530360 1701
1530370 1701
1530380 1697
1530390 1698
1530400 1698
1530410 1696
1530420 1693
1530430 1693
1530440 1689
1530450 1683
1530460 1683
1530470 1680
1530480 1676
1530490 1676
1530500 1671
1530510 1668
1530520 1668
1530530 1669
1530540 1672
1530550 1672
1530560 1676
1530570 1673
1530580 1673
1530590 1669
1530600 1666
1530610 1666
1530620 1663
1530630 1659
1530640 1659
1530650 1654
1530660 1651
1530670 1651
1530680 1644
1530690 1637
1530700 1637
1530710 1632
1530720 1631
1530730 1628
1530740 1628
1530750 1624
1530760 1617
1530770 1617
1530780 1592
1530790 1573
1530800 1573
1530810 1559
1530820 1549
1530830 1549
1530840 1543
1530850 1537
1530860 1537
1530870 1531
1530880 1525
1530890 1525
1530900 1519
1530910 1513
1530920 1513
1530930 1508
1530940 1502
1530950 1502
1530960 1497
1530970 1494
1530980 1494
1530990 1493
1531000 1491
1531010 1491
1531020 1490
1531030 1491
1531040 1491
1531050 1489
1531060 1484
1531070 1482
1531080 1482
1531090 1484
1531100 1482
1531110 1482
1531120 1475
1531130 1470
1531140 1470
1531150 1465
1531160 1459
1531170 1459
1531180 1454
1531190 1451
1531200 1451
1531210 1450
1531220 1451
1531230 1451
1531240 1449
1531250 1447
1531260 1447
1531270 1444
1531280 1444
1531290 1444
1531300 1447
1531310 1454
1531320 1454
1531330 1459
1531340 1464
1531350 1464
1531360 1466
1531370 1468
1531380 1468
1531390 1469
1531400 1469
1531410 1466
1531420 1466
1531430 1463
1531440 1458
1531450 1458
1531460 1453
1531470 1452
1531480 1452
1531490 1453
1531500 1457
1531510 1457
1531520 1462
1531530 1466
1531540 1466
1531550 1471
1531560 1475
1531570 1475
1531580 1478
1531590 1484
1531600 1484
1531610 1491
1531620 1500
1531630 1500
1531640 1507
1531650 1521
1531660 1521
1531670 1535
1531680 1544
1531690 1544
1531700 1553
1531710 1560
1531720 1560
1531730 1574
1531740 1585
1531750 1585
1531760 1590
1531770 1594
1531780 1601
1531790 1601
1531800 1607
1531810 1611
1531820 1611
1531830 1612
1531840 1610
1531850 1610
1531860 1611
1531870 1611
1531880 1611
1531890 1610
1531900 1608
1531910 1608
1531920 1606
1531930 1607
1531940 1607
1531950 1609
1531960 1610
1531970 1610
1531980 1609
1531990 1608
1532000 1608
1532010 1609
1532020 1610
1532030 1610
1532040 1612
1532050 1612
1532060 1612
1532070 1614
1532080 1616
1532090 1616
1532100 1619
1532110 1621
1532120 1624
1532130 1624
1532140 1625
1532150 1623
1532160 1623
1532170 1622
1532180 1620
1532190 1620
1532200 1616
1532210 1615
1532220 1615
1532230 1613
1532240 1610
1532250 1610
1532260 1610
1532270 1614
1532280 1614
1532290 1622
1532300 1632
1532310 1632
1532320 1643
1532330 1651
1532340 1651
1532350 1654
1532360 1656
1532370 1656
1532380 1657
1532390 1655
1532400 1655
1532410 1653
1532420 1652
1532430 1652
1532440 1648
1532450 1643
1532460 1643
1532470 1643
1532480 1643
1532490 1643
1532500 1643
1532510 1642
1532520 1648
1532530 1648
1532540 1651
1532550 1653
1532560 1653
1532570 1652
1532580 1651
1532590 1651
1532600 1656
1532610 1660
1532620 1660
1532630 1663
1532640 1663
1532650 1663
1532660 1658
1532670 1657
1532680 1657
1532690 1659
1532700 1657
1532710 1657
1532720 1653
1532730 1648
1532740 1648
1532750 1645
1532760 1649
1532770 1649
1532780 1654
1532790 1656
1532800 1661
1532810 1661
1532820 1664
1532830 1663
1532840 1663
1532850 1665
1532860 1667
1532870 1667
1532880 1668
1532890 1671
1532900 1671
1532910 1673
1532920 1674
1532930 1674
1532940 1674
1532950 1671
1532960 1671
1532970 1673
1532980 1679
1532990 1679
1533000 1681
1533010 1681
1533020 1681
1533030 1684
1533040 1686
1533050 1686
1533060 1687
1533070 1685
1533080 1685
1533090 1679
1533100 1673
1533110 1673
1533120 1669
1533130 1669
1533140 1669
1533150 1668
1533160 1668
1533170 1667
1533180 1667
1533190 1666
1533200 1670
1533210 1670
1533220 1674
1533230 1675
1533240 1675
1533250 1673
1533260 1670
1533270 1670
1533280 1669
1533290 1667
1533300 1667
1533310 1669
1533320 1668
1533330 1668
1533340 1664
1533350 1659
1533360 1659
1533370 1656
1533380 1656
1533390 1656
1533400 1658
1533410 1658
1533420 1658
1533430 1653
1533440 1649
1533450 1649
1533460 1646
1533470 1641
1533480 1641
1533490 1639
1533500 1639
1533510 1637
1533520 1637
1533530 1636
1533540 1636
1533550 1636
1533560 1639
1533570 1642
1533580 1642
1533590 1645
1533600 1646
1533610 1646
1533620 1649
1533630 1655
1533640 1655
1533650 1659
1533660 1665
1533670 1665
1533680 1674
1533690 1686
1533700 1686
1533710 1691
1533720 1695
1533730 1695
1533740 1699
1533750 1697
1533760 1697
1533770 1694
1533780 1696
1533790 1696
1533800 1695
1533810 1697
1533820 1697
1533830 1699
1533840 1705
1533850 1708
1533860 1708
1533870 1712
1533880 1715
1533890 1715
1533900 1719
1533910 1725
1533920 1725
1533930 1731
1533940 1737
1533950 1737
1533960 1742
1533970 1744
1533980 1744
1533990 1743
1534000 1743
1534010 1743
1534020 1744
1534030 1745
1534040 1745
1534050 1742
1534060 1739
1534070 1739
1534080 1736
1534090 1733
1534100 1733
1534110 1728
1534120 1725
1534130 1725
1534140 1727
1534150 1728
1534160 1728
1534170 1726
1534180 1724
1534190 1722
1534200 1722
1534210 1721
1534220 1719
1534230 1719
1534240 1719
1534250 1719
1534260 1719
1534270 1719
1534280 1716
1534290 1716
1534300 1717
1534310 1717
1534320 1717
1534330 1715
1534340 1714
1534350 1714
1534360 1715
1534370 1714
1534380 1714
1534390 1712
1534400 1711
1534410 1711
1534420 1711
1534430 1712
1534440 1712
1534450 1713
1534460 1714
1534470 1714
1534480 1716
1534490 1717
1534500 1717
1534510 1718
1534520 1718
1534530 1718
1534540 1718
1534550 1718
1534560 1714
1534570 1714
1534580 1709
1534590 1707
1534600 1707
1534610 1708
1534620 1712
1534630 1712
1534640 1715
1534650 1717
1534660 1717
1534670 1716
1534680 1715
1534690 1715
1534700 1713
1534710 1715
1534720 1715
1534730 1720
1534740 1720
1534750 1720
1534760 1720
1534770 1723
1534780 1723
1534790 1727
1534800 1732
1534810 1732
1534820 1735
1534830 1735
1534840 1735
1534850 1737
1534860 1736
1534870 1736
1534880 1734
1534890 1733
1534900 1732
1534910 1732
1534920 1732
1534930 1733
1534940 1733
1534950 1731
1534960 1731
1534970 1731
1534980 1736
1534990 1739
1535000 1739
1535010 1741
1535020 1746
1535030 1746
1535040 1749
1535050 1752
1535060 1752
1535070 1750
1535080 1752
1535090 1752
1535100 1751
1535110 1748
1535120 1748
1535130 1744
1535140 1747
1535150 1747
1535160 1753
1535170 1756
1535180 1756
1535190 1758
1535200 1759
1535210 1759
1535220 1760
1535230 1759
1535240 1763
1535250 1763
1535260 1770
1535270 1771
1535280 1771
1535290 1772
1535300 1773
1535310 1773
1535320 1776
1535330 1777
1535340 1777
1535350 1775
1535360 1777
1535370 1777
1535380 1777
1535390 1775
1535400 1775
1535410 1771
1535420 1770
1535430 1770
1535440 1769
1535450 1767
1535460 1767
1535470 1769
1535480 1769
1535490 1769
1535500 1770
1535510 1771
1535520 1771
1535530 1770
1535540 1769
1535550 1769
1535560 1771
1535570 1769
1535580 1769
1535590 1772
1535600 1773
1535610 1774
1535620 1774
1535630 1771
1535640 1770
1535650 1770
1535660 1775
1535670 1778
1535680 1778
1535690 1781
1535700 1786
1535710 1786
1535720 1790
1535730 1792
1535740 1792
1535750 1793
1535760 1795
1535770 1795
1535780 1796
1535790 1795
1535800 1795
1535810 1796
1535820 1798
1535830 1798
1535840 1801
1535850 1804
1535860 1804
1535870 1805
1535880 1806
1535890 1806
1535900 1802
1535910 1798
1535920 1798
1535930 1794
1535940 1791
1535950 1791
1535960 1791
1535970 1789
1535980 1788
1535990 1788
1536000 1788
1536010 1783
1536020 1783
1536030 1779
1536040 1779
1536050 1779
1536060 1781
1536070 1784
1536080 1784
1536090 1791
1536100 1793
1536110 1793
1536120 1794
1536130 1792
1536140 1792
1536150 1792
1536160 1793
1536170 1793
1536180 1794
1536190 1794
1536200 1794
1536210 1788
1536220 1782
1536230 1782
1536240 1780
1536250 1780
1536260 1780
1536270 1778
1536280 1780
1536290 1777
1536300 1777
1536310 1776
1536320 1773
1536330 1773
1536340 1771
1536350 1769
1536360 1769
1536370 1766
1536380 1765
1536390 1765
1536400 1764
1536410 1762
1536420 1762
1536430 1761
1536440 1759
1536450 1759
1536460 1757
1536470 1755
1536480 1755
1536490 1754
1536500 1752
1536510 1752
1536520 1748
1536530 1744
1536540 1744
1536550 1738
1536560 1732
1536570 1732
1536580 1725
1536590 1716
1536600 1716
1536610 1710
1536620 1705
1536630 1704
1536640 1704
1536650 1703
1536660 1701
1536670 1701
1536680 1699
1536690 1699
1536700 1699
1536710 1700
1536720 1698
1536730 1698
1536740 1696
1536750 1693
1536760 1693
1536770 1690
1536780 1684
1536790 1684
1536800 1679
1536810 1676
1536820 1676
1536830 1674
1536840 1672
1536850 1672
1536860 1668
1536870 1667
1536880 1667
1536890 1663
1536900 1659
1536910 1659
1536920 1662
1536930 1666
1536940 1666
1536950 1670
1536960 1668
1536970 1668
1536980 1668
1536990 1667
1537000 1664
1537010 1664
1537020 1667
1537030 1669
1537040 1669
1537050 1669
1537060 1666
1537070 1666
1537080 1664
1537090 1661
1537100 1661
1537110 1658
1537120 1658
1537130 1658
1537140 1658
1537150 1658
1537160 1658
1537170 1655
1537180 1650
1537190 1650
1537200 1644
1537210 1640
1537220 1640
1537230 1637
1537240 1630
1537250 1630
1537260 1621
1537270 1617
1537280 1617
1537290 1616
1537300 1611
1537310 1611
1537320 1608
1537330 1611
1537340 1622
1537350 1622
1537360 1644
1537370 1657
1537380 1657
1537390 1661
1537400 1659
1537410 1659
1537420 1656
1537430 1651
1537440 1651
1537450 1643
1537460 1638
1537470 1638
1537480 1636
1537490 1637
1537500 1637
1537510 1633
1537520 1631
1537530 1631
1537540 1628
1537550 1619
1537560 1619
1537570 1616
1537580 1612
1537590 1612
1537600 1608
1537610 1604
1537620 1604
1537630 1600
1537640 1595
1537650 1595
1537660 1591
1537670 1587
1537680 1583
1537690 1583
1537700 1582
1537710 1580
1537720 1580
1537730 1576
1537740 1574
1537750 1574
1537760 1573
1537770 1570
1537780 1570
1537790 1567
1537800 1564
1537810 1564
1537820 1566
1537830 1564
1537840 1564
1537850 1564
1537860 1563
1537870 1563
1537880 1562
1537890 1562
1537900 1562
1537910 1559
1537920 1556
1537930 1556
1537940 1557
1537950 1558
1537960 1558
1537970 1558
1537980 1556
1537990 1556
1538000 1549
1538010 1546
1538020 1547
1538030 1547
1538040 1544
1538050 1542
1538060 1542
1538070 1541
1538080 1539
1538090 1539
1538100 1536
1538110 1531
1538120 1531
1538130 1531
1538140 1530
1538150 1530
1538160 1530
1538170 1530
1538180 1530
1538190 1527
1538200 1528
1538210 1528
1538220 1530
1538230 1531
1538240 1531
1538250 1533
1538260 1536
1538270 1536
1538280 1537
1538290 1537
1538300 1537
1538310 1539
1538320 1541
1538330 1541
1538340 1542
1538350 1544
1538360 1544
1538370 1542
1538380 1540
1538390 1537
1538400 1537
1538410 1536
1538420 1530
1538430 1530
1538440 1528
1538450 1528
1538460 1528
1538470 1526
1538480 1524
1538490 1524
1538500 1519
1538510 1512
1538520 1512
1538530 1504
1538540 1500
1538550 1500
1538560 1496
1538570 1493
1538580 1493
1538590 1490
1538600 1488
1538610 1488
1538620 1483
1538630 1479
1538640 1479
1538650 1473
1538660 1469
1538670 1469
1538680 1468
1538690 1465
1538700 1465
1538710 1461
1538720 1456
1538730 1449
1538740 1449
1538750 1445
1538760 1444
1538770 1444
1538780 1444
1538790 1446
1538800 1446
1538810 1451
1538820 1460
1538830 1460
1538840 1466
1538850 1468
1538860 1468
1538870 1471
1538880 1477
1538890 1477
1538900 1477
1538910 1478
1538920 1478
1538930 1480
1538940 1481
1538950 1481
1538960 1484
1538970 1486
1538980 1486
1538990 1488
1539000 1491
1539010 1491
1539020 1492
1539030 1491
1539040 1491
1539050 1490
1539060 1493
1539070 1501
1539080 1501
1539090 1505
1539100 1507
1539110 1507
1539120 1510
1539130 1516
1539140 1516
1539150 1521
1539160 1526
1539170 1526
1539180 1526
1539190 1526
1539200 1526
1539210 1526
1539220 1523
1539230 1523
1539240 1518
1539250 1514
1539260 1514
1539270 1510
1539280 1510
1539290 1510
1539300 1511
1539310 1514
1539320 1514
1539330 1519
1539340 1524
1539350 1524
1539360 1529
1539370 1535
1539380 1535
1539390 1540
1539400 1543
1539410 1544
1539420 1544
1539430 1542
1539440 1540
1539450 1540
1539460 1538
1539470 1538
1539480 1538
1539490 1537
1539500 1536
1539510 1536
1539520 1532
1539530 1529
1539540 1529
1539550 1526
1539560 1525
1539570 1525
1539580 1524
1539590 1521
1539600 1521
1539610 1517
1539620 1513
1539630 1513
1539640 1508
1539650 1504
1539660 1504
1539670 1504
1539680 1505
1539690 1505
1539700 1505
1539710 1506
1539720 1506
1539730 1506
1539740 1504
1539750 1504
1539760 1498
1539770 1494
1539780 1493
1539790 1493
1539800 1494
1539810 1500
1539820 1500
1539830 1501
1539840 1502
1539850 1502
1539860 1501
1539870 1500
1539880 1500
1539890 1500
1539900 1503
1539910 1506
1539920 1505
1539930 1503
1539940 1503
1539950 1501
1539960 1500
1539970 1500
1539980 1502
1539990 1504
