1520000 1194
1520010 1181
1520020 1169
1520030 1155
1520040 1155
1520050 1141
1520060 1124
1520070 1124
1520080 1109
1520090 1091
1520100 1091
1520110 1079
1520120 1071
1520130 1071
1520140 1061
1520150 1056
1520160 1056
1520170 1064
1520180 1071
1520190 1071
1520200 1072
1520210 1073
1520220 1073
1520230 1075
1520240 1078
1520250 1078
1520260 1082
1520270 1082
1520280 1082
1520290 1081
1520300 1079
1520310 1079
1520320 1078
1520330 1077
1520340 1077
1520350 1077
1520360 1088
1520370 1105
1520380 1105
1520390 1112
1520400 1115
1520410 1115
1520420 1120
1520430 1126
1520440 1126
1520450 1126
1520460 1101
1520470 1101
1520480 1059
1520490 1042
1520500 1042
1520510 1034
1520520 1024
1520530 1024
1520540 1022
1520550 1019
1520560 1019
1520570 1010
1520580 974
1520590 974
1520600 964
1520610 985
1520620 985
1520630 1030
1520640 1044
1520650 1044
1520660 1031
1520670 1025
1520680 1025
1520690 1024
1520700 1025
1520710 1025
1520720 1025
1520730 1028
1520740 1023
1520750 1023
1520760 1033
1520770 1049
1520780 1049
1520790 1067
1520800 1090
1520810 1090
1520820 1114
1520830 1134
1520840 1134
1520850 1169
1520860 1192
1520870 1192
1520880 1209
1520890 1226
1520900 1226
1520910 1232
1520920 1234
1520930 1234
1520940 1233
1520950 1230
1520960 1230
1520970 1230
1520980 1237
1520990 1237
1521000 1257
1521010 1283
1521020 1283
1521030 1296
1521040 1315
1521050 1315
1521060 1336
1521070 1364
1521080 1385
1521090 1385
1521100 1405
1521110 1429
1521120 1429
1521130 1474
1521140 1552
1521150 1552
1521160 1590
1521170 1614
1521180 1614
1521190 1641
1521200 1661
1521210 1661
1521220 1667
1521230 1671
1521240 1671
1521250 1671
1521260 1672
1521270 1672
1521280 1671
1521290 1673
1521300 1673
1521310 1675
1521320 1674
1521330 1674
1521340 1671
1521350 1669
1521360 1669
1521370 1666
1521380 1664
1521390 1664
1521400 1664
1521410 1661
1521420 1658
1521430 1658
1521440 1655
1521450 1652
1521460 1652
1521470 1642
1521480 1635
1521490 1635
1521500 1627
1521510 1621
1521520 1621
1521530 1616
1521540 1613
1521550 1613
1521560 1609
1521570 1605
1521580 1605
1521590 1602
1521600 1594
1521610 1594
1521620 1588
1521630 1580
1521640 1580
1521650 1572
1521660 1563
1521670 1563
1521680 1557
1521690 1551
1521700 1551
1521710 1541
1521720 1534
1521730 1534
1521740 1525
1521750 1514
1521760 1514
1521770 1504
1521780 1493
1521790 1481
1521800 1481
1521810 1467
1521820 1444
1521830 1444
1521840 1423
1521850 1407
1521860 1407
1521870 1397
1521880 1389
1521890 1389
1521900 1381
1521910 1369
1521920 1369
1521930 1324
1521940 1286
1521950 1286
1521960 1247
1521970 1229
1521980 1229
1521990 1224
1522000 1223
1522010 1223
1522020 1222
1522030 1220
1522040 1220
1522050 1217
1522060 1214
1522070 1214
1522080 1211
1522090 1208
1522100 1208
1522110 1207
1522120 1208
1522130 1211
1522140 1211
1522150 1213
1522160 1218
1522170 1218
1522180 1229
1522190 1257
1522200 1257
1522210 1253
1522220 1249
1522230 1249
1522240 1249
1522250 1250
1522260 1250
1522270 1248
1522280 1242
1522290 1242
1522300 1246
1522310 1250
1522320 1250
1522330 1256
1522340 1260
1522350 1260
1522360 1263
1522370 1263
1522380 1263
1522390 1261
1522400 1258
1522410 1258
1522420 1253
1522430 1251
1522440 1251
1522450 1249
1522460 1247
1522470 1247
1522480 1243
1522490 1237
1522500 1223
1522510 1223
1522520 1215
1522530 1212
1522540 1212
1522550 1213
1522560 1214
1522570 1214
1522580 1218
1522590 1222
1522600 1222
1522610 1220
1522620 1220
1522630 1220
1522640 1221
1522650 1222
1522660 1222
1522670 1223
1522680 1223
1522690 1223
1522700 1223
1522710 1221
1522720 1221
1522730 1222
1522740 1224
1522750 1224
1522760 1225
1522770 1227
1522780 1227
1522790 1228
1522800 1228
1522810 1228
1522820 1229
1522830 1230
1522840 1230
1522850 1230
1522860 1233
1522870 1241
1522880 1241
1522890 1269
1522900 1289
1522910 1289
1522920 1300
1522930 1305
1522940 1305
1522950 1311
1522960 1316
1522970 1316
1522980 1318
1522990 1320
1523000 1320
1523010 1329
1523020 1335
1523030 1335
1523040 1339
1523050 1341
1523060 1341
1523070 1342
1523080 1344
1523090 1344
1523100 1348
1523110 1353
1523120 1353
1523130 1356
1523140 1356
1523150 1356
1523160 1348
1523170 1346
1523180 1346
1523190 1346
1523200 1357
1523210 1360
1523220 1360
1523230 1360
1523240 1361
1523250 1361
1523260 1363
1523270 1364
1523280 1364
1523290 1367
1523300 1369
1523310 1369
1523320 1372
1523330 1374
1523340 1374
1523350 1366
1523360 1365
1523370 1365
1523380 1368
1523390 1368
1523400 1368
1523410 1368
1523420 1369
1523430 1369
1523440 1370
1523450 1372
1523460 1372
1523470 1372
1523480 1371
1523490 1371
1523500 1370
1523510 1370
1523520 1370
1523530 1372
1523540 1374
1523550 1373
1523560 1373
1523570 1371
1523580 1371
1523590 1371
1523600 1368
1523610 1361
1523620 1361
1523630 1357
1523640 1351
1523650 1351
1523660 1346
1523670 1342
1523680 1342
1523690 1339
1523700 1335
1523710 1335
1523720 1331
1523730 1329
1523740 1329
1523750 1329
1523760 1332
1523770 1332
1523780 1335
1523790 1337
1523800 1337
1523810 1341
1523820 1341
1523830 1341
1523840 1340
1523850 1338
1523860 1338
1523870 1327
1523880 1313
1523890 1309
1523900 1309
1523910 1309
1523920 1311
1523930 1311
1523940 1315
1523950 1319
1523960 1319
1523970 1322
1523980 1327
1523990 1327
1524000 1328
1524010 1327
1524020 1327
1524030 1325
1524040 1323
1524050 1323
1524060 1322
1524070 1320
1524080 1320
1524090 1317
1524100 1315
1524110 1315
1524120 1313
1524130 1312
1524140 1312
1524150 1310
1524160 1306
1524170 1306
1524180 1302
1524190 1298
1524200 1298
1524210 1295
1524220 1291
1524230 1291
1524240 1284
1524250 1272
1524260 1263
1524270 1263
1524280 1253
1524290 1246
1524300 1246
1524310 1243
1524320 1241
1524330 1241
1524340 1240
1524350 1240
1524360 1240
1524370 1240
1524380 1241
1524390 1241
1524400 1242
1524410 1242
1524420 1242
1524430 1242
1524440 1240
1524450 1240
1524460 1238
1524470 1236
1524480 1236
1524490 1234
1524500 1233
1524510 1233
1524520 1231
1524530 1230
1524540 1230
1524550 1229
1524560 1228
1524570 1228
1524580 1228
1524590 1228
1524600 1228
1524610 1228
1524620 1229
1524630 1234
1524640 1234
1524650 1247
1524660 1261
1524670 1261
1524680 1267
1524690 1270
1524700 1270
1524710 1275
1524720 1279
1524730 1279
1524740 1279
1524750 1278
1524760 1278
1524770 1276
1524780 1271
1524790 1271
1524800 1251
1524810 1240
1524820 1240
1524830 1235
1524840 1235
1524850 1235
1524860 1234
1524870 1230
1524880 1230
1524890 1233
1524900 1240
1524910 1240
1524920 1244
1524930 1245
1524940 1245
1524950 1245
1524960 1245
1524970 1243
1524980 1243
1524990 1240
1525000 1238
1525010 1238
1525020 1239
1525030 1241
1525040 1241
1525050 1243
1525060 1245
1525070 1245
1525080 1247
1525090 1248
1525100 1248
1525110 1245
1525120 1242
1525130 1242
1525140 1240
1525150 1240
1525160 1240
1525170 1239
1525180 1238
1525190 1238
1525200 1238
1525210 1237
1525220 1237
1525230 1237
1525240 1236
1525250 1236
1525260 1237
1525270 1237
1525280 1237
1525290 1236
1525300 1235
1525310 1234
1525320 1234
1525330 1233
1525340 1231
1525350 1231
1525360 1232
1525370 1234
1525380 1234
1525390 1239
1525400 1248
1525410 1248
1525420 1262
1525430 1286
1525440 1286
1525450 1320
1525460 1362
1525470 1362
1525480 1384
1525490 1396
1525500 1396
1525510 1402
1525520 1407
1525530 1407
1525540 1411
1525550 1418
1525560 1418
1525570 1425
1525580 1437
1525590 1437
1525600 1445
1525610 1452
1525620 1452
1525630 1462
1525640 1473
1525650 1479
1525660 1479
1525670 1485
1525680 1491
1525690 1491
1525700 1497
1525710 1506
1525720 1506
1525730 1513
1525740 1522
1525750 1522
1525760 1529
1525770 1530
1525780 1530
1525790 1528
1525800 1526
1525810 1526
1525820 1525
1525830 1522
1525840 1522
1525850 1517
1525860 1513
1525870 1513
1525880 1507
1525890 1501
1525900 1501
1525910 1495
1525920 1487
1525930 1487
1525940 1478
1525950 1466
1525960 1466
1525970 1455
1525980 1448
1525990 1448
1526000 1441
1526010 1430
1526020 1403
1526030 1403
1526040 1377
1526050 1353
1526060 1353
1526070 1329
1526080 1293
1526090 1293
1526100 1277
1526110 1272
1526120 1272
1526130 1269
1526140 1267
1526150 1267
1526160 1265
1526170 1264
1526180 1264
1526190 1266
1526200 1268
1526210 1268
1526220 1268
1526230 1267
1526240 1267
1526250 1265
1526260 1265
1526270 1265
1526280 1266
1526290 1269
1526300 1269
1526310 1274
1526320 1282
1526330 1282
1526340 1271
1526350 1266
1526360 1264
1526370 1264
1526380 1264
1526390 1266
1526400 1266
1526410 1271
1526420 1278
1526430 1278
1526440 1289
1526450 1295
1526460 1295
1526470 1299
1526480 1298
1526490 1298
1526500 1295
1526510 1292
1526520 1292
1526530 1289
1526540 1290
1526550 1290
1526560 1296
1526570 1300
1526580 1300
1526590 1304
1526600 1309
1526610 1309
1526620 1314
1526630 1315
1526640 1315
1526650 1315
1526660 1317
1526670 1317
1526680 1318
1526690 1312
1526700 1312
1526710 1306
1526720 1306
1526730 1313
1526740 1313
1526750 1326
1526760 1332
1526770 1332
1526780 1334
1526790 1336
1526800 1336
1526810 1337
1526820 1337
1526830 1337
1526840 1336
1526850 1336
1526860 1336
1526870 1337
1526880 1338
1526890 1338
1526900 1342
1526910 1345
1526920 1345
1526930 1346
1526940 1346
1526950 1346
1526960 1347
1526970 1353
1526980 1353
1526990 1355
1527000 1359
1527010 1359
1527020 1365
1527030 1377
1527040 1377
1527050 1389
1527060 1404
1527070 1419
1527080 1419
1527090 1430
1527100 1444
1527110 1444
1527120 1462
1527130 1479
1527140 1479
1527150 1484
1527160 1499
1527170 1499
1527180 1509
1527190 1520
1527200 1520
1527210 1527
1527220 1534
1527230 1534
1527240 1540
1527250 1546
1527260 1546
1527270 1554
1527280 1568
1527290 1568
1527300 1579
1527310 1587
1527320 1587
1527330 1593
1527340 1599
1527350 1599
1527360 1605
1527370 1617
1527380 1617
1527390 1626
1527400 1632
1527410 1632
1527420 1638
1527430 1644
1527440 1653
1527450 1653
1527460 1659
1527470 1663
1527480 1663
1527490 1665
1527500 1669
1527510 1669
1527520 1675
1527530 1681
1527540 1681
1527550 1684
1527560 1687
1527570 1687
1527580 1689
1527590 1692
1527600 1692
1527610 1699
1527620 1707
1527630 1707
1527640 1710
1527650 1710
1527660 1710
1527670 1712
1527680 1712
1527690 1712
1527700 1711
1527710 1709
1527720 1709
1527730 1710
1527740 1711
1527750 1711
1527760 1710
1527770 1708
1527780 1705
1527790 1705
1527800 1701
1527810 1700
1527820 1700
1527830 1701
1527840 1702
1527850 1702
1527860 1702
1527870 1704
1527880 1704
1527890 1705
1527900 1706
1527910 1706
1527920 1708
1527930 1707
1527940 1707
1527950 1709
1527960 1710
1527970 1710
1527980 1712
1527990 1714
1528000 1714
1528010 1714
1528020 1715
1528030 1715
1528040 1716
1528050 1720
1528060 1720
1528070 1722
1528080 1722
1528090 1722
1528100 1720
1528110 1719
1528120 1721
1528130 1721
1528140 1722
1528150 1726
1528160 1726
1528170 1734
1528180 1736
1528190 1736
1528200 1736
1528210 1735
1528220 1735
1528230 1733
1528240 1732
1528250 1732
1528260 1731
1528270 1731
1528280 1731
1528290 1728
1528300 1725
1528310 1725
1528320 1721
1528330 1716
1528340 1716
1528350 1710
1528360 1704
1528370 1704
1528380 1697
1528390 1692
1528400 1692
1528410 1689
1528420 1690
1528430 1690
1528440 1688
1528450 1683
1528460 1683
1528470 1680
1528480 1678
1528490 1677
1528500 1677
1528510 1678
1528520 1679
1528530 1679
1528540 1681
1528550 1683
1528560 1683
1528570 1685
1528580 1687
1528590 1687
1528600 1688
1528610 1690
1528620 1690
1528630 1692
1528640 1696
1528650 1696
1528660 1701
1528670 1707
1528680 1707
1528690 1719
1528700 1728
1528710 1728
1528720 1735
1528730 1742
1528740 1742
1528750 1748
1528760 1750
1528770 1750
1528780 1751
1528790 1753
1528800 1753
1528810 1755
1528820 1759
1528830 1764
1528840 1764
1528850 1768
1528860 1772
1528870 1772
1528880 1776
1528890 1782
1528900 1782
1528910 1790
1528920 1794
1528930 1794
1528940 1802
1528950 1811
1528960 1811
1528970 1816
1528980 1822
1528990 1822
1529000 1826
1529010 1831
1529020 1831
1529030 1838
1529040 1843
1529050 1843
1529060 1849
1529070 1854
1529080 1854
1529090 1858
1529100 1862
1529110 1862
1529120 1866
1529130 1869
1529140 1869
1529150 1873
1529160 1877
1529170 1877
1529180 1882
1529190 1887
1529200 1893
1529210 1893
1529220 1897
1529230 1901
1529240 1901
1529250 1903
1529260 1903
1529270 1903
1529280 1896
1529290 1886
1529300 1887
1529310 1875
1529320 1866
1529330 1866
1529340 1857
1529350 1839
1529360 1839
1529370 1822
1529380 1810
1529390 1810
1529400 1801
1529410 1793
1529420 1793
1529430 1785
1529440 1777
1529450 1777
1529460 1770
1529470 1764
1529480 1764
1529490 1758
1529500 1753
1529510 1753
1529520 1747
1529530 1741
1529540 1736
1529550 1736
1529560 1730
1529570 1726
1529580 1726
1529590 1723
1529600 1721
1529610 1721
1529620 1718
1529630 1717
1529640 1717
1529650 1715
1529660 1712
1529670 1712
1529680 1713
1529690 1716
1529700 1716
1529710 1717
1529720 1719
1529730 1719
1529740 1720
1529750 1720
1529760 1720
1529770 1719
1529780 1716
1529790 1716
1529800 1713
1529810 1710
1529820 1710
1529830 1709
1529840 1706
1529850 1706
1529860 1703
1529870 1700
1529880 1700
1529890 1696
1529900 1693
1529910 1690
1529920 1690
1529930 1686
1529940 1681
1529950 1681
1529960 1678
1529970 1682
1529980 1682
1529990 1681
1530000 1679
1530010 1679
1530020 1675
1530030 1671
1530040 1671
1530050 1669
1530060 1667
1530070 1667
1530080 1665
1530090 1662
1530100 1662
1530110 1660
1530120 1664
1530130 1664
1530140 1664
1530150 1661
1530160 1661
1530170 1658
1530180 1654
1530190 1654
1530200 1649
1530210 1640
1530220 1640
1530230 1640
1530240 1641
1530250 1642
1530260 1642
1530270 1642
1530280 1638
1530290 1638
1530300 1630
1530310 1625
1530320 1625
1530330 1624
1530340 1623
1530350 1623
1530360 1620
1530370 1616
1530380 1616
1530390 1614
1530400 1610
1530410 1610
1530420 1599
1530430 1592
1530440 1592
1530450 1588
1530460 1580
1530470 1580
1530480 1558
1530490 1543
1530500 1543
1530510 1536
1530520 1533
1530530 1533
1530540 1530
1530550 1523
1530560 1523
1530570 1515
1530580 1505
1530590 1500
1530600 1500
1530610 1494
1530620 1483
1530630 1483
1530640 1475
1530650 1461
1530660 1461
1530670 1434
1530680 1428
1530690 1428
1530700 1421
1530710 1414
1530720 1414
1530730 1401
1530740 1387
1530750 1387
1530760 1381
1530770 1375
1530780 1375
1530790 1371
1530800 1365
1530810 1365
1530820 1361
1530830 1355
1530840 1355
1530850 1352
1530860 1349
1530870 1349
1530880 1347
1530890 1346
1530900 1346
1530910 1348
1530920 1350
1530930 1350
1530940 1350
1530950 1351
1530960 1351
1530970 1351
1530980 1351
1530990 1354
1531000 1354
1531010 1352
1531020 1347
1531030 1347
1531040 1342
1531050 1339
1531060 1339
1531070 1338
1531080 1339
1531090 1339
1531100 1343
1531110 1341
1531120 1341
1531130 1340
1531140 1341
1531150 1341
1531160 1341
1531170 1341
1531180 1341
1531190 1341
1531200 1345
1531210 1345
1531220 1348
1531230 1352
1531240 1352
1531250 1354
1531260 1358
1531270 1358
1531280 1362
1531290 1368
1531300 1374
1531310 1374
1531320 1381
1531330 1388
1531340 1388
1531350 1395
1531360 1406
1531370 1406
1531380 1431
1531390 1440
1531400 1440
1531410 1450
1531420 1460
1531430 1460
1531440 1467
1531450 1475
1531460 1475
1531470 1486
1531480 1500
1531490 1500
1531500 1504
1531510 1513
1531520 1513
1531530 1523
1531540 1529
1531550 1529
1531560 1536
1531570 1544
1531580 1544
1531590 1545
1531600 1546
1531610 1546
1531620 1547
1531630 1545
1531640 1545
1531650 1546
1531660 1544
1531670 1546
1531680 1546
1531690 1552
1531700 1553
1531710 1553
1531720 1553
1531730 1557
1531740 1557
1531750 1557
1531760 1553
1531770 1553
1531780 1553
1531790 1554
1531800 1554
1531810 1555
1531820 1559
1531830 1559
1531840 1566
1531850 1573
1531860 1573
1531870 1580
1531880 1581
1531890 1581
1531900 1582
1531910 1584
1531920 1584
1531930 1586
1531940 1585
1531950 1585
1531960 1587
1531970 1585
1531980 1585
1531990 1588
1532000 1584
1532010 1580
1532020 1580
1532030 1581
1532040 1585
1532050 1585
1532060 1588
1532070 1591
1532080 1589
1532090 1591
1532100 1588
1532110 1588
1532120 1586
1532130 1588
1532140 1588
1532150 1587
1532160 1585
1532170 1585
1532180 1581
1532190 1577
1532200 1577
1532210 1575
1532220 1576
1532230 1576
1532240 1576
1532250 1572
1532260 1572
1532270 1571
1532280 1575
1532290 1575
1532300 1576
1532310 1576
1532320 1576
1532330 1570
1532340 1578
1532350 1579
1532360 1579
1532370 1580
1532380 1583
1532390 1583
1532400 1584
1532410 1584
1532420 1584
1532430 1586
1532440 1585
1532450 1585
1532460 1583
1532470 1585
1532480 1585
1532490 1583
1532500 1581
1532510 1581
1532520 1583
1532530 1581
1532540 1581
1532550 1582
1532560 1583
1532570 1583
1532580 1585
1532590 1586
1532600 1586
1532610 1586
1532620 1585
1532630 1585
1532640 1584
1532650 1580
1532660 1580
1532670 1580
1532680 1579
1532690 1579
1532700 1582
1532710 1587
1532720 1592
1532730 1592
1532740 1596
1532750 1594
1532760 1594
1532770 1595
1532780 1593
1532790 1593
1532800 1591
1532810 1599
1532820 1599
1532830 1602
1532840 1604
1532850 1604
1532860 1603
1532870 1605
1532880 1605
1532890 1613
1532900 1620
1532910 1620
1532920 1624
1532930 1620
1532940 1620
1532950 1618
1532960 1618
1532970 1618
1532980 1624
1532990 1630
1533000 1630
1533010 1632
1533020 1632
1533030 1632
1533040 1633
1533050 1635
1533060 1637
1533070 1637
1533080 1641
1533090 1641
1533100 1641
1533110 1642
1533120 1636
1533130 1636
1533140 1636
1533150 1637
1533160 1637
1533170 1634
1533180 1634
1533190 1634
1533200 1636
1533210 1638
1533220 1638
1533230 1638
1533240 1640
1533250 1640
1533260 1646
1533270 1653
1533280 1653
1533290 1652
1533300 1649
1533310 1649
1533320 1651
1533330 1652
1533340 1652
1533350 1657
1533360 1662
1533370 1662
1533380 1663
1533390 1664
1533400 1664
1533410 1667
1533420 1669
1533430 1670
1533440 1670
1533450 1674
1533460 1677
1533470 1677
1533480 1674
1533490 1674
1533500 1674
1533510 1672
1533520 1668
1533530 1668
1533540 1665
1533550 1669
1533560 1669
1533570 1677
1533580 1680
1533590 1680
1533600 1685
1533610 1686
1533620 1686
1533630 1693
1533640 1695
1533650 1695
1533660 1698
1533670 1697
1533680 1697
1533690 1698
1533700 1699
1533710 1699
1533720 1704
1533730 1705
1533740 1705
1533750 1705
1533760 1702
1533770 1704
1533780 1704
1533790 1706
1533800 1708
1533810 1708
1533820 1710
1533830 1709
1533840 1709
1533850 1708
1533860 1707
1533870 1707
1533880 1706
1533890 1707
1533900 1707
1533910 1709
1533920 1708
1533930 1708
1533940 1710
1533950 1715
1533960 1715
1533970 1716
1533980 1713
1533990 1713
1534000 1710
1534010 1715
1534020 1715
1534030 1717
1534040 1717
1534050 1717
1534060 1718
1534070 1717
1534080 1717
1534090 1717
1534100 1716
1534110 1716
1534120 1711
1534130 1714
1534140 1719
1534150 1719
1534160 1721
1534170 1719
1534180 1719
1534190 1716
1534200 1718
1534210 1718
1534220 1719
1534230 1722
1534240 1722
1534250 1721
1534260 1723
1534270 1723
1534280 1724
1534290 1725
1534300 1725
1534310 1725
1534320 1728
1534330 1728
1534340 1731
1534350 1736
1534360 1736
1534370 1740
1534380 1740
1534390 1740
1534400 1745
1534410 1745
1534420 1745
1534430 1743
1534440 1744
1534450 1744
1534460 1747
1534470 1751
1534480 1753
1534490 1753
1534500 1752
1534510 1750
1534520 1750
1534530 1750
1534540 1751
1534550 1751
1534560 1747
1534570 1745
1534580 1745
1534590 1745
1534600 1746
1534610 1746
1534620 1746
1534630 1745
1534640 1745
1534650 1743
1534660 1743
1534670 1743
1534680 1742
1534690 1741
1534700 1741
1534710 1740
1534720 1738
1534730 1738
1534740 1738
1534750 1736
1534760 1736
1534770 1735
1534780 1733
1534790 1733
1534800 1726
1534810 1725
1534820 1724
1534830 1724
1534840 1728
1534850 1728
1534860 1728
1534870 1728
1534880 1728
1534890 1728
1534900 1723
1534910 1721
1534920 1721
1534930 1726
1534940 1723
1534950 1723
1534960 1718
1534970 1711
1534980 1711
1534990 1709
1535000 1713
1535010 1713
1535020 1716
1535030 1713
1535040 1713
1535050 1716
1535060 1726
1535070 1726
1535080 1726
1535090 1723
1535100 1723
1535110 1724
1535120 1723
1535130 1723
1535140 1720
1535150 1719
1535160 1719
1535170 1720
1535180 1719
1535190 1719
1535200 1719
1535210 1718
1535220 1714
1535230 1714
1535240 1713
1535250 1710
1535260 1710
1535270 1709
1535280 1706
1535290 1706
1535300 1703
1535310 1701
1535320 1701
1535330 1696
1535340 1691
1535350 1691
1535360 1682
1535370 1681
1535380 1681
1535390 1684
1535400 1681
1535410 1681
1535420 1678
1535430 1673
1535440 1673
1535450 1668
1535460 1664
1535470 1664
1535480 1665
1535490 1668
1535500 1668
1535510 1665
1535520 1659
1535530 1657
1535540 1657
1535550 1658
1535560 1658
1535570 1658
1535580 1656
1535590 1651
1535600 1651
1535610 1647
1535620 1649
1535630 1649
1535640 1649
1535650 1653
1535660 1653
1535670 1658
1535680 1658
1535690 1658
1535700 1657
1535710 1655
1535720 1655
1535730 1651
1535740 1646
1535750 1646
1535760 1647
1535770 1648
1535780 1648
1535790 1652
1535800 1656
1535810 1656
1535820 1658
1535830 1654
1535840 1654
1535850 1654
1535860 1659
1535870 1659
1535880 1661
1535890 1665
1535900 1667
1535910 1667
1535920 1668
1535930 1668
1535940 1668
1535950 1666
1535960 1666
1535970 1666
1535980 1669
1535990 1671
1536000 1671
1536010 1667
1536020 1667
1536030 1667
1536040 1667
1536050 1663
1536060 1663
1536070 1662
1536080 1660
1536090 1660
1536100 1658
1536110 1655
1536120 1655
1536130 1653
1536140 1651
1536150 1651
1536160 1651
1536170 1649
1536180 1649
1536190 1648
1536200 1646
1536210 1646
1536220 1644
1536230 1641
1536240 1636
1536250 1636
1536260 1632
1536270 1632
1536280 1632
1536290 1631
1536300 1629
1536310 1629
1536320 1628
1536330 1626
1536340 1626
1536350 1626
1536360 1625
1536370 1625
1536380 1627
1536390 1626
1536400 1626
1536410 1623
1536420 1621
1536430 1621
1536440 1620
1536450 1618
1536460 1618
1536470 1618
1536480 1622
1536490 1622
1536500 1620
1536510 1618
1536520 1618
1536530 1618
1536540 1615
1536550 1615
1536560 1614
1536570 1613
1536580 1611
1536590 1611
1536600 1607
1536610 1603
1536620 1603
1536630 1607
1536640 1610
1536650 1610
1536660 1614
1536670 1615
1536680 1615
1536690 1615
1536700 1613
1536710 1613
1536720 1612
1536730 1610
1536740 1610
1536750 1608
1536760 1604
1536770 1604
1536780 1602
1536790 1601
1536800 1601
1536810 1597
1536820 1596
1536830 1596
1536840 1592
1536850 1584
1536860 1584
1536870 1579
1536880 1577
1536890 1577
1536900 1577
1536910 1578
1536920 1578
1536930 1580
1536940 1578
1536950 1575
1536960 1575
1536970 1568
1536980 1562
1536990 1562
1537000 1558
1537010 1556
1537020 1556
1537030 1557
1537040 1560
1537050 1560
1537060 1565
1537070 1569
1537080 1569
1537090 1575
1537100 1584
1537110 1584
1537120 1588
1537130 1590
1537140 1590
1537150 1591
1537160 1588
1537170 1588
1537180 1586
1537190 1582
1537200 1582
1537210 1579
1537220 1579
1537230 1579
1537240 1581
1537250 1583
1537260 1583
1537270 1582
1537280 1581
1537290 1581
1537300 1581
1537310 1580
1537320 1578
1537330 1578
1537340 1579
1537350 1581
1537360 1581
1537370 1580
1537380 1582
1537390 1582
1537400 1582
1537410 1581
1537420 1581
1537430 1581
1537440 1579
1537450 1579
1537460 1580
1537470 1579
1537480 1579
1537490 1578
1537500 1578
1537510 1578
1537520 1576
1537530 1576
1537540 1576
1537550 1575
1537560 1575
1537570 1575
1537580 1574
1537590 1570
1537600 1570
1537610 1569
1537620 1570
1537630 1570
1537640 1570
1537650 1567
1537660 1565
1537670 1565
1537680 1563
1537690 1560
1537700 1560
1537710 1562
1537720 1561
1537730 1561
1537740 1560
1537750 1558
1537760 1558
1537770 1555
1537780 1551
1537790 1551
1537800 1548
1537810 1545
1537820 1545
1537830 1540
1537840 1535
1537850 1535
1537860 1530
1537870 1524
1537880 1524
1537890 1521
1537900 1515
1537910 1515
1537920 1504
1537930 1495
1537940 1495
1537950 1488
1537960 1483
1537970 1483
1537980 1477
1537990 1471
1538000 1470
1538010 1470
1538020 1470
1538030 1470
1538040 1470
1538050 1473
1538060 1483
1538070 1483
1538080 1493
1538090 1501
1538100 1501
1538110 1503
1538120 1503
1538130 1503
1538140 1502
1538150 1500
1538160 1500
1538170 1496
1538180 1493
1538190 1493
1538200 1491
1538210 1487
1538220 1487
1538230 1485
1538240 1484
1538250 1484
1538260 1481
1538270 1480
1538280 1480
1538290 1478
1538300 1477
1538310 1477
1538320 1476
1538330 1474
1538340 1472
1538350 1472
1538360 1469
1538370 1466
1538380 1466
1538390 1462
1538400 1460
1538410 1460
1538420 1460
1538430 1456
1538440 1456
1538450 1453
1538460 1450
1538470 1450
1538480 1448
1538490 1444
1538500 1444
1538510 1441
1538520 1439
1538530 1439
1538540 1437
1538550 1434
1538560 1434
1538570 1434
1538580 1432
1538590 1432
1538600 1431
1538610 1430
1538620 1430
1538630 1425
1538640 1424
1538650 1424
1538660 1422
1538670 1420
1538680 1420
1538690 1416
1538700 1415
1538710 1417
1538720 1417
1538730 1418
1538740 1414
1538750 1414
1538760 1411
1538770 1411
1538780 1411
1538790 1407
1538800 1402
1538810 1402
1538820 1400
1538830 1395
1538840 1395
1538850 1390
1538860 1389
1538870 1389
1538880 1390
1538890 1391
1538900 1391
1538910 1389
1538920 1391
1538930 1391
1538940 1391
1538950 1388
1538960 1388
1538970 1382
1538980 1373
1538990 1373
1539000 1361
1539010 1347
1539020 1347
1539030 1331
1539040 1319
1539050 1314
1539060 1314
1539070 1314
1539080 1312
1539090 1312
1539100 1311
1539110 1308
1539120 1308
1539130 1307
1539140 1308
1539150 1308
1539160 1311
1539170 1312
1539180 1312
1539190 1313
1539200 1316
1539210 1316
1539220 1323
1539230 1326
1539240 1326
1539250 1330
1539260 1335
1539270 1335
1539280 1348
1539290 1355
1539300 1355
1539310 1361
1539320 1364
1539330 1364
1539340 1365
1539350 1366
1539360 1366
1539370 1365
1539380 1364
1539390 1364
1539400 1360
1539410 1358
1539420 1354
1539430 1354
1539440 1350
1539450 1350
1539460 1350
1539470 1351
1539480 1353
1539490 1353
1539500 1352
1539510 1350
1539520 1350
1539530 1347
1539540 1343
1539550 1343
1539560 1341
1539570 1344
1539580 1344
1539590 1339
1539600 1340
1539610 1340
1539620 1340
1539630 1340
1539640 1340
1539650 1341
1539660 1338
1539670 1338
1539680 1335
1539690 1336
1539700 1336
1539710 1336
1539720 1337
1539730 1337
1539740 1341
1539750 1346
1539760 1349
1539770 1349
1539780 1348
1539790 1354
1539800 1354
1539810 1356
1539820 1357
1539830 1357
1539840 1357
1539850 1357
1539860 1357
1539870 1355
1539880 1355
1539890 1355
1539900 1357
1539910 1357
1539920 1357
1539930 1359
1539940 1362
1539950 1362
1539960 1367
1539970 1371
1539980 1371
1539990 1373
