1520000 1334
1520010 1334
1520020 1327
1520030 1326
1520040 1326
1520050 1327
1520060 1327
1520070 1327
1520080 1327
1520090 1326
1520100 1326
1520110 1325
1520120 1324
1520130 1324
1520140 1325
1520150 1328
1520160 1328
1520170 1332
1520180 1335
1520190 1335
1520200 1338
1520210 1341
1520220 1341
1520230 1345
1520240 1351
1520250 1357
1520260 1357
1520270 1365
1520280 1374
1520290 1374
1520300 1381
1520310 1388
1520320 1388
1520330 1397
1520340 1406
1520350 1406
1520360 1414
1520370 1418
1520380 1418
1520390 1421
1520400 1423
1520410 1423
1520420 1424
1520430 1425
1520440 1425
1520450 1425
1520460 1423
1520470 1423
1520480 1421
1520490 1421
1520500 1421
1520510 1424
1520520 1426
1520530 1426
1520540 1426
1520550 1422
1520560 1422
1520570 1416
1520580 1401
1520590 1378
1520600 1378
1520610 1339
1520620 1329
1520630 1329
1520640 1332
1520650 1333
1520660 1333
1520670 1341
1520680 1363
1520690 1363
1520700 1404
1520710 1437
1520720 1437
1520730 1466
1520740 1487
1520750 1487
1520760 1505
1520770 1514
1520780 1514
1520790 1528
1520800 1549
1520810 1549
1520820 1568
1520830 1584
1520840 1584
1520850 1599
1520860 1611
1520870 1611
1520880 1636
1520890 1653
1520900 1653
1520910 1667
1520920 1682
1520930 1682
1520940 1694
1520950 1696
1520960 1699
1520970 1699
1520980 1698
1520990 1701
1521000 1701
1521010 1702
1521020 1702
1521030 1702
1521040 1702
1521050 1702
1521060 1702
1521070 1703
1521080 1704
1521090 1704
1521100 1708
1521110 1710
1521120 1710
1521130 1710
1521140 1711
1521150 1711
1521160 1710
1521170 1709
1521180 1709
1521190 1709
1521200 1709
1521210 1709
1521220 1707
1521230 1705
1521240 1705
1521250 1705
1521260 1703
1521270 1703
1521280 1702
1521290 1696
1521300 1692
1521310 1692
1521320 1690
1521330 1687
1521340 1687
1521350 1676
1521360 1664
1521370 1664
1521380 1658
1521390 1655
1521400 1655
1521410 1654
1521420 1655
1521430 1655
1521440 1655
1521450 1654
1521460 1654
1521470 1653
1521480 1650
1521490 1650
1521500 1648
1521510 1645
1521520 1645
1521530 1644
1521540 1644
1521550 1644
1521560 1644
1521570 1642
1521580 1642
1521590 1640
1521600 1638
1521610 1638
1521620 1635
1521630 1623
1521640 1612
1521650 1612
1521660 1607
1521670 1604
1521680 1604
1521690 1603
1521700 1601
1521710 1601
1521720 1598
1521730 1596
1521740 1596
1521750 1594
1521760 1592
1521770 1592
1521780 1592
1521790 1592
1521800 1592
1521810 1592
1521820 1590
1521830 1590
1521840 1588
1521850 1584
1521860 1584
1521870 1578
1521880 1566
1521890 1566
1521900 1547
1521910 1537
1521920 1537
1521930 1531
1521940 1525
1521950 1525
1521960 1519
1521970 1511
1521980 1511
1521990 1507
1522000 1508
1522010 1505
1522020 1505
1522030 1505
1522040 1501
1522050 1501
1522060 1486
1522070 1468
1522080 1468
1522090 1456
1522100 1452
1522110 1452
1522120 1450
1522130 1447
1522140 1447
1522150 1446
1522160 1447
1522170 1447
1522180 1449
1522190 1451
1522200 1451
1522210 1452
1522220 1451
1522230 1451
1522240 1450
1522250 1448
1522260 1448
1522270 1441
1522280 1432
1522290 1432
1522300 1420
1522310 1415
1522320 1415
1522330 1421
1522340 1423
1522350 1421
1522360 1421
1522370 1421
1522380 1422
1522390 1422
1522400 1426
1522410 1432
1522420 1432
1522430 1436
1522440 1441
1522450 1441
1522460 1446
1522470 1449
1522480 1449
1522490 1452
1522500 1453
1522510 1453
1522520 1454
1522530 1453
1522540 1453
1522550 1452
1522560 1451
1522570 1451
1522580 1451
1522590 1451
1522600 1451
1522610 1451
1522620 1452
1522630 1452
1522640 1455
1522650 1459
1522660 1459
1522670 1466
1522680 1470
1522690 1470
1522700 1479
1522710 1485
1522720 1487
1522730 1487
1522740 1483
1522750 1484
1522760 1484
1522770 1485
1522780 1482
1522790 1482
1522800 1482
1522810 1483
1522820 1483
1522830 1480
1522840 1475
1522850 1475
1522860 1473
1522870 1472
1522880 1472
1522890 1476
1522900 1486
1522910 1486
1522920 1496
1522930 1503
1522940 1503
1522950 1508
1522960 1514
1522970 1514
1522980 1517
1522990 1522
1523000 1522
1523010 1526
1523020 1530
1523030 1530
1523040 1533
1523050 1535
1523060 1535
1523070 1535
1523080 1536
1523090 1539
1523100 1539
1523110 1543
1523120 1546
1523130 1546
1523140 1549
1523150 1552
1523160 1552
1523170 1552
1523180 1549
1523190 1549
1523200 1546
1523210 1541
1523220 1541
1523230 1532
1523240 1535
1523250 1535
1523260 1536
1523270 1533
1523280 1533
1523290 1528
1523300 1530
1523310 1530
1523320 1533
1523330 1536
1523340 1536
1523350 1539
1523360 1533
1523370 1533
1523380 1525
1523390 1516
1523400 1502
1523410 1502
1523420 1495
1523430 1493
1523440 1493
1523450 1492
1523460 1495
1523470 1495
1523480 1495
1523490 1492
1523500 1492
1523510 1487
1523520 1484
1523530 1484
1523540 1491
1523550 1494
1523560 1494
1523570 1494
1523580 1493
1523590 1493
1523600 1491
1523610 1492
1523620 1492
1523630 1489
1523640 1485
1523650 1485
1523660 1484
1523670 1483
1523680 1483
1523690 1469
1523700 1457
1523710 1457
1523720 1451
1523730 1446
1523740 1446
1523750 1441
1523760 1435
1523770 1428
1523780 1428
1523790 1423
1523800 1421
1523810 1421
1523820 1421
1523830 1422
1523840 1422
1523850 1420
1523860 1419
1523870 1419
1523880 1416
1523890 1415
1523900 1415
1523910 1413
1523920 1412
1523930 1412
1523940 1411
1523950 1411
1523960 1411
1523970 1411
1523980 1409
1523990 1409
1524000 1407
1524010 1407
1524020 1407
1524030 1407
1524040 1408
1524050 1408
1524060 1407
1524070 1407
1524080 1407
1524090 1405
1524100 1404
1524110 1404
1524120 1404
1524130 1405
1524140 1404
1524150 1404
1524160 1404
1524170 1406
1524180 1406
1524190 1413
1524200 1420
1524210 1420
1524220 1425
1524230 1448
1524240 1448
1524250 1455
1524260 1459
1524270 1459
1524280 1466
1524290 1467
1524300 1467
1524310 1473
1524320 1472
1524330 1472
1524340 1474
1524350 1477
1524360 1477
1524370 1479
1524380 1479
1524390 1479
1524400 1479
1524410 1478
1524420 1478
1524430 1477
1524440 1481
1524450 1490
1524460 1490
1524470 1496
1524480 1502
1524490 1502
1524500 1503
1524510 1505
1524520 1505
1524530 1505
1524540 1504
1524550 1504
1524560 1501
1524570 1497
1524580 1497
1524590 1492
1524600 1488
1524610 1488
1524620 1481
1524630 1475
1524640 1475
1524650 1468
1524660 1455
1524670 1455
1524680 1437
1524690 1423
1524700 1423
1524710 1416
1524720 1411
1524730 1411
1524740 1407
1524750 1402
1524760 1402
1524770 1398
1524780 1394
1524790 1394
1524800 1392
1524810 1391
1524820 1390
1524830 1390
1524840 1389
1524850 1389
1524860 1389
1524870 1388
1524880 1387
1524890 1387
1524900 1386
1524910 1386
1524920 1386
1524930 1392
1524940 1399
1524950 1399
1524960 1402
1524970 1402
1524980 1402
1524990 1401
1525000 1403
1525010 1403
1525020 1407
1525030 1407
1525040 1407
1525050 1406
1525060 1404
1525070 1404
1525080 1402
1525090 1401
1525100 1401
1525110 1399
1525120 1398
1525130 1398
1525140 1397
1525150 1396
1525160 1395
1525170 1395
1525180 1392
1525190 1388
1525200 1388
1525210 1387
1525220 1389
1525230 1389
1525240 1396
1525250 1411
1525260 1411
1525270 1417
1525280 1420
1525290 1410
1525300 1410
1525310 1413
1525320 1413
1525330 1417
1525340 1420
1525350 1420
1525360 1421
1525370 1420
1525380 1420
1525390 1420
1525400 1421
1525410 1421
1525420 1422
1525430 1424
1525440 1424
1525450 1427
1525460 1429
1525470 1429
1525480 1430
1525490 1431
1525500 1431
1525510 1432
1525520 1435
1525530 1440
1525540 1440
1525550 1446
1525560 1452
1525570 1452
1525580 1465
1525590 1478
1525600 1478
1525610 1489
1525620 1511
1525630 1511
1525640 1525
1525650 1539
1525660 1539
1525670 1550
1525680 1563
1525690 1563
1525700 1575
1525710 1582
1525720 1582
1525730 1587
1525740 1590
1525750 1590
1525760 1591
1525770 1589
1525780 1589
1525790 1587
1525800 1585
1525810 1585
1525820 1583
1525830 1578
1525840 1578
1525850 1566
1525860 1554
1525870 1539
1525880 1539
1525890 1517
1525900 1499
1525910 1499
1525920 1484
1525930 1470
1525940 1470
1525950 1462
1525960 1457
1525970 1457
1525980 1451
1525990 1447
1526000 1447
1526010 1443
1526020 1440
1526030 1440
1526040 1436
1526050 1434
1526060 1434
1526070 1435
1526080 1439
1526090 1439
1526100 1437
1526110 1425
1526120 1425
1526130 1421
1526140 1420
1526150 1420
1526160 1422
1526170 1424
1526180 1424
1526190 1423
1526200 1421
1526210 1421
1526220 1421
1526230 1424
1526240 1428
1526250 1428
1526260 1431
1526270 1432
1526280 1432
1526290 1431
1526300 1429
1526310 1429
1526320 1427
1526330 1421
1526340 1421
1526350 1418
1526360 1418
1526370 1418
1526380 1422
1526390 1424
1526400 1424
1526410 1424
1526420 1423
1526430 1423
1526440 1419
1526450 1415
1526460 1415
1526470 1412
1526480 1412
1526490 1412
1526500 1411
1526510 1410
1526520 1410
1526530 1411
1526540 1412
1526550 1412
1526560 1414
1526570 1417
1526580 1420
1526590 1420
1526600 1421
1526610 1419
1526620 1419
1526630 1417
1526640 1417
1526650 1417
1526660 1419
1526670 1420
1526680 1420
1526690 1419
1526700 1418
1526710 1418
1526720 1416
1526730 1413
1526740 1413
1526750 1408
1526760 1403
1526770 1403
1526780 1399
1526790 1396
1526800 1396
1526810 1394
1526820 1394
1526830 1394
1526840 1394
1526850 1394
1526860 1394
1526870 1395
1526880 1397
1526890 1397
1526900 1401
1526910 1406
1526920 1410
1526930 1410
1526940 1414
1526950 1417
1526960 1417
1526970 1421
1526980 1424
1526990 1424
1527000 1427
1527010 1435
1527020 1435
1527030 1443
1527040 1449
1527050 1449
1527060 1457
1527070 1470
1527080 1470
1527090 1498
1527100 1516
1527110 1516
1527120 1523
1527130 1528
1527140 1528
1527150 1535
1527160 1543
1527170 1543
1527180 1546
1527190 1546
1527200 1546
1527210 1552
1527220 1559
1527230 1559
1527240 1560
1527250 1566
1527260 1570
1527270 1570
1527280 1570
1527290 1570
1527300 1570
1527310 1573
1527320 1578
1527330 1578
1527340 1581
1527350 1590
1527360 1590
1527370 1600
1527380 1610
1527390 1610
1527400 1613
1527410 1616
1527420 1616
1527430 1617
1527440 1620
1527450 1620
1527460 1624
1527470 1628
1527480 1628
1527490 1630
1527500 1635
1527510 1635
1527520 1640
1527530 1644
1527540 1644
1527550 1648
1527560 1654
1527570 1654
1527580 1660
1527590 1667
1527600 1667
1527610 1674
1527620 1681
1527630 1688
1527640 1688
1527650 1695
1527660 1703
1527670 1703
1527680 1711
1527690 1728
1527700 1728
1527710 1739
1527720 1758
1527730 1758
1527740 1765
1527750 1769
1527760 1769
1527770 1773
1527780 1781
1527790 1781
1527800 1785
1527810 1787
1527820 1787
1527830 1788
1527840 1787
1527850 1787
1527860 1786
1527870 1791
1527880 1791
1527890 1795
1527900 1799
1527910 1799
1527920 1801
1527930 1804
1527940 1804
1527950 1804
1527960 1807
1527970 1808
1527980 1808
1527990 1811
1528000 1815
1528010 1815
1528020 1816
1528030 1815
1528040 1815
1528050 1813
1528060 1812
1528070 1812
1528080 1814
1528090 1815
1528100 1815
1528110 1814
1528120 1813
1528130 1813
1528140 1811
1528150 1808
1528160 1808
1528170 1804
1528180 1807
1528190 1807
1528200 1810
1528210 1811
1528220 1811
1528230 1811
1528240 1810
1528250 1810
1528260 1812
1528270 1813
1528280 1813
1528290 1811
1528300 1808
1528310 1808
1528320 1805
1528330 1801
1528340 1798
1528350 1798
1528360 1802
1528370 1805
1528380 1805
1528390 1804
1528400 1803
1528410 1803
1528420 1799
1528430 1802
1528440 1802
1528450 1804
1528460 1807
1528470 1807
1528480 1805
1528490 1803
1528500 1803
1528510 1800
1528520 1795
1528530 1795
1528540 1791
1528550 1792
1528560 1792
1528570 1798
1528580 1803
1528590 1803
1528600 1803
1528610 1803
1528620 1803
1528630 1803
1528640 1808
1528650 1808
1528660 1810
1528670 1808
1528680 1809
1528690 1809
1528700 1807
1528710 1808
1528720 1808
1528730 1814
1528740 1816
1528750 1816
1528760 1816
1528770 1815
1528780 1815
1528790 1813
1528800 1816
1528810 1816
1528820 1819
1528830 1818
1528840 1818
1528850 1818
1528860 1819
1528870 1819
1528880 1823
1528890 1828
1528900 1828
1528910 1832
1528920 1837
1528930 1837
1528940 1843
1528950 1849
1528960 1849
1528970 1858
1528980 1866
1528990 1866
1529000 1872
1529010 1880
1529020 1893
1529030 1893
1529040 1904
1529050 1911
1529060 1911
1529070 1920
1529080 1930
1529090 1930
1529100 1937
1529110 1941
1529120 1941
1529130 1943
1529140 1945
1529150 1945
1529160 1946
1529170 1947
1529180 1947
1529190 1946
1529200 1940
1529210 1940
1529220 1932
1529230 1922
1529240 1922
1529250 1903
1529260 1887
1529270 1887
1529280 1871
1529290 1861
1529300 1861
1529310 1852
1529320 1844
1529330 1844
1529340 1838
1529350 1831
1529360 1831
1529370 1825
1529380 1819
1529390 1813
1529400 1813
1529410 1808
1529420 1804
1529430 1804
1529440 1799
1529450 1794
1529460 1794
1529470 1789
1529480 1782
1529490 1782
1529500 1775
1529510 1770
1529520 1770
1529530 1765
1529540 1763
1529550 1763
1529560 1760
1529570 1757
1529580 1757
1529590 1754
1529600 1750
1529610 1750
1529620 1744
1529630 1742
1529640 1742
1529650 1741
1529660 1740
1529670 1740
1529680 1740
1529690 1739
1529700 1739
1529710 1738
1529720 1736
1529730 1734
1529740 1734
1529750 1732
1529760 1729
1529770 1729
1529780 1727
1529790 1725
1529800 1725
1529810 1723
1529820 1721
1529830 1721
1529840 1718
1529850 1716
1529860 1716
1529870 1713
1529880 1710
1529890 1710
1529900 1707
1529910 1704
1529920 1704
1529930 1700
1529940 1696
1529950 1696
1529960 1693
1529970 1693
1529980 1693
1529990 1691
1530000 1689
1530010 1689
1530020 1687
1530030 1682
1530040 1682
1530050 1679
1530060 1682
1530070 1681
1530080 1681
1530090 1684
1530100 1685
1530110 1685
1530120 1685
1530130 1684
1530140 1684
1530150 1682
1530160 1678
1530170 1678
1530180 1672
1530190 1673
1530200 1673
1530210 1673
1530220 1670
1530230 1670
1530240 1666
1530250 1661
1530260 1661
1530270 1656
1530280 1651
1530290 1651
1530300 1647
1530310 1644
1530320 1644
1530330 1641
1530340 1640
1530350 1640
1530360 1638
1530370 1635
1530380 1635
1530390 1633
1530400 1632
1530410 1632
1530420 1626
1530430 1619
1530440 1615
1530450 1615
1530460 1611
1530470 1603
1530480 1603
1530490 1591
1530500 1588
1530510 1588
1530520 1585
1530530 1582
1530540 1582
1530550 1575
1530560 1564
1530570 1564
1530580 1554
1530590 1548
1530600 1548
1530610 1547
1530620 1541
1530630 1541
1530640 1535
1530650 1532
1530660 1532
1530670 1527
1530680 1518
1530690 1518
1530700 1505
1530710 1486
1530720 1486
1530730 1471
1530740 1467
1530750 1467
1530760 1466
1530770 1462
1530780 1464
1530790 1464
1530800 1460
1530810 1451
1530820 1451
1530830 1444
1530840 1429
1530850 1429
1530860 1430
1530870 1425
1530880 1425
1530890 1413
1530900 1405
1530910 1405
1530920 1401
1530930 1399
1530940 1399
1530950 1392
1530960 1388
1530970 1388
1530980 1386
1530990 1383
1531000 1383
1531010 1379
1531020 1379
1531030 1379
1531040 1381
1531050 1378
1531060 1378
1531070 1377
1531080 1376
1531090 1376
1531100 1375
1531110 1374
1531120 1374
1531130 1371
1531140 1368
1531150 1367
1531160 1366
1531170 1367
1531180 1366
1531190 1366
1531200 1366
1531210 1368
1531220 1368
1531230 1374
1531240 1381
1531250 1381
1531260 1397
1531270 1413
1531280 1413
1531290 1422
1531300 1429
1531310 1429
1531320 1432
1531330 1434
1531340 1434
1531350 1430
1531360 1430
1531370 1430
1531380 1431
1531390 1428
1531400 1428
1531410 1429
1531420 1434
1531430 1434
1531440 1438
1531450 1445
1531460 1445
1531470 1455
1531480 1477
1531490 1487
1531500 1487
1531510 1495
1531520 1505
1531530 1505
1531540 1517
1531550 1529
1531560 1529
1531570 1536
1531580 1536
1531590 1536
1531600 1540
1531610 1548
1531620 1548
1531630 1558
1531640 1563
1531650 1563
1531660 1563
1531670 1568
1531680 1568
1531690 1576
1531700 1584
1531710 1584
1531720 1585
1531730 1585
1531740 1585
1531750 1582
1531760 1580
1531770 1580
1531780 1579
1531790 1578
1531800 1578
1531810 1575
1531820 1574
1531830 1579
1531840 1579
1531850 1581
1531860 1585
1531870 1585
1531880 1589
1531890 1589
1531900 1589
1531910 1584
1531920 1578
1531930 1578
1531940 1578
1531950 1587
1531960 1587
1531970 1587
1531980 1587
1531990 1587
1532000 1585
1532010 1583
1532020 1583
1532030 1580
1532040 1577
1532050 1577
1532060 1574
1532070 1574
1532080 1574
1532090 1578
1532100 1583
1532110 1583
1532120 1586
1532130 1584
1532140 1584
1532150 1580
1532160 1583
1532170 1583
1532180 1590
1532190 1599
1532200 1602
1532210 1602
1532220 1604
1532230 1601
1532240 1601
1532250 1597
1532260 1596
1532270 1596
1532280 1602
1532290 1603
1532300 1603
1532310 1602
1532320 1601
1532330 1601
1532340 1602
1532350 1602
1532360 1602
1532370 1600
1532380 1598
1532390 1598
1532400 1596
1532410 1591
1532420 1591
1532430 1589
1532440 1587
1532450 1587
1532460 1582
1532470 1580
1532480 1580
1532490 1581
1532500 1580
1532510 1580
1532520 1579
1532530 1579
1532540 1579
1532550 1579
1532560 1581
1532570 1588
1532580 1588
1532590 1598
1532600 1602
1532610 1602
1532620 1604
1532630 1604
1532640 1604
1532650 1609
1532660 1614
1532670 1614
1532680 1622
1532690 1624
1532700 1624
1532710 1625
1532720 1629
1532730 1629
1532740 1634
1532750 1632
1532760 1632
1532770 1631
1532780 1627
1532790 1627
1532800 1619
1532810 1612
1532820 1612
1532830 1613
1532840 1614
1532850 1614
1532860 1610
1532870 1605
1532880 1600
1532890 1600
1532900 1601
1532910 1604
1532920 1604
1532930 1607
1532940 1614
1532950 1614
1532960 1618
1532970 1624
1532980 1624
1532990 1632
1533000 1636
1533010 1636
1533020 1632
1533030 1627
1533040 1627
1533050 1625
1533060 1621
1533070 1621
1533080 1621
1533090 1624
1533100 1624
1533110 1629
1533120 1634
1533130 1634
1533140 1634
1533150 1634
1533160 1634
1533170 1633
1533180 1631
1533190 1631
1533200 1633
1533210 1634
1533220 1634
1533230 1636
1533240 1636
1533250 1638
1533260 1638
1533270 1638
1533280 1637
1533290 1637
1533300 1637
1533310 1639
1533320 1639
1533330 1639
1533340 1641
1533350 1641
1533360 1644
1533370 1646
1533380 1646
1533390 1647
1533400 1647
1533410 1647
1533420 1647
1533430 1653
1533440 1653
1533450 1655
1533460 1656
1533470 1656
1533480 1652
1533490 1651
1533500 1651
1533510 1650
1533520 1653
1533530 1653
1533540 1660
1533550 1668
1533560 1668
1533570 1670
1533580 1671
1533590 1676
1533600 1676
1533610 1677
1533620 1679
1533630 1679
1533640 1680
1533650 1680
1533660 1680
1533670 1682
1533680 1683
1533690 1683
1533700 1683
1533710 1683
1533720 1683
1533730 1683
1533740 1681
1533750 1681
1533760 1680
1533770 1680
1533780 1680
1533790 1678
1533800 1673
1533810 1673
1533820 1672
1533830 1674
1533840 1674
1533850 1675
1533860 1677
1533870 1677
1533880 1674
1533890 1674
1533900 1674
1533910 1675
1533920 1675
1533930 1675
1533940 1675
1533950 1681
1533960 1685
1533970 1685
1533980 1686
1533990 1690
1534000 1690
1534010 1694
1534020 1698
1534030 1698
1534040 1702
1534050 1704
1534060 1704
1534070 1708
1534080 1710
1534090 1710
1534100 1712
1534110 1716
1534120 1716
1534130 1716
1534140 1717
1534150 1717
1534160 1717
1534170 1717
1534180 1717
1534190 1719
1534200 1722
1534210 1722
1534220 1723
1534230 1721
1534240 1721
1534250 1725
1534260 1726
1534270 1726
1534280 1724
1534290 1725
1534300 1729
1534310 1729
1534320 1732
1534330 1734
1534340 1734
1534350 1737
1534360 1739
1534370 1739
1534380 1741
1534390 1743
1534400 1743
1534410 1744
1534420 1741
1534430 1741
1534440 1747
1534450 1757
1534460 1757
1534470 1762
1534480 1763
1534490 1763
1534500 1766
1534510 1769
1534520 1769
1534530 1771
1534540 1775
1534550 1775
1534560 1776
1534570 1777
1534580 1777
1534590 1781
1534600 1785
1534610 1785
1534620 1787
1534630 1786
1534640 1781
1534650 1781
1534660 1776
1534670 1774
1534680 1774
1534690 1773
1534700 1769
1534710 1769
1534720 1767
1534730 1765
1534740 1765
1534750 1764
1534760 1760
1534770 1760
1534780 1759
1534790 1759
1534800 1759
1534810 1757
1534820 1758
1534830 1758
1534840 1756
1534850 1751
1534860 1751
1534870 1748
1534880 1743
1534890 1743
1534900 1738
1534910 1735
1534920 1735
1534930 1732
1534940 1725
1534950 1725
1534960 1726
1534970 1725
1534980 1725
1534990 1723
1535000 1720
1535010 1705
1535020 1705
1535030 1697
1535040 1693
1535050 1693
1535060 1692
1535070 1692
1535080 1692
1535090 1696
1535100 1697
1535110 1697
1535120 1704
1535130 1709
1535140 1709
1535150 1712
1535160 1712
1535170 1712
1535180 1711
1535190 1711
1535200 1711
1535210 1709
1535220 1709
1535230 1709
1535240 1709
1535250 1708
1535260 1708
1535270 1712
1535280 1719
1535290 1719
1535300 1723
1535310 1723
1535320 1723
1535330 1720
1535340 1717
1535350 1717
1535360 1717
1535370 1714
1535380 1709
1535390 1709
1535400 1711
1535410 1715
1535420 1715
1535430 1714
1535440 1713
1535450 1713
1535460 1715
1535470 1721
1535480 1721
1535490 1725
1535500 1727
1535510 1727
1535520 1725
1535530 1721
1535540 1721
1535550 1717
1535560 1712
1535570 1712
1535580 1706
1535590 1703
1535600 1703
1535610 1701
1535620 1697
1535630 1697
1535640 1697
1535650 1695
1535660 1695
1535670 1689
1535680 1680
1535690 1676
1535700 1676
1535710 1674
1535720 1669
1535730 1669
1535740 1665
1535750 1659
1535760 1659
1535770 1658
1535780 1654
1535790 1654
1535800 1648
1535810 1638
1535820 1638
1535830 1627
1535840 1619
1535850 1619
1535860 1613
1535870 1608
1535880 1608
1535890 1604
1535900 1600
1535910 1600
1535920 1596
1535930 1594
1535940 1594
1535950 1592
1535960 1591
1535970 1591
1535980 1591
1535990 1593
1536000 1593
1536010 1595
1536020 1597
1536030 1597
1536040 1600
1536050 1602
1536060 1603
1536070 1603
1536080 1604
1536090 1604
1536100 1604
1536110 1602
1536120 1600
1536130 1600
1536140 1597
1536150 1589
1536160 1589
1536170 1583
1536180 1577
1536190 1577
1536200 1572
1536210 1567
1536220 1567
1536230 1561
1536240 1555
1536250 1555
1536260 1549
1536270 1544
1536280 1544
1536290 1540
1536300 1536
1536310 1536
1536320 1534
1536330 1533
1536340 1533
1536350 1532
1536360 1533
1536370 1537
1536380 1542
1536390 1547
1536400 1551
1536410 1551
1536420 1552
1536430 1552
1536440 1552
1536450 1551
1536460 1549
1536470 1549
1536480 1546
1536490 1544
1536500 1544
1536510 1541
1536520 1536
1536530 1536
1536540 1532
1536550 1526
1536560 1526
1536570 1521
1536580 1517
1536590 1517
1536600 1513
1536610 1510
1536620 1510
1536630 1504
1536640 1498
1536650 1498
1536660 1497
1536670 1497
1536680 1497
1536690 1498
1536700 1501
1536710 1501
1536720 1504
1536730 1507
1536740 1509
1536750 1509
1536760 1510
1536770 1513
1536780 1513
1536790 1516
1536800 1520
1536810 1520
1536820 1522
1536830 1523
1536840 1523
1536850 1524
1536860 1527
1536870 1527
1536880 1531
1536890 1534
1536900 1534
1536910 1536
1536920 1539
1536930 1539
1536940 1543
1536950 1549
1536960 1549
1536970 1555
1536980 1561
1536990 1561
1537000 1565
1537010 1570
1537020 1570
1537030 1576
1537040 1581
1537050 1581
1537060 1587
1537070 1589
1537080 1589
1537090 1589
1537100 1587
1537110 1587
1537120 1587
1537130 1587
1537140 1586
1537150 1586
1537160 1586
1537170 1586
1537180 1586
1537190 1585
1537200 1584
1537210 1584
1537220 1582
1537230 1578
1537240 1578
1537250 1575
1537260 1572
1537270 1572
1537280 1568
1537290 1566
1537300 1566
1537310 1566
1537320 1568
1537330 1568
1537340 1572
1537350 1576
1537360 1576
1537370 1579
1537380 1580
1537390 1580
1537400 1581
1537410 1582
1537420 1582
1537430 1582
1537440 1582
1537450 1581
1537460 1581
1537470 1576
1537480 1571
1537490 1571
1537500 1565
1537510 1560
1537520 1560
1537530 1556
1537540 1549
1537550 1549
1537560 1541
1537570 1536
1537580 1536
1537590 1531
1537600 1524
1537610 1524
1537620 1519
1537630 1518
1537640 1518
1537650 1517
1537660 1514
1537670 1514
1537680 1511
1537690 1508
1537700 1508
1537710 1507
1537720 1507
1537730 1507
1537740 1509
1537750 1513
1537760 1513
1537770 1516
1537780 1515
1537790 1515
1537800 1515
1537810 1521
1537820 1523
1537830 1523
1537840 1524
1537850 1522
1537860 1522
1537870 1520
1537880 1515
1537890 1515
1537900 1508
1537910 1500
1537920 1500
1537930 1494
1537940 1490
1537950 1490
1537960 1487
1537970 1485
1537980 1485
1537990 1486
1538000 1487
1538010 1487
1538020 1491
1538030 1495
1538040 1495
1538050 1505
1538060 1518
1538070 1518
1538080 1521
1538090 1521
1538100 1521
1538110 1520
1538120 1519
1538130 1519
1538140 1518
1538150 1514
1538160 1510
1538170 1510
1538180 1505
1538190 1497
1538200 1497
1538210 1495
1538220 1495
1538230 1495
1538240 1493
1538250 1491
1538260 1491
1538270 1489
1538280 1488
1538290 1488
1538300 1490
1538310 1492
1538320 1492
1538330 1491
1538340 1487
1538350 1487
1538360 1484
1538370 1482
1538380 1482
1538390 1481
1538400 1480
1538410 1480
1538420 1479
1538430 1476
1538440 1476
1538450 1473
1538460 1472
1538470 1472
1538480 1470
1538490 1463
1538500 1455
1538510 1455
1538520 1442
1538530 1428
1538540 1428
1538550 1423
1538560 1419
1538570 1419
1538580 1414
1538590 1410
1538600 1410
1538610 1406
1538620 1402
1538630 1402
1538640 1399
1538650 1397
1538660 1397
1538670 1390
1538680 1385
1538690 1385
1538700 1381
1538710 1376
1538720 1376
1538730 1373
1538740 1371
1538750 1371
1538760 1368
1538770 1364
1538780 1364
1538790 1358
1538800 1351
1538810 1351
1538820 1343
1538830 1340
1538840 1340
1538850 1339
1538860 1340
1538870 1341
1538880 1341
1538890 1343
1538900 1344
1538910 1344
1538920 1345
1538930 1346
1538940 1346
1538950 1348
1538960 1349
1538970 1349
1538980 1346
1538990 1341
1539000 1341
1539010 1347
1539020 1352
1539030 1352
1539040 1360
1539050 1369
1539060 1369
1539070 1379
1539080 1383
1539090 1383
1539100 1384
1539110 1384
1539120 1384
1539130 1384
1539140 1385
1539150 1385
1539160 1392
1539170 1403
1539180 1403
1539190 1406
1539200 1404
1539210 1406
1539220 1406
1539230 1409
1539240 1409
1539250 1409
1539260 1408
1539270 1407
1539280 1407
1539290 1408
1539300 1413
1539310 1413
1539320 1421
1539330 1429
1539340 1429
1539350 1436
1539360 1442
1539370 1442
1539380 1451
1539390 1462
1539400 1462
1539410 1474
1539420 1478
1539430 1478
1539440 1479
1539450 1482
1539460 1482
1539470 1483
1539480 1483
1539490 1483
1539500 1482
1539510 1484
1539520 1484
1539530 1484
1539540 1487
1539550 1489
1539560 1489
1539570 1493
1539580 1496
1539590 1496
1539600 1497
1539610 1496
1539620 1496
1539630 1495
1539640 1497
1539650 1497
1539660 1500
1539670 1502
1539680 1502
1539690 1503
1539700 1502
1539710 1502
1539720 1502
1539730 1500
1539740 1500
1539750 1498
1539760 1495
1539770 1495
1539780 1492
1539790 1487
1539800 1487
1539810 1485
1539820 1480
1539830 1480
1539840 1473
1539850 1468
1539860 1468
1539870 1463
1539880 1456
1539890 1456
1539900 1451
1539910 1447
1539920 1442
1539930 1442
1539940 1437
1539950 1434
1539960 1434
1539970 1432
1539980 1428
1539990 1428
