1520000 513
1520010 509
1520020 509
1520030 508
1520040 508
1520050 508
1520060 508
1520070 508
1520080 508
1520090 508
1520100 508
1520110 508
1520120 508
1520130 508
1520140 508
1520150 508
1520160 507
1520170 507
1520180 508
1520190 508
1520200 508
1520210 508
1520220 508
1520230 508
1520240 508
1520250 508
1520260 508
1520270 508
1520280 508
1520290 508
1520300 508
1520310 508
1520320 508
1520330 508
1520340 508
1520350 508
1520360 508
1520370 508
1520380 508
1520390 508
1520400 508
1520410 508
1520420 508
1520430 508
1520440 508
1520450 508
1520460 508
1520470 508
1520480 508
1520490 508
1520500 508
1520510 508
1520520 508
1520530 508
1520540 508
1520550 508
1520560 508
1520570 508
1520580 508
1520590 508
1520600 508
1520610 508
1520620 508
1520630 508
1520640 508
1520650 508
1520660 508
1520670 508
1520680 508
1520690 508
1520700 508
1520710 508
1520720 508
1520730 508
1520740 508
1520750 508
1520760 508
1520770 508
1520780 508
1520790 508
1520800 508
1520810 508
1520820 508
1520830 508
1520840 508
1520850 508
1520860 508
1520870 508
1520880 508
1520890 508
1520900 508
1520910 508
1520920 508
1520930 508
1520940 508
1520950 508
1520960 508
1520970 508
1520980 508
1520990 508
1521000 508
1521010 508
1521020 508
1521030 508
1521040 508
1521050 508
1521060 508
1521070 508
1521080 508
1521090 508
1521100 508
1521110 508
1521120 508
1521130 508
1521140 508
1521150 508
1521160 508
1521170 508
1521180 508
1521190 508
1521200 508
1521210 508
1521220 508
1521230 508
1521240 508
1521250 508
1521260 508
1521270 508
1521280 508
1521290 508
1521300 508
1521310 508
1521320 508
1521330 508
1521340 508
1521350 508
1521360 508
1521370 508
1521380 508
1521390 508
1521400 508
1521410 508
1521420 508
1521430 508
1521440 508
1521450 508
1521460 508
1521470 508
1521480 508
1521490 508
1521500 508
1521510 508
1521520 508
1521530 508
1521540 508
1521550 508
1521560 508
1521570 508
1521580 508
1521590 508
1521600 508
1521610 508
1521620 508
1521630 508
1521640 508
1521650 508
1521660 508
1521670 508
1521680 508
1521690 508
1521700 508
1521710 508
1521720 508
1521730 508
1521740 508
1521750 508
1521760 508
1521770 508
1521780 508
1521790 508
1521800 508
1521810 508
1521820 508
1521830 508
1521840 508
1521850 508
1521860 508
1521870 508
1521880 508
1521890 508
1521900 508
1521910 508
1521920 508
1521930 508
1521940 508
1521950 508
1521960 508
1521970 508
1521980 508
1521990 508
1522000 508
1522010 508
1522020 508
1522030 508
1522040 508
1522050 508
1522060 508
1522070 508
1522080 508
1522090 508
1522100 508
1522110 508
1522120 508
1522130 508
1522140 508
1522150 508
1522160 508
1522170 508
1522180 508
1522190 508
1522200 508
1522210 508
1522220 508
1522230 508
1522240 508
1522250 508
1522260 508
1522270 508
1522280 508
1522290 508
1522300 508
1522310 508
1522320 508
1522330 508
1522340 508
1522350 508
1522360 508
1522370 508
1522380 508
1522390 508
1522400 508
1522410 508
1522420 508
1522430 509
1522440 509
1522450 509
1522460 509
1522470 509
1522480 509
1522490 509
1522500 509
1522510 508
1522520 508
1522530 508
1522540 508
1522550 508
1522560 508
1522570 508
1522580 508
1522590 508
1522600 508
1522610 508
1522620 509
1522630 509
1522640 509
1522650 509
1522660 509
1522670 509
1522680 509
1522690 509
1522700 509
1522710 509
1522720 509
1522730 509
1522740 509
1522750 509
1522760 509
1522770 509
1522780 509
1522790 509
1522800 509
1522810 509
1522820 509
1522830 509
1522840 509
1522850 509
1522860 509
1522870 509
1522880 509
1522890 509
1522900 509
1522910 510
1522920 510
1522930 512
1522940 514
1522950 514
1522960 518
1522970 521
1522980 521
1522990 524
1523000 528
1523010 528
1523020 532
1523030 538
1523040 538
1523050 543
1523060 548
1523070 548
1523080 553
1523090 557
1523100 557
1523110 561
1523120 563
1523130 563
1523140 564
1523150 564
1523160 564
1523170 564
1523180 563
1523190 563
1523200 563
1523210 562
1523220 558
1523230 558
1523240 557
1523250 562
1523260 562
1523270 565
1523280 564
1523290 564
1523300 564
1523310 565
1523320 565
1523330 565
1523340 564
1523350 564
1523360 567
1523370 569
1523380 569
1523390 572
1523400 574
1523410 574
1523420 574
1523430 571
1523440 571
1523450 573
1523460 575
1523470 575
1523480 579
1523490 582
1523500 582
1523510 585
1523520 587
1523530 587
1523540 589
1523550 591
1523560 591
1523570 593
1523580 596
1523590 598
1523600 598
1523610 598
1523620 594
1523630 594
1523640 598
1523650 600
1523660 600
1523670 599
1523680 599
1523690 599
1523700 599
1523710 598
1523720 598
1523730 597
1523740 596
1523750 596
1523760 596
1523770 598
1523780 598
1523790 599
1523800 599
1523810 599
1523820 599
1523830 598
1523840 598
1523850 596
1523860 594
1523870 594
1523880 591
1523890 587
1523900 587
1523910 580
1523920 579
1523930 583
1523940 583
1523950 583
1523960 583
1523970 583
1523980 582
1523990 580
1524000 580
1524010 576
1524020 576
1524030 576
1524040 576
1524050 574
1524060 574
1524070 571
1524080 570
1524090 570
1524100 567
1524110 565
1524120 565
1524130 564
1524140 563
1524150 563
1524160 562
1524170 562
1524180 554
1524190 555
1524200 556
1524210 556
1524220 557
1524230 557
1524240 557
1524250 557
1524260 553
1524270 553
1524280 555
1524290 555
1524300 552
1524310 552
1524320 550
1524330 548
1524340 548
1524350 544
1524360 543
1524370 543
1524380 543
1524390 543
1524400 543
1524410 544
1524420 543
1524430 543
1524440 544
1524450 544
1524460 544
1524470 543
1524480 542
1524490 542
1524500 541
1524510 540
1524520 540
1524530 539
1524540 538
1524550 538
1524560 539
1524570 539
1524580 539
1524590 539
1524600 539
1524610 539
1524620 540
1524630 542
1524640 542
1524650 543
1524660 544
1524670 545
1524680 545
1524690 546
1524700 546
1524710 546
1524720 546
1524730 546
1524740 546
1524750 545
1524760 545
1524770 545
1524780 544
1524790 542
1524800 542
1524810 538
1524820 537
1524830 537
1524840 537
1524850 536
1524860 536
1524870 533
1524880 531
1524890 531
1524900 530
1524910 530
1524920 530
1524930 530
1524940 530
1524950 530
1524960 531
1524970 532
1524980 532
1524990 532
1525000 533
1525010 536
1525020 536
1525030 542
1525040 547
1525050 547
1525060 552
1525070 556
1525080 556
1525090 561
1525100 567
1525110 567
1525120 572
1525130 577
1525140 577
1525150 580
1525160 582
1525170 582
1525180 584
1525190 583
1525200 583
1525210 581
1525220 578
1525230 578
1525240 577
1525250 575
1525260 575
1525270 573
1525280 572
1525290 572
1525300 571
1525310 571
1525320 571
1525330 571
1525340 572
1525350 572
1525360 572
1525370 573
1525380 574
1525390 574
1525400 575
1525410 577
1525420 577
1525430 577
1525440 578
1525450 578
1525460 579
1525470 580
1525480 580
1525490 580
1525500 580
1525510 580
1525520 581
1525530 580
1525540 580
1525550 580
1525560 582
1525570 582
1525580 581
1525590 580
1525600 580
1525610 580
1525620 580
1525630 580
1525640 580
1525650 580
1525660 580
1525670 580
1525680 579
1525690 579
1525700 579
1525710 580
1525720 580
1525730 580
1525740 581
1525750 582
1525760 582
1525770 582
1525780 582
1525790 582
1525800 583
1525810 583
1525820 583
1525830 583
1525840 583
1525850 583
1525860 583
1525870 583
1525880 583
1525890 583
1525900 583
1525910 583
1525920 584
1525930 585
1525940 585
1525950 587
1525960 587
1525970 587
1525980 589
1525990 590
1526000 590
1526010 594
1526020 595
1526030 595
1526040 596
1526050 597
1526060 597
1526070 600
1526080 603
1526090 607
1526100 607
1526110 611
1526120 615
1526130 615
1526140 616
1526150 615
1526160 615
1526170 615
1526180 617
1526190 617
1526200 620
1526210 623
1526220 623
1526230 626
1526240 629
1526250 629
1526260 633
1526270 639
1526280 639
1526290 645
1526300 651
1526310 651
1526320 657
1526330 662
1526340 662
1526350 668
1526360 674
1526370 674
1526380 680
1526390 686
1526400 686
1526410 691
1526420 696
1526430 696
1526440 700
1526450 704
1526460 709
1526470 709
1526480 713
1526490 717
1526500 717
1526510 719
1526520 722
1526530 722
1526540 726
1526550 732
1526560 732
1526570 738
1526580 744
1526590 744
1526600 749
1526610 754
1526620 754
1526630 760
1526640 766
1526650 766
1526660 773
1526670 780
1526680 780
1526690 786
1526700 790
1526710 790
1526720 794
1526730 797
1526740 797
1526750 801
1526760 806
1526770 806
1526780 811
1526790 815
1526800 815
1526810 819
1526820 823
1526830 827
1526840 827
1526850 832
1526860 836
1526870 836
1526880 840
1526890 845
1526900 845
1526910 849
1526920 851
1526930 851
1526940 848
1526950 843
1526960 843
1526970 840
1526980 835
1526990 835
1527000 832
1527010 829
1527020 829
1527030 826
1527040 824
1527050 824
1527060 832
1527070 843
1527080 843
1527090 853
1527100 863
1527110 863
1527120 873
1527130 884
1527140 884
1527150 892
1527160 900
1527170 905
1527180 905
1527190 909
1527200 913
1527210 913
1527220 918
1527230 922
1527240 922
1527250 925
1527260 928
1527270 928
1527280 944
1527290 941
1527300 941
1527310 964
1527320 986
1527330 986
1527340 992
1527350 994
1527360 994
1527370 1003
1527380 1004
1527390 1004
1527400 1013
1527410 1018
1527420 1018
1527430 1018
1527440 1012
1527450 1012
1527460 994
1527470 977
1527480 977
1527490 998
1527500 1019
1527510 1019
1527520 1035
1527530 1050
1527540 1063
1527550 1063
1527560 1069
1527570 1072
1527580 1072
1527590 1084
1527600 1084
1527610 1084
1527620 1076
1527630 1068
1527640 1068
1527650 1065
1527660 1068
1527670 1068
1527680 1073
1527690 1078
1527700 1078
1527710 1086
1527720 1095
1527730 1095
1527740 1102
1527750 1115
1527760 1115
1527770 1127
1527780 1136
1527790 1136
1527800 1138
1527810 1154
1527820 1154
1527830 1162
1527840 1168
1527850 1168
1527860 1166
1527870 1164
1527880 1164
1527890 1167
1527900 1180
1527910 1196
1527920 1196
1527930 1210
1527940 1212
1527950 1212
1527960 1209
1527970 1201
1527980 1201
1527990 1185
1528000 1165
1528010 1165
1528020 1152
1528030 1140
1528040 1140
1528050 1141
1528060 1152
1528070 1152
1528080 1164
1528090 1192
1528100 1192
1528110 1209
1528120 1219
1528130 1219
1528140 1230
1528150 1249
1528160 1249
1528170 1264
1528180 1276
1528190 1276
1528200 1298
1528210 1307
1528220 1307
1528230 1310
1528240 1309
1528250 1303
1528260 1303
1528270 1289
1528280 1289
1528290 1289
1528300 1276
1528310 1253
1528320 1253
1528330 1236
1528340 1216
1528350 1216
1528360 1201
1528370 1169
1528380 1169
1528390 1147
1528400 1134
1528410 1134
1528420 1119
1528430 1104
1528440 1104
1528450 1113
1528460 1123
1528470 1123
1528480 1126
1528490 1119
1528500 1119
1528510 1103
1528520 1087
1528530 1087
1528540 1076
1528550 1064
1528560 1064
1528570 1067
1528580 1089
1528590 1089
1528600 1106
1528610 1128
1528620 1151
1528630 1151
1528640 1186
1528650 1201
1528660 1201
1528670 1217
1528680 1250
1528690 1250
1528700 1310
1528710 1322
1528720 1322
1528730 1321
1528740 1329
1528750 1329
1528760 1331
1528770 1329
1528780 1329
1528790 1327
1528800 1319
1528810 1319
1528820 1304
1528830 1312
1528840 1312
1528850 1311
1528860 1307
1528870 1307
1528880 1298
1528890 1283
1528900 1283
1528910 1264
1528920 1244
1528930 1244
1528940 1231
1528950 1232
1528960 1232
1528970 1233
1528980 1233
1528990 1227
1529000 1227
1529010 1205
1529020 1169
1529030 1169
1529040 1138
1529050 1115
1529060 1115
1529070 1120
1529080 1131
1529090 1131
1529100 1146
1529110 1163
1529120 1163
1529130 1183
1529140 1224
1529150 1224
1529160 1244
1529170 1246
1529180 1246
1529190 1251
1529200 1268
1529210 1268
1529220 1286
1529230 1310
1529240 1310
1529250 1324
1529260 1334
1529270 1334
1529280 1347
1529290 1361
1529300 1361
1529310 1376
1529320 1395
1529330 1416
1529340 1416
1529350 1433
1529360 1442
1529370 1442
1529380 1452
1529390 1458
1529400 1458
1529410 1470
1529420 1477
1529430 1477
1529440 1482
1529450 1491
1529460 1491
1529470 1501
1529480 1501
1529490 1501
1529500 1505
1529510 1507
1529520 1507
1529530 1508
1529540 1508
1529550 1508
1529560 1508
1529570 1509
1529580 1509
1529590 1510
1529600 1510
1529610 1510
1529620 1510
1529630 1509
1529640 1509
1529650 1505
1529660 1504
1529670 1504
1529680 1503
1529690 1502
1529700 1502
1529710 1502
1529720 1498
1529730 1490
1529740 1490
1529750 1478
1529760 1458
1529770 1458
1529780 1420
1529790 1397
1529800 1397
1529810 1395
1529820 1374
1529830 1374
1529840 1367
1529850 1361
1529860 1361
1529870 1359
1529880 1357
1529890 1357
1529900 1357
1529910 1358
1529920 1358
1529930 1360
1529940 1365
1529950 1365
1529960 1370
1529970 1373
1529980 1373
1529990 1376
1530000 1384
1530010 1384
1530020 1397
1530030 1402
1530040 1402
1530050 1408
1530060 1409
1530070 1409
1530080 1409
1530090 1409
1530100 1409
1530110 1409
1530120 1409
1530130 1409
1530140 1409
1530150 1409
1530160 1407
1530170 1407
1530180 1398
1530190 1386
1530200 1386
1530210 1375
1530220 1368
1530230 1368
1530240 1369
1530250 1367
1530260 1367
1530270 1361
1530280 1356
1530290 1356
1530300 1353
1530310 1356
1530320 1356
1530330 1364
1530340 1372
1530350 1372
1530360 1383
1530370 1394
1530380 1394
1530390 1399
1530400 1398
1530410 1393
1530420 1393
1530430 1390
1530440 1388
1530450 1388
1530460 1387
1530470 1387
1530480 1387
1530490 1390
1530500 1392
1530510 1392
1530520 1394
1530530 1393
1530540 1393
1530550 1393
1530560 1384
1530570 1384
1530580 1373
1530590 1372
1530600 1372
1530610 1374
1530620 1374
1530630 1374
1530640 1372
1530650 1371
1530660 1371
1530670 1374
1530680 1380
1530690 1380
1530700 1383
1530710 1385
1530720 1385
1530730 1388
1530740 1390
1530750 1390
1530760 1392
1530770 1390
1530780 1386
1530790 1386
1530800 1378
1530810 1368
1530820 1368
1530830 1362
1530840 1359
1530850 1359
1530860 1362
1530870 1366
1530880 1366
1530890 1366
1530900 1363
1530910 1363
1530920 1358
1530930 1353
1530940 1353
1530950 1349
1530960 1347
1530970 1347
1530980 1346
1530990 1345
1531000 1345
1531010 1344
1531020 1344
1531030 1344
1531040 1343
1531050 1341
1531060 1341
1531070 1340
1531080 1341
1531090 1341
1531100 1343
1531110 1341
1531120 1338
1531130 1338
1531140 1336
1531150 1336
1531160 1336
1531170 1336
1531180 1337
1531190 1337
1531200 1341
1531210 1345
1531220 1345
1531230 1349
1531240 1352
1531250 1352
1531260 1356
1531270 1360
1531280 1360
1531290 1364
1531300 1369
1531310 1369
1531320 1373
1531330 1378
1531340 1378
1531350 1383
1531360 1391
1531370 1391
1531380 1397
1531390 1404
1531400 1404
1531410 1411
1531420 1421
1531430 1421
1531440 1435
1531450 1447
1531460 1447
1531470 1455
1531480 1464
1531490 1475
1531500 1475
1531510 1486
1531520 1488
1531530 1488
1531540 1489
1531550 1490
1531560 1490
1531570 1488
1531580 1488
1531590 1488
1531600 1488
1531610 1489
1531620 1489
1531630 1490
1531640 1490
1531650 1490
1531660 1491
1531670 1490
1531680 1490
1531690 1488
1531700 1488
1531710 1488
1531720 1484
1531730 1480
1531740 1480
1531750 1476
1531760 1471
1531770 1471
1531780 1467
1531790 1462
1531800 1462
1531810 1458
1531820 1452
1531830 1452
1531840 1447
1531850 1444
1531860 1436
1531870 1436
1531880 1431
1531890 1428
1531900 1428
1531910 1423
1531920 1416
1531930 1416
1531940 1411
1531950 1407
1531960 1407
1531970 1403
1531980 1399
1531990 1399
1532000 1395
1532010 1390
1532020 1390
1532030 1386
1532040 1382
1532050 1382
1532060 1381
1532070 1380
1532080 1380
1532090 1379
1532100 1376
1532110 1376
1532120 1374
1532130 1371
1532140 1371
1532150 1368
1532160 1365
1532170 1365
1532180 1362
1532190 1359
1532200 1356
1532210 1356
1532220 1352
1532230 1349
1532240 1349
1532250 1348
1532260 1347
1532270 1347
1532280 1345
1532290 1344
1532300 1344
1532310 1345
1532320 1342
1532330 1342
1532340 1342
1532350 1342
1532360 1342
1532370 1342
1532380 1343
1532390 1343
1532400 1344
1532410 1345
1532420 1345
1532430 1346
1532440 1346
1532450 1346
1532460 1346
1532470 1347
1532480 1347
1532490 1349
1532500 1351
1532510 1351
1532520 1353
1532530 1357
1532540 1357
1532550 1360
1532560 1363
1532570 1367
1532580 1367
1532590 1371
1532600 1375
1532610 1375
1532620 1379
1532630 1384
1532640 1384
1532650 1390
1532660 1399
1532670 1399
1532680 1407
1532690 1415
1532700 1415
1532710 1423
1532720 1431
1532730 1431
1532740 1438
1532750 1443
1532760 1443
1532770 1446
1532780 1448
1532790 1448
1532800 1447
1532810 1446
1532820 1446
1532830 1449
1532840 1453
1532850 1453
1532860 1458
1532870 1460
1532880 1460
1532890 1461
1532900 1462
1532910 1462
1532920 1458
1532930 1457
1532940 1456
1532950 1456
1532960 1454
1532970 1452
1532980 1452
1532990 1451
1533000 1448
1533010 1448
1533020 1444
1533030 1441
1533040 1441
1533050 1440
1533060 1435
1533070 1435
1533080 1433
1533090 1431
1533100 1431
1533110 1425
1533120 1421
1533130 1421
1533140 1420
1533150 1420
1533160 1420
1533170 1419
1533180 1417
1533190 1417
1533200 1418
1533210 1420
1533220 1420
1533230 1426
1533240 1429
1533250 1429
1533260 1426
1533270 1425
1533280 1427
1533290 1427
1533300 1432
1533310 1436
1533320 1436
1533330 1438
1533340 1438
1533350 1438
1533360 1440
1533370 1439
1533380 1439
1533390 1439
1533400 1440
1533410 1440
1533420 1441
1533430 1444
1533440 1444
1533450 1447
1533460 1448
1533470 1448
1533480 1450
1533490 1450
1533500 1450
1533510 1451
1533520 1451
1533530 1451
1533540 1452
1533550 1456
1533560 1456
1533570 1462
1533580 1466
1533590 1466
1533600 1467
1533610 1466
1533620 1466
1533630 1464
1533640 1463
1533650 1460
1533660 1460
1533670 1457
1533680 1457
1533690 1457
1533700 1456
1533710 1454
1533720 1454
1533730 1454
1533740 1452
1533750 1452
1533760 1450
1533770 1449
1533780 1449
1533790 1447
1533800 1444
1533810 1444
1533820 1443
1533830 1442
1533840 1442
1533850 1440
1533860 1440
1533870 1440
1533880 1437
1533890 1432
1533900 1432
1533910 1428
1533920 1428
1533930 1428
1533940 1428
1533950 1427
1533960 1427
1533970 1423
1533980 1421
1533990 1421
1534000 1421
1534010 1420
1534020 1419
1534030 1419
1534040 1416
1534050 1416
1534060 1416
1534070 1421
1534080 1426
1534090 1426
1534100 1425
1534110 1424
1534120 1424
1534130 1421
1534140 1418
1534150 1418
1534160 1417
1534170 1415
1534180 1415
1534190 1414
1534200 1414
1534210 1414
1534220 1412
1534230 1411
1534240 1411
1534250 1410
1534260 1407
1534270 1407
1534280 1404
1534290 1403
1534300 1403
1534310 1406
1534320 1409
1534330 1409
1534340 1408
1534350 1408
1534360 1405
1534370 1405
1534380 1403
1534390 1404
1534400 1404
1534410 1403
1534420 1402
1534430 1402
1534440 1400
1534450 1398
1534460 1398
1534470 1391
1534480 1385
1534490 1385
1534500 1378
1534510 1368
1534520 1368
1534530 1367
1534540 1368
1534550 1368
1534560 1365
1534570 1363
1534580 1363
1534590 1364
1534600 1362
1534610 1362
1534620 1359
1534630 1359
1534640 1359
1534650 1358
1534660 1358
1534670 1358
1534680 1353
1534690 1350
1534700 1350
1534710 1349
1534720 1348
1534730 1353
1534740 1353
1534750 1360
1534760 1362
1534770 1362
1534780 1363
1534790 1366
1534800 1366
1534810 1367
1534820 1366
1534830 1366
1534840 1364
1534850 1363
1534860 1363
1534870 1362
1534880 1360
1534890 1360
1534900 1358
1534910 1358
1534920 1358
1534930 1357
1534940 1356
1534950 1356
1534960 1354
1534970 1353
1534980 1353
1534990 1352
1535000 1348
1535010 1348
1535020 1345
1535030 1342
1535040 1342
1535050 1339
1535060 1335
1535070 1335
1535080 1333
1535090 1329
1535100 1326
1535110 1326
1535120 1323
1535130 1321
1535140 1321
1535150 1318
1535160 1315
1535170 1315
1535180 1312
1535190 1309
1535200 1309
1535210 1306
1535220 1304
1535230 1304
1535240 1302
1535250 1298
1535260 1298
1535270 1299
1535280 1298
1535290 1298
1535300 1300
1535310 1302
1535320 1302
1535330 1305
1535340 1303
1535350 1303
1535360 1300
1535370 1295
1535380 1295
1535390 1289
1535400 1287
1535410 1287
1535420 1285
1535430 1284
1535440 1286
1535450 1286
1535460 1287
1535470 1287
1535480 1287
1535490 1285
1535500 1283
1535510 1281
1535520 1281
1535530 1280
1535540 1280
1535550 1280
1535560 1280
1535570 1280
1535580 1283
1535590 1288
1535600 1288
1535610 1290
1535620 1290
1535630 1290
1535640 1289
1535650 1289
1535660 1289
1535670 1288
1535680 1287
1535690 1287
1535700 1286
1535710 1283
1535720 1283
1535730 1278
1535740 1272
1535750 1272
1535760 1267
1535770 1266
1535780 1266
1535790 1264
1535800 1263
1535810 1265
1535820 1265
1535830 1266
1535840 1265
1535850 1265
1535860 1263
1535870 1261
1535880 1261
1535890 1263
1535900 1265
1535910 1265
1535920 1265
1535930 1261
1535940 1261
1535950 1260
1535960 1261
1535970 1261
1535980 1258
1535990 1253
1536000 1253
1536010 1254
1536020 1260
1536030 1260
1536040 1268
1536050 1277
1536060 1277
1536070 1284
1536080 1287
1536090 1287
1536100 1289
1536110 1291
1536120 1291
1536130 1292
1536140 1291
1536150 1290
1536160 1290
1536170 1290
1536180 1293
1536190 1293
1536200 1292
1536210 1291
1536220 1291
1536230 1290
1536240 1288
1536250 1288
1536260 1284
1536270 1281
1536280 1281
1536290 1279
1536300 1277
1536310 1277
1536320 1276
1536330 1276
1536340 1276
1536350 1279
1536360 1282
1536370 1282
1536380 1283
1536390 1281
1536400 1281
1536410 1280
1536420 1281
1536430 1281
1536440 1279
1536450 1279
1536460 1279
1536470 1279
1536480 1279
1536490 1279
1536500 1279
1536510 1278
1536520 1276
1536530 1276
1536540 1275
1536550 1274
1536560 1274
1536570 1272
1536580 1271
1536590 1271
1536600 1270
1536610 1272
1536620 1272
1536630 1274
1536640 1276
1536650 1276
1536660 1278
1536670 1284
1536680 1284
1536690 1287
1536700 1284
1536710 1284
1536720 1283
1536730 1284
1536740 1284
1536750 1284
1536760 1285
1536770 1285
1536780 1286
1536790 1285
1536800 1285
1536810 1285
1536820 1287
1536830 1287
1536840 1287
1536850 1285
1536860 1285
1536870 1285
1536880 1286
1536890 1285
1536900 1285
1536910 1283
1536920 1282
1536930 1282
1536940 1285
1536950 1290
1536960 1290
1536970 1291
1536980 1294
1536990 1294
1537000 1300
1537010 1305
1537020 1305
1537030 1309
1537040 1315
1537050 1315
1537060 1319
1537070 1318
1537080 1318
1537090 1317
1537100 1318
1537110 1318
1537120 1319
1537130 1320
1537140 1320
1537150 1320
1537160 1319
1537170 1319
1537180 1318
1537190 1318
1537200 1318
1537210 1318
1537220 1316
1537230 1314
1537240 1314
1537250 1313
1537260 1313
1537270 1313
1537280 1312
1537290 1312
1537300 1312
1537310 1312
1537320 1312
1537330 1312
1537340 1312
1537350 1311
1537360 1311
1537370 1310
1537380 1309
1537390 1309
1537400 1308
1537410 1306
1537420 1306
1537430 1303
1537440 1300
1537450 1300
1537460 1300
1537470 1301
1537480 1301
1537490 1303
1537500 1302
1537510 1302
1537520 1302
1537530 1303
1537540 1303
1537550 1306
1537560 1304
1537570 1304
1537580 1302
1537590 1302
1537600 1299
1537610 1299
1537620 1296
1537630 1296
1537640 1296
1537650 1295
1537660 1295
1537670 1295
1537680 1293
1537690 1293
1537700 1293
1537710 1292
1537720 1289
1537730 1289
1537740 1285
1537750 1284
1537760 1284
1537770 1284
1537780 1282
1537790 1282
1537800 1280
1537810 1278
1537820 1278
1537830 1276
1537840 1273
1537850 1273
1537860 1271
1537870 1268
1537880 1268
1537890 1266
1537900 1262
1537910 1262
1537920 1261
1537930 1256
1537940 1256
1537950 1250
1537960 1245
1537970 1240
1537980 1240
1537990 1234
1538000 1229
1538010 1229
1538020 1224
1538030 1218
1538040 1218
1538050 1213
1538060 1208
1538070 1208
1538080 1204
1538090 1200
1538100 1200
1538110 1197
1538120 1191
1538130 1191
1538140 1182
1538150 1175
1538160 1175
1538170 1171
1538180 1166
1538190 1166
1538200 1162
1538210 1157
1538220 1157
1538230 1153
1538240 1150
1538250 1150
1538260 1146
1538270 1141
1538280 1141
1538290 1136
1538300 1132
1538310 1127
1538320 1127
1538330 1124
1538340 1120
1538350 1120
1538360 1118
1538370 1115
1538380 1115
1538390 1112
1538400 1109
1538410 1109
1538420 1107
1538430 1106
1538440 1106
1538450 1103
1538460 1099
1538470 1099
1538480 1095
1538490 1090
1538500 1090
1538510 1086
1538520 1082
1538530 1082
1538540 1078
1538550 1074
1538560 1074
1538570 1070
1538580 1066
1538590 1066
1538600 1064
1538610 1061
1538620 1061
1538630 1057
1538640 1054
1538650 1054
1538660 1052
1538670 1051
1538680 1051
1538690 1051
1538700 1051
1538710 1050
1538720 1050
1538730 1049
1538740 1047
1538750 1047
1538760 1044
1538770 1041
1538780 1041
1538790 1041
1538800 1044
1538810 1044
1538820 1045
1538830 1044
1538840 1044
1538850 1044
1538860 1044
1538870 1044
1538880 1045
1538890 1045
1538900 1045
1538910 1045
1538920 1046
1538930 1046
1538940 1050
1538950 1054
1538960 1054
1538970 1058
1538980 1067
1538990 1067
1539000 1085
1539010 1090
1539020 1090
1539030 1093
1539040 1094
1539050 1095
1539060 1095
1539070 1095
1539080 1096
1539090 1096
1539100 1095
1539110 1096
1539120 1096
1539130 1097
1539140 1097
1539150 1097
1539160 1097
1539170 1096
1539180 1096
1539190 1095
1539200 1094
1539210 1094
1539220 1092
1539230 1092
1539240 1092
1539250 1090
1539260 1088
1539270 1088
1539280 1087
1539290 1086
1539300 1086
1539310 1084
1539320 1083
1539330 1083
1539340 1083
1539350 1081
1539360 1081
1539370 1079
1539380 1078
1539390 1077
1539400 1077
1539410 1076
1539420 1076
1539430 1076
1539440 1075
1539450 1075
1539460 1075
1539470 1073
1539480 1071
1539490 1071
1539500 1070
1539510 1068
1539520 1068
1539530 1066
1539540 1065
1539550 1065
1539560 1065
1539570 1062
1539580 1062
1539590 1059
1539600 1055
1539610 1055
1539620 1051
1539630 1048
1539640 1048
1539650 1045
1539660 1043
1539670 1043
1539680 1041
1539690 1040
1539700 1040
1539710 1038
1539720 1039
1539730 1039
1539740 1041
1539750 1043
1539760 1043
1539770 1043
1539780 1041
1539790 1040
1539800 1040
1539810 1039
1539820 1037
1539830 1037
1539840 1035
1539850 1034
1539860 1034
1539870 1032
1539880 1032
1539890 1032
1539900 1035
1539910 1036
1539920 1036
1539930 1037
1539940 1038
1539950 1038
1539960 1036
1539970 1036
1539980 1036
1539990 1035
