1520000 508
1520010 508
1520020 508
1520030 508
1520040 508
1520050 508
1520060 508
1520070 508
1520080 508
1520090 508
1520100 508
1520110 508
1520120 508
1520130 508
1520140 508
1520150 508
1520160 508
1520170 508
1520180 508
1520190 508
1520200 508
1520210 508
1520220 508
1520230 508
1520240 508
1520250 508
1520260 508
1520270 508
1520280 508
1520290 508
1520300 508
1520310 508
1520320 508
1520330 508
1520340 508
1520350 508
1520360 508
1520370 508
1520380 508
1520390 508
1520400 508
1520410 508
1520420 508
1520430 508
1520440 508
1520450 508
1520460 508
1520470 508
1520480 508
1520490 508
1520500 508
1520510 508
1520520 508
1520530 508
1520540 508
1520550 508
1520560 508
1520570 508
1520580 508
1520590 508
1520600 508
1520610 508
1520620 508
1520630 508
1520640 508
1520650 508
1520660 508
1520670 508
1520680 508
1520690 508
1520700 508
1520710 510
1520720 510
1520730 510
1520740 513
1520750 515
1520760 515
1520770 513
1520780 511
1520790 511
1520800 510
1520810 510
1520820 510
1520830 511
1520840 514
1520850 514
1520860 516
1520870 521
1520880 528
1520890 528
1520900 534
1520910 541
1520920 541
1520930 548
1520940 555
1520950 555
1520960 563
1520970 573
1520980 573
1520990 589
1521000 601
1521010 601
1521020 608
1521030 616
1521040 616
1521050 628
1521060 640
1521070 640
1521080 653
1521090 661
1521100 661
1521110 676
1521120 705
1521130 705
1521140 720
1521150 733
1521160 733
1521170 748
1521180 761
1521190 761
1521200 774
1521210 783
1521220 783
1521230 788
1521240 794
1521250 802
1521260 802
1521270 806
1521280 806
1521290 806
1521300 807
1521310 809
1521320 809
1521330 813
1521340 819
1521350 819
1521360 826
1521370 833
1521380 833
1521390 840
1521400 855
1521410 855
1521420 874
1521430 890
1521440 890
1521450 900
1521460 917
1521470 917
1521480 934
1521490 948
1521500 948
1521510 960
1521520 974
1521530 974
1521540 984
1521550 992
1521560 992
1521570 997
1521580 1000
1521590 1000
1521600 1003
1521610 1006
1521620 1011
1521630 1011
1521640 1014
1521650 1015
1521660 1015
1521670 1018
1521680 1023
1521690 1023
1521700 1026
1521710 1026
1521720 1026
1521730 1027
1521740 1027
1521750 1027
1521760 1026
1521770 1027
1521780 1027
1521790 1028
1521800 1027
1521810 1027
1521820 1026
1521830 1025
1521840 1025
1521850 1023
1521860 1018
1521870 1018
1521880 1014
1521890 1010
1521900 1010
1521910 1010
1521920 1010
1521930 1010
1521940 1010
1521950 1011
1521960 1011
1521970 1013
1521980 1016
1521990 1018
1522000 1018
1522010 1020
1522020 1024
1522030 1024
1522040 1034
1522050 1042
1522060 1042
1522070 1046
1522080 1041
1522090 1041
1522100 1039
1522110 1039
1522120 1039
1522130 1041
1522140 1043
1522150 1043
1522160 1046
1522170 1047
1522180 1047
1522190 1051
1522200 1058
1522210 1058
1522220 1064
1522230 1068
1522240 1068
1522250 1069
1522260 1073
1522270 1073
1522280 1079
1522290 1087
1522300 1087
1522310 1099
1522320 1110
1522330 1110
1522340 1118
1522350 1122
1522360 1124
1522370 1124
1522380 1124
1522390 1122
1522400 1122
1522410 1119
1522420 1116
1522430 1116
1522440 1113
1522450 1110
1522460 1110
1522470 1107
1522480 1104
1522490 1104
1522500 1103
1522510 1105
1522520 1105
1522530 1108
1522540 1109
1522550 1109
1522560 1109
1522570 1107
1522580 1107
1522590 1104
1522600 1101
1522610 1101
1522620 1098
1522630 1094
1522640 1094
1522650 1090
1522660 1084
1522670 1084
1522680 1076
1522690 1068
1522700 1068
1522710 1060
1522720 1053
1522730 1047
1522740 1047
1522750 1040
1522760 1032
1522770 1032
1522780 1025
1522790 1021
1522800 1021
1522810 1017
1522820 1012
1522830 1012
1522840 1006
1522850 1001
1522860 1001
1522870 995
1522880 991
1522890 991
1522900 989
1522910 987
1522920 987
1522930 985
1522940 983
1522950 983
1522960 981
1522970 979
1522980 979
1522990 976
1523000 974
1523010 974
1523020 972
1523030 969
1523040 969
1523050 966
1523060 963
1523070 963
1523080 960
1523090 957
1523100 954
1523110 954
1523120 951
1523130 948
1523140 948
1523150 944
1523160 940
1523170 940
1523180 935
1523190 928
1523200 928
1523210 920
1523220 920
1523230 920
1523240 922
1523250 924
1523260 924
1523270 927
1523280 930
1523290 930
1523300 934
1523310 937
1523320 937
1523330 938
1523340 937
1523350 937
1523360 937
1523370 938
1523380 938
1523390 938
1523400 938
1523410 938
1523420 937
1523430 937
1523440 936
1523450 936
1523460 934
1523470 932
1523480 932
1523490 932
1523500 932
1523510 932
1523520 931
1523530 929
1523540 929
1523550 926
1523560 925
1523570 925
1523580 923
1523590 918
1523600 918
1523610 912
1523620 905
1523630 905
1523640 900
1523650 894
1523660 894
1523670 888
1523680 883
1523690 883
1523700 880
1523710 879
1523720 879
1523730 882
1523740 887
1523750 887
1523760 893
1523770 899
1523780 899
1523790 903
1523800 906
1523810 907
1523820 907
1523830 905
1523840 901
1523850 901
1523860 892
1523870 883
1523880 883
1523890 870
1523900 862
1523910 862
1523920 858
1523930 856
1523940 856
1523950 861
1523960 872
1523970 876
1523980 886
1523990 896
1524000 896
1524010 907
1524020 912
1524030 912
1524040 913
1524050 915
1524060 915
1524070 918
1524080 923
1524090 923
1524100 928
1524110 935
1524120 935
1524130 942
1524140 949
1524150 949
1524160 956
1524170 963
1524180 972
1524190 972
1524200 980
1524210 989
1524220 989
1524230 999
1524240 1007
1524250 1007
1524260 1011
1524270 1013
1524280 1013
1524290 1016
1524300 1018
1524310 1018
1524320 1018
1524330 1018
1524340 1018
1524350 1020
1524360 1020
1524370 1020
1524380 1019
1524390 1016
1524400 1016
1524410 1013
1524420 1010
1524430 1010
1524440 1007
1524450 1005
1524460 1005
1524470 1004
1524480 1005
1524490 1005
1524500 1009
1524510 1010
1524520 1010
1524530 1010
1524540 1009
1524550 1005
1524560 1005
1524570 1002
1524580 1000
1524590 1000
1524600 998
1524610 995
1524620 995
1524630 993
1524640 992
1524650 992
1524660 993
1524670 994
1524680 994
1524690 992
1524700 991
1524710 991
1524720 992
1524730 993
1524740 993
1524750 1002
1524760 1008
1524770 1008
1524780 1011
1524790 1014
1524800 1014
1524810 1018
1524820 1023
1524830 1023
1524840 1028
1524850 1033
1524860 1033
1524870 1037
1524880 1043
1524890 1043
1524900 1046
1524910 1049
1524920 1052
1524930 1052
1524940 1054
1524950 1056
1524960 1056
1524970 1056
1524980 1057
1524990 1057
1525000 1056
1525010 1055
1525020 1055
1525030 1053
1525040 1052
1525050 1052
1525060 1052
1525070 1054
1525080 1054
1525090 1057
1525100 1061
1525110 1061
1525120 1066
1525130 1070
1525140 1070
1525150 1074
1525160 1078
1525170 1078
1525180 1082
1525190 1086
1525200 1086
1525210 1088
1525220 1089
1525230 1089
1525240 1088
1525250 1087
1525260 1087
1525270 1089
1525280 1094
1525290 1102
1525300 1102
1525310 1109
1525320 1113
1525330 1113
1525340 1115
1525350 1116
1525360 1116
1525370 1118
1525380 1117
1525390 1117
1525400 1114
1525410 1109
1525420 1109
1525430 1105
1525440 1103
1525450 1103
1525460 1103
1525470 1102
1525480 1102
1525490 1099
1525500 1097
1525510 1097
1525520 1096
1525530 1095
1525540 1095
1525550 1093
1525560 1090
1525570 1090
1525580 1085
1525590 1081
1525600 1081
1525610 1079
1525620 1075
1525630 1075
1525640 1072
1525650 1069
1525660 1066
1525670 1066
1525680 1061
1525690 1056
1525700 1056
1525710 1052
1525720 1048
1525730 1048
1525740 1042
1525750 1034
1525760 1034
1525770 1030
1525780 1027
1525790 1027
1525800 1025
1525810 1023
1525820 1023
1525830 1020
1525840 1018
1525850 1018
1525860 1015
1525870 1012
1525880 1012
1525890 1007
1525900 1001
1525910 1001
1525920 998
1525930 996
1525940 996
1525950 992
1525960 988
1525970 988
1525980 985
1525990 984
1526000 984
1526010 982
1526020 980
1526030 979
1526040 979
1526050 980
1526060 980
1526070 980
1526080 978
1526090 975
1526100 975
1526110 972
1526120 971
1526130 971
1526140 970
1526150 969
1526160 969
1526170 968
1526180 967
1526190 967
1526200 965
1526210 964
1526220 964
1526230 963
1526240 961
1526250 961
1526260 959
1526270 957
1526280 957
1526290 956
1526300 955
1526310 955
1526320 953
1526330 953
1526340 953
1526350 952
1526360 952
1526370 952
1526380 952
1526390 951
1526400 950
1526410 950
1526420 949
1526430 947
1526440 947
1526450 947
1526460 947
1526470 947
1526480 947
1526490 946
1526500 946
1526510 947
1526520 949
1526530 949
1526540 949
1526550 947
1526560 947
1526570 944
1526580 941
1526590 941
1526600 938
1526610 935
1526620 935
1526630 929
1526640 920
1526650 920
1526660 910
1526670 904
1526680 904
1526690 897
1526700 891
1526710 891
1526720 885
1526730 873
1526740 873
1526750 861
1526760 843
1526770 832
1526780 832
1526790 822
1526800 809
1526810 809
1526820 798
1526830 780
1526840 780
1526850 772
1526860 765
1526870 765
1526880 754
1526890 744
1526900 744
1526910 733
1526920 717
1526930 717
1526940 702
1526950 691
1526960 691
1526970 682
1526980 674
1526990 674
1527000 666
1527010 659
1527020 659
1527030 652
1527040 644
1527050 644
1527060 636
1527070 627
1527080 627
1527090 620
1527100 614
1527110 614
1527120 608
1527130 602
1527140 596
1527150 596
1527160 590
1527170 584
1527180 584
1527190 578
1527200 572
1527210 572
1527220 567
1527230 562
1527240 562
1527250 555
1527260 546
1527270 546
1527280 537
1527290 532
1527300 532
1527310 529
1527320 528
1527330 528
1527340 528
1527350 530
1527360 530
1527370 535
1527380 539
1527390 539
1527400 543
1527410 548
1527420 548
1527430 556
1527440 562
1527450 562
1527460 568
1527470 574
1527480 574
1527490 580
1527500 585
1527510 589
1527520 589
1527530 592
1527540 596
1527550 596
1527560 601
1527570 609
1527580 609
1527590 618
1527600 625
1527610 625
1527620 636
1527630 643
1527640 643
1527650 652
1527660 660
1527670 660
1527680 667
1527690 673
1527700 673
1527710 679
1527720 685
1527730 685
1527740 692
1527750 700
1527760 700
1527770 706
1527780 712
1527790 712
1527800 717
1527810 720
1527820 720
1527830 724
1527840 730
1527850 730
1527860 736
1527870 741
1527880 750
1527890 750
1527900 756
1527910 761
1527920 761
1527930 767
1527940 775
1527950 775
1527960 783
1527970 789
1527980 789
1527990 796
1528000 804
1528010 804
1528020 810
1528030 816
1528040 816
1528050 823
1528060 831
1528070 831
1528080 839
1528090 846
1528100 846
1528110 854
1528120 861
1528130 861
1528140 871
1528150 888
1528160 888
1528170 907
1528180 920
1528190 920
1528200 929
1528210 937
1528220 937
1528230 946
1528240 959
1528250 975
1528260 975
1528270 1000
1528280 1034
1528290 1034
1528300 1054
1528310 1065
1528320 1065
1528330 1069
1528340 1074
1528350 1074
1528360 1082
1528370 1090
1528380 1090
1528390 1109
1528400 1121
1528410 1121
1528420 1128
1528430 1136
1528440 1136
1528450 1151
1528460 1167
1528470 1167
1528480 1183
1528490 1193
1528500 1193
1528510 1198
1528520 1215
1528530 1215
1528540 1230
1528550 1240
1528560 1240
1528570 1249
1528580 1257
1528590 1257
1528600 1264
1528610 1271
1528620 1278
1528630 1278
1528640 1285
1528650 1292
1528660 1292
1528670 1299
1528680 1307
1528690 1307
1528700 1316
1528710 1325
1528720 1325
1528730 1331
1528740 1336
1528750 1336
1528760 1339
1528770 1339
1528780 1339
1528790 1337
1528800 1335
1528810 1335
1528820 1334
1528830 1332
1528840 1332
1528850 1330
1528860 1329
1528870 1329
1528880 1329
1528890 1330
1528900 1330
1528910 1331
1528920 1333
1528930 1333
1528940 1335
1528950 1338
1528960 1338
1528970 1342
1528980 1346
1528990 1351
1529000 1351
1529010 1357
1529020 1364
1529030 1364
1529040 1371
1529050 1379
1529060 1379
1529070 1386
1529080 1392
1529090 1392
1529100 1399
1529110 1405
1529120 1405
1529130 1412
1529140 1419
1529150 1419
1529160 1429
1529170 1440
1529180 1440
1529190 1448
1529200 1459
1529210 1459
1529220 1478
1529230 1496
1529240 1496
1529250 1507
1529260 1517
1529270 1517
1529280 1529
1529290 1543
1529300 1543
1529310 1551
1529320 1559
1529330 1559
1529340 1566
1529350 1571
1529360 1573
1529370 1573
1529380 1573
1529390 1574
1529400 1574
1529410 1573
1529420 1574
1529430 1574
1529440 1579
1529450 1578
1529460 1578
1529470 1560
1529480 1550
1529490 1550
1529500 1550
1529510 1551
1529520 1551
1529530 1555
1529540 1565
1529550 1565
1529560 1584
1529570 1597
1529580 1597
1529590 1605
1529600 1616
1529610 1616
1529620 1622
1529630 1630
1529640 1630
1529650 1638
1529660 1651
1529670 1651
1529680 1666
1529690 1673
1529700 1673
1529710 1679
1529720 1685
1529730 1686
1529740 1686
1529750 1687
1529760 1691
1529770 1691
1529780 1688
1529790 1683
1529800 1683
1529810 1677
1529820 1672
1529830 1672
1529840 1665
1529850 1657
1529860 1657
1529870 1651
1529880 1651
1529890 1651
1529900 1649
1529910 1646
1529920 1646
1529930 1640
1529940 1629
1529950 1629
1529960 1625
1529970 1620
1529980 1620
1529990 1615
1530000 1611
1530010 1617
1530020 1614
1530030 1612
1530040 1612
1530050 1611
1530060 1610
1530070 1610
1530080 1611
1530090 1610
1530100 1610
1530110 1610
1530120 1610
1530130 1609
1530140 1609
1530150 1609
1530160 1609
1530170 1609
1530180 1609
1530190 1610
1530200 1610
1530210 1609
1530220 1610
1530230 1610
1530240 1610
1530250 1611
1530260 1611
1530270 1611
1530280 1611
1530290 1611
1530300 1610
1530310 1607
1530320 1607
1530330 1603
1530340 1598
1530350 1598
1530360 1594
1530370 1591
1530380 1591
1530390 1589
1530400 1587
1530410 1587
1530420 1587
1530430 1589
1530440 1589
1530450 1593
1530460 1596
1530470 1599
1530480 1599
1530490 1602
1530500 1602
1530510 1602
1530520 1601
1530530 1599
1530540 1599
1530550 1600
1530560 1599
1530570 1599
1530580 1598
1530590 1594
1530600 1594
1530610 1589
1530620 1585
1530630 1585
1530640 1581
1530650 1579
1530660 1579
1530670 1580
1530680 1578
1530690 1578
1530700 1575
1530710 1571
1530720 1571
1530730 1568
1530740 1567
1530750 1567
1530760 1566
1530770 1566
1530780 1566
1530790 1567
1530800 1568
1530810 1568
1530820 1569
1530830 1569
1530840 1568
1530850 1568
1530860 1568
1530870 1568
1530880 1568
1530890 1568
1530900 1567
1530910 1567
1530920 1566
1530930 1568
1530940 1568
1530950 1571
1530960 1571
1530970 1571
1530980 1567
1530990 1568
1531000 1568
1531010 1567
1531020 1567
1531030 1567
1531040 1569
1531050 1572
1531060 1572
1531070 1574
1531080 1576
1531090 1576
1531100 1578
1531110 1579
1531120 1579
1531130 1577
1531140 1578
1531150 1578
1531160 1578
1531170 1579
1531180 1579
1531190 1579
1531200 1578
1531210 1579
1531220 1579
1531230 1577
1531240 1576
1531250 1576
1531260 1575
1531270 1574
1531280 1574
1531290 1576
1531300 1577
1531310 1577
1531320 1578
1531330 1578
1531340 1578
1531350 1576
1531360 1575
1531370 1575
1531380 1574
1531390 1573
1531400 1573
1531410 1573
1531420 1574
1531430 1574
1531440 1576
1531450 1577
1531460 1577
1531470 1576
1531480 1576
1531490 1576
1531500 1577
1531510 1574
1531520 1574
1531530 1573
1531540 1573
1531550 1569
1531560 1569
1531570 1565
1531580 1564
1531590 1564
1531600 1563
1531610 1562
1531620 1562
1531630 1561
1531640 1560
1531650 1560
1531660 1556
1531670 1555
1531680 1555
1531690 1555
1531700 1551
1531710 1551
1531720 1549
1531730 1548
1531740 1548
1531750 1546
1531760 1543
1531770 1543
1531780 1542
1531790 1539
1531800 1539
1531810 1535
1531820 1532
1531830 1532
1531840 1530
1531850 1528
1531860 1528
1531870 1526
1531880 1525
1531890 1525
1531900 1524
1531910 1523
1531920 1522
1531930 1522
1531940 1521
1531950 1520
1531960 1520
1531970 1519
1531980 1520
1531990 1520
1532000 1520
1532010 1519
1532020 1519
1532030 1517
1532040 1516
1532050 1516
1532060 1515
1532070 1515
1532080 1515
1532090 1515
1532100 1515
1532110 1515
1532120 1516
1532130 1516
1532140 1516
1532150 1516
1532160 1516
1532170 1516
1532180 1516
1532190 1516
1532200 1516
1532210 1517
1532220 1516
1532230 1516
1532240 1515
1532250 1514
1532260 1514
1532270 1513
1532280 1512
1532290 1512
1532300 1512
1532310 1510
1532320 1509
1532330 1509
1532340 1509
1532350 1509
1532360 1509
1532370 1510
1532380 1511
1532390 1511
1532400 1512
1532410 1514
1532420 1514
1532430 1516
1532440 1518
1532450 1518
1532460 1520
1532470 1526
1532480 1526
1532490 1531
1532500 1533
1532510 1533
1532520 1535
1532530 1537
1532540 1537
1532550 1538
1532560 1538
1532570 1538
1532580 1538
1532590 1539
1532600 1539
1532610 1542
1532620 1545
1532630 1545
1532640 1544
1532650 1543
1532660 1539
1532670 1539
1532680 1537
1532690 1535
1532700 1535
1532710 1535
1532720 1535
1532730 1535
1532740 1534
1532750 1536
1532760 1536
1532770 1539
1532780 1539
1532790 1539
1532800 1540
1532810 1541
1532820 1541
1532830 1545
1532840 1547
1532850 1547
1532860 1546
1532870 1545
1532880 1545
1532890 1546
1532900 1548
1532910 1548
1532920 1544
1532930 1542
1532940 1542
1532950 1540
1532960 1538
1532970 1538
1532980 1537
1532990 1536
1533000 1536
1533010 1532
1533020 1527
1533030 1525
1533040 1525
1533050 1523
1533060 1519
1533070 1519
1533080 1519
1533090 1517
1533100 1517
1533110 1515
1533120 1514
1533130 1514
1533140 1511
1533150 1510
1533160 1510
1533170 1507
1533180 1503
1533190 1503
1533200 1504
1533210 1505
1533220 1505
1533230 1503
1533240 1501
1533250 1501
1533260 1499
1533270 1496
1533280 1496
1533290 1494
1533300 1495
1533310 1495
1533320 1492
1533330 1489
1533340 1489
1533350 1486
1533360 1483
1533370 1483
1533380 1480
1533390 1479
1533400 1480
1533410 1480
1533420 1482
1533430 1482
1533440 1482
1533450 1486
1533460 1488
1533470 1488
1533480 1489
1533490 1490
1533500 1490
1533510 1492
1533520 1491
1533530 1491
1533540 1490
1533550 1490
1533560 1490
1533570 1490
1533580 1490
1533590 1490
1533600 1490
1533610 1492
1533620 1492
1533630 1493
1533640 1495
1533650 1495
1533660 1497
1533670 1501
1533680 1501
1533690 1507
1533700 1513
1533710 1513
1533720 1514
1533730 1512
1533740 1512
1533750 1514
1533760 1517
1533770 1521
1533780 1521
1533790 1527
1533800 1535
1533810 1535
1533820 1539
1533830 1541
1533840 1541
1533850 1544
1533860 1547
1533870 1547
1533880 1548
1533890 1546
1533900 1546
1533910 1541
1533920 1539
1533930 1539
1533940 1537
1533950 1531
1533960 1531
1533970 1525
1533980 1522
1533990 1522
1534000 1520
1534010 1518
1534020 1518
1534030 1519
1534040 1521
1534050 1521
1534060 1518
1534070 1518
1534080 1518
1534090 1517
1534100 1517
1534110 1517
1534120 1517
1534130 1515
1534140 1515
1534150 1515
1534160 1515
1534170 1514
1534180 1514
1534190 1512
1534200 1508
1534210 1508
1534220 1506
1534230 1503
1534240 1503
1534250 1503
1534260 1503
1534270 1503
1534280 1500
1534290 1496
1534300 1496
1534310 1494
1534320 1493
1534330 1493
1534340 1491
1534350 1489
1534360 1489
1534370 1487
1534380 1483
1534390 1483
1534400 1482
1534410 1481
1534420 1481
1534430 1483
1534440 1485
1534450 1485
1534460 1484
1534470 1485
1534480 1485
1534490 1487
1534500 1488
1534510 1488
1534520 1488
1534530 1488
1534540 1485
1534550 1485
1534560 1484
1534570 1483
1534580 1483
1534590 1483
1534600 1482
1534610 1482
1534620 1480
1534630 1479
1534640 1479
1534650 1477
1534660 1476
1534670 1476
1534680 1476
1534690 1476
1534700 1476
1534710 1475
1534720 1474
1534730 1474
1534740 1472
1534750 1473
1534760 1473
1534770 1473
1534780 1472
1534790 1472
1534800 1473
1534810 1474
1534820 1474
1534830 1475
1534840 1476
1534850 1476
1534860 1479
1534870 1483
1534880 1484
1534890 1484
1534900 1484
1534910 1485
1534920 1485
1534930 1486
1534940 1484
1534950 1484
1534960 1480
1534970 1478
1534980 1478
1534990 1476
1535000 1475
1535010 1475
1535020 1473
1535030 1473
1535040 1473
1535050 1471
1535060 1468
1535070 1468
1535080 1469
1535090 1470
1535100 1470
1535110 1471
1535120 1471
1535130 1471
1535140 1470
1535150 1469
1535160 1469
1535170 1469
1535180 1468
1535190 1468
1535200 1467
1535210 1466
1535220 1466
1535230 1464
1535240 1461
1535250 1458
1535260 1458
1535270 1457
1535280 1455
1535290 1455
1535300 1453
1535310 1452
1535320 1452
1535330 1452
1535340 1451
1535350 1453
1535360 1453
1535370 1455
1535380 1455
1535390 1454
1535400 1453
1535410 1453
1535420 1451
1535430 1450
1535440 1450
1535450 1450
1535460 1448
1535470 1448
1535480 1447
1535490 1445
1535500 1445
1535510 1445
1535520 1443
1535530 1443
1535540 1442
1535550 1441
1535560 1441
1535570 1438
1535580 1436
1535590 1436
1535600 1431
1535610 1426
1535620 1423
1535630 1423
1535640 1421
1535650 1420
1535660 1420
1535670 1417
1535680 1415
1535690 1415
1535700 1413
1535710 1412
1535720 1412
1535730 1410
1535740 1409
1535750 1409
1535760 1410
1535770 1411
1535780 1411
1535790 1411
1535800 1409
1535810 1409
1535820 1406
1535830 1401
1535840 1401
1535850 1397
1535860 1394
1535870 1394
1535880 1389
1535890 1385
1535900 1385
1535910 1379
1535920 1372
1535930 1372
1535940 1365
1535950 1358
1535960 1358
1535970 1351
1535980 1344
1535990 1337
1536000 1337
1536010 1330
1536020 1326
1536030 1326
1536040 1322
1536050 1317
1536060 1317
1536070 1314
1536080 1314
1536090 1314
1536100 1313
1536110 1312
1536120 1312
1536130 1312
1536140 1311
1536150 1311
1536160 1310
1536170 1308
1536180 1308
1536190 1306
1536200 1305
1536210 1305
1536220 1304
1536230 1302
1536240 1302
1536250 1301
1536260 1302
1536270 1302
1536280 1303
1536290 1305
1536300 1305
1536310 1307
1536320 1309
1536330 1309
1536340 1309
1536350 1310
1536360 1310
1536370 1310
1536380 1310
1536390 1308
1536400 1308
1536410 1305
1536420 1301
1536430 1301
1536440 1300
1536450 1298
1536460 1298
1536470 1296
1536480 1295
1536490 1295
1536500 1293
1536510 1289
1536520 1289
1536530 1285
1536540 1282
1536550 1282
1536560 1278
1536570 1274
1536580 1274
1536590 1270
1536600 1265
1536610 1265
1536620 1262
1536630 1260
1536640 1260
1536650 1258
1536660 1255
1536670 1255
1536680 1253
1536690 1249
1536700 1249
1536710 1246
1536720 1243
1536730 1240
1536740 1240
1536750 1236
1536760 1232
1536770 1232
1536780 1228
1536790 1225
1536800 1225
1536810 1222
1536820 1219
1536830 1219
1536840 1217
1536850 1215
1536860 1215
1536870 1215
1536880 1214
1536890 1214
1536900 1214
1536910 1212
1536920 1212
1536930 1210
1536940 1209
1536950 1209
1536960 1208
1536970 1207
1536980 1207
1536990 1206
1537000 1204
1537010 1204
1537020 1202
1537030 1199
1537040 1199
1537050 1198
1537060 1199
1537070 1199
1537080 1197
1537090 1197
1537100 1195
1537110 1195
1537120 1193
1537130 1191
1537140 1191
1537150 1189
1537160 1187
1537170 1187
1537180 1184
1537190 1182
1537200 1182
1537210 1180
1537220 1178
1537230 1178
1537240 1174
1537250 1170
1537260 1170
1537270 1167
1537280 1165
1537290 1165
1537300 1162
1537310 1159
1537320 1159
1537330 1156
1537340 1154
1537350 1154
1537360 1151
1537370 1149
1537380 1149
1537390 1147
1537400 1144
1537410 1144
1537420 1142
1537430 1140
1537440 1136
1537450 1136
1537460 1130
1537470 1127
1537480 1127
1537490 1124
1537500 1122
1537510 1122
1537520 1118
1537530 1112
1537540 1112
1537550 1107
1537560 1103
1537570 1103
1537580 1099
1537590 1095
1537600 1095
1537610 1089
1537620 1085
1537630 1085
1537640 1080
1537650 1075
1537660 1075
1537670 1071
1537680 1065
1537690 1065
1537700 1060
1537710 1056
1537720 1056
1537730 1052
1537740 1046
1537750 1046
1537760 1041
1537770 1036
1537780 1036
1537790 1032
1537800 1029
1537810 1027
1537820 1027
1537830 1024
1537840 1020
1537850 1020
1537860 1016
1537870 1011
1537880 1011
1537890 1008
1537900 1005
1537910 1005
1537920 1002
1537930 998
1537940 998
1537950 996
1537960 993
1537970 993
1537980 988
1537990 985
1538000 985
1538010 981
1538020 977
1538030 977
1538040 975
1538050 972
1538060 972
1538070 969
1538080 966
1538090 966
1538100 963
1538110 960
1538120 960
1538130 958
1538140 955
1538150 955
1538160 952
1538170 949
1538180 946
1538190 946
1538200 944
1538210 941
1538220 941
1538230 937
1538240 934
1538250 934
1538260 930
1538270 926
1538280 926
1538290 922
1538300 919
1538310 919
1538320 915
1538330 910
1538340 910
1538350 905
1538360 901
1538370 901
1538380 898
1538390 896
1538400 896
1538410 894
1538420 891
1538430 891
1538440 888
1538450 885
1538460 885
1538470 882
1538480 879
1538490 879
1538500 877
1538510 874
1538520 874
1538530 872
1538540 870
1538550 867
1538560 867
1538570 864
1538580 862
1538590 862
1538600 858
1538610 855
1538620 855
1538630 852
1538640 849
1538650 849
1538660 847
1538670 844
1538680 844
1538690 841
1538700 838
1538710 838
1538720 836
1538730 833
1538740 833
1538750 830
1538760 827
1538770 827
1538780 825
1538790 822
1538800 822
1538810 820
1538820 818
1538830 818
1538840 815
1538850 813
1538860 813
1538870 811
1538880 809
1538890 809
1538900 807
1538910 805
1538920 803
1538930 803
1538940 802
1538950 798
1538960 798
1538970 795
1538980 794
1538990 794
1539000 795
1539010 794
1539020 794
1539030 791
1539040 789
1539050 789
1539060 786
1539070 783
1539080 783
1539090 783
1539100 782
1539110 782
1539120 781
1539130 781
1539140 781
1539150 782
1539160 781
1539170 781
1539180 779
1539190 778
1539200 778
1539210 778
1539220 778
1539230 778
1539240 777
1539250 777
1539260 777
1539270 777
1539280 777
1539290 777
1539300 777
1539310 776
1539320 776
1539330 776
1539340 776
1539350 776
1539360 776
1539370 776
1539380 776
1539390 776
1539400 776
1539410 776
1539420 776
1539430 776
1539440 775
1539450 775
1539460 775
1539470 775
1539480 775
1539490 775
1539500 775
1539510 775
1539520 775
1539530 775
1539540 775
1539550 775
1539560 775
1539570 775
1539580 774
1539590 774
1539600 774
1539610 774
1539620 774
1539630 774
1539640 774
1539650 773
1539660 773
1539670 773
1539680 773
1539690 773
1539700 773
1539710 773
1539720 773
1539730 773
1539740 773
1539750 772
1539760 772
1539770 772
1539780 772
1539790 772
1539800 771
1539810 771
1539820 771
1539830 770
1539840 770
1539850 770
1539860 770
1539870 768
1539880 768
1539890 767
1539900 768
1539910 768
1539920 769
1539930 769
1539940 769
1539950 769
1539960 769
1539970 769
1539980 769
1539990 769
