1520000 507
1520010 507
1520020 507
1520030 507
1520040 507
1520050 507
1520060 507
1520070 507
1520080 507
1520090 507
1520100 507
1520110 507
1520120 507
1520130 507
1520140 507
1520150 507
1520160 507
1520170 507
1520180 507
1520190 507
1520200 507
1520210 507
1520220 507
1520230 507
1520240 507
1520250 507
1520260 507
1520270 507
1520280 507
1520290 507
1520300 507
1520310 507
1520320 507
1520330 507
1520340 507
1520350 507
1520360 507
1520370 507
1520380 507
1520390 507
1520400 507
1520410 507
1520420 507
1520430 507
1520440 507
1520450 507
1520460 507
1520470 507
1520480 507
1520490 507
1520500 507
1520510 507
1520520 507
1520530 507
1520540 507
1520550 507
1520560 507
1520570 507
1520580 507
1520590 507
1520600 507
1520610 508
1520620 508
1520630 508
1520640 508
1520650 508
1520660 509
1520670 509
1520680 509
1520690 509
1520700 509
1520710 509
1520720 509
1520730 511
1520740 515
1520750 515
1520760 520
1520770 523
1520780 523
1520790 528
1520800 531
1520810 531
1520820 534
1520830 536
1520840 536
1520850 537
1520860 539
1520870 539
1520880 540
1520890 542
1520900 542
1520910 544
1520920 546
1520930 546
1520940 548
1520950 549
1520960 549
1520970 551
1520980 552
1520990 552
1521000 553
1521010 554
1521020 554
1521030 555
1521040 555
1521050 555
1521060 555
1521070 556
1521080 557
1521090 557
1521100 558
1521110 559
1521120 559
1521130 560
1521140 561
1521150 561
1521160 562
1521170 564
1521180 564
1521190 566
1521200 569
1521210 569
1521220 571
1521230 573
1521240 573
1521250 575
1521260 578
1521270 578
1521280 580
1521290 583
1521300 583
1521310 586
1521320 589
1521330 589
1521340 592
1521350 596
1521360 596
1521370 599
1521380 602
1521390 602
1521400 604
1521410 606
1521420 606
1521430 609
1521440 612
1521450 614
1521460 614
1521470 616
1521480 617
1521490 617
1521500 619
1521510 622
1521520 622
1521530 627
1521540 632
1521550 632
1521560 637
1521570 642
1521580 642
1521590 645
1521600 648
1521610 648
1521620 652
1521630 655
1521640 655
1521650 659
1521660 661
1521670 661
1521680 664
1521690 667
1521700 667
1521710 671
1521720 675
1521730 675
1521740 679
1521750 683
1521760 683
1521770 686
1521780 690
1521790 690
1521800 694
1521810 698
1521820 698
1521830 702
1521840 706
1521850 710
1521860 710
1521870 713
1521880 717
1521890 717
1521900 724
1521910 730
1521920 730
1521930 737
1521940 744
1521950 744
1521960 750
1521970 757
1521980 757
1521990 764
1522000 771
1522010 771
1522020 778
1522030 785
1522040 785
1522050 792
1522060 799
1522070 799
1522080 806
1522090 813
1522100 813
1522110 820
1522120 828
1522130 828
1522140 838
1522150 850
1522160 850
1522170 862
1522180 888
1522190 888
1522200 921
1522210 939
1522220 948
1522230 948
1522240 952
1522250 958
1522260 958
1522270 966
1522280 980
1522290 980
1522300 985
1522310 993
1522320 993
1522330 1006
1522340 1016
1522350 1016
1522360 1023
1522370 1032
1522380 1032
1522390 1039
1522400 1044
1522410 1044
1522420 1049
1522430 1057
1522440 1057
1522450 1066
1522460 1089
1522470 1089
1522480 1113
1522490 1134
1522500 1134
1522510 1152
1522520 1169
1522530 1169
1522540 1178
1522550 1183
1522560 1183
1522570 1186
1522580 1191
1522590 1191
1522600 1196
1522610 1199
1522620 1202
1522630 1202
1522640 1205
1522650 1209
1522660 1209
1522670 1214
1522680 1221
1522690 1221
1522700 1227
1522710 1233
1522720 1233
1522730 1240
1522740 1246
1522750 1246
1522760 1253
1522770 1260
1522780 1260
1522790 1268
1522800 1278
1522810 1278
1522820 1286
1522830 1296
1522840 1296
1522850 1311
1522860 1323
1522870 1323
1522880 1334
1522890 1345
1522900 1345
1522910 1357
1522920 1364
1522930 1364
1522940 1372
1522950 1384
1522960 1384
1522970 1394
1522980 1403
1522990 1403
1523000 1413
1523010 1421
1523020 1422
1523030 1422
1523040 1415
1523050 1410
1523060 1410
1523070 1404
1523080 1402
1523090 1402
1523100 1400
1523110 1398
1523120 1398
1523130 1402
1523140 1411
1523150 1411
1523160 1424
1523170 1437
1523180 1437
1523190 1448
1523200 1452
1523210 1452
1523220 1454
1523230 1455
1523240 1455
1523250 1457
1523260 1462
1523270 1462
1523280 1471
1523290 1482
1523300 1482
1523310 1492
1523320 1504
1523330 1504
1523340 1512
1523350 1521
1523360 1521
1523370 1533
1523380 1542
1523390 1552
1523400 1552
1523410 1563
1523420 1575
1523430 1575
1523440 1583
1523450 1588
1523460 1588
1523470 1593
1523480 1606
1523490 1606
1523500 1611
1523510 1608
1523520 1608
1523530 1601
1523540 1594
1523550 1594
1523560 1592
1523570 1594
1523580 1594
1523590 1595
1523600 1595
1523610 1595
1523620 1595
1523630 1595
1523640 1595
1523650 1597
1523660 1599
1523670 1599
1523680 1601
1523690 1599
1523700 1599
1523710 1600
1523720 1604
1523730 1604
1523740 1611
1523750 1616
1523760 1616
1523770 1622
1523780 1629
1523790 1635
1523800 1635
1523810 1639
1523820 1643
1523830 1643
1523840 1645
1523850 1648
1523860 1648
1523870 1651
1523880 1651
1523890 1651
1523900 1652
1523910 1655
1523920 1655
1523930 1656
1523940 1657
1523950 1657
1523960 1659
1523970 1659
1523980 1659
1523990 1659
1524000 1659
1524010 1659
1524020 1659
1524030 1659
1524040 1659
1524050 1661
1524060 1662
1524070 1662
1524080 1663
1524090 1665
1524100 1665
1524110 1666
1524120 1668
1524130 1668
1524140 1671
1524150 1675
1524160 1678
1524170 1678
1524180 1680
1524190 1683
1524200 1683
1524210 1686
1524220 1689
1524230 1689
1524240 1694
1524250 1698
1524260 1698
1524270 1703
1524280 1709
1524290 1709
1524300 1714
1524310 1720
1524320 1720
1524330 1726
1524340 1731
1524350 1731
1524360 1737
1524370 1742
1524380 1742
1524390 1747
1524400 1752
1524410 1752
1524420 1758
1524430 1764
1524440 1764
1524450 1771
1524460 1778
1524470 1778
1524480 1785
1524490 1793
1524500 1793
1524510 1801
1524520 1809
1524530 1809
1524540 1819
1524550 1827
1524560 1835
1524570 1835
1524580 1846
1524590 1854
1524600 1854
1524610 1859
1524620 1865
1524630 1865
1524640 1870
1524650 1877
1524660 1877
1524670 1883
1524680 1888
1524690 1888
1524700 1892
1524710 1894
1524720 1894
1524730 1897
1524740 1900
1524750 1900
1524760 1903
1524770 1905
1524780 1905
1524790 1907
1524800 1910
1524810 1910
1524820 1912
1524830 1914
1524840 1914
1524850 1916
1524860 1918
1524870 1918
1524880 1920
1524890 1921
1524900 1921
1524910 1922
1524920 1924
1524930 1926
1524940 1926
1524950 1927
1524960 1928
1524970 1928
1524980 1924
1524990 1912
1525000 1912
1525010 1899
1525020 1888
1525030 1888
1525040 1875
1525050 1865
1525060 1865
1525070 1854
1525080 1844
1525090 1844
1525100 1835
1525110 1828
1525120 1828
1525130 1822
1525140 1815
1525150 1815
1525160 1806
1525170 1795
1525180 1795
1525190 1785
1525200 1775
1525210 1775
1525220 1765
1525230 1753
1525240 1753
1525250 1744
1525260 1733
1525270 1733
1525280 1723
1525290 1715
1525300 1715
1525310 1707
1525320 1698
1525330 1692
1525340 1692
1525350 1687
1525360 1681
1525370 1681
1525380 1675
1525390 1668
1525400 1668
1525410 1657
1525420 1645
1525430 1645
1525440 1637
1525450 1627
1525460 1627
1525470 1610
1525480 1603
1525490 1603
1525500 1596
1525510 1589
1525520 1589
1525530 1582
1525540 1576
1525550 1576
1525560 1572
1525570 1564
1525580 1564
1525590 1555
1525600 1549
1525610 1549
1525620 1542
1525630 1533
1525640 1533
1525650 1524
1525660 1516
1525670 1516
1525680 1507
1525690 1500
1525700 1490
1525710 1490
1525720 1482
1525730 1472
1525740 1472
1525750 1465
1525760 1457
1525770 1457
1525780 1451
1525790 1443
1525800 1443
1525810 1434
1525820 1423
1525830 1423
1525840 1414
1525850 1407
1525860 1407
1525870 1397
1525880 1388
1525890 1388
1525900 1382
1525910 1368
1525920 1368
1525930 1359
1525940 1352
1525950 1352
1525960 1345
1525970 1338
1525980 1338
1525990 1330
1526000 1324
1526010 1324
1526020 1318
1526030 1310
1526040 1310
1526050 1303
1526060 1298
1526070 1298
1526080 1292
1526090 1284
1526100 1278
1526110 1278
1526120 1273
1526130 1268
1526140 1268
1526150 1263
1526160 1258
1526170 1258
1526180 1254
1526190 1249
1526200 1249
1526210 1242
1526220 1237
1526230 1237
1526240 1231
1526250 1225
1526260 1225
1526270 1220
1526280 1214
1526290 1214
1526300 1208
1526310 1202
1526320 1202
1526330 1196
1526340 1190
1526350 1190
1526360 1182
1526370 1175
1526380 1175
1526390 1170
1526400 1165
1526410 1165
1526420 1159
1526430 1152
1526440 1152
1526450 1151
1526460 1149
1526470 1145
1526480 1145
1526490 1141
1526500 1135
1526510 1135
1526520 1129
1526530 1123
1526540 1123
1526550 1118
1526560 1115
1526570 1115
1526580 1115
1526590 1114
1526600 1114
1526610 1112
1526620 1110
1526630 1110
1526640 1108
1526650 1105
1526660 1105
1526670 1101
1526680 1097
1526690 1097
1526700 1092
1526710 1087
1526720 1087
1526730 1081
1526740 1074
1526750 1074
1526760 1070
1526770 1073
1526780 1073
1526790 1079
1526800 1087
1526810 1087
1526820 1094
1526830 1098
1526840 1098
1526850 1102
1526860 1105
1526870 1105
1526880 1105
1526890 1106
1526900 1108
1526910 1108
1526920 1108
1526930 1107
1526940 1107
1526950 1105
1526960 1103
1526970 1103
1526980 1103
1526990 1104
1527000 1104
1527010 1105
1527020 1106
1527030 1106
1527040 1106
1527050 1106
1527060 1106
1527070 1105
1527080 1102
1527090 1102
1527100 1098
1527110 1093
1527120 1093
1527130 1085
1527140 1075
1527150 1075
1527160 1066
1527170 1058
1527180 1058
1527190 1051
1527200 1043
1527210 1043
1527220 1038
1527230 1036
1527240 1035
1527250 1035
1527260 1034
1527270 1034
1527280 1042
1527290 1042
1527300 1042
1527310 1042
1527320 1041
1527330 1040
1527340 1040
1527350 1038
1527360 1037
1527370 1037
1527380 1036
1527390 1034
1527400 1034
1527410 1031
1527420 1028
1527430 1028
1527440 1023
1527450 1017
1527460 1017
1527470 1011
1527480 1006
1527490 1006
1527500 1001
1527510 995
1527520 995
1527530 989
1527540 981
1527550 981
1527560 974
1527570 968
1527580 968
1527590 962
1527600 955
1527610 955
1527620 949
1527630 943
1527640 939
1527650 939
1527660 938
1527670 936
1527680 936
1527690 934
1527700 931
1527710 931
1527720 927
1527730 921
1527740 921
1527750 913
1527760 905
1527770 905
1527780 897
1527790 889
1527800 889
1527810 886
1527820 888
1527830 888
1527840 886
1527850 882
1527860 882
1527870 877
1527880 872
1527890 872
1527900 868
1527910 864
1527920 864
1527930 860
1527940 856
1527950 856
1527960 852
1527970 848
1527980 848
1527990 844
1528000 840
1528010 840
1528020 836
1528030 833
1528040 830
1528050 830
1528060 827
1528070 824
1528080 824
1528090 821
1528100 818
1528110 818
1528120 815
1528130 812
1528140 812
1528150 809
1528160 805
1528170 805
1528180 800
1528190 796
1528200 796
1528210 792
1528220 788
1528230 788
1528240 786
1528250 783
1528260 783
1528270 779
1528280 776
1528290 776
1528300 774
1528310 771
1528320 771
1528330 767
1528340 763
1528350 763
1528360 760
1528370 757
1528380 757
1528390 754
1528400 753
1528410 754
1528420 754
1528430 753
1528440 750
1528450 750
1528460 748
1528470 747
1528480 747
1528490 745
1528500 743
1528510 743
1528520 739
1528530 737
1528540 737
1528550 736
1528560 734
1528570 734
1528580 732
1528590 730
1528600 730
1528610 729
1528620 727
1528630 727
1528640 725
1528650 723
1528660 723
1528670 721
1528680 719
1528690 719
1528700 718
1528710 716
1528720 716
1528730 714
1528740 713
1528750 713
1528760 711
1528770 710
1528780 710
1528790 708
1528800 704
1528810 700
1528820 700
1528830 697
1528840 696
1528850 696
1528860 696
1528870 697
1528880 697
1528890 699
1528900 700
1528910 700
1528920 701
1528930 702
1528940 702
1528950 702
1528960 701
1528970 701
1528980 701
1528990 701
1529000 701
1529010 701
1529020 700
1529030 700
1529040 699
1529050 698
1529060 698
1529070 697
1529080 696
1529090 696
1529100 695
1529110 694
1529120 694
1529130 693
1529140 692
1529150 692
1529160 692
1529170 692
1529180 691
1529190 691
1529200 691
1529210 691
1529220 691
1529230 691
1529240 690
1529250 690
1529260 690
1529270 689
1529280 689
1529290 689
1529300 688
1529310 688
1529320 688
1529330 687
1529340 687
1529350 687
1529360 686
1529370 686
1529380 686
1529390 685
1529400 685
1529410 684
1529420 683
1529430 683
1529440 681
1529450 680
1529460 680
1529470 679
1529480 678
1529490 678
1529500 677
1529510 676
1529520 676
1529530 675
1529540 674
1529550 674
1529560 673
1529570 672
1529580 671
1529590 671
1529600 668
1529610 670
1529620 670
1529630 673
1529640 672
1529650 672
1529660 669
1529670 665
1529680 665
1529690 662
1529700 659
1529710 659
1529720 656
1529730 654
1529740 654
1529750 650
1529760 651
1529770 651
1529780 652
1529790 651
1529800 651
1529810 650
1529820 650
1529830 650
1529840 649
1529850 649
1529860 649
1529870 649
1529880 647
1529890 647
1529900 645
1529910 644
1529920 644
1529930 642
1529940 640
1529950 638
1529960 638
1529970 638
1529980 636
1529990 636
1530000 635
1530010 634
1530020 634
1530030 633
1530040 630
1530050 630
1530060 630
1530070 631
1530080 631
1530090 631
1530100 630
1530110 630
1530120 629
1530130 625
1530140 625
1530150 619
1530160 615
1530170 615
1530180 615
1530190 616
1530200 616
1530210 616
1530220 616
1530230 616
1530240 616
1530250 614
1530260 614
1530270 614
1530280 614
1530290 614
1530300 614
1530310 617
1530320 617
1530330 618
1530340 620
1530350 625
1530360 625
1530370 630
1530380 635
1530390 635
1530400 638
1530410 639
1530420 639
1530430 640
1530440 640
1530450 640
1530460 640
1530470 641
1530480 641
1530490 641
1530500 642
1530510 642
1530520 643
1530530 644
1530540 644
1530550 645
1530560 646
1530570 646
1530580 648
1530590 649
1530600 649
1530610 650
1530620 652
1530630 652
1530640 652
1530650 653
1530660 653
1530670 654
1530680 655
1530690 655
1530700 656
1530710 655
1530720 656
1530730 656
1530740 657
1530750 657
1530760 657
1530770 657
1530780 658
1530790 658
1530800 658
1530810 658
1530820 658
1530830 659
1530840 660
1530850 660
1530860 661
1530870 662
1530880 662
1530890 662
1530900 663
1530910 663
1530920 664
1530930 664
1530940 664
1530950 664
1530960 664
1530970 664
1530980 665
1530990 664
1531000 664
1531010 663
1531020 663
1531030 663
1531040 664
1531050 663
1531060 663
1531070 663
1531080 663
1531090 663
1531100 662
1531110 663
1531120 663
1531130 663
1531140 663
1531150 663
1531160 663
1531170 663
1531180 664
1531190 664
1531200 663
1531210 663
1531220 663
1531230 662
1531240 662
1531250 662
1531260 661
1531270 661
1531280 661
1531290 655
1531300 650
1531310 650
1531320 651
1531330 653
1531340 653
1531350 652
1531360 652
1531370 652
1531380 654
1531390 655
1531400 655
1531410 655
1531420 654
1531430 654
1531440 654
1531450 653
1531460 653
1531470 653
1531480 654
1531490 653
1531500 653
1531510 653
1531520 653
1531530 653
1531540 653
1531550 653
1531560 653
1531570 653
1531580 653
1531590 653
1531600 654
1531610 654
1531620 654
1531630 655
1531640 656
1531650 656
1531660 657
1531670 658
1531680 658
1531690 658
1531700 658
1531710 658
1531720 658
1531730 659
1531740 659
1531750 659
1531760 659
1531770 659
1531780 660
1531790 660
1531800 660
1531810 661
1531820 662
1531830 662
1531840 662
1531850 663
1531860 663
1531870 664
1531880 665
1531890 666
1531900 666
1531910 667
1531920 667
1531930 667
1531940 669
1531950 670
1531960 670
1531970 671
1531980 671
1531990 671
1532000 671
1532010 672
1532020 672
1532030 672
1532040 672
1532050 672
1532060 672
1532070 672
1532080 672
1532090 666
1532100 660
1532110 660
1532120 662
1532130 663
1532140 663
1532150 662
1532160 661
1532170 661
1532180 659
1532190 658
1532200 658
1532210 657
1532220 656
1532230 656
1532240 654
1532250 655
1532260 656
1532270 656
1532280 658
1532290 660
1532300 660
1532310 660
1532320 660
1532330 660
1532340 665
1532350 669
1532360 669
1532370 671
1532380 670
1532390 670
1532400 669
1532410 668
1532420 668
1532430 666
1532440 665
1532450 665
1532460 665
1532470 664
1532480 664
1532490 664
1532500 663
1532510 663
1532520 664
1532530 665
1532540 665
1532550 665
1532560 666
1532570 666
1532580 669
1532590 671
1532600 671
1532610 671
1532620 672
1532630 672
1532640 672
1532650 671
1532660 671
1532670 671
1532680 671
1532690 671
1532700 671
1532710 670
1532720 669
1532730 669
1532740 669
1532750 668
1532760 668
1532770 668
1532780 667
1532790 667
1532800 666
1532810 665
1532820 665
1532830 663
1532840 662
1532850 662
1532860 661
1532870 660
1532880 660
1532890 659
1532900 655
1532910 655
1532920 652
1532930 650
1532940 650
1532950 647
1532960 645
1532970 645
1532980 643
1532990 640
1533000 640
1533010 638
1533020 636
1533030 634
1533040 634
1533050 632
1533060 630
1533070 630
1533080 629
1533090 629
1533100 629
1533110 629
1533120 629
1533130 629
1533140 630
1533150 630
1533160 630
1533170 630
1533180 631
1533190 631
1533200 631
1533210 632
1533220 632
1533230 632
1533240 632
1533250 632
1533260 633
1533270 634
1533280 634
1533290 635
1533300 635
1533310 635
1533320 636
1533330 638
1533340 638
1533350 638
1533360 639
1533370 639
1533380 638
1533390 637
1533400 637
1533410 635
1533420 634
1533430 632
1533440 632
1533450 632
1533460 632
1533470 632
1533480 632
1533490 631
1533500 631
1533510 632
1533520 632
1533530 632
1533540 632
1533550 632
1533560 632
1533570 633
1533580 634
1533590 634
1533600 634
1533610 635
1533620 635
1533630 635
1533640 635
1533650 635
1533660 635
1533670 635
1533680 635
1533690 635
1533700 635
1533710 635
1533720 635
1533730 635
1533740 635
1533750 635
1533760 635
1533770 635
1533780 635
1533790 636
1533800 636
1533810 636
1533820 635
1533830 636
1533840 636
1533850 637
1533860 637
1533870 637
1533880 637
1533890 637
1533900 637
1533910 636
1533920 636
1533930 636
1533940 636
1533950 636
1533960 636
1533970 636
1533980 636
1533990 636
1534000 635
1534010 635
1534020 635
1534030 636
1534040 637
1534050 637
1534060 638
1534070 638
1534080 638
1534090 638
1534100 639
1534110 639
1534120 639
1534130 640
1534140 640
1534150 640
1534160 640
1534170 640
1534180 640
1534190 641
1534200 641
1534210 641
1534220 642
1534230 642
1534240 642
1534250 642
1534260 642
1534270 642
1534280 642
1534290 642
1534300 642
1534310 642
1534320 643
1534330 643
1534340 646
1534350 647
1534360 647
1534370 647
1534380 648
1534390 648
1534400 649
1534410 650
1534420 650
1534430 651
1534440 651
1534450 651
1534460 652
1534470 653
1534480 653
1534490 653
1534500 653
1534510 653
1534520 654
1534530 654
1534540 654
1534550 654
1534560 655
1534570 655
1534580 656
1534590 657
1534600 657
1534610 657
1534620 654
1534630 653
1534640 653
1534650 654
1534660 657
1534670 657
1534680 658
1534690 659
1534700 659
1534710 659
1534720 659
1534730 659
1534740 658
1534750 655
1534760 655
1534770 652
1534780 653
1534790 653
1534800 652
1534810 651
1534820 651
1534830 651
1534840 652
1534850 652
1534860 652
1534870 653
1534880 653
1534890 655
1534900 660
1534910 660
1534920 662
1534930 663
1534940 663
1534950 662
1534960 662
1534970 662
1534980 662
1534990 663
1535000 663
1535010 663
1535020 664
1535030 666
1535040 666
1535050 667
1535060 666
1535070 666
1535080 666
1535090 667
1535100 667
1535110 666
1535120 666
1535130 666
1535140 666
1535150 667
1535160 667
1535170 667
1535180 668
1535190 668
1535200 670
1535210 670
1535220 670
1535230 670
1535240 670
1535250 670
1535260 670
1535270 670
1535280 670
1535290 672
1535300 673
1535310 673
1535320 673
1535330 674
1535340 674
1535350 674
1535360 675
1535370 675
1535380 675
1535390 676
1535400 676
1535410 676
1535420 675
1535430 675
1535440 675
1535450 675
1535460 675
1535470 675
1535480 675
1535490 675
1535500 675
1535510 675
1535520 675
1535530 675
1535540 675
1535550 675
1535560 675
1535570 676
1535580 677
1535590 677
1535600 679
1535610 680
1535620 680
1535630 682
1535640 684
1535650 684
1535660 686
1535670 689
1535680 689
1535690 692
1535700 695
1535710 695
1535720 698
1535730 701
1535740 704
1535750 704
1535760 707
1535770 711
1535780 711
1535790 713
1535800 717
1535810 717
1535820 720
1535830 724
1535840 724
1535850 727
1535860 731
1535870 731
1535880 735
1535890 740
1535900 740
1535910 745
1535920 750
1535930 750
1535940 754
1535950 759
1535960 759
1535970 764
1535980 770
1535990 770
1536000 776
1536010 781
1536020 781
1536030 787
1536040 793
1536050 793
1536060 799
1536070 806
1536080 806
1536090 814
1536100 822
1536110 822
1536120 830
1536130 838
1536140 846
1536150 846
1536160 853
1536170 861
1536180 861
1536190 869
1536200 875
1536210 875
1536220 882
1536230 889
1536240 889
1536250 895
1536260 901
1536270 901
1536280 909
1536290 919
1536300 919
1536310 928
1536320 935
1536330 935
1536340 945
1536350 955
1536360 955
1536370 964
1536380 973
1536390 973
1536400 981
1536410 987
1536420 987
1536430 992
1536440 999
1536450 999
1536460 1006
1536470 1014
1536480 1014
1536490 1022
1536500 1034
1536510 1044
1536520 1044
1536530 1054
1536540 1064
1536550 1064
1536560 1074
1536570 1083
1536580 1083
1536590 1093
1536600 1102
1536610 1102
1536620 1108
1536630 1116
1536640 1116
1536650 1129
1536660 1140
1536670 1140
1536680 1146
1536690 1153
1536700 1153
1536710 1159
1536720 1163
1536730 1163
1536740 1168
1536750 1171
1536760 1171
1536770 1173
1536780 1175
1536790 1175
1536800 1179
1536810 1182
1536820 1182
1536830 1181
1536840 1176
1536850 1176
1536860 1176
1536870 1178
1536880 1178
1536890 1178
1536900 1178
1536910 1177
1536920 1177
1536930 1176
1536940 1174
1536950 1174
1536960 1173
1536970 1170
1536980 1170
1536990 1167
1537000 1163
1537010 1163
1537020 1161
1537030 1156
1537040 1156
1537050 1148
1537060 1139
1537070 1139
1537080 1133
1537090 1127
1537100 1127
1537110 1120
1537120 1113
1537130 1113
1537140 1106
1537150 1100
1537160 1100
1537170 1094
1537180 1088
1537190 1088
1537200 1081
1537210 1073
1537220 1073
1537230 1066
1537240 1058
1537250 1058
1537260 1049
1537270 1043
1537280 1034
1537290 1034
1537300 1025
1537310 1024
1537320 1024
1537330 1024
1537340 1024
1537350 1024
1537360 1021
1537370 1017
1537380 1017
1537390 1012
1537400 1008
1537410 1008
1537420 1004
1537430 997
1537440 997
1537450 988
1537460 982
1537470 982
1537480 978
1537490 974
1537500 974
1537510 971
1537520 971
1537530 971
1537540 970
1537550 969
1537560 969
1537570 966
1537580 964
1537590 964
1537600 965
1537610 968
1537620 968
1537630 971
1537640 971
1537650 971
1537660 969
1537670 967
1537680 963
1537690 963
1537700 958
1537710 953
1537720 953
1537730 949
1537740 946
1537750 946
1537760 946
1537770 944
1537780 944
1537790 941
1537800 939
1537810 939
1537820 938
1537830 937
1537840 937
1537850 936
1537860 933
1537870 933
1537880 923
1537890 918
1537900 918
1537910 913
1537920 907
1537930 907
1537940 900
1537950 894
1537960 894
1537970 895
1537980 896
1537990 896
1538000 894
1538010 892
1538020 892
1538030 887
1538040 880
1538050 876
1538060 876
1538070 874
1538080 872
1538090 872
1538100 870
1538110 872
1538120 872
1538130 871
1538140 868
1538150 868
1538160 866
1538170 863
1538180 863
1538190 859
1538200 854
1538210 854
1538220 851
1538230 851
1538240 851
1538250 850
1538260 849
1538270 849
1538280 848
1538290 845
1538300 845
1538310 842
1538320 839
1538330 839
1538340 835
1538350 832
1538360 832
1538370 829
1538380 828
1538390 828
1538400 826
1538410 824
1538420 824
1538430 823
1538440 821
1538450 820
1538460 820
1538470 820
1538480 820
1538490 820
1538500 820
1538510 820
1538520 820
1538530 819
1538540 818
1538550 818
1538560 817
1538570 816
1538580 816
1538590 815
1538600 814
1538610 814
1538620 814
1538630 814
1538640 814
1538650 813
1538660 812
1538670 812
1538680 810
1538690 808
1538700 808
1538710 806
1538720 806
1538730 806
1538740 806
1538750 806
1538760 806
1538770 806
1538780 806
1538790 806
1538800 805
1538810 805
1538820 805
1538830 805
1538840 805
1538850 805
1538860 805
1538870 805
1538880 805
1538890 805
1538900 805
1538910 804
1538920 804
1538930 805
1538940 806
1538950 806
1538960 806
1538970 808
1538980 808
1538990 809
1539000 809
1539010 809
1539020 810
1539030 811
1539040 811
1539050 812
1539060 813
1539070 813
1539080 814
1539090 814
1539100 814
1539110 816
1539120 817
1539130 817
1539140 819
1539150 822
1539160 822
1539170 824
1539180 828
1539190 828
1539200 830
1539210 832
1539220 834
1539230 834
1539240 837
1539250 840
1539260 840
1539270 843
1539280 847
1539290 847
1539300 850
1539310 853
1539320 853
1539330 856
1539340 858
1539350 858
1539360 859
1539370 860
1539380 860
1539390 861
1539400 862
1539410 862
1539420 863
1539430 864
1539440 864
1539450 866
1539460 867
1539470 867
1539480 868
1539490 870
1539500 870
1539510 872
1539520 874
1539530 874
1539540 876
1539550 879
1539560 879
1539570 882
1539580 886
1539590 889
1539600 889
1539610 892
1539620 895
1539630 895
1539640 899
1539650 903
1539660 903
1539670 909
1539680 914
1539690 914
1539700 917
1539710 919
1539720 919
1539730 921
1539740 922
1539750 922
1539760 922
1539770 922
1539780 922
1539790 924
1539800 925
1539810 925
1539820 928
1539830 929
1539840 929
1539850 932
1539860 934
1539870 934
1539880 936
1539890 938
1539900 938
1539910 939
1539920 940
1539930 940
1539940 942
1539950 943
1539960 943
1539970 944
1539980 945
1539990 947
