1520000 546
1520010 546
1520020 546
1520030 547
1520040 548
1520050 548
1520060 548
1520070 549
1520080 549
1520090 549
1520100 550
1520110 550
1520120 550
1520130 551
1520140 551
1520150 551
1520160 552
1520170 552
1520180 553
1520190 553
1520200 553
1520210 554
1520220 555
1520230 556
1520240 556
1520250 556
1520260 557
1520270 557
1520280 557
1520290 558
1520300 558
1520310 558
1520320 560
1520330 560
1520340 562
1520350 563
1520360 563
1520370 564
1520380 566
1520390 566
1520400 567
1520410 569
1520420 569
1520430 569
1520440 570
1520450 570
1520460 569
1520470 570
1520480 570
1520490 573
1520500 576
1520510 576
1520520 580
1520530 583
1520540 583
1520550 583
1520560 584
1520570 584
1520580 588
1520590 592
1520600 592
1520610 595
1520620 598
1520630 601
1520640 601
1520650 603
1520660 606
1520670 606
1520680 609
1520690 612
1520700 612
1520710 616
1520720 619
1520730 619
1520740 622
1520750 626
1520760 626
1520770 631
1520780 635
1520790 635
1520800 640
1520810 644
1520820 644
1520830 650
1520840 656
1520850 656
1520860 658
1520870 661
1520880 661
1520890 665
1520900 667
1520910 667
1520920 667
1520930 669
1520940 669
1520950 674
1520960 681
1520970 681
1520980 685
1520990 686
1521000 693
1521010 693
1521020 699
1521030 700
1521040 700
1521050 703
1521060 708
1521070 708
1521080 712
1521090 717
1521100 717
1521110 723
1521120 730
1521130 730
1521140 737
1521150 745
1521160 745
1521170 753
1521180 760
1521190 760
1521200 767
1521210 772
1521220 772
1521230 777
1521240 783
1521250 783
1521260 791
1521270 799
1521280 799
1521290 804
1521300 808
1521310 808
1521320 811
1521330 813
1521340 813
1521350 815
1521360 818
1521370 818
1521380 820
1521390 821
1521400 824
1521410 824
1521420 828
1521430 829
1521440 829
1521450 830
1521460 832
1521470 832
1521480 835
1521490 839
1521500 839
1521510 843
1521520 847
1521530 847
1521540 851
1521550 856
1521560 856
1521570 860
1521580 864
1521590 864
1521600 869
1521610 874
1521620 874
1521630 879
1521640 884
1521650 884
1521660 889
1521670 894
1521680 894
1521690 899
1521700 903
1521710 903
1521720 908
1521730 912
1521740 912
1521750 917
1521760 922
1521770 922
1521780 928
1521790 934
1521800 940
1521810 940
1521820 946
1521830 951
1521840 951
1521850 956
1521860 962
1521870 962
1521880 968
1521890 973
1521900 973
1521910 979
1521920 984
1521930 984
1521940 990
1521950 996
1521960 996
1521970 1001
1521980 1006
1521990 1006
1522000 1011
1522010 1016
1522020 1016
1522030 1022
1522040 1031
1522050 1031
1522060 1039
1522070 1044
1522080 1044
1522090 1047
1522100 1050
1522110 1050
1522120 1051
1522130 1052
1522140 1052
1522150 1052
1522160 1053
1522170 1053
1522180 1055
1522190 1056
1522200 1058
1522210 1058
1522220 1062
1522230 1065
1522240 1065
1522250 1069
1522260 1071
1522270 1071
1522280 1073
1522290 1075
1522300 1075
1522310 1077
1522320 1078
1522330 1078
1522340 1081
1522350 1085
1522360 1085
1522370 1091
1522380 1096
1522390 1096
1522400 1102
1522410 1106
1522420 1106
1522430 1110
1522440 1114
1522450 1114
1522460 1118
1522470 1121
1522480 1121
1522490 1124
1522500 1127
1522510 1127
1522520 1133
1522530 1139
1522540 1139
1522550 1143
1522560 1144
1522570 1145
1522580 1145
1522590 1150
1522600 1156
1522610 1156
1522620 1161
1522630 1166
1522640 1166
1522650 1170
1522660 1172
1522670 1172
1522680 1175
1522690 1179
1522700 1179
1522710 1181
1522720 1184
1522730 1184
1522740 1189
1522750 1192
1522760 1192
1522770 1190
1522780 1189
1522790 1189
1522800 1191
1522810 1189
1522820 1189
1522830 1190
1522840 1194
1522850 1194
1522860 1196
1522870 1198
1522880 1198
1522890 1199
1522900 1199
1522910 1199
1522920 1200
1522930 1205
1522940 1205
1522950 1209
1522960 1213
1522970 1219
1522980 1219
1522990 1225
1523000 1229
1523010 1229
1523020 1233
1523030 1238
1523040 1238
1523050 1243
1523060 1248
1523070 1248
1523080 1252
1523090 1256
1523100 1256
1523110 1260
1523120 1264
1523130 1264
1523140 1269
1523150 1273
1523160 1273
1523170 1277
1523180 1282
1523190 1282
1523200 1289
1523210 1299
1523220 1299
1523230 1308
1523240 1316
1523250 1316
1523260 1328
1523270 1339
1523280 1339
1523290 1349
1523300 1364
1523310 1364
1523320 1376
1523330 1384
1523340 1384
1523350 1390
1523360 1393
1523370 1390
1523380 1390
1523390 1386
1523400 1386
1523410 1386
1523420 1390
1523430 1394
1523440 1394
1523450 1400
1523460 1395
1523470 1395
1523480 1383
1523490 1373
1523500 1373
1523510 1367
1523520 1370
1523530 1370
1523540 1378
1523550 1385
1523560 1385
1523570 1390
1523580 1399
1523590 1399
1523600 1409
1523610 1417
1523620 1417
1523630 1427
1523640 1435
1523650 1435
1523660 1443
1523670 1453
1523680 1453
1523690 1460
1523700 1466
1523710 1466
1523720 1471
1523730 1473
1523740 1473
1523750 1474
1523760 1474
1523770 1470
1523780 1470
1523790 1461
1523800 1448
1523810 1448
1523820 1440
1523830 1431
1523840 1431
1523850 1423
1523860 1422
1523870 1422
1523880 1419
1523890 1408
1523900 1408
1523910 1403
1523920 1408
1523930 1408
1523940 1413
1523950 1412
1523960 1412
1523970 1398
1523980 1400
1523990 1400
1524000 1405
1524010 1412
1524020 1412
1524030 1421
1524040 1429
1524050 1429
1524060 1436
1524070 1442
1524080 1442
1524090 1449
1524100 1454
1524110 1454
1524120 1452
1524130 1446
1524140 1446
1524150 1438
1524160 1441
1524170 1450
1524180 1450
1524190 1456
1524200 1461
1524210 1461
1524220 1470
1524230 1478
1524240 1478
1524250 1486
1524260 1495
1524270 1495
1524280 1501
1524290 1503
1524300 1503
1524310 1503
1524320 1507
1524330 1507
1524340 1515
1524350 1522
1524360 1522
1524370 1529
1524380 1535
1524390 1535
1524400 1539
1524410 1542
1524420 1542
1524430 1547
1524440 1550
1524450 1550
1524460 1558
1524470 1563
1524480 1563
1524490 1569
1524500 1578
1524510 1578
1524520 1587
1524530 1597
1524540 1605
1524550 1605
1524560 1616
1524570 1630
1524580 1630
1524590 1641
1524600 1642
1524610 1642
1524620 1649
1524630 1655
1524640 1655
1524650 1658
1524660 1657
1524670 1657
1524680 1655
1524690 1651
1524700 1651
1524710 1648
1524720 1638
1524730 1638
1524740 1632
1524750 1630
1524760 1630
1524770 1623
1524780 1620
1524790 1620
1524800 1619
1524810 1620
1524820 1620
1524830 1623
1524840 1631
1524850 1631
1524860 1635
1524870 1631
1524880 1631
1524890 1629
1524900 1630
1524910 1630
1524920 1637
1524930 1644
1524940 1646
1524950 1646
1524960 1644
1524970 1636
1524980 1636
1524990 1626
1525000 1616
1525010 1616
1525020 1607
1525030 1598
1525040 1598
1525050 1588
1525060 1587
1525070 1587
1525080 1590
1525090 1589
1525100 1589
1525110 1588
1525120 1589
1525130 1589
1525140 1587
1525150 1583
1525160 1583
1525170 1577
1525180 1567
1525190 1567
1525200 1552
1525210 1541
1525220 1541
1525230 1534
1525240 1527
1525250 1527
1525260 1519
1525270 1512
1525280 1512
1525290 1505
1525300 1496
1525310 1496
1525320 1489
1525330 1478
1525340 1466
1525350 1466
1525360 1455
1525370 1448
1525380 1448
1525390 1437
1525400 1421
1525410 1421
1525420 1411
1525430 1406
1525440 1406
1525450 1409
1525460 1406
1525470 1406
1525480 1385
1525490 1382
1525500 1382
1525510 1388
1525520 1389
1525530 1389
1525540 1387
1525550 1385
1525560 1385
1525570 1380
1525580 1377
1525590 1377
1525600 1376
1525610 1369
1525620 1369
1525630 1362
1525640 1355
1525650 1355
1525660 1349
1525670 1344
1525680 1344
1525690 1330
1525700 1313
1525710 1313
1525720 1300
1525730 1294
1525740 1298
1525750 1298
1525760 1294
1525770 1278
1525780 1278
1525790 1271
1525800 1268
1525810 1268
1525820 1253
1525830 1230
1525840 1230
1525850 1218
1525860 1214
1525870 1214
1525880 1208
1525890 1200
1525900 1200
1525910 1192
1525920 1187
1525930 1187
1525940 1182
1525950 1176
1525960 1176
1525970 1174
1525980 1174
1525990 1174
1526000 1174
1526010 1174
1526020 1174
1526030 1176
1526040 1179
1526050 1179
1526060 1181
1526070 1180
1526080 1180
1526090 1179
1526100 1177
1526110 1175
1526120 1175
1526130 1173
1526140 1171
1526150 1171
1526160 1168
1526170 1166
1526180 1166
1526190 1162
1526200 1158
1526210 1158
1526220 1155
1526230 1151
1526240 1151
1526250 1147
1526260 1144
1526270 1144
1526280 1140
1526290 1137
1526300 1137
1526310 1136
1526320 1135
1526330 1135
1526340 1136
1526350 1136
1526360 1136
1526370 1134
1526380 1134
1526390 1134
1526400 1133
1526410 1133
1526420 1133
1526430 1132
1526440 1133
1526450 1133
1526460 1134
1526470 1133
1526480 1133
1526490 1134
1526500 1137
1526510 1140
1526520 1140
1526530 1142
1526540 1144
1526550 1144
1526560 1147
1526570 1149
1526580 1149
1526590 1151
1526600 1152
1526610 1152
1526620 1154
1526630 1153
1526640 1153
1526650 1150
1526660 1150
1526670 1150
1526680 1151
1526690 1150
1526700 1150
1526710 1149
1526720 1147
1526730 1147
1526740 1146
1526750 1144
1526760 1144
1526770 1141
1526780 1140
1526790 1140
1526800 1138
1526810 1138
1526820 1138
1526830 1138
1526840 1136
1526850 1136
1526860 1136
1526870 1136
1526880 1136
1526890 1136
1526900 1135
1526910 1133
1526920 1133
1526930 1132
1526940 1131
1526950 1131
1526960 1130
1526970 1129
1526980 1129
1526990 1128
1527000 1127
1527010 1127
1527020 1125
1527030 1123
1527040 1123
1527050 1122
1527060 1120
1527070 1120
1527080 1116
1527090 1113
1527100 1113
1527110 1108
1527120 1107
1527130 1107
1527140 1104
1527150 1100
1527160 1100
1527170 1096
1527180 1093
1527190 1093
1527200 1092
1527210 1092
1527220 1092
1527230 1089
1527240 1087
1527250 1087
1527260 1086
1527270 1087
1527280 1087
1527290 1087
1527300 1086
1527310 1083
1527320 1083
1527330 1081
1527340 1077
1527350 1077
1527360 1072
1527370 1066
1527380 1066
1527390 1063
1527400 1061
1527410 1061
1527420 1059
1527430 1058
1527440 1058
1527450 1056
1527460 1055
1527470 1055
1527480 1054
1527490 1051
1527500 1051
1527510 1049
1527520 1047
1527530 1047
1527540 1045
1527550 1044
1527560 1044
1527570 1042
1527580 1041
1527590 1041
1527600 1041
1527610 1039
1527620 1039
1527630 1036
1527640 1031
1527650 1031
1527660 1027
1527670 1023
1527680 1023
1527690 1018
1527700 1012
1527710 1007
1527720 1007
1527730 1002
1527740 1000
1527750 1000
1527760 998
1527770 994
1527780 994
1527790 991
1527800 983
1527810 983
1527820 981
1527830 983
1527840 983
1527850 984
1527860 984
1527870 984
1527880 982
1527890 978
1527900 978
1527910 973
1527920 968
1527930 968
1527940 964
1527950 962
1527960 962
1527970 961
1527980 959
1527990 959
1528000 958
1528010 955
1528020 955
1528030 952
1528040 949
1528050 949
1528060 946
1528070 944
1528080 941
1528090 941
1528100 938
1528110 934
1528120 934
1528130 930
1528140 927
1528150 927
1528160 924
1528170 922
1528180 922
1528190 920
1528200 918
1528210 918
1528220 915
1528230 912
1528240 912
1528250 909
1528260 906
1528270 906
1528280 903
1528290 900
1528300 900
1528310 897
1528320 894
1528330 894
1528340 893
1528350 893
1528360 893
1528370 895
1528380 896
1528390 896
1528400 895
1528410 891
1528420 891
1528430 889
1528440 887
1528450 887
1528460 883
1528470 877
1528480 874
1528490 874
1528500 874
1528510 873
1528520 873
1528530 872
1528540 870
1528550 870
1528560 868
1528570 865
1528580 865
1528590 863
1528600 861
1528610 861
1528620 858
1528630 854
1528640 854
1528650 852
1528660 852
1528670 852
1528680 851
1528690 850
1528700 850
1528710 848
1528720 846
1528730 846
1528740 844
1528750 841
1528760 841
1528770 839
1528780 837
1528790 837
1528800 835
1528810 833
1528820 833
1528830 831
1528840 830
1528850 830
1528860 828
1528870 827
1528880 826
1528890 826
1528900 824
1528910 823
1528920 823
1528930 821
1528940 820
1528950 820
1528960 819
1528970 817
1528980 817
1528990 816
1529000 815
1529010 815
1529020 812
1529030 810
1529040 810
1529050 808
1529060 807
1529070 807
1529080 805
1529090 803
1529100 803
1529110 802
1529120 801
1529130 801
1529140 800
1529150 799
1529160 799
1529170 797
1529180 796
1529190 796
1529200 794
1529210 793
1529220 793
1529230 790
1529240 787
1529250 787
1529260 785
1529270 783
1529280 783
1529290 783
1529300 781
1529310 780
1529320 780
1529330 778
1529340 776
1529350 776
1529360 775
1529370 777
1529380 777
1529390 774
1529400 773
1529410 773
1529420 773
1529430 774
1529440 774
1529450 774
1529460 773
1529470 773
1529480 772
1529490 770
1529500 770
1529510 769
1529520 768
1529530 768
1529540 766
1529550 764
1529560 764
1529570 762
1529580 760
1529590 760
1529600 757
1529610 755
1529620 755
1529630 752
1529640 752
1529650 753
1529660 753
1529670 754
1529680 754
1529690 754
1529700 755
1529710 755
1529720 755
1529730 753
1529740 750
1529750 750
1529760 747
1529770 746
1529780 746
1529790 745
1529800 742
1529810 742
1529820 741
1529830 740
1529840 740
1529850 740
1529860 738
1529870 738
1529880 737
1529890 736
1529900 736
1529910 736
1529920 736
1529930 736
1529940 738
1529950 740
1529960 740
1529970 743
1529980 742
1529990 742
1530000 738
1530010 734
1530020 734
1530030 727
1530040 726
1530050 725
1530060 725
1530070 724
1530080 724
1530090 724
1530100 725
1530110 723
1530120 723
1530130 722
1530140 722
1530150 722
1530160 721
1530170 722
1530180 722
1530190 723
1530200 722
1530210 722
1530220 721
1530230 721
1530240 721
1530250 720
1530260 721
1530270 721
1530280 722
1530290 724
1530300 724
1530310 728
1530320 731
1530330 731
1530340 734
1530350 735
1530360 735
1530370 739
1530380 742
1530390 742
1530400 744
1530410 745
1530420 745
1530430 745
1530440 746
1530450 746
1530460 746
1530470 748
1530480 748
1530490 748
1530500 749
1530510 749
1530520 749
1530530 750
1530540 750
1530550 750
1530560 751
1530570 752
1530580 752
1530590 752
1530600 753
1530610 753
1530620 754
1530630 755
1530640 755
1530650 755
1530660 756
1530670 756
1530680 756
1530690 756
1530700 756
1530710 757
1530720 757
1530730 757
1530740 758
1530750 758
1530760 758
1530770 758
1530780 759
1530790 759
1530800 759
1530810 759
1530820 759
1530830 760
1530840 760
1530850 760
1530860 760
1530870 761
1530880 761
1530890 761
1530900 761
1530910 762
1530920 762
1530930 762
1530940 763
1530950 763
1530960 763
1530970 763
1530980 763
1530990 764
1531000 764
1531010 764
1531020 764
1531030 765
1531040 765
1531050 765
1531060 765
1531070 765
1531080 765
1531090 764
1531100 764
1531110 764
1531120 764
1531130 764
1531140 763
1531150 763
1531160 763
1531170 762
1531180 761
1531190 761
1531200 759
1531210 757
1531220 757
1531230 756
1531240 754
1531250 752
1531260 752
1531270 750
1531280 748
1531290 748
1531300 746
1531310 744
1531320 744
1531330 742
1531340 740
1531350 740
1531360 738
1531370 736
1531380 736
1531390 733
1531400 732
1531410 732
1531420 730
1531430 730
1531440 730
1531450 730
1531460 730
1531470 730
1531480 729
1531490 729
1531500 729
1531510 729
1531520 729
1531530 729
1531540 729
1531550 729
1531560 729
1531570 729
1531580 729
1531590 729
1531600 729
1531610 729
1531620 730
1531630 730
1531640 730
1531650 730
1531660 730
1531670 730
1531680 730
1531690 730
1531700 730
1531710 730
1531720 730
1531730 730
1531740 729
1531750 729
1531760 729
1531770 729
1531780 729
1531790 729
1531800 729
1531810 729
1531820 730
1531830 730
1531840 730
1531850 730
1531860 730
1531870 730
1531880 730
1531890 730
1531900 730
1531910 730
1531920 731
1531930 731
1531940 730
1531950 730
1531960 730
1531970 729
1531980 729
1531990 729
1532000 728
1532010 727
1532020 726
1532030 726
1532040 725
1532050 724
1532060 724
1532070 724
1532080 724
1532090 724
1532100 724
1532110 724
1532120 724
1532130 725
1532140 725
1532150 725
1532160 725
1532170 725
1532180 725
1532190 725
1532200 725
1532210 725
1532220 725
1532230 724
1532240 724
1532250 725
1532260 725
1532270 725
1532280 725
1532290 726
1532300 726
1532310 726
1532320 727
1532330 727
1532340 727
1532350 728
1532360 728
1532370 728
1532380 729
1532390 729
1532400 729
1532410 729
1532420 729
1532430 729
1532440 729
1532450 729
1532460 729
1532470 729
1532480 729
1532490 729
1532500 729
1532510 729
1532520 729
1532530 729
1532540 729
1532550 729
1532560 729
1532570 728
1532580 728
1532590 728
1532600 728
1532610 728
1532620 728
1532630 728
1532640 728
1532650 728
1532660 726
1532670 726
1532680 725
1532690 724
1532700 724
1532710 723
1532720 722
1532730 722
1532740 722
1532750 722
1532760 724
1532770 724
1532780 724
1532790 724
1532800 724
1532810 724
1532820 723
1532830 723
1532840 723
1532850 723
1532860 723
1532870 722
1532880 720
1532890 720
1532900 718
1532910 716
1532920 716
1532930 714
1532940 712
1532950 712
1532960 710
1532970 710
1532980 710
1532990 709
1533000 709
1533010 709
1533020 709
1533030 710
1533040 710
1533050 710
1533060 709
1533070 709
1533080 709
1533090 708
1533100 708
1533110 707
1533120 707
1533130 707
1533140 706
1533150 703
1533160 703
1533170 701
1533180 700
1533190 700
1533200 701
1533210 700
1533220 698
1533230 698
1533240 697
1533250 699
1533260 699
1533270 696
1533280 693
1533290 693
1533300 690
1533310 687
1533320 687
1533330 682
1533340 675
1533350 675
1533360 666
1533370 664
1533380 664
1533390 664
1533400 663
1533410 663
1533420 662
1533430 662
1533440 662
1533450 661
1533460 660
1533470 660
1533480 660
1533490 660
1533500 660
1533510 660
1533520 659
1533530 659
1533540 659
1533550 659
1533560 659
1533570 659
1533580 658
1533590 658
1533600 658
1533610 657
1533620 656
1533630 656
1533640 656
1533650 656
1533660 656
1533670 658
1533680 658
1533690 658
1533700 658
1533710 659
1533720 659
1533730 659
1533740 658
1533750 658
1533760 658
1533770 658
1533780 658
1533790 657
1533800 658
1533810 658
1533820 658
1533830 658
1533840 658
1533850 658
1533860 659
1533870 659
1533880 660
1533890 663
1533900 663
1533910 667
1533920 671
1533930 671
1533940 674
1533950 677
1533960 677
1533970 681
1533980 683
1533990 686
1534000 686
1534010 689
1534020 690
1534030 690
1534040 692
1534050 693
1534060 693
1534070 695
1534080 695
1534090 695
1534100 695
1534110 697
1534120 697
1534130 699
1534140 700
1534150 700
1534160 700
1534170 697
1534180 697
1534190 695
1534200 694
1534210 694
1534220 692
1534230 689
1534240 689
1534250 686
1534260 684
1534270 684
1534280 683
1534290 682
1534300 682
1534310 680
1534320 678
1534330 678
1534340 676
1534350 674
1534360 674
1534370 672
1534380 673
1534390 676
1534400 676
1534410 680
1534420 682
1534430 682
1534440 685
1534450 687
1534460 687
1534470 689
1534480 692
1534490 692
1534500 694
1534510 694
1534520 694
1534530 693
1534540 688
1534550 688
1534560 682
1534570 674
1534580 674
1534590 674
1534600 677
1534610 677
1534620 683
1534630 688
1534640 688
1534650 691
1534660 689
1534670 689
1534680 688
1534690 689
1534700 689
1534710 687
1534720 682
1534730 682
1534740 677
1534750 671
1534760 671
1534770 666
1534780 664
1534790 662
1534800 662
1534810 660
1534820 658
1534830 658
1534840 659
1534850 659
1534860 659
1534870 660
1534880 660
1534890 660
1534900 660
1534910 660
1534920 660
1534930 661
1534940 661
1534950 661
1534960 661
1534970 661
1534980 661
1534990 661
1535000 658
1535010 658
1535020 657
1535030 658
1535040 658
1535050 658
1535060 658
1535070 658
1535080 660
1535090 662
1535100 662
1535110 662
1535120 662
1535130 662
1535140 663
1535150 663
1535160 663
1535170 663
1535180 663
1535190 663
1535200 663
1535210 663
1535220 665
1535230 665
1535240 666
1535250 666
1535260 666
1535270 667
1535280 670
1535290 670
1535300 673
1535310 677
1535320 677
1535330 680
1535340 683
1535350 680
1535360 682
1535370 685
1535380 685
1535390 688
1535400 694
1535410 694
1535420 700
1535430 704
1535440 704
1535450 706
1535460 707
1535470 707
1535480 707
1535490 708
1535500 708
1535510 709
1535520 710
1535530 710
1535540 712
1535550 713
1535560 715
1535570 715
1535580 716
1535590 717
1535600 717
1535610 719
1535620 720
1535630 720
1535640 721
1535650 722
1535660 722
1535670 723
1535680 724
1535690 724
1535700 724
1535710 725
1535720 725
1535730 725
1535740 726
1535750 726
1535760 727
1535770 728
1535780 728
1535790 728
1535800 730
1535810 730
1535820 731
1535830 733
1535840 733
1535850 734
1535860 734
1535870 734
1535880 735
1535890 736
1535900 736
1535910 736
1535920 736
1535930 736
1535940 737
1535950 737
1535960 738
1535970 738
1535980 741
1535990 743
1536000 743
1536010 745
1536020 746
1536030 746
1536040 747
1536050 747
1536060 747
1536070 747
1536080 749
1536090 749
1536100 749
1536110 749
1536120 749
1536130 750
1536140 751
1536150 751
1536160 751
1536170 751
1536180 751
1536190 752
1536200 752
1536210 752
1536220 752
1536230 753
1536240 753
1536250 753
1536260 753
1536270 753
1536280 754
1536290 754
1536300 754
1536310 753
1536320 753
1536330 753
1536340 753
1536350 752
1536360 752
1536370 752
1536380 752
1536390 752
1536400 752
1536410 752
1536420 753
1536430 753
1536440 753
1536450 754
1536460 754
1536470 754
1536480 755
1536490 755
1536500 757
1536510 759
1536520 759
1536530 761
1536540 763
1536550 763
1536560 765
1536570 767
1536580 767
1536590 768
1536600 769
1536610 769
1536620 769
1536630 770
1536640 770
1536650 770
1536660 771
1536670 771
1536680 772
1536690 772
1536700 772
1536710 772
1536720 773
1536730 773
1536740 773
1536750 773
1536760 774
1536770 774
1536780 774
1536790 774
1536800 774
1536810 774
1536820 773
1536830 773
1536840 772
1536850 771
1536860 771
1536870 770
1536880 769
1536890 769
1536900 768
1536910 766
1536920 766
1536930 765
1536940 763
1536950 763
1536960 761
1536970 759
1536980 759
1536990 756
1537000 754
1537010 754
1537020 752
1537030 751
1537040 751
1537050 750
1537060 749
1537070 749
1537080 749
1537090 748
1537100 748
1537110 747
1537120 747
1537130 746
1537140 746
1537150 746
1537160 746
1537170 746
1537180 747
1537190 747
1537200 747
1537210 748
1537220 750
1537230 750
1537240 752
1537250 755
1537260 755
1537270 757
1537280 759
1537290 759
1537300 760
1537310 762
1537320 762
1537330 764
1537340 767
1537350 767
1537360 769
1537370 772
1537380 772
1537390 774
1537400 777
1537410 777
1537420 779
1537430 780
1537440 780
1537450 780
1537460 778
1537470 778
1537480 777
1537490 777
1537500 777
1537510 778
1537520 778
1537530 777
1537540 777
1537550 776
1537560 775
1537570 775
1537580 775
1537590 775
1537600 775
1537610 775
1537620 774
1537630 774
1537640 773
1537650 772
1537660 772
1537670 772
1537680 772
1537690 772
1537700 771
1537710 771
1537720 771
1537730 770
1537740 768
1537750 768
1537760 765
1537770 764
1537780 764
1537790 762
1537800 761
1537810 761
1537820 756
1537830 755
1537840 755
1537850 753
1537860 751
1537870 751
1537880 749
1537890 747
1537900 747
1537910 744
1537920 743
1537930 742
1537940 742
1537950 742
1537960 741
1537970 741
1537980 740
1537990 739
1538000 739
1538010 738
1538020 738
1538030 738
1538040 738
1538050 738
1538060 738
1538070 739
1538080 738
1538090 738
1538100 739
1538110 739
1538120 739
1538130 739
1538140 739
1538150 739
1538160 739
1538170 739
1538180 739
1538190 739
1538200 740
1538210 740
1538220 741
1538230 742
1538240 742
1538250 743
1538260 744
1538270 744
1538280 746
1538290 748
1538300 748
1538310 749
1538320 750
1538330 752
1538340 752
1538350 752
1538360 753
1538370 753
1538380 753
1538390 754
1538400 754
1538410 754
1538420 754
1538430 754
1538440 754
1538450 754
1538460 754
1538470 754
1538480 754
1538490 754
1538500 754
1538510 754
1538520 754
1538530 754
1538540 754
1538550 754
1538560 754
1538570 754
1538580 754
1538590 754
1538600 754
1538610 754
1538620 752
1538630 749
1538640 749
1538650 747
1538660 745
1538670 745
1538680 743
1538690 742
1538700 741
1538710 741
1538720 741
1538730 741
1538740 741
1538750 741
1538760 740
1538770 740
1538780 740
1538790 740
1538800 740
1538810 740
1538820 740
1538830 740
1538840 740
1538850 740
1538860 740
1538870 741
1538880 741
1538890 741
1538900 741
1538910 741
1538920 741
1538930 742
1538940 742
1538950 742
1538960 743
1538970 743
1538980 743
1538990 743
1539000 744
1539010 744
1539020 745
1539030 746
1539040 746
1539050 746
1539060 747
1539070 747
1539080 747
1539090 748
1539100 748
1539110 748
1539120 749
1539130 749
1539140 749
1539150 751
1539160 751
1539170 751
1539180 752
1539190 752
1539200 752
1539210 753
1539220 753
1539230 753
1539240 754
1539250 755
1539260 755
1539270 755
1539280 756
1539290 756
1539300 756
1539310 757
1539320 757
1539330 758
1539340 758
1539350 758
1539360 759
1539370 759
1539380 759
1539390 761
1539400 758
1539410 758
1539420 756
1539430 756
1539440 756
1539450 756
1539460 757
1539470 757
1539480 758
1539490 759
1539500 763
1539510 763
1539520 764
1539530 768
1539540 768
1539550 774
1539560 779
1539570 779
1539580 781
1539590 783
1539600 783
1539610 785
1539620 788
1539630 788
1539640 791
1539650 793
1539660 793
1539670 795
1539680 798
1539690 798
1539700 801
1539710 805
1539720 805
1539730 809
1539740 812
1539750 812
1539760 815
1539770 819
1539780 819
1539790 823
1539800 827
1539810 827
1539820 830
1539830 834
1539840 834
1539850 839
1539860 843
1539870 843
1539880 846
1539890 849
1539900 852
1539910 852
1539920 855
1539930 857
1539940 857
1539950 860
1539960 862
1539970 862
1539980 864
1539990 867
