1520000 568
1520010 569
1520020 569
1520030 570
1520040 571
1520050 571
1520060 572
1520070 573
1520080 573
1520090 574
1520100 575
1520110 575
1520120 576
1520130 577
1520140 577
1520150 578
1520160 579
1520170 579
1520180 581
1520190 582
1520200 582
1520210 584
1520220 586
1520230 586
1520240 587
1520250 588
1520260 588
1520270 589
1520280 589
1520290 589
1520300 589
1520310 590
1520320 590
1520330 591
1520340 592
1520350 592
1520360 594
1520370 595
1520380 597
1520390 597
1520400 598
1520410 599
1520420 599
1520430 602
1520440 604
1520450 604
1520460 607
1520470 609
1520480 609
1520490 611
1520500 612
1520510 612
1520520 613
1520530 614
1520540 614
1520550 615
1520560 616
1520570 616
1520580 617
1520590 618
1520600 618
1520610 620
1520620 621
1520630 621
1520640 622
1520650 623
1520660 623
1520670 624
1520680 626
1520690 626
1520700 628
1520710 630
1520720 630
1520730 632
1520740 634
1520750 636
1520760 636
1520770 639
1520780 641
1520790 641
1520800 644
1520810 646
1520820 646
1520830 649
1520840 652
1520850 652
1520860 656
1520870 659
1520880 659
1520890 660
1520900 664
1520910 664
1520920 664
1520930 662
1520940 662
1520950 664
1520960 668
1520970 668
1520980 671
1520990 676
1521000 676
1521010 681
1521020 685
1521030 685
1521040 690
1521050 695
1521060 695
1521070 698
1521080 701
1521090 701
1521100 703
1521110 706
1521120 706
1521130 709
1521140 713
1521150 716
1521160 716
1521170 721
1521180 725
1521190 725
1521200 726
1521210 729
1521220 729
1521230 732
1521240 735
1521250 735
1521260 738
1521270 741
1521280 741
1521290 743
1521300 746
1521310 746
1521320 748
1521330 751
1521340 751
1521350 754
1521360 757
1521370 757
1521380 760
1521390 763
1521400 763
1521410 767
1521420 770
1521430 770
1521440 773
1521450 777
1521460 777
1521470 781
1521480 784
1521490 784
1521500 786
1521510 787
1521520 787
1521530 789
1521540 790
1521550 792
1521560 792
1521570 795
1521580 797
1521590 797
1521600 800
1521610 803
1521620 803
1521630 806
1521640 810
1521650 810
1521660 814
1521670 818
1521680 818
1521690 821
1521700 824
1521710 824
1521720 828
1521730 832
1521740 832
1521750 835
1521760 839
1521770 839
1521780 841
1521790 843
1521800 843
1521810 844
1521820 845
1521830 845
1521840 846
1521850 846
1521860 846
1521870 845
1521880 847
1521890 847
1521900 850
1521910 853
1521920 853
1521930 856
1521940 858
1521950 860
1521960 860
1521970 861
1521980 862
1521990 862
1522000 862
1522010 864
1522020 864
1522030 864
1522040 865
1522050 865
1522060 866
1522070 867
1522080 867
1522090 866
1522100 866
1522110 866
1522120 870
1522130 876
1522140 876
1522150 882
1522160 888
1522170 888
1522180 894
1522190 901
1522200 901
1522210 907
1522220 914
1522230 914
1522240 919
1522250 925
1522260 925
1522270 929
1522280 933
1522290 933
1522300 938
1522310 943
1522320 943
1522330 948
1522340 951
1522350 955
1522360 955
1522370 960
1522380 965
1522390 965
1522400 969
1522410 973
1522420 973
1522430 975
1522440 977
1522450 977
1522460 981
1522470 985
1522480 985
1522490 988
1522500 990
1522510 990
1522520 990
1522530 990
1522540 990
1522550 990
1522560 990
1522570 990
1522580 991
1522590 994
1522600 994
1522610 999
1522620 1000
1522630 1000
1522640 999
1522650 998
1522660 998
1522670 995
1522680 995
1522690 995
1522700 999
1522710 1004
1522720 1004
1522730 1006
1522740 1010
1522750 1016
1522760 1016
1522770 1021
1522780 1025
1522790 1025
1522800 1023
1522810 1021
1522820 1021
1522830 1021
1522840 1023
1522850 1023
1522860 1027
1522870 1033
1522880 1033
1522890 1040
1522900 1047
1522910 1047
1522920 1052
1522930 1053
1522940 1053
1522950 1052
1522960 1051
1522970 1051
1522980 1047
1522990 1044
1523000 1044
1523010 1050
1523020 1057
1523030 1057
1523040 1064
1523050 1071
1523060 1071
1523070 1074
1523080 1076
1523090 1076
1523100 1083
1523110 1091
1523120 1098
1523130 1098
1523140 1102
1523150 1105
1523160 1105
1523170 1107
1523180 1109
1523190 1109
1523200 1112
1523210 1116
1523220 1116
1523230 1120
1523240 1123
1523250 1123
1523260 1127
1523270 1130
1523280 1130
1523290 1133
1523300 1135
1523310 1135
1523320 1135
1523330 1134
1523340 1134
1523350 1134
1523360 1132
1523370 1132
1523380 1126
1523390 1117
1523400 1117
1523410 1114
1523420 1115
1523430 1115
1523440 1118
1523450 1120
1523460 1120
1523470 1117
1523480 1117
1523490 1117
1523500 1117
1523510 1122
1523520 1128
1523530 1128
1523540 1134
1523550 1138
1523560 1138
1523570 1141
1523580 1143
1523590 1143
1523600 1144
1523610 1145
1523620 1145
1523630 1145
1523640 1146
1523650 1146
1523660 1145
1523670 1144
1523680 1144
1523690 1145
1523700 1145
1523710 1145
1523720 1145
1523730 1145
1523740 1145
1523750 1145
1523760 1144
1523770 1144
1523780 1144
1523790 1146
1523800 1146
1523810 1147
1523820 1149
1523830 1149
1523840 1147
1523850 1140
1523860 1140
1523870 1136
1523880 1140
1523890 1140
1523900 1146
1523910 1150
1523920 1153
1523930 1153
1523940 1152
1523950 1152
1523960 1152
1523970 1149
1523980 1148
1523990 1148
1524000 1153
1524010 1158
1524020 1158
1524030 1162
1524040 1165
1524050 1165
1524060 1170
1524070 1177
1524080 1177
1524090 1184
1524100 1191
1524110 1191
1524120 1199
1524130 1205
1524140 1205
1524150 1212
1524160 1219
1524170 1219
1524180 1228
1524190 1236
1524200 1236
1524210 1242
1524220 1243
1524230 1243
1524240 1248
1524250 1257
1524260 1257
1524270 1264
1524280 1265
1524290 1265
1524300 1266
1524310 1270
1524320 1275
1524330 1275
1524340 1280
1524350 1283
1524360 1283
1524370 1289
1524380 1309
1524390 1309
1524400 1322
1524410 1325
1524420 1325
1524430 1330
1524440 1338
1524450 1338
1524460 1345
1524470 1346
1524480 1346
1524490 1344
1524500 1346
1524510 1346
1524520 1349
1524530 1349
1524540 1349
1524550 1343
1524560 1327
1524570 1327
1524580 1324
1524590 1326
1524600 1326
1524610 1323
1524620 1321
1524630 1321
1524640 1335
1524650 1338
1524660 1338
1524670 1342
1524680 1346
1524690 1346
1524700 1349
1524710 1347
1524720 1345
1524730 1345
1524740 1334
1524750 1322
1524760 1322
1524770 1323
1524780 1316
1524790 1316
1524800 1307
1524810 1306
1524820 1306
1524830 1310
1524840 1312
1524850 1312
1524860 1312
1524870 1312
1524880 1312
1524890 1310
1524900 1310
1524910 1310
1524920 1312
1524930 1314
1524940 1314
1524950 1316
1524960 1316
1524970 1316
1524980 1315
1524990 1313
1525000 1313
1525010 1313
1525020 1313
1525030 1313
1525040 1311
1525050 1315
1525060 1315
1525070 1316
1525080 1314
1525090 1314
1525100 1314
1525110 1313
1525120 1311
1525130 1311
1525140 1309
1525150 1307
1525160 1307
1525170 1303
1525180 1304
1525190 1304
1525200 1303
1525210 1295
1525220 1295
1525230 1263
1525240 1270
1525250 1270
1525260 1280
1525270 1288
1525280 1288
1525290 1297
1525300 1300
1525310 1300
1525320 1303
1525330 1298
1525340 1298
1525350 1299
1525360 1295
1525370 1295
1525380 1292
1525390 1294
1525400 1294
1525410 1294
1525420 1292
1525430 1292
1525440 1292
1525450 1297
1525460 1297
1525470 1299
1525480 1298
1525490 1298
1525500 1297
1525510 1294
1525520 1291
1525530 1291
1525540 1288
1525550 1284
1525560 1284
1525570 1282
1525580 1279
1525590 1279
1525600 1275
1525610 1270
1525620 1270
1525630 1266
1525640 1261
1525650 1261
1525660 1257
1525670 1251
1525680 1251
1525690 1244
1525700 1234
1525710 1234
1525720 1223
1525730 1215
1525740 1215
1525750 1209
1525760 1204
1525770 1204
1525780 1198
1525790 1193
1525800 1193
1525810 1188
1525820 1184
1525830 1184
1525840 1180
1525850 1177
1525860 1177
1525870 1173
1525880 1167
1525890 1159
1525900 1159
1525910 1150
1525920 1142
1525930 1142
1525940 1136
1525950 1133
1525960 1133
1525970 1131
1525980 1128
1525990 1128
1526000 1126
1526010 1125
1526020 1125
1526030 1124
1526040 1122
1526050 1122
1526060 1119
1526070 1117
1526080 1117
1526090 1115
1526100 1112
1526110 1112
1526120 1110
1526130 1108
1526140 1108
1526150 1105
1526160 1103
1526170 1103
1526180 1101
1526190 1098
1526200 1098
1526210 1096
1526220 1093
1526230 1093
1526240 1090
1526250 1088
1526260 1088
1526270 1085
1526280 1083
1526290 1082
1526300 1082
1526310 1080
1526320 1079
1526330 1079
1526340 1078
1526350 1077
1526360 1077
1526370 1077
1526380 1077
1526390 1077
1526400 1077
1526410 1076
1526420 1076
1526430 1076
1526440 1077
1526450 1077
1526460 1078
1526470 1078
1526480 1078
1526490 1076
1526500 1073
1526510 1073
1526520 1070
1526530 1068
1526540 1068
1526550 1065
1526560 1061
1526570 1061
1526580 1057
1526590 1055
1526600 1055
1526610 1053
1526620 1052
1526630 1052
1526640 1052
1526650 1051
1526660 1051
1526670 1050
1526680 1050
1526690 1049
1526700 1049
1526710 1049
1526720 1050
1526730 1050
1526740 1049
1526750 1049
1526760 1049
1526770 1048
1526780 1048
1526790 1048
1526800 1048
1526810 1048
1526820 1048
1526830 1047
1526840 1047
1526850 1047
1526860 1047
1526870 1047
1526880 1047
1526890 1047
1526900 1047
1526910 1047
1526920 1046
1526930 1046
1526940 1046
1526950 1047
1526960 1046
1526970 1046
1526980 1045
1526990 1043
1527000 1043
1527010 1043
1527020 1042
1527030 1042
1527040 1042
1527050 1041
1527060 1041
1527070 1041
1527080 1041
1527090 1040
1527100 1040
1527110 1040
1527120 1039
1527130 1039
1527140 1038
1527150 1037
1527160 1037
1527170 1035
1527180 1032
1527190 1032
1527200 1028
1527210 1025
1527220 1025
1527230 1022
1527240 1019
1527250 1019
1527260 1016
1527270 1014
1527280 1014
1527290 1013
1527300 1012
1527310 1012
1527320 1011
1527330 1010
1527340 1010
1527350 1010
1527360 1009
1527370 1009
1527380 1008
1527390 1007
1527400 1007
1527410 1007
1527420 1006
1527430 1006
1527440 1005
1527450 1004
1527460 1004
1527470 1003
1527480 1003
1527490 1003
1527500 1003
1527510 1003
1527520 1004
1527530 1004
1527540 1003
1527550 1001
1527560 1001
1527570 1000
1527580 998
1527590 998
1527600 998
1527610 999
1527620 999
1527630 999
1527640 1000
1527650 1000
1527660 1000
1527670 1000
1527680 1000
1527690 1000
1527700 1001
1527710 1001
1527720 1000
1527730 998
1527740 998
1527750 996
1527760 992
1527770 992
1527780 990
1527790 988
1527800 988
1527810 986
1527820 986
1527830 986
1527840 985
1527850 983
1527860 983
1527870 980
1527880 978
1527890 976
1527900 976
1527910 974
1527920 971
1527930 971
1527940 969
1527950 968
1527960 968
1527970 966
1527980 964
1527990 964
1528000 962
1528010 960
1528020 960
1528030 958
1528040 956
1528050 956
1528060 955
1528070 955
1528080 955
1528090 954
1528100 953
1528110 953
1528120 952
1528130 951
1528140 951
1528150 951
1528160 951
1528170 951
1528180 951
1528190 950
1528200 950
1528210 948
1528220 947
1528230 947
1528240 945
1528250 942
1528260 940
1528270 940
1528280 937
1528290 933
1528300 933
1528310 930
1528320 926
1528330 926
1528340 921
1528350 917
1528360 917
1528370 912
1528380 907
1528390 907
1528400 903
1528410 900
1528420 900
1528430 896
1528440 892
1528450 892
1528460 888
1528470 884
1528480 884
1528490 881
1528500 877
1528510 877
1528520 874
1528530 871
1528540 871
1528550 867
1528560 864
1528570 864
1528580 862
1528590 861
1528600 861
1528610 860
1528620 859
1528630 859
1528640 857
1528650 855
1528660 853
1528670 853
1528680 850
1528690 849
1528700 849
1528710 847
1528720 845
1528730 845
1528740 843
1528750 840
1528760 840
1528770 836
1528780 833
1528790 833
1528800 829
1528810 826
1528820 826
1528830 823
1528840 820
1528850 820
1528860 819
1528870 817
1528880 817
1528890 815
1528900 814
1528910 814
1528920 811
1528930 807
1528940 807
1528950 805
1528960 807
1528970 807
1528980 809
1528990 812
1529000 812
1529010 814
1529020 817
1529030 817
1529040 817
1529050 817
1529060 816
1529070 816
1529080 815
1529090 815
1529100 815
1529110 814
1529120 812
1529130 812
1529140 811
1529150 811
1529160 811
1529170 810
1529180 809
1529190 809
1529200 810
1529210 809
1529220 809
1529230 808
1529240 808
1529250 808
1529260 805
1529270 801
1529280 801
1529290 797
1529300 801
1529310 801
1529320 806
1529330 806
1529340 806
1529350 806
1529360 807
1529370 807
1529380 808
1529390 808
1529400 808
1529410 808
1529420 807
1529430 807
1529440 807
1529450 807
1529460 808
1529470 808
1529480 808
1529490 807
1529500 807
1529510 805
1529520 804
1529530 804
1529540 803
1529550 802
1529560 802
1529570 802
1529580 801
1529590 801
1529600 799
1529610 798
1529620 798
1529630 797
1529640 795
1529650 795
1529660 794
1529670 792
1529680 792
1529690 789
1529700 787
1529710 787
1529720 786
1529730 784
1529740 784
1529750 783
1529760 781
1529770 781
1529780 780
1529790 778
1529800 778
1529810 775
1529820 773
1529830 773
1529840 771
1529850 770
1529860 769
1529870 769
1529880 767
1529890 765
1529900 765
1529910 763
1529920 761
1529930 761
1529940 759
1529950 758
1529960 758
1529970 756
1529980 754
1529990 754
1530000 752
1530010 751
1530020 751
1530030 751
1530040 750
1530050 750
1530060 749
1530070 749
1530080 749
1530090 749
1530100 748
1530110 748
1530120 748
1530130 748
1530140 748
1530150 747
1530160 746
1530170 746
1530180 745
1530190 745
1530200 745
1530210 745
1530220 745
1530230 745
1530240 745
1530250 745
1530260 746
1530270 746
1530280 746
1530290 746
1530300 746
1530310 746
1530320 747
1530330 747
1530340 747
1530350 748
1530360 748
1530370 748
1530380 749
1530390 749
1530400 750
1530410 751
1530420 751
1530430 751
1530440 752
1530450 752
1530460 753
1530470 754
1530480 754
1530490 754
1530500 754
1530510 754
1530520 755
1530530 755
1530540 755
1530550 755
1530560 755
1530570 755
1530580 754
1530590 754
1530600 754
1530610 753
1530620 753
1530630 752
1530640 752
1530650 750
1530660 750
1530670 750
1530680 749
1530690 748
1530700 748
1530710 747
1530720 746
1530730 746
1530740 746
1530750 745
1530760 745
1530770 745
1530780 745
1530790 745
1530800 745
1530810 745
1530820 745
1530830 745
1530840 745
1530850 745
1530860 745
1530870 745
1530880 745
1530890 744
1530900 744
1530910 744
1530920 743
1530930 742
1530940 742
1530950 741
1530960 741
1530970 741
1530980 741
1530990 740
1531000 740
1531010 739
1531020 738
1531030 737
1531040 737
1531050 737
1531060 736
1531070 736
1531080 736
1531090 736
1531100 736
1531110 735
1531120 735
1531130 735
1531140 735
1531150 735
1531160 735
1531170 735
1531180 735
1531190 735
1531200 735
1531210 735
1531220 735
1531230 736
1531240 736
1531250 736
1531260 737
1531270 738
1531280 738
1531290 739
1531300 739
1531310 739
1531320 740
1531330 740
1531340 740
1531350 741
1531360 741
1531370 741
1531380 742
1531390 742
1531400 742
1531410 742
1531420 742
1531430 743
1531440 743
1531450 744
1531460 744
1531470 744
1531480 744
1531490 744
1531500 744
1531510 744
1531520 743
1531530 743
1531540 742
1531550 741
1531560 741
1531570 741
1531580 739
1531590 739
1531600 738
1531610 737
1531620 737
1531630 736
1531640 736
1531650 736
1531660 735
1531670 735
1531680 735
1531690 734
1531700 733
1531710 733
1531720 733
1531730 733
1531740 733
1531750 734
1531760 734
1531770 734
1531780 735
1531790 736
1531800 736
1531810 736
1531820 737
1531830 738
1531840 738
1531850 739
1531860 741
1531870 741
1531880 741
1531890 741
1531900 741
1531910 742
1531920 743
1531930 743
1531940 743
1531950 743
1531960 743
1531970 743
1531980 743
1531990 743
1532000 743
1532010 743
1532020 743
1532030 743
1532040 742
1532050 742
1532060 742
1532070 742
1532080 742
1532090 745
1532100 745
1532110 745
1532120 741
1532130 741
1532140 741
1532150 740
1532160 740
1532170 740
1532180 739
1532190 739
1532200 739
1532210 739
1532220 739
1532230 738
1532240 738
1532250 738
1532260 737
1532270 737
1532280 737
1532290 736
1532300 736
1532310 735
1532320 732
1532330 732
1532340 730
1532350 729
1532360 729
1532370 727
1532380 726
1532390 726
1532400 725
1532410 722
1532420 722
1532430 721
1532440 719
1532450 719
1532460 718
1532470 716
1532480 716
1532490 715
1532500 714
1532510 714
1532520 713
1532530 712
1532540 712
1532550 711
1532560 710
1532570 710
1532580 709
1532590 709
1532600 709
1532610 708
1532620 708
1532630 707
1532640 707
1532650 707
1532660 708
1532670 708
1532680 708
1532690 708
1532700 708
1532710 708
1532720 709
1532730 709
1532740 709
1532750 710
1532760 710
1532770 710
1532780 711
1532790 711
1532800 712
1532810 713
1532820 713
1532830 714
1532840 714
1532850 714
1532860 715
1532870 716
1532880 716
1532890 717
1532900 717
1532910 717
1532920 715
1532930 714
1532940 714
1532950 714
1532960 713
1532970 713
1532980 713
1532990 712
1533000 712
1533010 712
1533020 711
1533030 711
1533040 711
1533050 711
1533060 711
1533070 711
1533080 711
1533090 706
1533100 706
1533110 702
1533120 699
1533130 699
1533140 696
1533150 694
1533160 694
1533170 689
1533180 683
1533190 683
1533200 676
1533210 671
1533220 671
1533230 669
1533240 669
1533250 669
1533260 668
1533270 666
1533280 666
1533290 665
1533300 662
1533310 662
1533320 661
1533330 662
1533340 662
1533350 662
1533360 662
1533370 662
1533380 662
1533390 662
1533400 662
1533410 662
1533420 662
1533430 662
1533440 662
1533450 662
1533460 662
1533470 662
1533480 662
1533490 663
1533500 663
1533510 663
1533520 663
1533530 663
1533540 663
1533550 663
1533560 663
1533570 663
1533580 665
1533590 665
1533600 668
1533610 670
1533620 670
1533630 674
1533640 680
1533650 680
1533660 686
1533670 692
1533680 692
1533690 697
1533700 702
1533710 702
1533720 706
1533730 709
1533740 709
1533750 713
1533760 718
1533770 718
1533780 723
1533790 728
1533800 728
1533810 728
1533820 729
1533830 730
1533840 730
1533850 731
1533860 733
1533870 733
1533880 734
1533890 735
1533900 735
1533910 737
1533920 738
1533930 738
1533940 739
1533950 740
1533960 740
1533970 741
1533980 742
1533990 742
1534000 743
1534010 745
1534020 745
1534030 746
1534040 747
1534050 747
1534060 748
1534070 749
1534080 749
1534090 749
1534100 750
1534110 750
1534120 750
1534130 750
1534140 750
1534150 750
1534160 750
1534170 750
1534180 750
1534190 750
1534200 750
1534210 750
1534220 750
1534230 751
1534240 751
1534250 751
1534260 752
1534270 752
1534280 753
1534290 754
1534300 754
1534310 754
1534320 754
1534330 754
1534340 755
1534350 755
1534360 755
1534370 756
1534380 756
1534390 756
1534400 756
1534410 756
1534420 756
1534430 755
1534440 756
1534450 756
1534460 757
1534470 759
1534480 759
1534490 760
1534500 760
1534510 760
1534520 761
1534530 760
1534540 760
1534550 760
1534560 760
1534570 760
1534580 760
1534590 760
1534600 759
1534610 759
1534620 760
1534630 760
1534640 760
1534650 760
1534660 760
1534670 760
1534680 760
1534690 759
1534700 759
1534710 759
1534720 759
1534730 759
1534740 759
1534750 758
1534760 758
1534770 758
1534780 757
1534790 757
1534800 756
1534810 755
1534820 755
1534830 753
1534840 751
1534850 751
1534860 749
1534870 746
1534880 746
1534890 744
1534900 742
1534910 742
1534920 740
1534930 738
1534940 738
1534950 736
1534960 733
1534970 733
1534980 731
1534990 729
1535000 728
1535010 728
1535020 726
1535030 721
1535040 721
1535050 714
1535060 708
1535070 708
1535080 705
1535090 702
1535100 702
1535110 698
1535120 691
1535130 691
1535140 684
1535150 677
1535160 677
1535170 670
1535180 665
1535190 665
1535200 667
1535210 665
1535220 665
1535230 659
1535240 659
1535250 659
1535260 660
1535270 660
1535280 660
1535290 660
1535300 660
1535310 660
1535320 660
1535330 662
1535340 662
1535350 664
1535360 668
1535370 674
1535380 674
1535390 679
1535400 681
1535410 681
1535420 682
1535430 680
1535440 680
1535450 677
1535460 677
1535470 677
1535480 675
1535490 673
1535500 673
1535510 672
1535520 671
1535530 671
1535540 671
1535550 671
1535560 671
1535570 667
1535580 666
1535590 666
1535600 666
1535610 668
1535620 668
1535630 669
1535640 667
1535650 667
1535660 665
1535670 666
1535680 666
1535690 668
1535700 669
1535710 669
1535720 669
1535730 671
1535740 671
1535750 679
1535760 686
1535770 691
1535780 691
1535790 698
1535800 703
1535810 703
1535820 705
1535830 706
1535840 706
1535850 709
1535860 711
1535870 711
1535880 713
1535890 715
1535900 715
1535910 713
1535920 712
1535930 712
1535940 712
1535950 716
1535960 716
1535970 719
1535980 720
1535990 720
1536000 723
1536010 726
1536020 726
1536030 727
1536040 725
1536050 725
1536060 726
1536070 729
1536080 729
1536090 733
1536100 737
1536110 737
1536120 742
1536130 746
1536140 746
1536150 747
1536160 748
1536170 749
1536180 749
1536190 750
1536200 752
1536210 752
1536220 753
1536230 754
1536240 754
1536250 755
1536260 753
1536270 753
1536280 752
1536290 753
1536300 753
1536310 751
1536320 749
1536330 749
1536340 748
1536350 748
1536360 748
1536370 750
1536380 751
1536390 751
1536400 749
1536410 749
1536420 749
1536430 749
1536440 751
1536450 751
1536460 753
1536470 756
1536480 756
1536490 757
1536500 757
1536510 757
1536520 758
1536530 758
1536540 758
1536550 758
1536560 759
1536570 760
1536580 760
1536590 757
1536600 755
1536610 755
1536620 755
1536630 759
1536640 759
1536650 761
1536660 758
1536670 758
1536680 760
1536690 761
1536700 761
1536710 761
1536720 763
1536730 763
1536740 762
1536750 762
1536760 762
1536770 761
1536780 760
1536790 760
1536800 759
1536810 758
1536820 758
1536830 757
1536840 756
1536850 756
1536860 756
1536870 755
1536880 755
1536890 754
1536900 754
1536910 754
1536920 753
1536930 753
1536940 753
1536950 752
1536960 752
1536970 751
1536980 751
1536990 751
1537000 750
1537010 750
1537020 750
1537030 749
1537040 749
1537050 747
1537060 745
1537070 745
1537080 743
1537090 741
1537100 741
1537110 739
1537120 738
1537130 738
1537140 736
1537150 734
1537160 734
1537170 733
1537180 731
1537190 731
1537200 730
1537210 729
1537220 729
1537230 727
1537240 724
1537250 724
1537260 722
1537270 721
1537280 721
1537290 720
1537300 719
1537310 719
1537320 718
1537330 718
1537340 718
1537350 717
1537360 716
1537370 715
1537380 715
1537390 712
1537400 710
1537410 710
1537420 709
1537430 707
1537440 707
1537450 709
1537460 711
1537470 711
1537480 710
1537490 705
1537500 705
1537510 700
1537520 702
1537530 702
1537540 710
1537550 711
1537560 711
1537570 711
1537580 711
1537590 711
1537600 711
1537610 711
1537620 711
1537630 711
1537640 712
1537650 712
1537660 712
1537670 712
1537680 712
1537690 712
1537700 712
1537710 712
1537720 712
1537730 712
1537740 712
1537750 712
1537760 712
1537770 712
1537780 712
1537790 712
1537800 712
1537810 712
1537820 712
1537830 712
1537840 712
1537850 712
1537860 712
1537870 712
1537880 712
1537890 713
1537900 713
1537910 713
1537920 713
1537930 713
1537940 713
1537950 713
1537960 713
1537970 713
1537980 714
1537990 714
1538000 712
1538010 711
1538020 711
1538030 710
1538040 709
1538050 709
1538060 708
1538070 708
1538080 708
1538090 709
1538100 710
1538110 710
1538120 712
1538130 715
1538140 716
1538150 716
1538160 716
1538170 716
1538180 716
1538190 717
1538200 717
1538210 717
1538220 718
1538230 718
1538240 718
1538250 719
1538260 719
1538270 719
1538280 719
1538290 719
1538300 719
1538310 720
1538320 720
1538330 720
1538340 721
1538350 722
1538360 722
1538370 722
1538380 724
1538390 724
1538400 724
1538410 724
1538420 724
1538430 725
1538440 725
1538450 725
1538460 726
1538470 726
1538480 726
1538490 727
1538500 729
1538510 729
1538520 731
1538530 732
1538540 733
1538550 733
1538560 733
1538570 734
1538580 734
1538590 732
1538600 730
1538610 730
1538620 729
1538630 728
1538640 728
1538650 728
1538660 728
1538670 728
1538680 728
1538690 728
1538700 728
1538710 728
1538720 728
1538730 728
1538740 728
1538750 728
1538760 728
1538770 729
1538780 729
1538790 729
1538800 729
1538810 729
1538820 729
1538830 729
1538840 729
1538850 729
1538860 730
1538870 731
1538880 731
1538890 732
1538900 732
1538910 732
1538920 732
1538930 732
1538940 732
1538950 732
1538960 732
1538970 731
1538980 731
1538990 731
1539000 731
1539010 731
1539020 732
1539030 732
1539040 732
1539050 733
1539060 733
1539070 733
1539080 734
1539090 734
1539100 734
1539110 734
1539120 734
1539130 734
1539140 734
1539150 733
1539160 733
1539170 734
1539180 736
1539190 736
1539200 738
1539210 738
1539220 738
1539230 739
1539240 740
1539250 740
1539260 740
1539270 739
1539280 739
1539290 739
1539300 739
1539310 739
1539320 739
1539330 740
1539340 743
1539350 743
1539360 745
1539370 747
1539380 747
1539390 749
1539400 750
1539410 750
1539420 751
1539430 752
1539440 752
1539450 753
1539460 754
1539470 754
1539480 754
1539490 755
1539500 755
1539510 755
1539520 755
1539530 755
1539540 756
1539550 756
1539560 756
1539570 757
1539580 757
1539590 757
1539600 758
1539610 759
1539620 759
1539630 760
1539640 761
1539650 761
1539660 762
1539670 763
1539680 763
1539690 764
1539700 765
1539710 765
1539720 767
1539730 769
1539740 770
1539750 770
1539760 771
1539770 772
1539780 772
1539790 773
1539800 776
1539810 776
1539820 777
1539830 779
1539840 779
1539850 781
1539860 783
1539870 783
1539880 785
1539890 787
1539900 787
1539910 788
1539920 787
1539930 787
1539940 788
1539950 790
1539960 790
1539970 793
1539980 795
1539990 795
