1520000 593
1520010 592
1520020 593
1520030 593
1520040 592
1520050 593
1520060 593
1520070 595
1520080 598
1520090 601
1520100 601
1520110 602
1520120 602
1520130 602
1520140 603
1520150 605
1520160 605
1520170 606
1520180 607
1520190 607
1520200 609
1520210 612
1520220 612
1520230 616
1520240 619
1520250 619
1520260 621
1520270 622
1520280 622
1520290 623
1520300 625
1520310 625
1520320 627
1520330 627
1520340 627
1520350 627
1520360 628
1520370 628
1520380 629
1520390 631
1520400 631
1520410 635
1520420 636
1520430 636
1520440 636
1520450 637
1520460 637
1520470 638
1520480 639
1520490 641
1520500 641
1520510 645
1520520 649
1520530 649
1520540 651
1520550 653
1520560 653
1520570 656
1520580 660
1520590 660
1520600 663
1520610 665
1520620 665
1520630 668
1520640 671
1520650 671
1520660 674
1520670 676
1520680 676
1520690 680
1520700 684
1520710 684
1520720 689
1520730 693
1520740 693
1520750 695
1520760 699
1520770 699
1520780 704
1520790 706
1520800 706
1520810 707
1520820 707
1520830 707
1520840 708
1520850 710
1520860 710
1520870 713
1520880 715
1520890 717
1520900 717
1520910 719
1520920 721
1520930 721
1520940 725
1520950 729
1520960 729
1520970 733
1520980 736
1520990 736
1521000 737
1521010 738
1521020 738
1521030 741
1521040 743
1521050 743
1521060 745
1521070 748
1521080 748
1521090 752
1521100 756
1521110 756
1521120 760
1521130 764
1521140 764
1521150 767
1521160 771
1521170 771
1521180 774
1521190 775
1521200 775
1521210 775
1521220 775
1521230 775
1521240 776
1521250 776
1521260 776
1521270 780
1521280 788
1521290 791
1521300 791
1521310 791
1521320 791
1521330 791
1521340 792
1521350 794
1521360 794
1521370 795
1521380 794
1521390 794
1521400 793
1521410 793
1521420 793
1521430 793
1521440 796
1521450 796
1521460 799
1521470 802
1521480 802
1521490 806
1521500 810
1521510 810
1521520 813
1521530 815
1521540 815
1521550 817
1521560 819
1521570 819
1521580 820
1521590 821
1521600 821
1521610 822
1521620 823
1521630 823
1521640 823
1521650 822
1521660 822
1521670 822
1521680 821
1521690 821
1521700 821
1521710 821
1521720 822
1521730 822
1521740 822
1521750 822
1521760 822
1521770 823
1521780 823
1521790 823
1521800 824
1521810 824
1521820 824
1521830 824
1521840 824
1521850 824
1521860 825
1521870 825
1521880 825
1521890 826
1521900 826
1521910 826
1521920 826
1521930 827
1521940 827
1521950 827
1521960 829
1521970 829
1521980 825
1521990 819
1522000 819
1522010 814
1522020 813
1522030 813
1522040 811
1522050 811
1522060 811
1522070 812
1522080 813
1522090 814
1522100 814
1522110 816
1522120 817
1522130 817
1522140 817
1522150 816
1522160 816
1522170 815
1522180 814
1522190 814
1522200 813
1522210 811
1522220 811
1522230 808
1522240 806
1522250 806
1522260 804
1522270 802
1522280 802
1522290 800
1522300 799
1522310 799
1522320 796
1522330 792
1522340 792
1522350 789
1522360 787
1522370 787
1522380 784
1522390 782
1522400 782
1522410 779
1522420 776
1522430 776
1522440 777
1522450 779
1522460 779
1522470 777
1522480 775
1522490 777
1522500 777
1522510 779
1522520 781
1522530 781
1522540 783
1522550 785
1522560 785
1522570 786
1522580 788
1522590 788
1522600 790
1522610 792
1522620 792
1522630 795
1522640 797
1522650 797
1522660 800
1522670 801
1522680 801
1522690 801
1522700 802
1522710 802
1522720 803
1522730 804
1522740 804
1522750 806
1522760 809
1522770 809
1522780 812
1522790 815
1522800 815
1522810 817
1522820 819
1522830 819
1522840 821
1522850 822
1522860 822
1522870 824
1522880 825
1522890 825
1522900 825
1522910 826
1522920 828
1522930 828
1522940 830
1522950 832
1522960 832
1522970 834
1522980 837
1522990 837
1523000 839
1523010 840
1523020 840
1523030 841
1523040 842
1523050 842
1523060 844
1523070 845
1523080 845
1523090 847
1523100 848
1523110 848
1523120 849
1523130 850
1523140 850
1523150 852
1523160 854
1523170 854
1523180 854
1523190 854
1523200 854
1523210 856
1523220 859
1523230 859
1523240 863
1523250 866
1523260 866
1523270 869
1523280 871
1523290 874
1523300 874
1523310 876
1523320 877
1523330 877
1523340 878
1523350 879
1523360 879
1523370 880
1523380 880
1523390 880
1523400 883
1523410 886
1523420 886
1523430 889
1523440 892
1523450 892
1523460 895
1523470 898
1523480 898
1523490 901
1523500 903
1523510 903
1523520 905
1523530 907
1523540 907
1523550 909
1523560 911
1523570 911
1523580 913
1523590 914
1523600 914
1523610 916
1523620 917
1523630 917
1523640 919
1523650 920
1523660 920
1523670 921
1523680 922
1523690 922
1523700 922
1523710 923
1523720 923
1523730 923
1523740 924
1523750 925
1523760 925
1523770 926
1523780 927
1523790 927
1523800 928
1523810 929
1523820 929
1523830 930
1523840 931
1523850 931
1523860 933
1523870 934
1523880 934
1523890 934
1523900 935
1523910 935
1523920 936
1523930 937
1523940 937
1523950 938
1523960 939
1523970 939
1523980 941
1523990 942
1524000 942
1524010 942
1524020 944
1524030 944
1524040 946
1524050 948
1524060 948
1524070 950
1524080 951
1524090 952
1524100 952
1524110 954
1524120 956
1524130 956
1524140 958
1524150 959
1524160 959
1524170 962
1524180 963
1524190 963
1524200 965
1524210 966
1524220 966
1524230 967
1524240 968
1524250 968
1524260 969
1524270 971
1524280 971
1524290 973
1524300 975
1524310 975
1524320 976
1524330 978
1524340 978
1524350 981
1524360 982
1524370 982
1524380 984
1524390 986
1524400 986
1524410 988
1524420 991
1524430 991
1524440 992
1524450 994
1524460 994
1524470 995
1524480 996
1524490 997
1524500 997
1524510 997
1524520 998
1524530 998
1524540 999
1524550 1000
1524560 1000
1524570 1001
1524580 1000
1524590 1000
1524600 1000
1524610 1000
1524620 1000
1524630 1001
1524640 1000
1524650 1000
1524660 997
1524670 994
1524680 994
1524690 995
1524700 996
1524710 996
1524720 996
1524730 997
1524740 997
1524750 996
1524760 995
1524770 995
1524780 993
1524790 991
1524800 991
1524810 991
1524820 991
1524830 991
1524840 990
1524850 989
1524860 989
1524870 987
1524880 984
1524890 982
1524900 982
1524910 979
1524920 976
1524930 976
1524940 971
1524950 962
1524960 962
1524970 954
1524980 949
1524990 949
1525000 946
1525010 945
1525020 945
1525030 944
1525040 944
1525050 944
1525060 944
1525070 945
1525080 945
1525090 945
1525100 945
1525110 945
1525120 945
1525130 945
1525140 945
1525150 945
1525160 944
1525170 944
1525180 945
1525190 945
1525200 945
1525210 946
1525220 946
1525230 946
1525240 946
1525250 945
1525260 945
1525270 946
1525280 946
1525290 946
1525300 946
1525310 946
1525320 946
1525330 946
1525340 948
1525350 949
1525360 949
1525370 951
1525380 953
1525390 953
1525400 953
1525410 955
1525420 955
1525430 955
1525440 956
1525450 956
1525460 957
1525470 957
1525480 957
1525490 959
1525500 960
1525510 960
1525520 961
1525530 962
1525540 962
1525550 964
1525560 965
1525570 965
1525580 965
1525590 965
1525600 965
1525610 966
1525620 966
1525630 966
1525640 966
1525650 966
1525660 966
1525670 966
1525680 967
1525690 967
1525700 967
1525710 968
1525720 968
1525730 968
1525740 969
1525750 969
1525760 969
1525770 969
1525780 969
1525790 969
1525800 969
1525810 970
1525820 970
1525830 971
1525840 972
1525850 972
1525860 972
1525870 973
1525880 973
1525890 973
1525900 974
1525910 974
1525920 974
1525930 973
1525940 973
1525950 973
1525960 973
1525970 973
1525980 972
1525990 973
1526000 973
1526010 974
1526020 975
1526030 975
1526040 976
1526050 976
1526060 976
1526070 976
1526080 975
1526090 974
1526100 974
1526110 974
1526120 975
1526130 975
1526140 975
1526150 976
1526160 976
1526170 976
1526180 976
1526190 976
1526200 976
1526210 975
1526220 975
1526230 973
1526240 972
1526250 972
1526260 970
1526270 969
1526280 969
1526290 967
1526300 966
1526310 966
1526320 966
1526330 964
1526340 964
1526350 963
1526360 962
1526370 962
1526380 960
1526390 959
1526400 959
1526410 958
1526420 958
1526430 958
1526440 958
1526450 957
1526460 957
1526470 958
1526480 959
1526490 959
1526500 959
1526510 959
1526520 959
1526530 959
1526540 957
1526550 955
1526560 955
1526570 954
1526580 952
1526590 952
1526600 950
1526610 948
1526620 948
1526630 948
1526640 948
1526650 948
1526660 948
1526670 947
1526680 947
1526690 946
1526700 946
1526710 946
1526720 945
1526730 944
1526740 944
1526750 944
1526760 944
1526770 944
1526780 943
1526790 942
1526800 942
1526810 942
1526820 941
1526830 941
1526840 941
1526850 940
1526860 940
1526870 940
1526880 939
1526890 939
1526900 939
1526910 936
1526920 934
1526930 934
1526940 933
1526950 933
1526960 933
1526970 932
1526980 930
1526990 930
1527000 928
1527010 926
1527020 926
1527030 924
1527040 923
1527050 923
1527060 922
1527070 921
1527080 921
1527090 920
1527100 918
1527110 918
1527120 916
1527130 916
1527140 916
1527150 915
1527160 915
1527170 915
1527180 914
1527190 913
1527200 913
1527210 912
1527220 912
1527230 912
1527240 911
1527250 911
1527260 911
1527270 911
1527280 911
1527290 911
1527300 911
1527310 911
1527320 910
1527330 910
1527340 911
1527350 911
1527360 911
1527370 911
1527380 911
1527390 911
1527400 911
1527410 910
1527420 910
1527430 909
1527440 908
1527450 908
1527460 904
1527470 900
1527480 900
1527490 897
1527500 895
1527510 895
1527520 894
1527530 889
1527540 889
1527550 883
1527560 880
1527570 880
1527580 886
1527590 892
1527600 892
1527610 896
1527620 898
1527630 898
1527640 899
1527650 900
1527660 900
1527670 902
1527680 904
1527690 906
1527700 906
1527710 908
1527720 910
1527730 910
1527740 912
1527750 914
1527760 914
1527770 916
1527780 918
1527790 918
1527800 921
1527810 922
1527820 922
1527830 924
1527840 925
1527850 925
1527860 928
1527870 930
1527880 930
1527890 932
1527900 932
1527910 932
1527920 935
1527930 939
1527940 939
1527950 945
1527960 949
1527970 949
1527980 949
1527990 949
1528000 949
1528010 946
1528020 942
1528030 942
1528040 940
1528050 940
1528060 940
1528070 941
1528080 941
1528090 940
1528100 940
1528110 939
1528120 937
1528130 937
1528140 937
1528150 936
1528160 936
1528170 935
1528180 934
1528190 934
1528200 933
1528210 931
1528220 931
1528230 928
1528240 925
1528250 925
1528260 924
1528270 922
1528280 922
1528290 913
1528300 910
1528310 910
1528320 908
1528330 908
1528340 908
1528350 908
1528360 907
1528370 907
1528380 905
1528390 903
1528400 903
1528410 901
1528420 898
1528430 898
1528440 897
1528450 897
1528460 897
1528470 897
1528480 897
1528490 895
1528500 895
1528510 893
1528520 892
1528530 892
1528540 889
1528550 884
1528560 884
1528570 882
1528580 879
1528590 879
1528600 876
1528610 873
1528620 873
1528630 870
1528640 868
1528650 868
1528660 867
1528670 867
1528680 867
1528690 867
1528700 866
1528710 866
1528720 866
1528730 866
1528740 866
1528750 866
1528760 865
1528770 865
1528780 863
1528790 862
1528800 862
1528810 862
1528820 860
1528830 860
1528840 859
1528850 858
1528860 858
1528870 857
1528880 855
1528890 853
1528900 853
1528910 850
1528920 847
1528930 847
1528940 844
1528950 842
1528960 842
1528970 841
1528980 840
1528990 840
1529000 840
1529010 839
1529020 839
1529030 839
1529040 837
1529050 837
1529060 836
1529070 835
1529080 835
1529090 834
1529100 833
1529110 833
1529120 832
1529130 831
1529140 831
1529150 829
1529160 826
1529170 826
1529180 825
1529190 823
1529200 823
1529210 822
1529220 822
1529230 822
1529240 820
1529250 817
1529260 817
1529270 816
1529280 815
1529290 814
1529300 814
1529310 812
1529320 811
1529330 811
1529340 809
1529350 808
1529360 808
1529370 806
1529380 804
1529390 804
1529400 803
1529410 803
1529420 803
1529430 802
1529440 801
1529450 801
1529460 800
1529470 799
1529480 799
1529490 798
1529500 797
1529510 797
1529520 797
1529530 796
1529540 796
1529550 795
1529560 794
1529570 794
1529580 793
1529590 792
1529600 792
1529610 791
1529620 790
1529630 790
1529640 789
1529650 788
1529660 788
1529670 787
1529680 785
1529690 785
1529700 783
1529710 782
1529720 780
1529730 780
1529740 779
1529750 779
1529760 779
1529770 778
1529780 778
1529790 778
1529800 777
1529810 777
1529820 777
1529830 777
1529840 777
1529850 777
1529860 776
1529870 776
1529880 776
1529890 776
1529900 776
1529910 776
1529920 776
1529930 777
1529940 777
1529950 777
1529960 777
1529970 777
1529980 776
1529990 776
1530000 776
1530010 775
1530020 775
1530030 775
1530040 776
1530050 776
1530060 776
1530070 776
1530080 777
1530090 777
1530100 778
1530110 778
1530120 779
1530130 779
1530140 779
1530150 779
1530160 779
1530170 779
1530180 779
1530190 779
1530200 779
1530210 779
1530220 779
1530230 778
1530240 777
1530250 777
1530260 775
1530270 774
1530280 774
1530290 773
1530300 773
1530310 773
1530320 773
1530330 772
1530340 772
1530350 770
1530360 770
1530370 770
1530380 769
1530390 770
1530400 770
1530410 770
1530420 770
1530430 770
1530440 770
1530450 769
1530460 769
1530470 767
1530480 765
1530490 765
1530500 764
1530510 763
1530520 762
1530530 762
1530540 761
1530550 761
1530560 761
1530570 761
1530580 760
1530590 760
1530600 760
1530610 760
1530620 760
1530630 758
1530640 756
1530650 756
1530660 754
1530670 752
1530680 752
1530690 750
1530700 747
1530710 747
1530720 745
1530730 741
1530740 741
1530750 737
1530760 735
1530770 735
1530780 734
1530790 735
1530800 735
1530810 740
1530820 745
1530830 745
1530840 748
1530850 750
1530860 750
1530870 750
1530880 753
1530890 753
1530900 755
1530910 755
1530920 758
1530930 758
1530940 761
1530950 762
1530960 762
1530970 764
1530980 766
1530990 766
1531000 767
1531010 770
1531020 770
1531030 777
1531040 779
1531050 779
1531060 781
1531070 781
1531080 781
1531090 781
1531100 781
1531110 781
1531120 780
1531130 780
1531140 779
1531150 778
1531160 776
1531170 776
1531180 773
1531190 770
1531200 770
1531210 766
1531220 763
1531230 763
1531240 761
1531250 759
1531260 759
1531270 756
1531280 754
1531290 754
1531300 752
1531310 749
1531320 745
1531330 745
1531340 742
1531350 740
1531360 740
1531370 738
1531380 736
1531390 736
1531400 733
1531410 729
1531420 729
1531430 726
1531440 724
1531450 724
1531460 722
1531470 721
1531480 721
1531490 721
1531500 722
1531510 722
1531520 721
1531530 721
1531540 721
1531550 722
1531560 721
1531570 721
1531580 721
1531590 721
1531600 721
1531610 721
1531620 721
1531630 721
1531640 722
1531650 722
1531660 722
1531670 721
1531680 721
1531690 721
1531700 720
1531710 715
1531720 711
1531730 711
1531740 707
1531750 705
1531760 705
1531770 702
1531780 703
1531790 703
1531800 705
1531810 710
1531820 710
1531830 714
1531840 716
1531850 716
1531860 717
1531870 716
1531880 716
1531890 718
1531900 720
1531910 720
1531920 723
1531930 725
1531940 725
1531950 726
1531960 728
1531970 728
1531980 730
1531990 733
1532000 733
1532010 734
1532020 736
1532030 736
1532040 738
1532050 740
1532060 740
1532070 743
1532080 746
1532090 746
1532100 748
1532110 749
1532120 750
1532130 750
1532140 750
1532150 751
1532160 751
1532170 752
1532180 752
1532190 752
1532200 752
1532210 753
1532220 753
1532230 753
1532240 754
1532250 754
1532260 754
1532270 754
1532280 754
1532290 754
1532300 754
1532310 754
1532320 754
1532330 754
1532340 754
1532350 754
1532360 753
1532370 753
1532380 753
1532390 752
1532400 752
1532410 751
1532420 750
1532430 750
1532440 749
1532450 748
1532460 748
1532470 747
1532480 745
1532490 745
1532500 744
1532510 741
1532520 738
1532530 738
1532540 734
1532550 731
1532560 731
1532570 728
1532580 723
1532590 723
1532600 719
1532610 715
1532620 715
1532630 711
1532640 707
1532650 707
1532660 702
1532670 699
1532680 699
1532690 695
1532700 690
1532710 690
1532720 685
1532730 681
1532740 681
1532750 678
1532760 678
1532770 678
1532780 681
1532790 682
1532800 682
1532810 681
1532820 681
1532830 681
1532840 681
1532850 681
1532860 681
1532870 682
1532880 681
1532890 681
1532900 682
1532910 683
1532920 687
1532930 687
1532940 693
1532950 699
1532960 699
1532970 702
1532980 705
1532990 705
1533000 708
1533010 710
1533020 710
1533030 712
1533040 714
1533050 714
1533060 716
1533070 720
1533080 720
1533090 721
1533100 722
1533110 722
1533120 723
1533130 725
1533140 725
1533150 727
1533160 729
1533170 729
1533180 731
1533190 733
1533200 733
1533210 735
1533220 737
1533230 737
1533240 739
1533250 742
1533260 742
1533270 745
1533280 748
1533290 748
1533300 751
1533310 755
1533320 759
1533330 759
1533340 762
1533350 765
1533360 765
1533370 767
1533380 768
1533390 768
1533400 774
1533410 778
1533420 778
1533430 781
1533440 785
1533450 785
1533460 788
1533470 790
1533480 790
1533490 791
1533500 791
1533510 791
1533520 790
1533530 790
1533540 790
1533550 790
1533560 791
1533570 791
1533580 791
1533590 793
1533600 793
1533610 795
1533620 797
1533630 797
1533640 800
1533650 802
1533660 802
1533670 804
1533680 807
1533690 807
1533700 808
1533710 810
1533720 811
1533730 811
1533740 812
1533750 815
1533760 815
1533770 817
1533780 820
1533790 820
1533800 822
1533810 823
1533820 823
1533830 826
1533840 830
1533850 830
1533860 835
1533870 838
1533880 838
1533890 841
1533900 844
1533910 844
1533920 846
1533930 846
1533940 846
1533950 846
1533960 845
1533970 845
1533980 844
1533990 844
1534000 844
1534010 843
1534020 841
1534030 841
1534040 839
1534050 837
1534060 837
1534070 835
1534080 834
1534090 834
1534100 834
1534110 834
1534120 833
1534130 833
1534140 833
1534150 834
1534160 834
1534170 835
1534180 836
1534190 836
1534200 838
1534210 840
1534220 840
1534230 840
1534240 840
1534250 840
1534260 840
1534270 841
1534280 841
1534290 843
1534300 844
1534310 844
1534320 846
1534330 847
1534340 847
1534350 851
1534360 854
1534370 854
1534380 856
1534390 860
1534400 860
1534410 865
1534420 871
1534430 871
1534440 876
1534450 881
1534460 881
1534470 887
1534480 892
1534490 892
1534500 897
1534510 902
1534520 907
1534530 907
1534540 912
1534550 917
1534560 917
1534570 921
1534580 925
1534590 925
1534600 928
1534610 932
1534620 932
1534630 934
1534640 935
1534650 935
1534660 939
1534670 972
1534680 972
1534690 994
1534700 999
1534710 999
1534720 1003
1534730 1007
1534740 1007
1534750 1009
1534760 1012
1534770 1012
1534780 1015
1534790 1019
1534800 1019
1534810 1026
1534820 1037
1534830 1037
1534840 1045
1534850 1050
1534860 1050
1534870 1054
1534880 1058
1534890 1058
1534900 1061
1534910 1061
1534920 1061
1534930 1061
1534940 1062
1534950 1062
1534960 1062
1534970 1063
1534980 1063
1534990 1063
1535000 1063
1535010 1063
1535020 1063
1535030 1061
1535040 1060
1535050 1060
1535060 1058
1535070 1056
1535080 1056
1535090 1053
1535100 1050
1535110 1050
1535120 1046
1535130 1042
1535140 1042
1535150 1038
1535160 1035
1535170 1035
1535180 1031
1535190 1027
1535200 1027
1535210 1022
1535220 1018
1535230 1018
1535240 1014
1535250 1009
1535260 1009
1535270 1005
1535280 1000
1535290 1000
1535300 993
1535310 985
1535320 977
1535330 977
1535340 970
1535350 966
1535360 966
1535370 960
1535380 955
1535390 955
1535400 951
1535410 947
1535420 947
1535430 943
1535440 939
1535450 939
1535460 936
1535470 934
1535480 934
1535490 932
1535500 930
1535510 930
1535520 927
1535530 925
1535540 925
1535550 922
1535560 919
1535570 919
1535580 916
1535590 913
1535600 913
1535610 911
1535620 909
1535630 909
1535640 907
1535650 905
1535660 905
1535670 902
1535680 899
1535690 899
1535700 896
1535710 894
1535720 891
1535730 891
1535740 890
1535750 889
1535760 889
1535770 888
1535780 890
1535790 890
1535800 893
1535810 897
1535820 897
1535830 898
1535840 899
1535850 899
1535860 900
1535870 901
1535880 901
1535890 902
1535900 901
1535910 901
1535920 901
1535930 900
1535940 900
1535950 898
1535960 896
1535970 896
1535980 892
1535990 888
1536000 888
1536010 886
1536020 885
1536030 885
1536040 882
1536050 877
1536060 877
1536070 873
1536080 869
1536090 869
1536100 868
1536110 868
1536120 868
1536130 868
1536140 866
1536150 865
1536160 865
1536170 863
1536180 861
1536190 861
1536200 857
1536210 852
1536220 852
1536230 846
1536240 840
1536250 840
1536260 834
1536270 832
1536280 832
1536290 832
1536300 833
1536310 833
1536320 834
1536330 836
1536340 836
1536350 841
1536360 842
1536370 842
1536380 843
1536390 844
1536400 844
1536410 842
1536420 841
1536430 841
1536440 842
1536450 841
1536460 841
1536470 840
1536480 838
1536490 838
1536500 836
1536510 835
1536520 833
1536530 833
1536540 831
1536550 829
1536560 829
1536570 826
1536580 822
1536590 822
1536600 819
1536610 819
1536620 819
1536630 819
1536640 820
1536650 820
1536660 818
1536670 814
1536680 814
1536690 811
1536700 809
1536710 809
1536720 806
1536730 805
1536740 805
1536750 805
1536760 803
1536770 803
1536780 801
1536790 800
1536800 800
1536810 798
1536820 797
1536830 797
1536840 797
1536850 797
1536860 797
1536870 796
1536880 797
1536890 797
1536900 798
1536910 800
1536920 803
1536930 803
1536940 806
1536950 808
1536960 808
1536970 810
1536980 810
1536990 810
1537000 809
1537010 808
1537020 808
1537030 810
1537040 814
1537050 814
1537060 816
1537070 814
1537080 814
1537090 813
1537100 812
1537110 812
1537120 811
1537130 813
1537140 813
1537150 814
1537160 814
1537170 814
1537180 815
1537190 814
1537200 814
1537210 814
1537220 814
1537230 814
1537240 814
1537250 814
1537260 814
1537270 814
1537280 813
1537290 813
1537300 813
1537310 811
1537320 812
1537330 812
1537340 814
1537350 814
1537360 814
1537370 814
1537380 814
1537390 814
1537400 814
1537410 814
1537420 814
1537430 814
1537440 813
1537450 813
1537460 813
1537470 812
1537480 812
1537490 811
1537500 811
1537510 811
1537520 813
1537530 814
1537540 814
1537550 814
1537560 814
1537570 814
1537580 812
1537590 811
1537600 811
1537610 812
1537620 811
1537630 811
1537640 809
1537650 808
1537660 808
1537670 807
1537680 805
1537690 805
1537700 805
1537710 803
1537720 802
1537730 802
1537740 802
1537750 802
1537760 802
1537770 804
1537780 805
1537790 805
1537800 804
1537810 802
1537820 802
1537830 802
1537840 802
1537850 802
1537860 801
1537870 799
1537880 799
1537890 802
1537900 807
1537910 807
1537920 810
1537930 811
1537940 811
1537950 811
1537960 811
1537970 811
1537980 810
1537990 809
1538000 809
1538010 810
1538020 808
1538030 808
1538040 805
1538050 806
1538060 806
1538070 807
1538080 808
1538090 808
1538100 808
1538110 808
1538120 809
1538130 809
1538140 809
1538150 809
1538160 809
1538170 809
1538180 809
1538190 809
1538200 807
1538210 806
1538220 806
1538230 806
1538240 805
1538250 805
1538260 804
1538270 804
1538280 804
1538290 804
1538300 805
1538310 805
1538320 805
1538330 805
1538340 805
1538350 805
1538360 805
1538370 805
1538380 805
1538390 805
1538400 805
1538410 805
1538420 806
1538430 806
1538440 806
1538450 806
1538460 806
1538470 805
1538480 805
1538490 805
1538500 804
1538510 803
1538520 802
1538530 802
1538540 801
1538550 800
1538560 800
1538570 800
1538580 799
1538590 799
1538600 797
1538610 797
1538620 797
1538630 796
1538640 795
1538650 795
1538660 794
1538670 792
1538680 792
1538690 790
1538700 786
1538710 786
1538720 781
1538730 778
1538740 778
1538750 777
1538760 776
1538770 777
1538780 775
1538790 774
1538800 774
1538810 774
1538820 773
1538830 773
1538840 773
1538850 772
1538860 772
1538870 771
1538880 770
1538890 770
1538900 768
1538910 767
1538920 766
1538930 766
1538940 765
1538950 764
1538960 764
1538970 763
1538980 762
1538990 762
1539000 761
1539010 760
1539020 760
1539030 760
1539040 759
1539050 759
1539060 758
1539070 757
1539080 757
1539090 757
1539100 756
1539110 756
1539120 755
1539130 754
1539140 754
1539150 754
1539160 753
1539170 753
1539180 752
1539190 751
1539200 751
1539210 750
1539220 749
1539230 749
1539240 748
1539250 747
1539260 747
1539270 746
1539280 745
1539290 745
1539300 744
1539310 744
1539320 743
1539330 743
1539340 741
1539350 741
1539360 741
1539370 740
1539380 740
1539390 740
1539400 739
1539410 738
1539420 738
1539430 737
1539440 735
1539450 735
1539460 735
1539470 734
1539480 734
1539490 732
1539500 731
1539510 731
1539520 729
1539530 728
1539540 728
1539550 727
1539560 727
1539570 727
1539580 727
1539590 726
1539600 726
1539610 725
1539620 724
1539630 724
1539640 724
1539650 723
1539660 723
1539670 723
1539680 722
1539690 722
1539700 721
1539710 721
1539720 720
1539730 720
1539740 719
1539750 718
1539760 718
1539770 718
1539780 715
1539790 715
1539800 712
1539810 710
1539820 710
1539830 710
1539840 710
1539850 710
1539860 710
1539870 710
1539880 710
1539890 709
1539900 709
1539910 709
1539920 709
1539930 709
1539940 709
1539950 709
1539960 709
1539970 709
1539980 710
1539990 710
