1520000 857
1520010 858
1520020 860
1520030 860
1520040 861
1520050 862
1520060 862
1520070 864
1520080 866
1520090 867
1520100 867
1520110 868
1520120 867
1520130 867
1520140 867
1520150 867
1520160 867
1520170 867
1520180 867
1520190 867
1520200 865
1520210 865
1520220 865
1520230 866
1520240 867
1520250 867
1520260 870
1520270 872
1520280 872
1520290 874
1520300 872
1520310 872
1520320 870
1520330 872
1520340 872
1520350 874
1520360 875
1520370 875
1520380 876
1520390 878
1520400 878
1520410 880
1520420 881
1520430 881
1520440 881
1520450 882
1520460 882
1520470 883
1520480 884
1520490 886
1520500 886
1520510 887
1520520 888
1520530 888
1520540 889
1520550 891
1520560 891
1520570 893
1520580 896
1520590 896
1520600 898
1520610 899
1520620 899
1520630 900
1520640 902
1520650 902
1520660 902
1520670 903
1520680 903
1520690 903
1520700 905
1520710 905
1520720 905
1520730 906
1520740 906
1520750 908
1520760 908
1520770 908
1520780 909
1520790 909
1520800 909
1520810 908
1520820 908
1520830 908
1520840 911
1520850 914
1520860 914
1520870 915
1520880 910
1520890 910
1520900 904
1520910 900
1520920 894
1520930 894
1520940 890
1520950 887
1520960 887
1520970 886
1520980 887
1520990 887
1521000 889
1521010 890
1521020 890
1521030 892
1521040 893
1521050 893
1521060 895
1521070 894
1521080 894
1521090 896
1521100 898
1521110 898
1521120 900
1521130 901
1521140 901
1521150 900
1521160 899
1521170 899
1521180 897
1521190 895
1521200 898
1521210 894
1521220 890
1521230 890
1521240 887
1521250 886
1521260 886
1521270 886
1521280 886
1521290 886
1521300 886
1521310 886
1521320 887
1521330 887
1521340 888
1521350 888
1521360 888
1521370 888
1521380 882
1521390 882
1521400 876
1521410 874
1521420 874
1521430 875
1521440 877
1521450 877
1521460 880
1521470 883
1521480 883
1521490 883
1521500 884
1521510 884
1521520 887
1521530 889
1521540 889
1521550 888
1521560 891
1521570 891
1521580 895
1521590 903
1521600 903
1521610 909
1521620 912
1521630 912
1521640 909
1521650 902
1521660 902
1521670 899
1521680 900
1521690 900
1521700 899
1521710 899
1521720 899
1521730 908
1521740 917
1521750 922
1521760 922
1521770 926
1521780 932
1521790 932
1521800 936
1521810 939
1521820 939
1521830 940
1521840 941
1521850 941
1521860 941
1521870 942
1521880 942
1521890 943
1521900 944
1521910 944
1521920 945
1521930 946
1521940 946
1521950 947
1521960 948
1521970 948
1521980 950
1521990 952
1522000 952
1522010 954
1522020 955
1522030 955
1522040 956
1522050 957
1522060 957
1522070 960
1522080 966
1522090 966
1522100 971
1522110 977
1522120 977
1522130 982
1522140 986
1522150 990
1522160 990
1522170 994
1522180 996
1522190 996
1522200 997
1522210 997
1522220 997
1522230 998
1522240 997
1522250 997
1522260 995
1522270 993
1522280 993
1522290 992
1522300 991
1522310 991
1522320 989
1522330 987
1522340 987
1522350 987
1522360 987
1522370 987
1522380 988
1522390 990
1522400 990
1522410 993
1522420 997
1522430 997
1522440 1002
1522450 1004
1522460 1004
1522470 1006
1522480 1006
1522490 1006
1522500 1009
1522510 1014
1522520 1014
1522530 1018
1522540 1020
1522550 1020
1522560 1022
1522570 1024
1522580 1027
1522590 1027
1522600 1029
1522610 1031
1522620 1031
1522630 1034
1522640 1036
1522650 1036
1522660 1039
1522670 1042
1522680 1042
1522690 1046
1522700 1051
1522710 1051
1522720 1057
1522730 1063
1522740 1063
1522750 1070
1522760 1078
1522770 1078
1522780 1086
1522790 1093
1522800 1093
1522810 1097
1522820 1104
1522830 1104
1522840 1111
1522850 1117
1522860 1117
1522870 1124
1522880 1131
1522890 1131
1522900 1139
1522910 1147
1522920 1147
1522930 1155
1522940 1179
1522950 1179
1522960 1192
1522970 1201
1522980 1213
1522990 1213
1523000 1225
1523010 1231
1523020 1231
1523030 1236
1523040 1240
1523050 1240
1523060 1242
1523070 1243
1523080 1243
1523090 1245
1523100 1247
1523110 1247
1523120 1249
1523130 1252
1523140 1252
1523150 1258
1523160 1262
1523170 1262
1523180 1266
1523190 1268
1523200 1268
1523210 1272
1523220 1277
1523230 1277
1523240 1280
1523250 1282
1523260 1282
1523270 1283
1523280 1285
1523290 1285
1523300 1287
1523310 1289
1523320 1289
1523330 1292
1523340 1294
1523350 1294
1523360 1296
1523370 1300
1523380 1300
1523390 1303
1523400 1306
1523410 1308
1523420 1308
1523430 1312
1523440 1315
1523450 1315
1523460 1316
1523470 1317
1523480 1317
1523490 1319
1523500 1320
1523510 1320
1523520 1322
1523530 1323
1523540 1323
1523550 1324
1523560 1325
1523570 1325
1523580 1326
1523590 1328
1523600 1328
1523610 1330
1523620 1330
1523630 1330
1523640 1333
1523650 1335
1523660 1335
1523670 1338
1523680 1338
1523690 1338
1523700 1340
1523710 1343
1523720 1343
1523730 1344
1523740 1344
1523750 1344
1523760 1344
1523770 1345
1523780 1345
1523790 1345
1523800 1345
1523810 1346
1523820 1346
1523830 1347
1523840 1344
1523850 1344
1523860 1342
1523870 1340
1523880 1340
1523890 1339
1523900 1339
1523910 1339
1523920 1339
1523930 1338
1523940 1338
1523950 1335
1523960 1331
1523970 1331
1523980 1329
1523990 1328
1524000 1328
1524010 1327
1524020 1327
1524030 1327
1524040 1326
1524050 1323
1524060 1323
1524070 1319
1524080 1316
1524090 1316
1524100 1313
1524110 1310
1524120 1310
1524130 1306
1524140 1301
1524150 1301
1524160 1288
1524170 1236
1524180 1236
1524190 1217
1524200 1213
1524210 1213
1524220 1210
1524230 1209
1524240 1209
1524250 1209
1524260 1211
1524270 1216
1524280 1216
1524290 1212
1524300 1211
1524310 1211
1524320 1193
1524330 1188
1524340 1188
1524350 1186
1524360 1166
1524370 1166
1524380 1148
1524390 1139
1524400 1139
1524410 1135
1524420 1132
1524430 1132
1524440 1130
1524450 1125
1524460 1125
1524470 1120
1524480 1115
1524490 1115
1524500 1109
1524510 1103
1524520 1103
1524530 1099
1524540 1098
1524550 1100
1524560 1097
1524570 1093
1524580 1093
1524590 1091
1524600 1090
1524610 1090
1524620 1089
1524630 1089
1524640 1088
1524650 1088
1524660 1087
1524670 1088
1524680 1088
1524690 1094
1524700 1100
1524710 1100
1524720 1107
1524730 1114
1524740 1114
1524750 1118
1524760 1121
1524770 1121
1524780 1126
1524790 1131
1524800 1131
1524810 1133
1524820 1134
1524830 1134
1524840 1137
1524850 1140
1524860 1140
1524870 1142
1524880 1143
1524890 1143
1524900 1144
1524910 1139
1524920 1139
1524930 1125
1524940 1119
1524950 1119
1524960 1117
1524970 1119
1524980 1119
1524990 1120
1525000 1124
1525010 1124
1525020 1129
1525030 1132
1525040 1132
1525050 1133
1525060 1134
1525070 1137
1525080 1137
1525090 1141
1525100 1145
1525110 1145
1525120 1149
1525130 1152
1525140 1152
1525150 1155
1525160 1159
1525170 1159
1525180 1168
1525190 1177
1525200 1177
1525210 1182
1525220 1189
1525230 1189
1525240 1197
1525250 1204
1525260 1204
1525270 1207
1525280 1208
1525290 1208
1525300 1207
1525310 1204
1525320 1204
1525330 1201
1525340 1198
1525350 1198
1525360 1193
1525370 1188
1525380 1188
1525390 1184
1525400 1179
1525410 1179
1525420 1173
1525430 1165
1525440 1165
1525450 1158
1525460 1152
1525470 1147
1525480 1147
1525490 1143
1525500 1139
1525510 1139
1525520 1131
1525530 1123
1525540 1123
1525550 1116
1525560 1109
1525570 1109
1525580 1106
1525590 1109
1525600 1109
1525610 1111
1525620 1113
1525630 1113
1525640 1116
1525650 1116
1525660 1116
1525670 1116
1525680 1115
1525690 1115
1525700 1117
1525710 1118
1525720 1118
1525730 1122
1525740 1126
1525750 1126
1525760 1126
1525770 1126
1525780 1126
1525790 1128
1525800 1131
1525810 1131
1525820 1134
1525830 1141
1525840 1141
1525850 1163
1525860 1176
1525870 1176
1525880 1183
1525890 1193
1525900 1197
1525910 1197
1525920 1191
1525930 1185
1525940 1185
1525950 1186
1525960 1187
1525970 1187
1525980 1190
1525990 1194
1526000 1194
1526010 1196
1526020 1197
1526030 1197
1526040 1203
1526050 1207
1526060 1207
1526070 1214
1526080 1217
1526090 1217
1526100 1215
1526110 1213
1526120 1213
1526130 1212
1526140 1212
1526150 1212
1526160 1213
1526170 1215
1526180 1215
1526190 1218
1526200 1219
1526210 1219
1526220 1219
1526230 1221
1526240 1221
1526250 1220
1526260 1216
1526270 1216
1526280 1214
1526290 1215
1526300 1221
1526310 1221
1526320 1228
1526330 1230
1526340 1230
1526350 1231
1526360 1233
1526370 1233
1526380 1235
1526390 1235
1526400 1235
1526410 1232
1526420 1229
1526430 1229
1526440 1222
1526450 1214
1526460 1214
1526470 1214
1526480 1214
1526490 1214
1526500 1213
1526510 1217
1526520 1217
1526530 1222
1526540 1226
1526550 1226
1526560 1226
1526570 1222
1526580 1222
1526590 1219
1526600 1218
1526610 1218
1526620 1217
1526630 1216
1526640 1216
1526650 1217
1526660 1217
1526670 1217
1526680 1218
1526690 1221
1526700 1221
1526710 1221
1526720 1222
1526730 1223
1526740 1223
1526750 1225
1526760 1228
1526770 1228
1526780 1231
1526790 1235
1526800 1235
1526810 1238
1526820 1241
1526830 1241
1526840 1245
1526850 1248
1526860 1248
1526870 1251
1526880 1255
1526890 1255
1526900 1259
1526910 1262
1526920 1262
1526930 1266
1526940 1267
1526950 1267
1526960 1266
1526970 1264
1526980 1264
1526990 1261
1527000 1257
1527010 1257
1527020 1253
1527030 1251
1527040 1251
1527050 1246
1527060 1241
1527070 1241
1527080 1239
1527090 1240
1527100 1240
1527110 1242
1527120 1243
1527130 1242
1527140 1242
1527150 1239
1527160 1236
1527170 1236
1527180 1235
1527190 1233
1527200 1233
1527210 1230
1527220 1229
1527230 1229
1527240 1229
1527250 1228
1527260 1228
1527270 1227
1527280 1225
1527290 1225
1527300 1224
1527310 1222
1527320 1222
1527330 1221
1527340 1221
1527350 1221
1527360 1221
1527370 1220
1527380 1220
1527390 1218
1527400 1215
1527410 1215
1527420 1212
1527430 1210
1527440 1210
1527450 1206
1527460 1201
1527470 1201
1527480 1197
1527490 1194
1527500 1194
1527510 1191
1527520 1188
1527530 1188
1527540 1185
1527550 1182
1527560 1181
1527570 1181
1527580 1180
1527590 1179
1527600 1179
1527610 1178
1527620 1176
1527630 1176
1527640 1178
1527650 1174
1527660 1174
1527670 1171
1527680 1168
1527690 1168
1527700 1165
1527710 1162
1527720 1162
1527730 1161
1527740 1159
1527750 1159
1527760 1156
1527770 1154
1527780 1154
1527790 1153
1527800 1150
1527810 1150
1527820 1148
1527830 1146
1527840 1146
1527850 1143
1527860 1141
1527870 1141
1527880 1140
1527890 1138
1527900 1138
1527910 1136
1527920 1135
1527930 1135
1527940 1133
1527950 1130
1527960 1129
1527970 1129
1527980 1127
1527990 1125
1528000 1125
1528010 1123
1528020 1122
1528030 1122
1528040 1120
1528050 1118
1528060 1118
1528070 1117
1528080 1116
1528090 1116
1528100 1116
1528110 1115
1528120 1115
1528130 1114
1528140 1114
1528150 1114
1528160 1114
1528170 1114
1528180 1114
1528190 1112
1528200 1110
1528210 1110
1528220 1107
1528230 1104
1528240 1104
1528250 1101
1528260 1099
1528270 1099
1528280 1096
1528290 1093
1528300 1093
1528310 1091
1528320 1090
1528330 1090
1528340 1086
1528350 1081
1528360 1081
1528370 1078
1528380 1075
1528390 1072
1528400 1072
1528410 1070
1528420 1066
1528430 1066
1528440 1060
1528450 1054
1528460 1054
1528470 1052
1528480 1051
1528490 1051
1528500 1049
1528510 1047
1528520 1047
1528530 1044
1528540 1041
1528550 1041
1528560 1038
1528570 1038
1528580 1038
1528590 1037
1528600 1035
1528610 1035
1528620 1034
1528630 1033
1528640 1033
1528650 1032
1528660 1032
1528670 1032
1528680 1032
1528690 1031
1528700 1031
1528710 1028
1528720 1026
1528730 1026
1528740 1024
1528750 1023
1528760 1023
1528770 1021
1528780 1020
1528790 1019
1528800 1019
1528810 1016
1528820 1013
1528830 1013
1528840 1012
1528850 1012
1528860 1012
1528870 1011
1528880 1010
1528890 1010
1528900 1008
1528910 1007
1528920 1007
1528930 1009
1528940 1008
1528950 1008
1528960 1007
1528970 1008
1528980 1008
1528990 1010
1529000 1010
1529010 1010
1529020 1010
1529030 1012
1529040 1012
1529050 1013
1529060 1014
1529070 1014
1529080 1015
1529090 1018
1529100 1018
1529110 1020
1529120 1022
1529130 1022
1529140 1024
1529150 1025
1529160 1025
1529170 1026
1529180 1027
1529190 1027
1529200 1028
1529210 1029
1529220 1029
1529230 1029
1529240 1030
1529250 1031
1529260 1031
1529270 1031
1529280 1032
1529290 1032
1529300 1031
1529310 1030
1529320 1030
1529330 1032
1529340 1033
1529350 1033
1529360 1032
1529370 1031
1529380 1031
1529390 1031
1529400 1031
1529410 1031
1529420 1031
1529430 1032
1529440 1032
1529450 1033
1529460 1033
1529470 1033
1529480 1032
1529490 1030
1529500 1030
1529510 1029
1529520 1028
1529530 1028
1529540 1029
1529550 1030
1529560 1030
1529570 1029
1529580 1027
1529590 1027
1529600 1025
1529610 1022
1529620 1019
1529630 1019
1529640 1018
1529650 1014
1529660 1014
1529670 1009
1529680 1008
1529690 1008
1529700 1005
1529710 998
1529720 998
1529730 993
1529740 986
1529750 986
1529760 979
1529770 974
1529780 974
1529790 969
1529800 965
1529810 965
1529820 963
1529830 960
1529840 960
1529850 955
1529860 951
1529870 951
1529880 947
1529890 944
1529900 944
1529910 941
1529920 937
1529930 937
1529940 935
1529950 932
1529960 932
1529970 930
1529980 927
1529990 927
1530000 924
1530010 922
1530020 922
1530030 920
1530040 919
1530050 918
1530060 918
1530070 917
1530080 916
1530090 916
1530100 915
1530110 914
1530120 914
1530130 913
1530140 913
1530150 913
1530160 913
1530170 913
1530180 913
1530190 913
1530200 914
1530210 914
1530220 914
1530230 913
1530240 913
1530250 912
1530260 911
1530270 911
1530280 910
1530290 909
1530300 909
1530310 907
1530320 905
1530330 905
1530340 904
1530350 902
1530360 902
1530370 900
1530380 897
1530390 897
1530400 893
1530410 887
1530420 887
1530430 880
1530440 875
1530450 871
1530460 871
1530470 867
1530480 864
1530490 864
1530500 861
1530510 859
1530520 856
1530530 853
1530540 851
1530550 851
1530560 849
1530570 847
1530580 847
1530590 845
1530600 843
1530610 843
1530620 842
1530630 840
1530640 840
1530650 839
1530660 837
1530670 837
1530680 835
1530690 834
1530700 834
1530710 832
1530720 830
1530730 830
1530740 829
1530750 827
1530760 827
1530770 825
1530780 824
1530790 824
1530800 823
1530810 821
1530820 821
1530830 820
1530840 819
1530850 819
1530860 818
1530870 819
1530880 819
1530890 819
1530900 819
1530910 821
1530920 821
1530930 822
1530940 823
1530950 823
1530960 824
1530970 825
1530980 825
1530990 826
1531000 827
1531010 827
1531020 828
1531030 829
1531040 829
1531050 831
1531060 832
1531070 832
1531080 834
1531090 835
1531100 835
1531110 834
1531120 835
1531130 835
1531140 836
1531150 837
1531160 837
1531170 840
1531180 844
1531190 844
1531200 848
1531210 850
1531220 850
1531230 848
1531240 833
1531250 833
1531260 820
1531270 814
1531280 809
1531290 809
1531300 805
1531310 803
1531320 803
1531330 801
1531340 798
1531350 798
1531360 796
1531370 794
1531380 794
1531390 791
1531400 789
1531410 789
1531420 787
1531430 785
1531440 785
1531450 783
1531460 780
1531470 780
1531480 779
1531490 778
1531500 778
1531510 777
1531520 776
1531530 776
1531540 774
1531550 772
1531560 772
1531570 770
1531580 766
1531590 766
1531600 759
1531610 751
1531620 751
1531630 749
1531640 752
1531650 752
1531660 757
1531670 759
1531680 759
1531690 760
1531700 760
1531710 760
1531720 760
1531730 762
1531740 766
1531750 766
1531760 768
1531770 769
1531780 769
1531790 771
1531800 773
1531810 773
1531820 775
1531830 775
1531840 775
1531850 776
1531860 778
1531870 778
1531880 780
1531890 781
1531900 781
1531910 782
1531920 783
1531930 783
1531940 785
1531950 785
1531960 785
1531970 786
1531980 788
1531990 788
1532000 788
1532010 789
1532020 789
1532030 785
1532040 784
1532050 784
1532060 786
1532070 790
1532080 790
1532090 792
1532100 792
1532110 791
1532120 791
1532130 792
1532140 793
1532150 793
1532160 795
1532170 796
1532180 796
1532190 798
1532200 799
1532210 799
1532220 801
1532230 802
1532240 802
1532250 803
1532260 804
1532270 804
1532280 805
1532290 807
1532300 807
1532310 808
1532320 809
1532330 809
1532340 810
1532350 812
1532360 812
1532370 813
1532380 814
1532390 814
1532400 815
1532410 818
1532420 818
1532430 821
1532440 824
1532450 824
1532460 828
1532470 831
1532480 831
1532490 833
1532500 835
1532510 835
1532520 835
1532530 834
1532540 834
1532550 834
1532560 836
1532570 837
1532580 837
1532590 837
1532600 835
1532610 835
1532620 832
1532630 833
1532640 833
1532650 835
1532660 836
1532670 836
1532680 834
1532690 833
1532700 833
1532710 835
1532720 837
1532730 837
1532740 837
1532750 833
1532760 833
1532770 829
1532780 828
1532790 828
1532800 829
1532810 829
1532820 829
1532830 829
1532840 829
1532850 829
1532860 830
1532870 831
1532880 831
1532890 832
1532900 832
1532910 832
1532920 832
1532930 832
1532940 832
1532950 832
1532960 832
1532970 832
1532980 832
1532990 833
1533000 834
1533010 834
1533020 837
1533030 837
1533040 837
1533050 836
1533060 839
1533070 839
1533080 839
1533090 839
1533100 839
1533110 836
1533120 836
1533130 836
1533140 837
1533150 837
1533160 837
1533170 838
1533180 840
1533190 840
1533200 844
1533210 846
1533220 846
1533230 850
1533240 850
1533250 850
1533260 849
1533270 848
1533280 848
1533290 847
1533300 847
1533310 847
1533320 846
1533330 846
1533340 846
1533350 845
1533360 843
1533370 842
1533380 842
1533390 842
1533400 841
1533410 841
1533420 835
1533430 828
1533440 828
1533450 823
1533460 820
1533470 820
1533480 816
1533490 817
1533500 817
1533510 817
1533520 817
1533530 817
1533540 818
1533550 819
1533560 819
1533570 821
1533580 822
1533590 822
1533600 824
1533610 826
1533620 826
1533630 828
1533640 830
1533650 830
1533660 833
1533670 836
1533680 836
1533690 837
1533700 836
1533710 836
1533720 837
1533730 838
1533740 838
1533750 840
1533760 841
1533770 841
1533780 841
1533790 840
1533800 841
1533810 841
1533820 842
1533830 844
1533840 844
1533850 846
1533860 847
1533870 847
1533880 848
1533890 849
1533900 849
1533910 851
1533920 852
1533930 852
1533940 853
1533950 854
1533960 854
1533970 853
1533980 853
1533990 853
1534000 853
1534010 853
1534020 853
1534030 852
1534040 852
1534050 852
1534060 851
1534070 850
1534080 850
1534090 848
1534100 847
1534110 847
1534120 845
1534130 846
1534140 846
1534150 846
1534160 848
1534170 848
1534180 851
1534190 854
1534200 856
1534210 856
1534220 858
1534230 861
1534240 861
1534250 864
1534260 865
1534270 865
1534280 867
1534290 870
1534300 870
1534310 872
1534320 874
1534330 874
1534340 877
1534350 880
1534360 880
1534370 884
1534380 888
1534390 888
1534400 890
1534410 893
1534420 893
1534430 897
1534440 904
1534450 904
1534460 909
1534470 913
1534480 913
1534490 914
1534500 918
1534510 918
1534520 922
1534530 923
1534540 923
1534550 921
1534560 917
1534570 917
1534580 910
1534590 907
1534600 907
1534610 907
1534620 908
1534630 911
1534640 911
1534650 911
1534660 910
1534670 910
1534680 909
1534690 909
1534700 909
1534710 909
1534720 908
1534730 908
1534740 908
1534750 909
1534760 909
1534770 908
1534780 906
1534790 906
1534800 900
1534810 879
1534820 879
1534830 842
1534840 817
1534850 817
1534860 808
1534870 795
1534880 795
1534890 787
1534900 783
1534910 783
1534920 777
1534930 774
1534940 774
1534950 783
1534960 791
1534970 791
1534980 799
1534990 801
1535000 801
1535010 802
1535020 799
1535030 795
1535040 795
1535050 789
1535060 777
1535070 777
1535080 766
1535090 760
1535100 760
1535110 753
1535120 746
1535130 746
1535140 738
1535150 731
1535160 731
1535170 726
1535180 722
1535190 722
1535200 717
1535210 712
1535220 712
1535230 711
1535240 711
1535250 711
1535260 711
1535270 711
1535280 711
1535290 711
1535300 711
1535310 711
1535320 711
1535330 711
1535340 711
1535350 711
1535360 711
1535370 711
1535380 711
1535390 711
1535400 711
1535410 711
1535420 711
1535430 711
1535440 711
1535450 711
1535460 711
1535470 711
1535480 711
1535490 711
1535500 711
1535510 711
1535520 711
1535530 711
1535540 711
1535550 711
1535560 711
1535570 711
1535580 711
1535590 711
1535600 711
1535610 711
1535620 711
1535630 711
1535640 711
1535650 711
1535660 711
1535670 711
1535680 711
1535690 711
1535700 711
1535710 711
1535720 711
1535730 711
1535740 711
1535750 711
1535760 711
1535770 711
1535780 711
1535790 711
1535800 711
1535810 711
1535820 711
1535830 711
1535840 711
1535850 711
1535860 711
1535870 711
1535880 711
1535890 711
1535900 711
1535910 711
1535920 711
1535930 711
1535940 711
1535950 711
1535960 711
1535970 711
1535980 711
1535990 711
1536000 711
1536010 711
1536020 711
1536030 711
1536040 711
1536050 711
1536060 711
1536070 711
1536080 711
1536090 711
1536100 711
1536110 711
1536120 711
1536130 713
1536140 713
1536150 716
1536160 719
1536170 719
1536180 722
1536190 725
1536200 725
1536210 729
1536220 731
1536230 731
1536240 733
1536250 735
1536260 737
1536270 737
1536280 739
1536290 742
1536300 742
1536310 744
1536320 747
1536330 747
1536340 749
1536350 751
1536360 751
1536370 754
1536380 756
1536390 756
1536400 758
1536410 759
1536420 759
1536430 762
1536440 764
1536450 764
1536460 765
1536470 768
1536480 768
1536490 769
1536500 771
1536510 771
1536520 772
1536530 772
1536540 772
1536550 773
1536560 773
1536570 773
1536580 774
1536590 775
1536600 775
1536610 778
1536620 780
1536630 780
1536640 780
1536650 783
1536660 783
1536670 787
1536680 790
1536690 793
1536700 793
1536710 797
1536720 801
1536730 801
1536740 805
1536750 809
1536760 809
1536770 813
1536780 818
1536790 818
1536800 824
1536810 831
1536820 831
1536830 838
1536840 849
1536850 849
1536860 877
1536870 915
1536880 915
1536890 944
1536900 976
1536910 976
1536920 992
1536930 993
1536940 993
1536950 991
1536960 989
1536970 989
1536980 988
1536990 988
1537000 988
1537010 990
1537020 991
1537030 991
1537040 992
1537050 992
1537060 992
1537070 993
1537080 994
1537090 997
1537100 997
1537110 1002
1537120 1008
1537130 1008
1537140 1019
1537150 1033
1537160 1033
1537170 1040
1537180 1067
1537190 1067
1537200 1108
1537210 1122
1537220 1122
1537230 1138
1537240 1191
1537250 1191
1537260 1220
1537270 1228
1537280 1228
1537290 1237
1537300 1248
1537310 1248
1537320 1256
1537330 1262
1537340 1262
1537350 1263
1537360 1269
1537370 1269
1537380 1288
1537390 1302
1537400 1302
1537410 1314
1537420 1349
1537430 1349
1537440 1384
1537450 1410
1537460 1410
1537470 1435
1537480 1459
1537490 1459
1537500 1481
1537510 1514
1537520 1541
1537530 1541
1537540 1564
1537550 1578
1537560 1578
1537570 1599
1537580 1616
1537590 1616
1537600 1641
1537610 1658
1537620 1658
1537630 1684
1537640 1708
1537650 1708
1537660 1723
1537670 1735
1537680 1735
1537690 1744
1537700 1749
1537710 1749
1537720 1748
1537730 1747
1537740 1747
1537750 1745
1537760 1742
1537770 1742
1537780 1743
1537790 1745
1537800 1745
1537810 1747
1537820 1748
1537830 1748
1537840 1747
1537850 1745
1537860 1745
1537870 1744
1537880 1743
1537890 1743
1537900 1743
1537910 1741
1537920 1735
1537930 1735
1537940 1732
1537950 1734
1537960 1734
1537970 1733
1537980 1732
1537990 1732
1538000 1729
1538010 1726
1538020 1726
1538030 1723
1538040 1717
1538050 1717
1538060 1711
1538070 1708
1538080 1708
1538090 1705
1538100 1704
1538110 1704
1538120 1699
1538130 1693
1538140 1693
1538150 1687
1538160 1682
1538170 1682
1538180 1676
1538190 1670
1538200 1670
1538210 1665
1538220 1662
1538230 1662
1538240 1660
1538250 1659
1538260 1659
1538270 1660
1538280 1661
1538290 1661
1538300 1661
1538310 1660
1538320 1660
1538330 1661
1538340 1663
1538350 1666
1538360 1666
1538370 1670
1538380 1672
1538390 1672
1538400 1676
1538410 1679
1538420 1679
1538430 1682
1538440 1686
1538450 1686
1538460 1690
1538470 1695
1538480 1695
1538490 1700
1538500 1705
1538510 1705
1538520 1710
1538530 1716
1538540 1716
1538550 1722
1538560 1726
1538570 1726
1538580 1730
1538590 1734
1538600 1734
1538610 1738
1538620 1742
1538630 1742
1538640 1743
1538650 1741
1538660 1741
1538670 1740
1538680 1737
1538690 1737
1538700 1733
1538710 1729
1538720 1729
1538730 1726
1538740 1724
1538750 1721
1538760 1721
1538770 1719
1538780 1717
1538790 1717
1538800 1716
1538810 1717
1538820 1717
1538830 1717
1538840 1717
1538850 1717
1538860 1719
1538870 1720
1538880 1720
1538890 1720
1538900 1720
1538910 1720
1538920 1722
1538930 1724
1538940 1724
1538950 1725
1538960 1727
1538970 1727
1538980 1731
1538990 1736
1539000 1736
1539010 1741
1539020 1745
1539030 1745
1539040 1750
1539050 1755
1539060 1755
1539070 1761
1539080 1765
1539090 1765
1539100 1769
1539110 1773
1539120 1773
1539130 1776
1539140 1778
1539150 1778
1539160 1779
1539170 1779
1539180 1778
1539190 1778
1539200 1775
1539210 1770
1539220 1770
1539230 1765
1539240 1760
1539250 1760
1539260 1758
1539270 1758
1539280 1758
1539290 1762
1539300 1765
1539310 1765
1539320 1769
1539330 1769
1539340 1769
1539350 1771
1539360 1772
1539370 1772
1539380 1774
1539390 1774
1539400 1774
1539410 1775
1539420 1775
1539430 1775
1539440 1774
1539450 1773
1539460 1773
1539470 1772
1539480 1771
1539490 1771
1539500 1770
1539510 1768
1539520 1768
1539530 1766
1539540 1765
1539550 1765
1539560 1763
1539570 1760
1539580 1758
1539590 1758
1539600 1756
1539610 1751
1539620 1751
1539630 1746
1539640 1742
1539650 1742
1539660 1741
1539670 1738
1539680 1738
1539690 1736
1539700 1734
1539710 1734
1539720 1733
1539730 1731
1539740 1731
1539750 1730
1539760 1728
1539770 1728
1539780 1726
1539790 1724
1539800 1724
1539810 1723
1539820 1723
1539830 1723
1539840 1722
1539850 1721
1539860 1721
1539870 1720
1539880 1722
1539890 1722
1539900 1722
1539910 1721
1539920 1721
1539930 1720
1539940 1718
1539950 1718
1539960 1716
1539970 1714
1539980 1714
1539990 1711
