1520000 851
1520010 853
1520020 855
1520030 855
1520040 857
1520050 859
1520060 860
1520070 860
1520080 860
1520090 860
1520100 860
1520110 860
1520120 859
1520130 859
1520140 858
1520150 859
1520160 859
1520170 859
1520180 858
1520190 858
1520200 857
1520210 856
1520220 856
1520230 857
1520240 857
1520250 857
1520260 857
1520270 858
1520280 858
1520290 858
1520300 862
1520310 862
1520320 865
1520330 867
1520340 867
1520350 868
1520360 869
1520370 869
1520380 869
1520390 870
1520400 870
1520410 871
1520420 872
1520430 872
1520440 873
1520450 875
1520460 875
1520470 877
1520480 878
1520490 878
1520500 878
1520510 880
1520520 882
1520530 882
1520540 885
1520550 889
1520560 889
1520570 893
1520580 897
1520590 897
1520600 899
1520610 900
1520620 900
1520630 901
1520640 902
1520650 902
1520660 903
1520670 903
1520680 903
1520690 904
1520700 905
1520710 905
1520720 906
1520730 907
1520740 907
1520750 908
1520760 907
1520770 907
1520780 902
1520790 896
1520800 896
1520810 895
1520820 895
1520830 895
1520840 896
1520850 896
1520860 896
1520870 896
1520880 895
1520890 892
1520900 892
1520910 886
1520920 880
1520930 880
1520940 876
1520950 876
1520960 876
1520970 877
1520980 878
1520990 878
1521000 878
1521010 878
1521020 878
1521030 880
1521040 879
1521050 879
1521060 879
1521070 880
1521080 880
1521090 882
1521100 884
1521110 884
1521120 885
1521130 885
1521140 885
1521150 884
1521160 883
1521170 883
1521180 881
1521190 881
1521200 881
1521210 879
1521220 878
1521230 878
1521240 879
1521250 882
1521260 882
1521270 884
1521280 884
1521290 884
1521300 881
1521310 877
1521320 876
1521330 878
1521340 878
1521350 878
1521360 878
1521370 878
1521380 875
1521390 875
1521400 867
1521410 865
1521420 865
1521430 864
1521440 863
1521450 863
1521460 863
1521470 862
1521480 862
1521490 865
1521500 868
1521510 868
1521520 870
1521530 875
1521540 875
1521550 880
1521560 881
1521570 881
1521580 879
1521590 876
1521600 876
1521610 875
1521620 877
1521630 877
1521640 879
1521650 881
1521660 881
1521670 881
1521680 881
1521690 881
1521700 883
1521710 889
1521720 898
1521730 898
1521740 911
1521750 918
1521760 918
1521770 919
1521780 921
1521790 921
1521800 924
1521810 928
1521820 928
1521830 934
1521840 937
1521850 937
1521860 939
1521870 939
1521880 939
1521890 939
1521900 940
1521910 940
1521920 940
1521930 940
1521940 940
1521950 941
1521960 942
1521970 942
1521980 943
1521990 943
1522000 943
1522010 944
1522020 945
1522030 945
1522040 947
1522050 949
1522060 949
1522070 951
1522080 953
1522090 953
1522100 954
1522110 955
1522120 955
1522130 956
1522140 958
1522150 961
1522160 961
1522170 964
1522180 966
1522190 966
1522200 967
1522210 969
1522220 969
1522230 970
1522240 970
1522250 970
1522260 969
1522270 970
1522280 970
1522290 970
1522300 969
1522310 969
1522320 969
1522330 969
1522340 969
1522350 968
1522360 967
1522370 967
1522380 968
1522390 970
1522400 970
1522410 973
1522420 977
1522430 977
1522440 981
1522450 984
1522460 984
1522470 986
1522480 995
1522490 995
1522500 999
1522510 1004
1522520 1004
1522530 1009
1522540 1012
1522550 1015
1522560 1015
1522570 1016
1522580 1016
1522590 1016
1522600 1017
1522610 1020
1522620 1020
1522630 1025
1522640 1031
1522650 1031
1522660 1038
1522670 1044
1522680 1044
1522690 1050
1522700 1057
1522710 1057
1522720 1065
1522730 1072
1522740 1072
1522750 1076
1522760 1081
1522770 1081
1522780 1085
1522790 1091
1522800 1091
1522810 1097
1522820 1105
1522830 1105
1522840 1117
1522850 1132
1522860 1132
1522870 1144
1522880 1154
1522890 1154
1522900 1163
1522910 1170
1522920 1170
1522930 1178
1522940 1188
1522950 1188
1522960 1199
1522970 1212
1522980 1221
1522990 1221
1523000 1225
1523010 1228
1523020 1228
1523030 1232
1523040 1234
1523050 1234
1523060 1235
1523070 1237
1523080 1237
1523090 1237
1523100 1237
1523110 1237
1523120 1238
1523130 1240
1523140 1240
1523150 1242
1523160 1245
1523170 1245
1523180 1249
1523190 1253
1523200 1253
1523210 1256
1523220 1258
1523230 1258
1523240 1261
1523250 1264
1523260 1264
1523270 1268
1523280 1271
1523290 1271
1523300 1273
1523310 1275
1523320 1275
1523330 1277
1523340 1279
1523350 1279
1523360 1283
1523370 1288
1523380 1289
1523390 1289
1523400 1290
1523410 1292
1523420 1292
1523430 1294
1523440 1295
1523450 1295
1523460 1296
1523470 1298
1523480 1298
1523490 1300
1523500 1302
1523510 1302
1523520 1304
1523530 1306
1523540 1306
1523550 1308
1523560 1311
1523570 1311
1523580 1313
1523590 1315
1523600 1315
1523610 1316
1523620 1316
1523630 1316
1523640 1317
1523650 1318
1523660 1318
1523670 1318
1523680 1319
1523690 1319
1523700 1319
1523710 1320
1523720 1320
1523730 1320
1523740 1320
1523750 1320
1523760 1320
1523770 1320
1523780 1320
1523790 1319
1523800 1321
1523810 1323
1523820 1323
1523830 1321
1523840 1321
1523850 1321
1523860 1321
1523870 1321
1523880 1321
1523890 1320
1523900 1320
1523910 1320
1523920 1320
1523930 1319
1523940 1319
1523950 1319
1523960 1316
1523970 1316
1523980 1313
1523990 1310
1524000 1310
1524010 1307
1524020 1304
1524030 1304
1524040 1301
1524050 1298
1524060 1298
1524070 1294
1524080 1292
1524090 1292
1524100 1289
1524110 1285
1524120 1285
1524130 1283
1524140 1280
1524150 1280
1524160 1272
1524170 1236
1524180 1236
1524190 1210
1524200 1188
1524210 1183
1524220 1183
1524230 1183
1524240 1181
1524250 1181
1524260 1174
1524270 1168
1524280 1168
1524290 1162
1524300 1156
1524310 1156
1524320 1150
1524330 1142
1524340 1142
1524350 1135
1524360 1129
1524370 1129
1524380 1123
1524390 1117
1524400 1117
1524410 1112
1524420 1109
1524430 1109
1524440 1106
1524450 1103
1524460 1103
1524470 1100
1524480 1097
1524490 1097
1524500 1094
1524510 1092
1524520 1092
1524530 1090
1524540 1087
1524550 1087
1524560 1085
1524570 1084
1524580 1084
1524590 1082
1524600 1081
1524610 1081
1524620 1081
1524630 1082
1524640 1082
1524650 1082
1524660 1082
1524670 1084
1524680 1084
1524690 1085
1524700 1086
1524710 1086
1524720 1089
1524730 1092
1524740 1092
1524750 1097
1524760 1102
1524770 1102
1524780 1108
1524790 1115
1524800 1115
1524810 1122
1524820 1127
1524830 1127
1524840 1129
1524850 1132
1524860 1132
1524870 1134
1524880 1134
1524890 1134
1524900 1127
1524910 1128
1524920 1128
1524930 1122
1524940 1116
1524950 1116
1524960 1113
1524970 1110
1524980 1110
1524990 1106
1525000 1107
1525010 1107
1525020 1111
1525030 1114
1525040 1117
1525050 1117
1525060 1120
1525070 1123
1525080 1123
1525090 1128
1525100 1133
1525110 1133
1525120 1136
1525130 1132
1525140 1132
1525150 1130
1525160 1129
1525170 1129
1525180 1131
1525190 1142
1525200 1142
1525210 1147
1525220 1148
1525230 1148
1525240 1156
1525250 1179
1525260 1179
1525270 1191
1525280 1197
1525290 1197
1525300 1198
1525310 1195
1525320 1195
1525330 1191
1525340 1186
1525350 1186
1525360 1183
1525370 1180
1525380 1180
1525390 1175
1525400 1171
1525410 1171
1525420 1167
1525430 1163
1525440 1163
1525450 1159
1525460 1153
1525470 1147
1525480 1147
1525490 1138
1525500 1125
1525510 1125
1525520 1114
1525530 1108
1525540 1108
1525550 1105
1525560 1097
1525570 1097
1525580 1093
1525590 1096
1525600 1096
1525610 1098
1525620 1100
1525630 1100
1525640 1103
1525650 1104
1525660 1104
1525670 1103
1525680 1102
1525690 1102
1525700 1104
1525710 1108
1525720 1108
1525730 1111
1525740 1112
1525750 1112
1525760 1114
1525770 1117
1525780 1117
1525790 1118
1525800 1122
1525810 1122
1525820 1125
1525830 1130
1525840 1130
1525850 1148
1525860 1159
1525870 1162
1525880 1162
1525890 1171
1525900 1174
1525910 1174
1525920 1174
1525930 1176
1525940 1176
1525950 1178
1525960 1181
1525970 1181
1525980 1185
1525990 1188
1526000 1188
1526010 1192
1526020 1196
1526030 1196
1526040 1198
1526050 1194
1526060 1194
1526070 1193
1526080 1192
1526090 1192
1526100 1190
1526110 1188
1526120 1188
1526130 1187
1526140 1187
1526150 1187
1526160 1187
1526170 1189
1526180 1189
1526190 1190
1526200 1190
1526210 1190
1526220 1192
1526230 1194
1526240 1194
1526250 1199
1526260 1203
1526270 1206
1526280 1206
1526290 1203
1526300 1198
1526310 1198
1526320 1200
1526330 1199
1526340 1199
1526350 1196
1526360 1194
1526370 1194
1526380 1193
1526390 1192
1526400 1192
1526410 1189
1526420 1187
1526430 1187
1526440 1188
1526450 1191
1526460 1191
1526470 1196
1526480 1201
1526490 1201
1526500 1204
1526510 1207
1526520 1207
1526530 1209
1526540 1210
1526550 1210
1526560 1207
1526570 1202
1526580 1202
1526590 1202
1526600 1202
1526610 1202
1526620 1204
1526630 1205
1526640 1205
1526650 1206
1526660 1206
1526670 1206
1526680 1207
1526690 1209
1526700 1212
1526710 1212
1526720 1213
1526730 1213
1526740 1213
1526750 1212
1526760 1212
1526770 1212
1526780 1213
1526790 1216
1526800 1216
1526810 1219
1526820 1223
1526830 1223
1526840 1227
1526850 1231
1526860 1231
1526870 1234
1526880 1238
1526890 1238
1526900 1242
1526910 1246
1526920 1246
1526930 1247
1526940 1246
1526950 1246
1526960 1244
1526970 1242
1526980 1242
1526990 1241
1527000 1239
1527010 1239
1527020 1238
1527030 1236
1527040 1236
1527050 1233
1527060 1228
1527070 1228
1527080 1226
1527090 1227
1527100 1226
1527110 1226
1527120 1223
1527130 1220
1527140 1220
1527150 1215
1527160 1212
1527170 1212
1527180 1211
1527190 1210
1527200 1210
1527210 1211
1527220 1212
1527230 1212
1527240 1211
1527250 1209
1527260 1209
1527270 1211
1527280 1212
1527290 1212
1527300 1212
1527310 1211
1527320 1211
1527330 1210
1527340 1209
1527350 1209
1527360 1207
1527370 1206
1527380 1206
1527390 1203
1527400 1199
1527410 1199
1527420 1193
1527430 1187
1527440 1187
1527450 1183
1527460 1180
1527470 1180
1527480 1176
1527490 1174
1527500 1174
1527510 1170
1527520 1166
1527530 1165
1527540 1165
1527550 1164
1527560 1163
1527570 1163
1527580 1163
1527590 1162
1527600 1162
1527610 1162
1527620 1161
1527630 1161
1527640 1159
1527650 1157
1527660 1157
1527670 1153
1527680 1152
1527690 1152
1527700 1152
1527710 1152
1527720 1152
1527730 1152
1527740 1151
1527750 1153
1527760 1152
1527770 1149
1527780 1149
1527790 1147
1527800 1146
1527810 1146
1527820 1144
1527830 1142
1527840 1142
1527850 1139
1527860 1137
1527870 1137
1527880 1136
1527890 1133
1527900 1133
1527910 1131
1527920 1129
1527930 1127
1527940 1127
1527950 1125
1527960 1123
1527970 1123
1527980 1123
1527990 1122
1528000 1122
1528010 1120
1528020 1117
1528030 1117
1528040 1115
1528050 1113
1528060 1113
1528070 1112
1528080 1111
1528090 1111
1528100 1109
1528110 1107
1528120 1107
1528130 1106
1528140 1105
1528150 1105
1528160 1104
1528170 1103
1528180 1103
1528190 1101
1528200 1098
1528210 1098
1528220 1096
1528230 1095
1528240 1095
1528250 1095
1528260 1094
1528270 1094
1528280 1093
1528290 1092
1528300 1092
1528310 1088
1528320 1084
1528330 1084
1528340 1079
1528350 1074
1528360 1069
1528370 1069
1528380 1065
1528390 1061
1528400 1061
1528410 1060
1528420 1057
1528430 1057
1528440 1055
1528450 1053
1528460 1053
1528470 1050
1528480 1047
1528490 1047
1528500 1043
1528510 1039
1528520 1039
1528530 1036
1528540 1035
1528550 1035
1528560 1035
1528570 1033
1528580 1033
1528590 1030
1528600 1027
1528610 1027
1528620 1026
1528630 1024
1528640 1024
1528650 1024
1528660 1023
1528670 1023
1528680 1020
1528690 1018
1528700 1018
1528710 1017
1528720 1017
1528730 1017
1528740 1016
1528750 1015
1528760 1014
1528770 1014
1528780 1013
1528790 1012
1528800 1012
1528810 1011
1528820 1010
1528830 1010
1528840 1008
1528850 1005
1528860 1005
1528870 1005
1528880 1006
1528890 1006
1528900 1006
1528910 1006
1528920 1006
1528930 1005
1528940 1004
1528950 1004
1528960 1004
1528970 1004
1528980 1004
1528990 1004
1529000 1005
1529010 1005
1529020 1005
1529030 1005
1529040 1005
1529050 1005
1529060 1006
1529070 1006
1529080 1007
1529090 1008
1529100 1008
1529110 1009
1529120 1011
1529130 1011
1529140 1013
1529150 1014
1529160 1014
1529170 1016
1529180 1018
1529190 1019
1529200 1019
1529210 1021
1529220 1022
1529230 1022
1529240 1023
1529250 1023
1529260 1023
1529270 1022
1529280 1022
1529290 1022
1529300 1023
1529310 1025
1529320 1025
1529330 1028
1529340 1028
1529350 1028
1529360 1028
1529370 1028
1529380 1028
1529390 1028
1529400 1028
1529410 1028
1529420 1028
1529430 1029
1529440 1029
1529450 1029
1529460 1028
1529470 1028
1529480 1027
1529490 1026
1529500 1026
1529510 1025
1529520 1025
1529530 1025
1529540 1025
1529550 1025
1529560 1025
1529570 1025
1529580 1024
1529590 1021
1529600 1021
1529610 1018
1529620 1014
1529630 1014
1529640 1012
1529650 1011
1529660 1011
1529670 1011
1529680 1008
1529690 1008
1529700 1005
1529710 1004
1529720 1004
1529730 1003
1529740 999
1529750 999
1529760 996
1529770 992
1529780 992
1529790 987
1529800 984
1529810 984
1529820 982
1529830 978
1529840 978
1529850 974
1529860 970
1529870 970
1529880 965
1529890 960
1529900 960
1529910 955
1529920 950
1529930 950
1529940 945
1529950 940
1529960 940
1529970 936
1529980 932
1529990 932
1530000 929
1530010 928
1530020 928
1530030 928
1530040 926
1530050 925
1530060 925
1530070 924
1530080 923
1530090 923
1530100 922
1530110 922
1530120 922
1530130 921
1530140 921
1530150 921
1530160 921
1530170 920
1530180 920
1530190 920
1530200 920
1530210 920
1530220 919
1530230 918
1530240 918
1530250 917
1530260 915
1530270 915
1530280 913
1530290 911
1530300 911
1530310 909
1530320 907
1530330 907
1530340 905
1530350 902
1530360 902
1530370 898
1530380 894
1530390 894
1530400 891
1530410 890
1530420 888
1530430 888
1530440 886
1530450 884
1530460 884
1530470 881
1530480 877
1530490 877
1530500 874
1530510 873
1530520 873
1530530 873
1530540 875
1530550 875
1530560 876
1530570 875
1530580 875
1530590 874
1530600 873
1530610 873
1530620 854
1530630 850
1530640 850
1530650 845
1530660 841
1530670 841
1530680 838
1530690 836
1530700 836
1530710 834
1530720 832
1530730 832
1530740 830
1530750 828
1530760 828
1530770 826
1530780 824
1530790 824
1530800 822
1530810 821
1530820 821
1530830 820
1530840 819
1530850 817
1530860 817
1530870 816
1530880 814
1530890 814
1530900 813
1530910 813
1530920 813
1530930 812
1530940 812
1530950 812
1530960 813
1530970 816
1530980 816
1530990 818
1531000 819
1531010 819
1531020 821
1531030 822
1531040 822
1531050 822
1531060 823
1531070 823
1531080 823
1531090 824
1531100 824
1531110 825
1531120 826
1531130 826
1531140 828
1531150 828
1531160 828
1531170 829
1531180 830
1531190 830
1531200 832
1531210 835
1531220 835
1531230 840
1531240 846
1531250 848
1531260 848
1531270 849
1531280 850
1531290 850
1531300 850
1531310 847
1531320 847
1531330 844
1531340 837
1531350 837
1531360 824
1531370 814
1531380 814
1531390 803
1531400 799
1531410 799
1531420 797
1531430 794
1531440 794
1531450 794
1531460 792
1531470 792
1531480 789
1531490 787
1531500 787
1531510 785
1531520 782
1531530 782
1531540 779
1531550 777
1531560 777
1531570 775
1531580 773
1531590 773
1531600 769
1531610 764
1531620 764
1531630 759
1531640 755
1531650 755
1531660 749
1531670 746
1531680 747
1531690 747
1531700 750
1531710 752
1531720 752
1531730 754
1531740 754
1531750 754
1531760 756
1531770 759
1531780 759
1531790 762
1531800 765
1531810 765
1531820 767
1531830 769
1531840 769
1531850 771
1531860 773
1531870 773
1531880 775
1531890 777
1531900 777
1531910 778
1531920 778
1531930 778
1531940 778
1531950 778
1531960 778
1531970 780
1531980 781
1531990 781
1532000 781
1532010 781
1532020 781
1532030 779
1532040 776
1532050 776
1532060 775
1532070 778
1532080 780
1532090 780
1532100 782
1532110 784
1532120 784
1532130 784
1532140 785
1532150 785
1532160 786
1532170 786
1532180 786
1532190 789
1532200 791
1532210 791
1532220 792
1532230 794
1532240 794
1532250 794
1532260 795
1532270 795
1532280 796
1532290 798
1532300 798
1532310 799
1532320 801
1532330 801
1532340 803
1532350 806
1532360 806
1532370 808
1532380 810
1532390 810
1532400 812
1532410 813
1532420 813
1532430 815
1532440 818
1532450 818
1532460 820
1532470 822
1532480 822
1532490 823
1532500 824
1532510 822
1532520 822
1532530 821
1532540 822
1532550 822
1532560 821
1532570 818
1532580 818
1532590 817
1532600 819
1532610 819
1532620 821
1532630 822
1532640 822
1532650 822
1532660 821
1532670 821
1532680 821
1532690 820
1532700 820
1532710 820
1532720 822
1532730 822
1532740 823
1532750 823
1532760 823
1532770 821
1532780 819
1532790 819
1532800 817
1532810 816
1532820 816
1532830 816
1532840 817
1532850 817
1532860 819
1532870 820
1532880 820
1532890 820
1532900 819
1532910 818
1532920 818
1532930 819
1532940 819
1532950 819
1532960 819
1532970 820
1532980 820
1532990 821
1533000 822
1533010 822
1533020 823
1533030 823
1533040 823
1533050 823
1533060 823
1533070 823
1533080 824
1533090 823
1533100 823
1533110 821
1533120 822
1533130 822
1533140 824
1533150 825
1533160 825
1533170 826
1533180 827
1533190 827
1533200 828
1533210 829
1533220 829
1533230 831
1533240 833
1533250 833
1533260 835
1533270 836
1533280 836
1533290 833
1533300 828
1533310 828
1533320 826
1533330 829
1533340 829
1533350 829
1533360 828
1533370 829
1533380 829
1533390 831
1533400 834
1533410 834
1533420 836
1533430 834
1533440 834
1533450 830
1533460 824
1533470 824
1533480 817
1533490 811
1533500 811
1533510 806
1533520 805
1533530 805
1533540 805
1533550 805
1533560 805
1533570 806
1533580 807
1533590 807
1533600 808
1533610 810
1533620 810
1533630 812
1533640 814
1533650 814
1533660 817
1533670 819
1533680 819
1533690 819
1533700 819
1533710 819
1533720 820
1533730 821
1533740 823
1533750 823
1533760 824
1533770 824
1533780 824
1533790 824
1533800 822
1533810 822
1533820 822
1533830 822
1533840 822
1533850 824
1533860 825
1533870 825
1533880 825
1533890 826
1533900 826
1533910 828
1533920 830
1533930 830
1533940 831
1533950 830
1533960 830
1533970 829
1533980 828
1533990 828
1534000 827
1534010 827
1534020 827
1534030 827
1534040 826
1534050 826
1534060 822
1534070 819
1534080 819
1534090 818
1534100 818
1534110 818
1534120 816
1534130 818
1534140 818
1534150 819
1534160 819
1534170 820
1534180 820
1534190 821
1534200 822
1534210 822
1534220 823
1534230 826
1534240 826
1534250 830
1534260 833
1534270 833
1534280 835
1534290 838
1534300 838
1534310 841
1534320 843
1534330 843
1534340 846
1534350 847
1534360 847
1534370 848
1534380 849
1534390 849
1534400 852
1534410 856
1534420 856
1534430 861
1534440 864
1534450 864
1534460 874
1534470 879
1534480 879
1534490 880
1534500 882
1534510 882
1534520 880
1534530 876
1534540 876
1534550 874
1534560 871
1534570 869
1534580 869
1534590 867
1534600 867
1534610 867
1534620 867
1534630 867
1534640 867
1534650 865
1534660 863
1534670 863
1534680 862
1534690 860
1534700 860
1534710 843
1534720 820
1534730 820
1534740 815
1534750 813
1534760 813
1534770 808
1534780 801
1534790 801
1534800 788
1534810 770
1534820 770
1534830 742
1534840 731
1534850 731
1534860 731
1534870 731
1534880 731
1534890 730
1534900 730
1534910 730
1534920 730
1534930 729
1534940 729
1534950 730
1534960 734
1534970 734
1534980 744
1534990 748
1535000 754
1535010 754
1535020 756
1535030 753
1535040 753
1535050 750
1535060 742
1535070 742
1535080 736
1535090 730
1535100 730
1535110 721
1535120 714
1535130 714
1535140 711
1535150 711
1535160 711
1535170 711
1535180 711
1535190 711
1535200 711
1535210 711
1535220 711
1535230 711
1535240 711
1535250 711
1535260 711
1535270 711
1535280 711
1535290 711
1535300 711
1535310 711
1535320 711
1535330 711
1535340 711
1535350 711
1535360 711
1535370 711
1535380 711
1535390 711
1535400 711
1535410 711
1535420 711
1535430 711
1535440 711
1535450 711
1535460 711
1535470 711
1535480 711
1535490 711
1535500 711
1535510 711
1535520 711
1535530 711
1535540 711
1535550 711
1535560 711
1535570 711
1535580 711
1535590 711
1535600 711
1535610 711
1535620 711
1535630 711
1535640 711
1535650 711
1535660 711
1535670 711
1535680 711
1535690 711
1535700 711
1535710 711
1535720 711
1535730 711
1535740 711
1535750 711
1535760 711
1535770 711
1535780 711
1535790 711
1535800 711
1535810 711
1535820 711
1535830 711
1535840 711
1535850 711
1535860 711
1535870 711
1535880 711
1535890 711
1535900 711
1535910 711
1535920 711
1535930 711
1535940 711
1535950 711
1535960 711
1535970 711
1535980 711
1535990 711
1536000 711
1536010 711
1536020 711
1536030 711
1536040 711
1536050 711
1536060 711
1536070 711
1536080 711
1536090 711
1536100 711
1536110 711
1536120 711
1536130 711
1536140 711
1536150 714
1536160 716
1536170 716
1536180 718
1536190 721
1536200 721
1536210 725
1536220 729
1536230 733
1536240 733
1536250 735
1536260 738
1536270 738
1536280 740
1536290 741
1536300 741
1536310 743
1536320 744
1536330 744
1536340 746
1536350 748
1536360 748
1536370 750
1536380 751
1536390 751
1536400 753
1536410 754
1536420 754
1536430 756
1536440 758
1536450 758
1536460 759
1536470 760
1536480 760
1536490 761
1536500 761
1536510 761
1536520 762
1536530 762
1536540 762
1536550 764
1536560 766
1536570 766
1536580 769
1536590 773
1536600 773
1536610 776
1536620 781
1536630 781
1536640 785
1536650 788
1536660 792
1536670 792
1536680 795
1536690 799
1536700 799
1536710 802
1536720 804
1536730 804
1536740 808
1536750 811
1536760 811
1536770 816
1536780 821
1536790 821
1536800 828
1536810 835
1536820 835
1536830 843
1536840 852
1536850 852
1536860 862
1536870 885
1536880 885
1536890 917
1536900 947
1536910 947
1536920 970
1536930 990
1536940 990
1536950 1003
1536960 1004
1536970 1004
1536980 1003
1536990 1004
1537000 1004
1537010 1004
1537020 1005
1537030 1005
1537040 1006
1537050 1009
1537060 1012
1537070 1012
1537080 1014
1537090 1017
1537100 1017
1537110 1020
1537120 1026
1537130 1026
1537140 1032
1537150 1039
1537160 1039
1537170 1045
1537180 1058
1537190 1058
1537200 1103
1537210 1147
1537220 1147
1537230 1173
1537240 1186
1537250 1186
1537260 1194
1537270 1206
1537280 1206
1537290 1226
1537300 1238
1537310 1238
1537320 1248
1537330 1271
1537340 1271
1537350 1323
1537360 1350
1537370 1350
1537380 1350
1537390 1332
1537400 1332
1537410 1345
1537420 1382
1537430 1382
1537440 1422
1537450 1442
1537460 1442
1537470 1464
1537480 1496
1537490 1541
1537500 1541
1537510 1567
1537520 1589
1537530 1589
1537540 1605
1537550 1620
1537560 1620
1537570 1633
1537580 1645
1537590 1645
1537600 1661
1537610 1676
1537620 1676
1537630 1708
1537640 1728
1537650 1728
1537660 1739
1537670 1747
1537680 1747
1537690 1752
1537700 1755
1537710 1755
1537720 1755
1537730 1756
1537740 1756
1537750 1756
1537760 1754
1537770 1754
1537780 1752
1537790 1752
1537800 1752
1537810 1754
1537820 1754
1537830 1754
1537840 1754
1537850 1752
1537860 1752
1537870 1749
1537880 1745
1537890 1742
1537900 1742
1537910 1738
1537920 1733
1537930 1733
1537940 1731
1537950 1731
1537960 1731
1537970 1731
1537980 1729
1537990 1729
1538000 1727
1538010 1724
1538020 1724
1538030 1720
1538040 1715
1538050 1715
1538060 1710
1538070 1703
1538080 1703
1538090 1697
1538100 1693
1538110 1693
1538120 1689
1538130 1684
1538140 1684
1538150 1680
1538160 1676
1538170 1676
1538180 1670
1538190 1666
1538200 1666
1538210 1663
1538220 1661
1538230 1661
1538240 1661
1538250 1660
1538260 1660
1538270 1660
1538280 1661
1538290 1661
1538300 1661
1538310 1663
1538320 1665
1538330 1665
1538340 1666
1538350 1669
1538360 1669
1538370 1673
1538380 1678
1538390 1678
1538400 1683
1538410 1686
1538420 1686
1538430 1689
1538440 1690
1538450 1690
1538460 1694
1538470 1699
1538480 1699
1538490 1704
1538500 1709
1538510 1709
1538520 1714
1538530 1718
1538540 1718
1538550 1723
1538560 1729
1538570 1729
1538580 1733
1538590 1739
1538600 1739
1538610 1744
1538620 1751
1538630 1751
1538640 1754
1538650 1751
1538660 1751
1538670 1746
1538680 1742
1538690 1742
1538700 1738
1538710 1732
1538720 1726
1538730 1726
1538740 1721
1538750 1717
1538760 1717
1538770 1715
1538780 1714
1538790 1714
1538800 1714
1538810 1714
1538820 1714
1538830 1713
1538840 1713
1538850 1713
1538860 1712
1538870 1712
1538880 1712
1538890 1711
1538900 1711
1538910 1711
1538920 1713
1538930 1715
1538940 1715
1538950 1717
1538960 1720
1538970 1720
1538980 1724
1538990 1728
1539000 1728
1539010 1732
1539020 1735
1539030 1735
1539040 1740
1539050 1745
1539060 1745
1539070 1750
1539080 1756
1539090 1756
1539100 1759
1539110 1760
1539120 1760
1539130 1761
1539140 1758
1539150 1756
1539160 1756
1539170 1752
1539180 1751
1539190 1751
1539200 1755
1539210 1755
1539220 1755
1539230 1750
1539240 1749
1539250 1749
1539260 1752
1539270 1753
1539280 1753
1539290 1757
1539300 1762
1539310 1762
1539320 1767
1539330 1771
1539340 1771
1539350 1775
1539360 1778
1539370 1778
1539380 1781
1539390 1786
1539400 1786
1539410 1788
1539420 1790
1539430 1790
1539440 1791
1539450 1793
1539460 1793
1539470 1792
1539480 1789
1539490 1789
1539500 1788
1539510 1786
1539520 1786
1539530 1784
1539540 1784
1539550 1783
1539560 1783
1539570 1776
1539580 1769
1539590 1769
1539600 1764
1539610 1761
1539620 1761
1539630 1761
1539640 1760
1539650 1760
1539660 1758
1539670 1758
1539680 1758
1539690 1756
1539700 1755
1539710 1755
1539720 1753
1539730 1751
1539740 1751
1539750 1749
1539760 1747
1539770 1747
1539780 1744
1539790 1743
1539800 1743
1539810 1742
1539820 1741
1539830 1741
1539840 1741
1539850 1740
1539860 1740
1539870 1740
1539880 1739
1539890 1739
1539900 1738
1539910 1734
1539920 1734
1539930 1730
1539940 1730
1539950 1730
1539960 1726
1539970 1724
1539980 1722
1539990 1722
