1520000 871
1520010 873
1520020 875
1520030 875
1520040 877
1520050 881
1520060 881
1520070 884
1520080 889
1520090 889
1520100 893
1520110 895
1520120 895
1520130 895
1520140 895
1520150 895
1520160 896
1520170 899
1520180 899
1520190 902
1520200 904
1520210 904
1520220 905
1520230 905
1520240 906
1520250 906
1520260 909
1520270 910
1520280 910
1520290 911
1520300 912
1520310 912
1520320 914
1520330 916
1520340 916
1520350 916
1520360 917
1520370 917
1520380 918
1520390 919
1520400 919
1520410 920
1520420 921
1520430 921
1520440 923
1520450 924
1520460 924
1520470 925
1520480 927
1520490 927
1520500 927
1520510 928
1520520 928
1520530 929
1520540 929
1520550 929
1520560 931
1520570 931
1520580 931
1520590 931
1520600 932
1520610 932
1520620 932
1520630 932
1520640 934
1520650 934
1520660 935
1520670 937
1520680 937
1520690 938
1520700 939
1520710 939
1520720 940
1520730 941
1520740 941
1520750 942
1520760 942
1520770 942
1520780 943
1520790 943
1520800 943
1520810 944
1520820 944
1520830 944
1520840 945
1520850 945
1520860 945
1520870 946
1520880 946
1520890 946
1520900 947
1520910 947
1520920 947
1520930 947
1520940 948
1520950 948
1520960 948
1520970 948
1520980 948
1520990 949
1521000 950
1521010 950
1521020 951
1521030 953
1521040 953
1521050 956
1521060 959
1521070 962
1521080 962
1521090 965
1521100 969
1521110 969
1521120 974
1521130 975
1521140 975
1521150 975
1521160 972
1521170 972
1521180 969
1521190 964
1521200 964
1521210 961
1521220 960
1521230 960
1521240 960
1521250 962
1521260 962
1521270 964
1521280 962
1521290 962
1521300 961
1521310 960
1521320 960
1521330 960
1521340 962
1521350 962
1521360 961
1521370 959
1521380 959
1521390 957
1521400 955
1521410 955
1521420 951
1521430 946
1521440 946
1521450 942
1521460 938
1521470 937
1521480 937
1521490 938
1521500 943
1521510 943
1521520 948
1521530 952
1521540 957
1521550 959
1521560 961
1521570 961
1521580 965
1521590 968
1521600 968
1521610 971
1521620 973
1521630 973
1521640 974
1521650 973
1521660 973
1521670 974
1521680 976
1521690 976
1521700 980
1521710 988
1521720 988
1521730 997
1521740 1003
1521750 1003
1521760 1009
1521770 1013
1521780 1013
1521790 1018
1521800 1021
1521810 1021
1521820 1024
1521830 1023
1521840 1023
1521850 1023
1521860 1024
1521870 1024
1521880 1028
1521890 1032
1521900 1035
1521910 1035
1521920 1039
1521930 1044
1521940 1044
1521950 1048
1521960 1052
1521970 1052
1521980 1054
1521990 1055
1522000 1055
1522010 1056
1522020 1056
1522030 1056
1522040 1058
1522050 1061
1522060 1061
1522070 1063
1522080 1066
1522090 1066
1522100 1067
1522110 1067
1522120 1067
1522130 1067
1522140 1067
1522150 1067
1522160 1067
1522170 1072
1522180 1072
1522190 1075
1522200 1077
1522210 1077
1522220 1077
1522230 1077
1522240 1077
1522250 1075
1522260 1074
1522270 1074
1522280 1073
1522290 1074
1522300 1076
1522310 1076
1522320 1079
1522330 1082
1522340 1082
1522350 1084
1522360 1085
1522370 1085
1522380 1087
1522390 1090
1522400 1090
1522410 1094
1522420 1096
1522430 1096
1522440 1094
1522450 1092
1522460 1092
1522470 1091
1522480 1089
1522490 1089
1522500 1088
1522510 1087
1522520 1087
1522530 1087
1522540 1090
1522550 1090
1522560 1094
1522570 1097
1522580 1097
1522590 1099
1522600 1102
1522610 1102
1522620 1107
1522630 1111
1522640 1111
1522650 1115
1522660 1119
1522670 1119
1522680 1123
1522690 1128
1522700 1128
1522710 1132
1522720 1137
1522730 1140
1522740 1140
1522750 1142
1522760 1143
1522770 1143
1522780 1145
1522790 1148
1522800 1148
1522810 1152
1522820 1154
1522830 1154
1522840 1157
1522850 1162
1522860 1162
1522870 1167
1522880 1171
1522890 1171
1522900 1175
1522910 1180
1522920 1180
1522930 1182
1522940 1185
1522950 1185
1522960 1188
1522970 1191
1522980 1191
1522990 1196
1523000 1199
1523010 1199
1523020 1204
1523030 1208
1523040 1208
1523050 1212
1523060 1218
1523070 1218
1523080 1221
1523090 1225
1523100 1225
1523110 1228
1523120 1232
1523130 1236
1523140 1236
1523150 1239
1523160 1243
1523170 1243
1523180 1247
1523190 1249
1523200 1249
1523210 1254
1523220 1258
1523230 1258
1523240 1263
1523250 1264
1523260 1264
1523270 1265
1523280 1266
1523290 1266
1523300 1268
1523310 1271
1523320 1271
1523330 1275
1523340 1280
1523350 1280
1523360 1286
1523370 1295
1523380 1295
1523390 1309
1523400 1315
1523410 1315
1523420 1319
1523430 1323
1523440 1323
1523450 1326
1523460 1328
1523470 1328
1523480 1332
1523490 1335
1523500 1335
1523510 1337
1523520 1338
1523530 1338
1523540 1337
1523550 1338
1523560 1338
1523570 1338
1523580 1340
1523590 1342
1523600 1342
1523610 1345
1523620 1348
1523630 1348
1523640 1350
1523650 1352
1523660 1352
1523670 1355
1523680 1359
1523690 1359
1523700 1363
1523710 1368
1523720 1368
1523730 1374
1523740 1382
1523750 1382
1523760 1387
1523770 1392
1523780 1392
1523790 1398
1523800 1402
1523810 1402
1523820 1406
1523830 1410
1523840 1410
1523850 1414
1523860 1417
1523870 1417
1523880 1421
1523890 1424
1523900 1424
1523910 1429
1523920 1432
1523930 1432
1523940 1433
1523950 1435
1523960 1436
1523970 1436
1523980 1436
1523990 1437
1524000 1437
1524010 1437
1524020 1438
1524030 1438
1524040 1435
1524050 1433
1524060 1433
1524070 1432
1524080 1431
1524090 1431
1524100 1431
1524110 1430
1524120 1430
1524130 1427
1524140 1424
1524150 1424
1524160 1419
1524170 1415
1524180 1415
1524190 1415
1524200 1415
1524210 1415
1524220 1411
1524230 1406
1524240 1406
1524250 1403
1524260 1398
1524270 1398
1524280 1370
1524290 1359
1524300 1359
1524310 1355
1524320 1352
1524330 1352
1524340 1348
1524350 1345
1524360 1345
1524370 1341
1524380 1338
1524390 1335
1524400 1335
1524410 1333
1524420 1332
1524430 1332
1524440 1332
1524450 1332
1524460 1332
1524470 1331
1524480 1332
1524490 1332
1524500 1334
1524510 1336
1524520 1336
1524530 1338
1524540 1340
1524550 1340
1524560 1342
1524570 1343
1524580 1343
1524590 1341
1524600 1327
1524610 1327
1524620 1314
1524630 1288
1524640 1288
1524650 1276
1524660 1265
1524670 1265
1524680 1253
1524690 1249
1524700 1249
1524710 1246
1524720 1233
1524730 1233
1524740 1228
1524750 1228
1524760 1228
1524770 1250
1524780 1269
1524790 1269
1524800 1275
1524810 1278
1524820 1283
1524830 1283
1524840 1290
1524850 1301
1524860 1301
1524870 1306
1524880 1310
1524890 1310
1524900 1314
1524910 1318
1524920 1318
1524930 1323
1524940 1330
1524950 1330
1524960 1335
1524970 1339
1524980 1339
1524990 1343
1525000 1346
1525010 1346
1525020 1348
1525030 1348
1525040 1348
1525050 1346
1525060 1345
1525070 1345
1525080 1345
1525090 1344
1525100 1344
1525110 1342
1525120 1340
1525130 1340
1525140 1338
1525150 1334
1525160 1334
1525170 1331
1525180 1327
1525190 1327
1525200 1322
1525210 1315
1525220 1307
1525230 1307
1525240 1306
1525250 1308
1525260 1308
1525270 1311
1525280 1316
1525290 1316
1525300 1320
1525310 1324
1525320 1324
1525330 1322
1525340 1312
1525350 1312
1525360 1295
1525370 1282
1525380 1282
1525390 1274
1525400 1266
1525410 1266
1525420 1260
1525430 1254
1525440 1254
1525450 1244
1525460 1228
1525470 1228
1525480 1209
1525490 1198
1525500 1198
1525510 1191
1525520 1184
1525530 1184
1525540 1176
1525550 1175
1525560 1175
1525570 1177
1525580 1179
1525590 1179
1525600 1180
1525610 1184
1525620 1184
1525630 1187
1525640 1190
1525650 1192
1525660 1192
1525670 1194
1525680 1192
1525690 1192
1525700 1191
1525710 1192
1525720 1192
1525730 1194
1525740 1192
1525750 1192
1525760 1189
1525770 1191
1525780 1191
1525790 1194
1525800 1195
1525810 1195
1525820 1195
1525830 1195
1525840 1195
1525850 1196
1525860 1197
1525870 1197
1525880 1200
1525890 1203
1525900 1203
1525910 1206
1525920 1210
1525930 1210
1525940 1214
1525950 1216
1525960 1216
1525970 1221
1525980 1227
1525990 1227
1526000 1232
1526010 1238
1526020 1238
1526030 1246
1526040 1252
1526050 1252
1526060 1252
1526070 1251
1526080 1250
1526090 1250
1526100 1250
1526110 1251
1526120 1251
1526130 1256
1526140 1262
1526150 1262
1526160 1269
1526170 1275
1526180 1275
1526190 1280
1526200 1290
1526210 1290
1526220 1304
1526230 1313
1526240 1313
1526250 1322
1526260 1328
1526270 1328
1526280 1328
1526290 1328
1526300 1328
1526310 1328
1526320 1330
1526330 1330
1526340 1333
1526350 1335
1526360 1335
1526370 1337
1526380 1337
1526390 1337
1526400 1337
1526410 1337
1526420 1337
1526430 1338
1526440 1338
1526450 1338
1526460 1340
1526470 1341
1526480 1341
1526490 1341
1526500 1342
1526510 1342
1526520 1342
1526530 1344
1526540 1346
1526550 1346
1526560 1348
1526570 1350
1526580 1350
1526590 1351
1526600 1350
1526610 1350
1526620 1350
1526630 1350
1526640 1350
1526650 1352
1526660 1354
1526670 1354
1526680 1356
1526690 1358
1526700 1358
1526710 1359
1526720 1360
1526730 1360
1526740 1360
1526750 1359
1526760 1359
1526770 1359
1526780 1359
1526790 1359
1526800 1359
1526810 1360
1526820 1360
1526830 1360
1526840 1361
1526850 1361
1526860 1361
1526870 1362
1526880 1362
1526890 1362
1526900 1361
1526910 1362
1526920 1362
1526930 1363
1526940 1366
1526950 1366
1526960 1370
1526970 1373
1526980 1373
1526990 1375
1527000 1376
1527010 1376
1527020 1375
1527030 1375
1527040 1375
1527050 1376
1527060 1378
1527070 1378
1527080 1380
1527090 1380
1527100 1380
1527110 1381
1527120 1382
1527130 1382
1527140 1384
1527150 1388
1527160 1388
1527170 1390
1527180 1390
1527190 1390
1527200 1393
1527210 1399
1527220 1399
1527230 1404
1527240 1409
1527250 1409
1527260 1412
1527270 1415
1527280 1415
1527290 1419
1527300 1419
1527310 1419
1527320 1419
1527330 1420
1527340 1414
1527350 1414
1527360 1404
1527370 1396
1527380 1396
1527390 1389
1527400 1383
1527410 1383
1527420 1378
1527430 1371
1527440 1371
1527450 1362
1527460 1355
1527470 1355
1527480 1348
1527490 1341
1527500 1341
1527510 1335
1527520 1331
1527530 1331
1527540 1328
1527550 1322
1527560 1322
1527570 1316
1527580 1309
1527590 1309
1527600 1302
1527610 1296
1527620 1296
1527630 1290
1527640 1284
1527650 1284
1527660 1278
1527670 1274
1527680 1274
1527690 1269
1527700 1264
1527710 1258
1527720 1258
1527730 1250
1527740 1240
1527750 1240
1527760 1233
1527770 1227
1527780 1227
1527790 1221
1527800 1214
1527810 1214
1527820 1208
1527830 1201
1527840 1201
1527850 1194
1527860 1189
1527870 1189
1527880 1184
1527890 1178
1527900 1178
1527910 1174
1527920 1173
1527930 1173
1527940 1170
1527950 1167
1527960 1167
1527970 1165
1527980 1164
1527990 1164
1528000 1165
1528010 1166
1528020 1166
1528030 1166
1528040 1166
1528050 1166
1528060 1165
1528070 1163
1528080 1163
1528090 1162
1528100 1162
1528110 1162
1528120 1160
1528130 1157
1528140 1152
1528150 1152
1528160 1145
1528170 1141
1528180 1141
1528190 1137
1528200 1132
1528210 1132
1528220 1128
1528230 1127
1528240 1127
1528250 1126
1528260 1124
1528270 1124
1528280 1123
1528290 1120
1528300 1120
1528310 1116
1528320 1116
1528330 1116
1528340 1112
1528350 1107
1528360 1107
1528370 1105
1528380 1105
1528390 1105
1528400 1103
1528410 1100
1528420 1100
1528430 1097
1528440 1094
1528450 1094
1528460 1090
1528470 1088
1528480 1088
1528490 1086
1528500 1084
1528510 1084
1528520 1081
1528530 1081
1528540 1080
1528550 1080
1528560 1078
1528570 1076
1528580 1076
1528590 1073
1528600 1072
1528610 1072
1528620 1070
1528630 1066
1528640 1066
1528650 1064
1528660 1061
1528670 1061
1528680 1060
1528690 1060
1528700 1060
1528710 1058
1528720 1057
1528730 1057
1528740 1055
1528750 1051
1528760 1051
1528770 1049
1528780 1047
1528790 1047
1528800 1044
1528810 1041
1528820 1041
1528830 1041
1528840 1040
1528850 1040
1528860 1040
1528870 1041
1528880 1041
1528890 1042
1528900 1044
1528910 1044
1528920 1044
1528930 1046
1528940 1046
1528950 1046
1528960 1047
1528970 1046
1528980 1046
1528990 1046
1529000 1044
1529010 1044
1529020 1042
1529030 1040
1529040 1040
1529050 1039
1529060 1039
1529070 1039
1529080 1039
1529090 1040
1529100 1040
1529110 1040
1529120 1040
1529130 1040
1529140 1042
1529150 1043
1529160 1043
1529170 1045
1529180 1045
1529190 1045
1529200 1045
1529210 1045
1529220 1045
1529230 1044
1529240 1044
1529250 1044
1529260 1044
1529270 1042
1529280 1042
1529290 1037
1529300 1033
1529310 1033
1529320 1032
1529330 1031
1529340 1031
1529350 1029
1529360 1027
1529370 1027
1529380 1026
1529390 1024
1529400 1023
1529410 1023
1529420 1022
1529430 1020
1529440 1020
1529450 1020
1529460 1018
1529470 1018
1529480 1017
1529490 1015
1529500 1015
1529510 1013
1529520 1011
1529530 1011
1529540 1008
1529550 1006
1529560 1006
1529570 1004
1529580 1002
1529590 1002
1529600 999
1529610 997
1529620 997
1529630 996
1529640 996
1529650 996
1529660 996
1529670 997
1529680 997
1529690 997
1529700 996
1529710 996
1529720 995
1529730 993
1529740 993
1529750 991
1529760 988
1529770 988
1529780 986
1529790 983
1529800 981
1529810 981
1529820 979
1529830 977
1529840 977
1529850 975
1529860 972
1529870 972
1529880 968
1529890 964
1529900 964
1529910 959
1529920 955
1529930 955
1529940 952
1529950 949
1529960 949
1529970 946
1529980 944
1529990 944
1530000 942
1530010 939
1530020 939
1530030 935
1530040 932
1530050 932
1530060 928
1530070 925
1530080 925
1530090 921
1530100 919
1530110 919
1530120 917
1530130 914
1530140 914
1530150 910
1530160 909
1530170 909
1530180 908
1530190 905
1530200 905
1530210 900
1530220 895
1530230 895
1530240 895
1530250 895
1530260 894
1530270 894
1530280 892
1530290 887
1530300 887
1530310 887
1530320 889
1530330 889
1530340 893
1530350 897
1530360 897
1530370 900
1530380 901
1530390 901
1530400 901
1530410 903
1530420 903
1530430 905
1530440 906
1530450 906
1530460 905
1530470 906
1530480 906
1530490 907
1530500 908
1530510 908
1530520 908
1530530 906
1530540 906
1530550 906
1530560 906
1530570 906
1530580 905
1530590 900
1530600 900
1530610 891
1530620 871
1530630 856
1530640 856
1530650 850
1530660 845
1530670 845
1530680 839
1530690 833
1530700 833
1530710 829
1530720 827
1530730 827
1530740 826
1530750 825
1530760 825
1530770 823
1530780 818
1530790 818
1530800 817
1530810 815
1530820 815
1530830 813
1530840 811
1530850 811
1530860 809
1530870 806
1530880 806
1530890 804
1530900 803
1530910 803
1530920 802
1530930 800
1530940 800
1530950 797
1530960 795
1530970 795
1530980 793
1530990 791
1531000 791
1531010 789
1531020 787
1531030 787
1531040 785
1531050 783
1531060 781
1531070 781
1531080 779
1531090 778
1531100 778
1531110 777
1531120 776
1531130 776
1531140 775
1531150 774
1531160 774
1531170 773
1531180 772
1531190 772
1531200 770
1531210 768
1531220 768
1531230 766
1531240 766
1531250 766
1531260 765
1531270 763
1531280 763
1531290 761
1531300 760
1531310 760
1531320 763
1531330 764
1531340 764
1531350 764
1531360 765
1531370 765
1531380 766
1531390 770
1531400 770
1531410 774
1531420 778
1531430 778
1531440 783
1531450 787
1531460 790
1531470 790
1531480 794
1531490 797
1531500 797
1531510 799
1531520 801
1531530 801
1531540 803
1531550 806
1531560 806
1531570 809
1531580 811
1531590 811
1531600 814
1531610 817
1531620 817
1531630 820
1531640 823
1531650 823
1531660 826
1531670 830
1531680 830
1531690 835
1531700 841
1531710 841
1531720 844
1531730 847
1531740 847
1531750 852
1531760 855
1531770 855
1531780 858
1531790 860
1531800 860
1531810 862
1531820 863
1531830 863
1531840 864
1531850 864
1531860 864
1531870 864
1531880 863
1531890 863
1531900 863
1531910 863
1531920 865
1531930 865
1531940 867
1531950 868
1531960 868
1531970 870
1531980 871
1531990 871
1532000 871
1532010 872
1532020 872
1532030 874
1532040 876
1532050 876
1532060 879
1532070 881
1532080 881
1532090 884
1532100 887
1532110 887
1532120 890
1532130 894
1532140 894
1532150 897
1532160 899
1532170 899
1532180 903
1532190 906
1532200 906
1532210 909
1532220 912
1532230 912
1532240 915
1532250 917
1532260 917
1532270 919
1532280 920
1532290 920
1532300 920
1532310 922
1532320 924
1532330 924
1532340 927
1532350 931
1532360 931
1532370 933
1532380 934
1532390 934
1532400 936
1532410 937
1532420 937
1532430 938
1532440 939
1532450 939
1532460 939
1532470 938
1532480 938
1532490 938
1532500 939
1532510 939
1532520 939
1532530 940
1532540 940
1532550 942
1532560 943
1532570 943
1532580 944
1532590 945
1532600 945
1532610 947
1532620 948
1532630 948
1532640 950
1532650 953
1532660 953
1532670 956
1532680 958
1532690 958
1532700 958
1532710 959
1532720 959
1532730 959
1532740 958
1532750 958
1532760 958
1532770 957
1532780 956
1532790 956
1532800 956
1532810 958
1532820 958
1532830 959
1532840 959
1532850 959
1532860 961
1532870 963
1532880 963
1532890 965
1532900 966
1532910 966
1532920 967
1532930 968
1532940 968
1532950 970
1532960 972
1532970 972
1532980 975
1532990 976
1533000 976
1533010 978
1533020 980
1533030 980
1533040 981
1533050 982
1533060 982
1533070 984
1533080 984
1533090 984
1533100 986
1533110 988
1533120 990
1533130 990
1533140 991
1533150 993
1533160 993
1533170 994
1533180 995
1533190 995
1533200 995
1533210 996
1533220 996
1533230 996
1533240 996
1533250 996
1533260 996
1533270 997
1533280 997
1533290 998
1533300 999
1533310 999
1533320 1000
1533330 998
1533340 998
1533350 995
1533360 993
1533370 993
1533380 993
1533390 993
1533400 993
1533410 994
1533420 996
1533430 996
1533440 997
1533450 998
1533460 998
1533470 999
1533480 1008
1533490 1008
1533500 1009
1533510 1009
1533520 1009
1533530 1009
1533540 1007
1533550 1005
1533560 1005
1533570 1001
1533580 997
1533590 997
1533600 995
1533610 995
1533620 995
1533630 996
1533640 993
1533650 993
1533660 997
1533670 1004
1533680 1004
1533690 1011
1533700 1018
1533710 1018
1533720 1024
1533730 1029
1533740 1029
1533750 1033
1533760 1037
1533770 1037
1533780 1041
1533790 1043
1533800 1043
1533810 1044
1533820 1045
1533830 1045
1533840 1045
1533850 1045
1533860 1045
1533870 1045
1533880 1045
1533890 1045
1533900 1045
1533910 1046
1533920 1046
1533930 1047
1533940 1048
1533950 1048
1533960 1051
1533970 1053
1533980 1056
1533990 1056
1534000 1059
1534010 1063
1534020 1063
1534030 1066
1534040 1071
1534050 1071
1534060 1074
1534070 1077
1534080 1077
1534090 1080
1534100 1084
1534110 1084
1534120 1084
1534130 1084
1534140 1084
1534150 1084
1534160 1085
1534170 1085
1534180 1087
1534190 1087
1534200 1087
1534210 1084
1534220 1084
1534230 1084
1534240 1088
1534250 1092
1534260 1092
1534270 1095
1534280 1096
1534290 1096
1534300 1097
1534310 1097
1534320 1097
1534330 1099
1534340 1100
1534350 1100
1534360 1102
1534370 1101
1534380 1102
1534390 1102
1534400 1102
1534410 1101
1534420 1101
1534430 1101
1534440 1101
1534450 1101
1534460 1101
1534470 1100
1534480 1100
1534490 1099
1534500 1098
1534510 1098
1534520 1098
1534530 1096
1534540 1096
1534550 1096
1534560 1095
1534570 1095
1534580 1094
1534590 1093
1534600 1093
1534610 1091
1534620 1089
1534630 1089
1534640 1088
1534650 1086
1534660 1086
1534670 1084
1534680 1081
1534690 1081
1534700 1078
1534710 1073
1534720 1073
1534730 1070
1534740 1069
1534750 1069
1534760 1066
1534770 1064
1534780 1064
1534790 1064
1534800 1062
1534810 1060
1534820 1060
1534830 1059
1534840 1056
1534850 1056
1534860 1054
1534870 1051
1534880 1051
1534890 1049
1534900 1046
1534910 1046
1534920 1041
1534930 1037
1534940 1037
1534950 1033
1534960 1029
1534970 1029
1534980 1023
1534990 1012
1535000 1012
1535010 998
1535020 977
1535030 977
1535040 958
1535050 943
1535060 943
1535070 930
1535080 918
1535090 918
1535100 907
1535110 894
1535120 894
1535130 880
1535140 868
1535150 868
1535160 858
1535170 842
1535180 842
1535190 828
1535200 810
1535210 793
1535220 793
1535230 779
1535240 761
1535250 761
1535260 750
1535270 743
1535280 743
1535290 737
1535300 734
1535310 734
1535320 733
1535330 734
1535340 734
1535350 733
1535360 730
1535370 730
1535380 727
1535390 725
1535400 725
1535410 723
1535420 721
1535430 721
1535440 720
1535450 718
1535460 718
1535470 717
1535480 716
1535490 716
1535500 715
1535510 714
1535520 714
1535530 714
1535540 713
1535550 713
1535560 712
1535570 711
1535580 711
1535590 712
1535600 711
1535610 711
1535620 711
1535630 711
1535640 711
1535650 711
1535660 711
1535670 711
1535680 711
1535690 711
1535700 711
1535710 711
1535720 711
1535730 711
1535740 711
1535750 711
1535760 711
1535770 711
1535780 711
1535790 711
1535800 711
1535810 711
1535820 711
1535830 711
1535840 711
1535850 711
1535860 711
1535870 711
1535880 711
1535890 711
1535900 711
1535910 711
1535920 711
1535930 711
1535940 711
1535950 711
1535960 711
1535970 711
1535980 711
1535990 712
1536000 712
1536010 712
1536020 712
1536030 713
1536040 712
1536050 712
1536060 713
1536070 713
1536080 713
1536090 713
1536100 713
1536110 713
1536120 713
1536130 712
1536140 712
1536150 712
1536160 712
1536170 712
1536180 712
1536190 714
1536200 714
1536210 716
1536220 720
1536230 720
1536240 723
1536250 725
1536260 725
1536270 728
1536280 731
1536290 731
1536300 734
1536310 737
1536320 737
1536330 739
1536340 741
1536350 741
1536360 745
1536370 749
1536380 749
1536390 754
1536400 758
1536410 758
1536420 763
1536430 768
1536440 768
1536450 774
1536460 780
1536470 786
1536480 786
1536490 792
1536500 797
1536510 797
1536520 802
1536530 805
1536540 805
1536550 808
1536560 809
1536570 809
1536580 811
1536590 812
1536600 812
1536610 815
1536620 818
1536630 818
1536640 821
1536650 826
1536660 826
1536670 830
1536680 834
1536690 834
1536700 839
1536710 844
1536720 844
1536730 850
1536740 858
1536750 858
1536760 867
1536770 874
1536780 874
1536790 880
1536800 887
1536810 887
1536820 892
1536830 898
1536840 898
1536850 902
1536860 908
1536870 914
1536880 914
1536890 920
1536900 925
1536910 925
1536920 932
1536930 945
1536940 945
1536950 962
1536960 986
1536970 986
1536980 1005
1536990 1026
1537000 1026
1537010 1040
1537020 1041
1537030 1041
1537040 1060
1537050 1103
1537060 1103
1537070 1115
1537080 1124
1537090 1124
1537100 1131
1537110 1144
1537120 1144
1537130 1156
1537140 1174
1537150 1174
1537160 1192
1537170 1212
1537180 1212
1537190 1238
1537200 1290
1537210 1290
1537220 1339
1537230 1354
1537240 1354
1537250 1386
1537260 1408
1537270 1408
1537280 1437
1537290 1454
1537300 1477
1537310 1477
1537320 1495
1537330 1512
1537340 1512
1537350 1528
1537360 1548
1537370 1548
1537380 1563
1537390 1571
1537400 1571
1537410 1578
1537420 1586
1537430 1586
1537440 1593
1537450 1601
1537460 1601
1537470 1610
1537480 1619
1537490 1619
1537500 1632
1537510 1644
1537520 1644
1537530 1651
1537540 1653
1537550 1653
1537560 1651
1537570 1651
1537580 1651
1537590 1652
1537600 1657
1537610 1657
1537620 1660
1537630 1666
1537640 1666
1537650 1666
1537660 1660
1537670 1660
1537680 1661
1537690 1667
1537700 1667
1537710 1677
1537720 1680
1537730 1684
1537740 1684
1537750 1689
1537760 1691
1537770 1691
1537780 1692
1537790 1693
1537800 1693
1537810 1694
1537820 1693
1537830 1693
1537840 1694
1537850 1698
1537860 1698
1537870 1703
1537880 1707
1537890 1707
1537900 1706
1537910 1707
1537920 1707
1537930 1707
1537940 1704
1537950 1704
1537960 1699
1537970 1694
1537980 1694
1537990 1688
1538000 1688
1538010 1688
1538020 1690
1538030 1693
1538040 1693
1538050 1694
1538060 1692
1538070 1692
1538080 1686
1538090 1682
1538100 1682
1538110 1679
1538120 1676
1538130 1673
1538140 1673
1538150 1670
1538160 1668
1538170 1668
1538180 1665
1538190 1663
1538200 1663
1538210 1659
1538220 1655
1538230 1655
1538240 1652
1538250 1650
1538260 1650
1538270 1648
1538280 1648
1538290 1648
1538300 1651
1538310 1653
1538320 1653
1538330 1656
1538340 1658
1538350 1658
1538360 1659
1538370 1661
1538380 1661
1538390 1661
1538400 1665
1538410 1665
1538420 1669
1538430 1669
1538440 1669
1538450 1673
1538460 1674
1538470 1674
1538480 1672
1538490 1673
1538500 1673
1538510 1677
1538520 1681
1538530 1681
1538540 1686
1538550 1689
1538560 1692
1538570 1692
1538580 1697
1538590 1705
1538600 1705
1538610 1711
1538620 1716
1538630 1716
1538640 1721
1538650 1727
1538660 1727
1538670 1733
1538680 1737
1538690 1737
1538700 1738
1538710 1740
1538720 1740
1538730 1742
1538740 1744
1538750 1744
1538760 1748
1538770 1751
1538780 1751
1538790 1753
1538800 1755
1538810 1755
1538820 1756
1538830 1751
1538840 1751
1538850 1747
1538860 1743
1538870 1743
1538880 1739
1538890 1733
1538900 1733
1538910 1728
1538920 1722
1538930 1722
1538940 1719
1538950 1716
1538960 1713
1538970 1713
1538980 1712
1538990 1710
1539000 1710
1539010 1709
1539020 1708
1539030 1708
1539040 1707
1539050 1706
1539060 1706
1539070 1708
1539080 1709
1539090 1709
1539100 1709
1539110 1709
1539120 1709
1539130 1710
1539140 1710
1539150 1710
1539160 1711
1539170 1712
1539180 1712
1539190 1713
1539200 1714
1539210 1714
1539220 1714
1539230 1714
1539240 1714
1539250 1712
1539260 1710
1539270 1710
1539280 1707
1539290 1704
1539300 1704
1539310 1701
1539320 1699
1539330 1699
1539340 1699
1539350 1698
1539360 1698
1539370 1697
1539380 1697
1539390 1695
1539400 1695
1539410 1700
1539420 1702
1539430 1702
1539440 1705
1539450 1706
1539460 1706
1539470 1705
1539480 1706
1539490 1706
1539500 1706
1539510 1705
1539520 1705
1539530 1707
1539540 1708
1539550 1708
1539560 1710
1539570 1709
1539580 1709
1539590 1709
1539600 1710
1539610 1710
1539620 1709
1539630 1710
1539640 1710
1539650 1711
1539660 1712
1539670 1712
1539680 1713
1539690 1715
1539700 1715
1539710 1716
1539720 1716
1539730 1716
1539740 1717
1539750 1717
1539760 1717
1539770 1715
1539780 1718
1539790 1721
1539800 1721
1539810 1722
1539820 1722
1539830 1722
1539840 1723
1539850 1725
1539860 1725
1539870 1726
1539880 1729
1539890 1729
1539900 1730
1539910 1731
1539920 1731
1539930 1733
1539940 1733
1539950 1733
1539960 1731
1539970 1725
1539980 1725
1539990 1722
