1520000 922
1520010 928
1520020 932
1520030 932
1520040 933
1520050 932
1520060 932
1520070 930
1520080 928
1520090 928
1520100 928
1520110 927
1520120 927
1520130 924
1520140 919
1520150 919
1520160 911
1520170 905
1520180 905
1520190 906
1520200 909
1520210 909
1520220 915
1520230 921
1520240 921
1520250 925
1520260 930
1520270 930
1520280 935
1520290 938
1520300 938
1520310 940
1520320 943
1520330 943
1520340 946
1520350 950
1520360 950
1520370 956
1520380 960
1520390 960
1520400 965
1520410 969
1520420 969
1520430 972
1520440 973
1520450 975
1520460 975
1520470 976
1520480 977
1520490 977
1520500 979
1520510 980
1520520 980
1520530 982
1520540 983
1520550 983
1520560 984
1520570 985
1520580 985
1520590 986
1520600 987
1520610 987
1520620 988
1520630 989
1520640 989
1520650 991
1520660 992
1520670 992
1520680 995
1520690 997
1520700 997
1520710 999
1520720 1002
1520730 1002
1520740 1005
1520750 1007
1520760 1007
1520770 1009
1520780 1010
1520790 1010
1520800 1010
1520810 1008
1520820 1008
1520830 1004
1520840 999
1520850 999
1520860 995
1520870 993
1520880 992
1520890 992
1520900 992
1520910 992
1520920 992
1520930 993
1520940 993
1520950 993
1520960 993
1520970 993
1520980 993
1520990 993
1521000 993
1521010 993
1521020 993
1521030 992
1521040 992
1521050 992
1521060 992
1521070 992
1521080 993
1521090 993
1521100 993
1521110 994
1521120 994
1521130 994
1521140 993
1521150 991
1521160 991
1521170 988
1521180 981
1521190 981
1521200 976
1521210 977
1521220 977
1521230 981
1521240 986
1521250 986
1521260 990
1521270 994
1521280 997
1521290 997
1521300 1002
1521310 1007
1521320 1007
1521330 1013
1521340 1018
1521350 1018
1521360 1024
1521370 1027
1521380 1027
1521390 1031
1521400 1035
1521410 1035
1521420 1038
1521430 1041
1521440 1041
1521450 1044
1521460 1046
1521470 1046
1521480 1047
1521490 1049
1521500 1049
1521510 1052
1521520 1055
1521530 1055
1521540 1057
1521550 1060
1521560 1060
1521570 1063
1521580 1067
1521590 1067
1521600 1072
1521610 1074
1521620 1074
1521630 1076
1521640 1078
1521650 1078
1521660 1079
1521670 1081
1521680 1081
1521690 1082
1521700 1081
1521710 1080
1521720 1080
1521730 1080
1521740 1080
1521750 1080
1521760 1080
1521770 1080
1521780 1080
1521790 1081
1521800 1081
1521810 1081
1521820 1081
1521830 1080
1521840 1080
1521850 1079
1521860 1079
1521870 1079
1521880 1079
1521890 1080
1521900 1080
1521910 1086
1521920 1091
1521930 1091
1521940 1096
1521950 1099
1521960 1099
1521970 1099
1521980 1098
1521990 1098
1522000 1098
1522010 1099
1522020 1099
1522030 1102
1522040 1105
1522050 1105
1522060 1111
1522070 1117
1522080 1117
1522090 1123
1522100 1130
1522110 1130
1522120 1138
1522130 1147
1522140 1153
1522150 1153
1522160 1158
1522170 1162
1522180 1162
1522190 1170
1522200 1175
1522210 1175
1522220 1179
1522230 1183
1522240 1183
1522250 1188
1522260 1192
1522270 1192
1522280 1192
1522290 1195
1522300 1195
1522310 1199
1522320 1201
1522330 1201
1522340 1201
1522350 1201
1522360 1201
1522370 1202
1522380 1203
1522390 1203
1522400 1203
1522410 1204
1522420 1204
1522430 1203
1522440 1201
1522450 1201
1522460 1202
1522470 1206
1522480 1206
1522490 1211
1522500 1217
1522510 1217
1522520 1220
1522530 1221
1522540 1222
1522550 1222
1522560 1222
1522570 1223
1522580 1223
1522590 1225
1522600 1229
1522610 1229
1522620 1234
1522630 1240
1522640 1240
1522650 1246
1522660 1249
1522670 1249
1522680 1251
1522690 1253
1522700 1253
1522710 1254
1522720 1256
1522730 1256
1522740 1259
1522750 1259
1522760 1259
1522770 1259
1522780 1258
1522790 1258
1522800 1259
1522810 1260
1522820 1260
1522830 1262
1522840 1265
1522850 1265
1522860 1269
1522870 1275
1522880 1275
1522890 1281
1522900 1282
1522910 1282
1522920 1281
1522930 1279
1522940 1279
1522950 1278
1522960 1278
1522970 1279
1522980 1279
1522990 1282
1523000 1286
1523010 1286
1523020 1291
1523030 1296
1523040 1296
1523050 1301
1523060 1305
1523070 1305
1523080 1310
1523090 1313
1523100 1313
1523110 1315
1523120 1316
1523130 1316
1523140 1316
1523150 1317
1523160 1317
1523170 1320
1523180 1324
1523190 1324
1523200 1328
1523210 1334
1523220 1334
1523230 1340
1523240 1345
1523250 1345
1523260 1345
1523270 1342
1523280 1342
1523290 1342
1523300 1344
1523310 1344
1523320 1347
1523330 1350
1523340 1350
1523350 1349
1523360 1351
1523370 1356
1523380 1356
1523390 1362
1523400 1367
1523410 1367
1523420 1373
1523430 1377
1523440 1377
1523450 1380
1523460 1380
1523470 1380
1523480 1380
1523490 1382
1523500 1382
1523510 1385
1523520 1387
1523530 1387
1523540 1388
1523550 1387
1523560 1387
1523570 1386
1523580 1384
1523590 1384
1523600 1381
1523610 1378
1523620 1378
1523630 1376
1523640 1376
1523650 1376
1523660 1376
1523670 1375
1523680 1375
1523690 1373
1523700 1371
1523710 1371
1523720 1370
1523730 1368
1523740 1368
1523750 1367
1523760 1364
1523770 1364
1523780 1361
1523790 1359
1523800 1358
1523810 1358
1523820 1356
1523830 1358
1523840 1358
1523850 1362
1523860 1364
1523870 1364
1523880 1364
1523890 1364
1523900 1364
1523910 1363
1523920 1364
1523930 1364
1523940 1363
1523950 1361
1523960 1361
1523970 1360
1523980 1359
1523990 1359
1524000 1358
1524010 1357
1524020 1357
1524030 1356
1524040 1356
1524050 1356
1524060 1355
1524070 1356
1524080 1356
1524090 1357
1524100 1357
1524110 1357
1524120 1358
1524130 1360
1524140 1360
1524150 1359
1524160 1357
1524170 1357
1524180 1356
1524190 1355
1524200 1355
1524210 1353
1524220 1351
1524230 1348
1524240 1348
1524250 1345
1524260 1343
1524270 1343
1524280 1341
1524290 1339
1524300 1339
1524310 1337
1524320 1335
1524330 1335
1524340 1334
1524350 1333
1524360 1333
1524370 1332
1524380 1330
1524390 1330
1524400 1327
1524410 1323
1524420 1323
1524430 1320
1524440 1318
1524450 1318
1524460 1317
1524470 1316
1524480 1316
1524490 1317
1524500 1319
1524510 1319
1524520 1321
1524530 1322
1524540 1322
1524550 1324
1524560 1327
1524570 1327
1524580 1329
1524590 1331
1524600 1331
1524610 1332
1524620 1332
1524630 1333
1524640 1333
1524650 1334
1524660 1336
1524670 1336
1524680 1338
1524690 1339
1524700 1338
1524710 1339
1524720 1341
1524730 1341
1524740 1342
1524750 1342
1524760 1342
1524770 1341
1524780 1341
1524790 1341
1524800 1342
1524810 1341
1524820 1341
1524830 1340
1524840 1340
1524850 1340
1524860 1340
1524870 1343
1524880 1343
1524890 1345
1524900 1347
1524910 1347
1524920 1349
1524930 1351
1524940 1351
1524950 1354
1524960 1357
1524970 1357
1524980 1359
1524990 1361
1525000 1361
1525010 1363
1525020 1367
1525030 1367
1525040 1371
1525050 1376
1525060 1380
1525070 1380
1525080 1385
1525090 1390
1525100 1390
1525110 1395
1525120 1400
1525130 1400
1525140 1405
1525150 1409
1525160 1409
1525170 1412
1525180 1414
1525190 1414
1525200 1416
1525210 1417
1525220 1417
1525230 1418
1525240 1418
1525250 1418
1525260 1415
1525270 1409
1525280 1409
1525290 1404
1525300 1406
1525310 1406
1525320 1406
1525330 1404
1525340 1404
1525350 1400
1525360 1398
1525370 1398
1525380 1396
1525390 1393
1525400 1393
1525410 1389
1525420 1388
1525430 1388
1525440 1385
1525450 1386
1525460 1386
1525470 1385
1525480 1382
1525490 1378
1525500 1378
1525510 1372
1525520 1359
1525530 1359
1525540 1337
1525550 1326
1525560 1326
1525570 1318
1525580 1311
1525590 1311
1525600 1304
1525610 1297
1525620 1297
1525630 1291
1525640 1286
1525650 1286
1525660 1283
1525670 1280
1525680 1280
1525690 1285
1525700 1291
1525710 1291
1525720 1294
1525730 1297
1525740 1297
1525750 1300
1525760 1299
1525770 1299
1525780 1297
1525790 1299
1525800 1299
1525810 1302
1525820 1302
1525830 1302
1525840 1303
1525850 1304
1525860 1304
1525870 1307
1525880 1311
1525890 1313
1525900 1313
1525910 1316
1525920 1317
1525930 1317
1525940 1317
1525950 1318
1525960 1318
1525970 1321
1525980 1320
1525990 1320
1526000 1319
1526010 1321
1526020 1321
1526030 1325
1526040 1329
1526050 1329
1526060 1333
1526070 1339
1526080 1339
1526090 1343
1526100 1347
1526110 1347
1526120 1349
1526130 1352
1526140 1352
1526150 1356
1526160 1358
1526170 1358
1526180 1359
1526190 1361
1526200 1361
1526210 1363
1526220 1367
1526230 1367
1526240 1370
1526250 1373
1526260 1373
1526270 1377
1526280 1382
1526290 1382
1526300 1387
1526310 1392
1526320 1398
1526330 1398
1526340 1403
1526350 1409
1526360 1409
1526370 1414
1526380 1420
1526390 1420
1526400 1425
1526410 1430
1526420 1430
1526430 1436
1526440 1442
1526450 1442
1526460 1447
1526470 1455
1526480 1455
1526490 1476
1526500 1500
1526510 1500
1526520 1521
1526530 1534
1526540 1534
1526550 1552
1526560 1562
1526570 1562
1526580 1567
1526590 1571
1526600 1571
1526610 1580
1526620 1592
1526630 1592
1526640 1604
1526650 1609
1526660 1609
1526670 1616
1526680 1622
1526690 1622
1526700 1627
1526710 1633
1526720 1636
1526730 1636
1526740 1638
1526750 1645
1526760 1645
1526770 1638
1526780 1635
1526790 1635
1526800 1636
1526810 1638
1526820 1638
1526830 1641
1526840 1640
1526850 1640
1526860 1643
1526870 1645
1526880 1645
1526890 1647
1526900 1648
1526910 1648
1526920 1644
1526930 1641
1526940 1641
1526950 1637
1526960 1632
1526970 1632
1526980 1629
1526990 1629
1527000 1629
1527010 1631
1527020 1631
1527030 1631
1527040 1633
1527050 1631
1527060 1631
1527070 1625
1527080 1619
1527090 1619
1527100 1623
1527110 1619
1527120 1619
1527130 1615
1527140 1610
1527150 1605
1527160 1605
1527170 1602
1527180 1599
1527190 1599
1527200 1598
1527210 1594
1527220 1594
1527230 1594
1527240 1591
1527250 1591
1527260 1589
1527270 1588
1527280 1588
1527290 1586
1527300 1580
1527310 1580
1527320 1568
1527330 1558
1527340 1558
1527350 1552
1527360 1545
1527370 1545
1527380 1536
1527390 1523
1527400 1523
1527410 1512
1527420 1502
1527430 1502
1527440 1491
1527450 1483
1527460 1483
1527470 1474
1527480 1462
1527490 1462
1527500 1455
1527510 1447
1527520 1447
1527530 1439
1527540 1431
1527550 1431
1527560 1424
1527570 1420
1527580 1417
1527590 1417
1527600 1414
1527610 1409
1527620 1409
1527630 1406
1527640 1400
1527650 1400
1527660 1391
1527670 1381
1527680 1381
1527690 1372
1527700 1364
1527710 1364
1527720 1355
1527730 1348
1527740 1348
1527750 1338
1527760 1334
1527770 1334
1527780 1329
1527790 1316
1527800 1316
1527810 1306
1527820 1294
1527830 1294
1527840 1284
1527850 1276
1527860 1276
1527870 1269
1527880 1260
1527890 1260
1527900 1241
1527910 1229
1527920 1229
1527930 1223
1527940 1217
1527950 1217
1527960 1212
1527970 1207
1527980 1203
1527990 1203
1528000 1200
1528010 1198
1528020 1198
1528030 1196
1528040 1194
1528050 1194
1528060 1194
1528070 1195
1528080 1195
1528090 1196
1528100 1197
1528110 1197
1528120 1198
1528130 1200
1528140 1200
1528150 1200
1528160 1201
1528170 1201
1528180 1202
1528190 1205
1528200 1205
1528210 1207
1528220 1208
1528230 1208
1528240 1210
1528250 1209
1528260 1209
1528270 1208
1528280 1208
1528290 1208
1528300 1209
1528310 1206
1528320 1206
1528330 1200
1528340 1189
1528350 1189
1528360 1168
1528370 1154
1528380 1154
1528390 1148
1528400 1142
1528410 1138
1528420 1138
1528430 1134
1528440 1132
1528450 1132
1528460 1129
1528470 1127
1528480 1127
1528490 1124
1528500 1121
1528510 1121
1528520 1118
1528530 1116
1528540 1116
1528550 1112
1528560 1109
1528570 1109
1528580 1107
1528590 1103
1528600 1103
1528610 1100
1528620 1097
1528630 1097
1528640 1094
1528650 1091
1528660 1091
1528670 1089
1528680 1087
1528690 1087
1528700 1084
1528710 1081
1528720 1081
1528730 1078
1528740 1074
1528750 1074
1528760 1069
1528770 1065
1528780 1065
1528790 1063
1528800 1061
1528810 1061
1528820 1058
1528830 1054
1528840 1052
1528850 1052
1528860 1048
1528870 1046
1528880 1046
1528890 1043
1528900 1039
1528910 1039
1528920 1035
1528930 1029
1528940 1029
1528950 1026
1528960 1023
1528970 1023
1528980 1020
1528990 1017
1529000 1017
1529010 1014
1529020 1012
1529030 1012
1529040 1009
1529050 1005
1529060 1005
1529070 1001
1529080 1000
1529090 1000
1529100 998
1529110 996
1529120 996
1529130 994
1529140 992
1529150 992
1529160 989
1529170 986
1529180 986
1529190 984
1529200 982
1529210 982
1529220 979
1529230 977
1529240 976
1529250 976
1529260 978
1529270 981
1529280 981
1529290 985
1529300 988
1529310 988
1529320 989
1529330 990
1529340 990
1529350 991
1529360 990
1529370 990
1529380 977
1529390 964
1529400 964
1529410 959
1529420 956
1529430 956
1529440 957
1529450 957
1529460 957
1529470 957
1529480 950
1529490 950
1529500 942
1529510 935
1529520 935
1529530 929
1529540 924
1529550 924
1529560 918
1529570 913
1529580 913
1529590 907
1529600 902
1529610 902
1529620 897
1529630 892
1529640 892
1529650 887
1529660 883
1529670 879
1529680 879
1529690 875
1529700 872
1529710 872
1529720 870
1529730 870
1529740 870
1529750 869
1529760 865
1529770 865
1529780 861
1529790 858
1529800 858
1529810 854
1529820 854
1529830 854
1529840 855
1529850 855
1529860 855
1529870 854
1529880 853
1529890 853
1529900 851
1529910 850
1529920 850
1529930 848
1529940 846
1529950 846
1529960 844
1529970 842
1529980 842
1529990 839
1530000 833
1530010 833
1530020 829
1530030 827
1530040 827
1530050 828
1530060 828
1530070 828
1530080 828
1530090 826
1530100 824
1530110 824
1530120 822
1530130 820
1530140 820
1530150 819
1530160 817
1530170 817
1530180 816
1530190 814
1530200 814
1530210 812
1530220 809
1530230 809
1530240 808
1530250 806
1530260 806
1530270 805
1530280 805
1530290 805
1530300 804
1530310 803
1530320 803
1530330 802
1530340 801
1530350 801
1530360 801
1530370 802
1530380 802
1530390 802
1530400 801
1530410 801
1530420 796
1530430 791
1530440 791
1530450 790
1530460 788
1530470 788
1530480 788
1530490 786
1530500 783
1530510 783
1530520 781
1530530 781
1530540 781
1530550 783
1530560 786
1530570 786
1530580 787
1530590 791
1530600 791
1530610 789
1530620 787
1530630 787
1530640 787
1530650 787
1530660 791
1530670 794
1530680 796
1530690 796
1530700 800
1530710 805
1530720 805
1530730 809
1530740 811
1530750 811
1530760 813
1530770 815
1530780 815
1530790 817
1530800 819
1530810 819
1530820 823
1530830 827
1530840 827
1530850 831
1530860 835
1530870 835
1530880 839
1530890 844
1530900 844
1530910 851
1530920 856
1530930 862
1530940 862
1530950 869
1530960 875
1530970 875
1530980 882
1530990 889
1531000 889
1531010 896
1531020 904
1531030 904
1531040 910
1531050 916
1531060 916
1531070 921
1531080 926
1531090 926
1531100 931
1531110 935
1531120 935
1531130 940
1531140 945
1531150 945
1531160 950
1531170 955
1531180 955
1531190 961
1531200 967
1531210 967
1531220 971
1531230 977
1531240 977
1531250 982
1531260 987
1531270 987
1531280 991
1531290 996
1531300 996
1531310 1000
1531320 1005
1531330 1009
1531340 1009
1531350 1015
1531360 1021
1531370 1021
1531380 1026
1531390 1032
1531400 1032
1531410 1037
1531420 1041
1531430 1041
1531440 1045
1531450 1049
1531460 1049
1531470 1051
1531480 1054
1531490 1054
1531500 1059
1531510 1063
1531520 1063
1531530 1067
1531540 1070
1531550 1070
1531560 1072
1531570 1074
1531580 1074
1531590 1077
1531600 1080
1531610 1080
1531620 1082
1531630 1083
1531640 1083
1531650 1084
1531660 1086
1531670 1086
1531680 1088
1531690 1090
1531700 1090
1531710 1091
1531720 1093
1531730 1093
1531740 1095
1531750 1096
1531760 1096
1531770 1096
1531780 1097
1531790 1098
1531800 1098
1531810 1098
1531820 1097
1531830 1097
1531840 1098
1531850 1100
1531860 1100
1531870 1100
1531880 1100
1531890 1100
1531900 1101
1531910 1105
1531920 1105
1531930 1111
1531940 1117
1531950 1117
1531960 1122
1531970 1127
1531980 1127
1531990 1133
1532000 1139
1532010 1139
1532020 1144
1532030 1148
1532040 1148
1532050 1153
1532060 1159
1532070 1159
1532080 1165
1532090 1170
1532100 1170
1532110 1170
1532120 1171
1532130 1171
1532140 1175
1532150 1178
1532160 1178
1532170 1184
1532180 1187
1532190 1189
1532200 1189
1532210 1194
1532220 1199
1532230 1199
1532240 1203
1532250 1206
1532260 1206
1532270 1208
1532280 1211
1532290 1211
1532300 1216
1532310 1219
1532320 1219
1532330 1222
1532340 1226
1532350 1226
1532360 1229
1532370 1231
1532380 1231
1532390 1234
1532400 1237
1532410 1237
1532420 1240
1532430 1242
1532440 1242
1532450 1245
1532460 1247
1532470 1247
1532480 1249
1532490 1251
1532500 1251
1532510 1252
1532520 1253
1532530 1253
1532540 1255
1532550 1256
1532560 1256
1532570 1257
1532580 1259
1532590 1261
1532600 1261
1532610 1264
1532620 1267
1532630 1267
1532640 1270
1532650 1272
1532660 1272
1532670 1272
1532680 1273
1532690 1273
1532700 1275
1532710 1277
1532720 1277
1532730 1280
1532740 1282
1532750 1282
1532760 1284
1532770 1287
1532780 1287
1532790 1290
1532800 1291
1532810 1291
1532820 1291
1532830 1291
1532840 1291
1532850 1288
1532860 1288
1532870 1288
1532880 1290
1532890 1292
1532900 1292
1532910 1295
1532920 1300
1532930 1300
1532940 1303
1532950 1305
1532960 1305
1532970 1305
1532980 1305
1532990 1305
1533000 1308
1533010 1310
1533020 1310
1533030 1310
1533040 1311
1533050 1312
1533060 1312
1533070 1313
1533080 1312
1533090 1312
1533100 1312
1533110 1314
1533120 1314
1533130 1314
1533140 1315
1533150 1315
1533160 1316
1533170 1317
1533180 1317
1533190 1317
1533200 1317
1533210 1317
1533220 1316
1533230 1315
1533240 1315
1533250 1315
1533260 1315
1533270 1315
1533280 1314
1533290 1313
1533300 1313
1533310 1312
1533320 1312
1533330 1312
1533340 1312
1533350 1312
1533360 1315
1533370 1315
1533380 1316
1533390 1316
1533400 1317
1533410 1313
1533420 1313
1533430 1310
1533440 1307
1533450 1304
1533460 1304
1533470 1301
1533480 1296
1533490 1296
1533500 1290
1533510 1287
1533520 1287
1533530 1285
1533540 1283
1533550 1283
1533560 1280
1533570 1279
1533580 1279
1533590 1278
1533600 1276
1533610 1276
1533620 1276
1533630 1274
1533640 1274
1533650 1272
1533660 1270
1533670 1270
1533680 1268
1533690 1267
1533700 1267
1533710 1269
1533720 1269
1533730 1269
1533740 1270
1533750 1269
1533760 1269
1533770 1268
1533780 1267
1533790 1267
1533800 1267
1533810 1266
1533820 1266
1533830 1265
1533840 1265
1533850 1265
1533860 1265
1533870 1266
1533880 1269
1533890 1269
1533900 1270
1533910 1272
1533920 1272
1533930 1274
1533940 1276
1533950 1276
1533960 1275
1533970 1275
1533980 1275
1533990 1277
1534000 1278
1534010 1278
1534020 1276
1534030 1272
1534040 1272
1534050 1269
1534060 1267
1534070 1267
1534080 1266
1534090 1266
1534100 1266
1534110 1266
1534120 1266
1534130 1266
1534140 1267
1534150 1268
1534160 1268
1534170 1270
1534180 1271
1534190 1271
1534200 1272
1534210 1272
1534220 1272
1534230 1272
1534240 1270
1534250 1270
1534260 1269
1534270 1270
1534280 1271
1534290 1271
1534300 1271
1534310 1270
1534320 1270
1534330 1269
1534340 1269
1534350 1269
1534360 1269
1534370 1269
1534380 1269
1534390 1270
1534400 1270
1534410 1270
1534420 1270
1534430 1270
1534440 1270
1534450 1270
1534460 1270
1534470 1270
1534480 1270
1534490 1270
1534500 1270
1534510 1271
1534520 1273
1534530 1273
1534540 1274
1534550 1277
1534560 1277
1534570 1280
1534580 1284
1534590 1284
1534600 1288
1534610 1292
1534620 1292
1534630 1295
1534640 1298
1534650 1298
1534660 1301
1534670 1304
1534680 1305
1534690 1305
1534700 1305
1534710 1305
1534720 1305
1534730 1306
1534740 1307
1534750 1307
1534760 1307
1534770 1306
1534780 1306
1534790 1306
1534800 1303
1534810 1303
1534820 1298
1534830 1295
1534840 1295
1534850 1288
1534860 1279
1534870 1279
1534880 1272
1534890 1267
1534900 1267
1534910 1258
1534920 1248
1534930 1248
1534940 1238
1534950 1231
1534960 1231
1534970 1225
1534980 1215
1534990 1215
1535000 1209
1535010 1200
1535020 1200
1535030 1192
1535040 1184
1535050 1184
1535060 1176
1535070 1168
1535080 1168
1535090 1160
1535100 1151
1535110 1145
1535120 1145
1535130 1138
1535140 1127
1535150 1127
1535160 1116
1535170 1102
1535180 1102
1535190 1090
1535200 1081
1535210 1081
1535220 1063
1535230 1025
1535240 1025
1535250 1001
1535260 976
1535270 976
1535280 962
1535290 944
1535300 944
1535310 932
1535320 908
1535330 908
1535340 883
1535350 852
1535360 852
1535370 836
1535380 823
1535390 823
1535400 810
1535410 798
1535420 798
1535430 788
1535440 783
1535450 783
1535460 778
1535470 774
1535480 774
1535490 770
1535500 764
1535510 764
1535520 759
1535530 752
1535540 746
1535550 746
1535560 741
1535570 738
1535580 738
1535590 741
1535600 745
1535610 745
1535620 747
1535630 745
1535640 745
1535650 745
1535660 751
1535670 751
1535680 755
1535690 752
1535700 752
1535710 746
1535720 738
1535730 738
1535740 730
1535750 723
1535760 723
1535770 720
1535780 719
1535790 719
1535800 720
1535810 720
1535820 720
1535830 720
1535840 719
1535850 719
1535860 723
1535870 729
1535880 729
1535890 736
1535900 741
1535910 741
1535920 746
1535930 750
1535940 755
1535950 755
1535960 758
1535970 756
1535980 756
1535990 753
1536000 752
1536010 752
1536020 753
1536030 757
1536040 757
1536050 760
1536060 767
1536070 767
1536080 772
1536090 779
1536100 779
1536110 785
1536120 788
1536130 788
1536140 792
1536150 796
1536160 796
1536170 798
1536180 798
1536190 798
1536200 798
1536210 798
1536220 798
1536230 798
1536240 797
1536250 797
1536260 798
1536270 799
1536280 799
1536290 799
1536300 800
1536310 800
1536320 800
1536330 802
1536340 802
1536350 803
1536360 805
1536370 806
1536380 806
1536390 809
1536400 812
1536410 812
1536420 814
1536430 815
1536440 815
1536450 818
1536460 819
1536470 819
1536480 822
1536490 824
1536500 824
1536510 826
1536520 828
1536530 828
1536540 831
1536550 832
1536560 832
1536570 834
1536580 838
1536590 838
1536600 840
1536610 841
1536620 841
1536630 843
1536640 846
1536650 846
1536660 847
1536670 849
1536680 849
1536690 852
1536700 853
1536710 853
1536720 856
1536730 859
1536740 859
1536750 862
1536760 864
1536770 864
1536780 865
1536790 867
1536800 870
1536810 870
1536820 871
1536830 870
1536840 870
1536850 869
1536860 868
1536870 868
1536880 869
1536890 870
1536900 870
1536910 869
1536920 871
1536930 871
1536940 873
1536950 874
1536960 874
1536970 877
1536980 882
1536990 882
1537000 886
1537010 889
1537020 889
1537030 892
1537040 895
1537050 895
1537060 898
1537070 900
1537080 900
1537090 902
1537100 904
1537110 904
1537120 905
1537130 906
1537140 906
1537150 906
1537160 907
1537170 907
1537180 908
1537190 910
1537200 912
1537210 912
1537220 914
1537230 917
1537240 917
1537250 921
1537260 924
1537270 924
1537280 927
1537290 931
1537300 931
1537310 934
1537320 936
1537330 936
1537340 938
1537350 941
1537360 941
1537370 942
1537380 942
1537390 942
1537400 942
1537410 941
1537420 941
1537430 945
1537440 950
1537450 950
1537460 954
1537470 960
1537480 960
1537490 967
1537500 977
1537510 977
1537520 987
1537530 996
1537540 996
1537550 1005
1537560 1013
1537570 1013
1537580 1026
1537590 1042
1537600 1042
1537610 1059
1537620 1072
1537630 1090
1537640 1090
1537650 1111
1537660 1130
1537670 1130
1537680 1141
1537690 1156
1537700 1156
1537710 1173
1537720 1192
1537730 1192
1537740 1206
1537750 1219
1537760 1219
1537770 1240
1537780 1261
1537790 1261
1537800 1271
1537810 1277
1537820 1277
1537830 1284
1537840 1299
1537850 1299
1537860 1311
1537870 1316
1537880 1316
1537890 1323
1537900 1334
1537910 1334
1537920 1350
1537930 1364
1537940 1364
1537950 1379
1537960 1390
1537970 1390
1537980 1395
1537990 1411
1538000 1411
1538010 1430
1538020 1445
1538030 1445
1538040 1456
1538050 1468
1538060 1478
1538070 1478
1538080 1488
1538090 1499
1538100 1499
1538110 1510
1538120 1520
1538130 1520
1538140 1527
1538150 1532
1538160 1532
1538170 1538
1538180 1543
1538190 1543
1538200 1546
1538210 1547
1538220 1547
1538230 1546
1538240 1543
1538250 1543
1538260 1540
1538270 1543
1538280 1543
1538290 1552
1538300 1557
1538310 1557
1538320 1561
1538330 1566
1538340 1566
1538350 1569
1538360 1570
1538370 1561
1538380 1565
1538390 1569
1538400 1569
1538410 1572
1538420 1576
1538430 1576
1538440 1580
1538450 1584
1538460 1587
1538470 1587
1538480 1588
1538490 1593
1538500 1593
1538510 1599
1538520 1600
1538530 1600
1538540 1602
1538550 1603
1538560 1603
1538570 1603
1538580 1607
1538590 1607
1538600 1608
1538610 1608
1538620 1608
1538630 1608
1538640 1611
1538650 1611
1538660 1611
1538670 1611
1538680 1611
1538690 1609
1538700 1606
1538710 1606
1538720 1605
1538730 1603
1538740 1603
1538750 1602
1538760 1600
1538770 1600
1538780 1599
1538790 1598
1538800 1598
1538810 1599
1538820 1599
1538830 1599
1538840 1596
1538850 1597
1538860 1597
1538870 1601
1538880 1604
1538890 1606
1538900 1606
1538910 1609
1538920 1614
1538930 1614
1538940 1619
1538950 1621
1538960 1621
1538970 1621
1538980 1621
1538990 1621
1539000 1623
1539010 1625
1539020 1625
1539030 1624
1539040 1626
1539050 1626
1539060 1628
1539070 1633
1539080 1633
1539090 1640
1539100 1647
1539110 1647
1539120 1652
1539130 1655
1539140 1655
1539150 1660
1539160 1666
1539170 1666
1539180 1672
1539190 1675
1539200 1675
1539210 1678
1539220 1680
1539230 1680
1539240 1682
1539250 1686
1539260 1686
1539270 1693
1539280 1698
1539290 1698
1539300 1701
1539310 1706
1539320 1709
1539330 1709
1539340 1710
1539350 1711
1539360 1711
1539370 1715
1539380 1721
1539390 1721
1539400 1726
1539410 1729
1539420 1729
1539430 1729
1539440 1729
1539450 1729
1539460 1727
1539470 1726
1539480 1726
1539490 1729
1539500 1732
1539510 1732
1539520 1733
1539530 1731
1539540 1731
1539550 1729
1539560 1730
1539570 1730
1539580 1734
1539590 1734
1539600 1734
1539610 1738
1539620 1741
1539630 1741
1539640 1740
1539650 1740
1539660 1740
1539670 1740
1539680 1741
1539690 1741
1539700 1744
1539710 1750
1539720 1757
1539730 1757
1539740 1761
1539750 1762
1539760 1762
1539770 1766
1539780 1769
1539790 1769
1539800 1770
1539810 1773
1539820 1773
1539830 1777
1539840 1779
1539850 1779
1539860 1782
1539870 1784
1539880 1784
1539890 1785
1539900 1785
1539910 1785
1539920 1784
1539930 1786
1539940 1786
1539950 1788
1539960 1789
1539970 1789
1539980 1792
1539990 1793
