1520000 1106
1520010 1106
1520020 1107
1520030 1108
1520040 1108
1520050 1109
1520060 1110
1520070 1110
1520080 1110
1520090 1111
1520100 1111
1520110 1111
1520120 1112
1520130 1112
1520140 1112
1520150 1113
1520160 1113
1520170 1113
1520180 1114
1520190 1114
1520200 1115
1520210 1117
1520220 1117
1520230 1117
1520240 1118
1520250 1118
1520260 1119
1520270 1120
1520280 1120
1520290 1122
1520300 1123
1520310 1123
1520320 1126
1520330 1127
1520340 1129
1520350 1129
1520360 1131
1520370 1132
1520380 1132
1520390 1132
1520400 1132
1520410 1132
1520420 1132
1520430 1132
1520440 1132
1520450 1133
1520460 1134
1520470 1134
1520480 1136
1520490 1138
1520500 1138
1520510 1141
1520520 1142
1520530 1142
1520540 1144
1520550 1145
1520560 1145
1520570 1145
1520580 1146
1520590 1146
1520600 1148
1520610 1150
1520620 1150
1520630 1151
1520640 1153
1520650 1153
1520660 1155
1520670 1158
1520680 1158
1520690 1161
1520700 1164
1520710 1164
1520720 1167
1520730 1169
1520740 1169
1520750 1170
1520760 1173
1520770 1176
1520780 1176
1520790 1179
1520800 1182
1520810 1182
1520820 1184
1520830 1186
1520840 1186
1520850 1188
1520860 1191
1520870 1191
1520880 1194
1520890 1199
1520900 1199
1520910 1198
1520920 1196
1520930 1196
1520940 1197
1520950 1198
1520960 1198
1520970 1200
1520980 1202
1520990 1202
1521000 1203
1521010 1205
1521020 1205
1521030 1210
1521040 1217
1521050 1217
1521060 1218
1521070 1217
1521080 1217
1521090 1225
1521100 1231
1521110 1231
1521120 1235
1521130 1241
1521140 1241
1521150 1247
1521160 1258
1521170 1258
1521180 1262
1521190 1262
1521200 1263
1521210 1263
1521220 1263
1521230 1262
1521240 1262
1521250 1262
1521260 1261
1521270 1261
1521280 1259
1521290 1258
1521300 1258
1521310 1259
1521320 1258
1521330 1258
1521340 1257
1521350 1257
1521360 1257
1521370 1258
1521380 1259
1521390 1259
1521400 1256
1521410 1253
1521420 1253
1521430 1251
1521440 1249
1521450 1249
1521460 1249
1521470 1248
1521480 1248
1521490 1250
1521500 1249
1521510 1249
1521520 1248
1521530 1247
1521540 1247
1521550 1246
1521560 1246
1521570 1246
1521580 1247
1521590 1245
1521600 1245
1521610 1243
1521620 1243
1521630 1244
1521640 1244
1521650 1243
1521660 1243
1521670 1243
1521680 1243
1521690 1243
1521700 1243
1521710 1241
1521720 1240
1521730 1240
1521740 1240
1521750 1239
1521760 1239
1521770 1239
1521780 1239
1521790 1239
1521800 1239
1521810 1239
1521820 1239
1521830 1240
1521840 1240
1521850 1240
1521860 1240
1521870 1240
1521880 1240
1521890 1240
1521900 1239
1521910 1239
1521920 1239
1521930 1239
1521940 1239
1521950 1239
1521960 1239
1521970 1239
1521980 1240
1521990 1242
1522000 1242
1522010 1243
1522020 1243
1522030 1243
1522040 1242
1522050 1238
1522060 1232
1522070 1232
1522080 1225
1522090 1219
1522100 1219
1522110 1215
1522120 1211
1522130 1211
1522140 1209
1522150 1208
1522160 1208
1522170 1207
1522180 1206
1522190 1206
1522200 1204
1522210 1201
1522220 1201
1522230 1199
1522240 1197
1522250 1197
1522260 1195
1522270 1193
1522280 1193
1522290 1192
1522300 1191
1522310 1191
1522320 1190
1522330 1188
1522340 1188
1522350 1187
1522360 1185
1522370 1185
1522380 1184
1522390 1183
1522400 1183
1522410 1182
1522420 1181
1522430 1181
1522440 1179
1522450 1178
1522460 1178
1522470 1178
1522480 1178
1522490 1176
1522500 1176
1522510 1174
1522520 1172
1522530 1172
1522540 1171
1522550 1170
1522560 1170
1522570 1169
1522580 1168
1522590 1168
1522600 1166
1522610 1164
1522620 1164
1522630 1162
1522640 1160
1522650 1160
1522660 1159
1522670 1159
1522680 1159
1522690 1158
1522700 1157
1522710 1157
1522720 1155
1522730 1153
1522740 1153
1522750 1151
1522760 1150
1522770 1150
1522780 1148
1522790 1146
1522800 1146
1522810 1144
1522820 1143
1522830 1143
1522840 1142
1522850 1142
1522860 1142
1522870 1139
1522880 1137
1522890 1137
1522900 1135
1522910 1133
1522920 1129
1522930 1129
1522940 1125
1522950 1122
1522960 1122
1522970 1120
1522980 1118
1522990 1118
1523000 1117
1523010 1115
1523020 1115
1523030 1114
1523040 1111
1523050 1111
1523060 1109
1523070 1109
1523080 1109
1523090 1108
1523100 1107
1523110 1107
1523120 1106
1523130 1105
1523140 1105
1523150 1104
1523160 1103
1523170 1103
1523180 1101
1523190 1098
1523200 1098
1523210 1096
1523220 1093
1523230 1093
1523240 1090
1523250 1086
1523260 1086
1523270 1082
1523280 1079
1523290 1079
1523300 1076
1523310 1073
1523320 1073
1523330 1071
1523340 1069
1523350 1067
1523360 1067
1523370 1066
1523380 1064
1523390 1064
1523400 1062
1523410 1060
1523420 1060
1523430 1057
1523440 1054
1523450 1054
1523460 1051
1523470 1048
1523480 1048
1523490 1045
1523500 1041
1523510 1041
1523520 1038
1523530 1035
1523540 1035
1523550 1031
1523560 1026
1523570 1026
1523580 1022
1523590 1020
1523600 1020
1523610 1019
1523620 1020
1523630 1020
1523640 1020
1523650 1020
1523660 1020
1523670 1017
1523680 1014
1523690 1014
1523700 1010
1523710 1005
1523720 1005
1523730 1000
1523740 998
1523750 998
1523760 995
1523770 994
1523780 993
1523790 993
1523800 992
1523810 989
1523820 989
1523830 985
1523840 981
1523850 981
1523860 976
1523870 971
1523880 971
1523890 967
1523900 962
1523910 962
1523920 958
1523930 954
1523940 954
1523950 951
1523960 948
1523970 948
1523980 945
1523990 943
1524000 943
1524010 941
1524020 940
1524030 940
1524040 941
1524050 942
1524060 942
1524070 942
1524080 942
1524090 942
1524100 941
1524110 941
1524120 941
1524130 940
1524140 941
1524150 941
1524160 943
1524170 945
1524180 945
1524190 945
1524200 943
1524210 940
1524220 940
1524230 940
1524240 940
1524250 940
1524260 940
1524270 940
1524280 940
1524290 940
1524300 941
1524310 941
1524320 941
1524330 941
1524340 941
1524350 940
1524360 939
1524370 939
1524380 937
1524390 934
1524400 934
1524410 933
1524420 934
1524430 934
1524440 938
1524450 940
1524460 940
1524470 943
1524480 948
1524490 948
1524500 952
1524510 957
1524520 957
1524530 963
1524540 969
1524550 969
1524560 975
1524570 980
1524580 980
1524590 984
1524600 990
1524610 990
1524620 996
1524630 1004
1524640 1014
1524650 1014
1524660 1024
1524670 1031
1524680 1031
1524690 1038
1524700 1043
1524710 1043
1524720 1048
1524730 1053
1524740 1053
1524750 1055
1524760 1059
1524770 1059
1524780 1062
1524790 1065
1524800 1065
1524810 1068
1524820 1070
1524830 1070
1524840 1072
1524850 1075
1524860 1075
1524870 1078
1524880 1082
1524890 1082
1524900 1085
1524910 1086
1524920 1086
1524930 1087
1524940 1088
1524950 1088
1524960 1091
1524970 1091
1524980 1091
1524990 1092
1525000 1098
1525010 1098
1525020 1102
1525030 1107
1525040 1107
1525050 1111
1525060 1115
1525070 1118
1525080 1118
1525090 1121
1525100 1125
1525110 1125
1525120 1128
1525130 1131
1525140 1131
1525150 1135
1525160 1139
1525170 1139
1525180 1142
1525190 1146
1525200 1146
1525210 1149
1525220 1152
1525230 1152
1525240 1155
1525250 1159
1525260 1159
1525270 1162
1525280 1166
1525290 1166
1525300 1169
1525310 1172
1525320 1172
1525330 1175
1525340 1178
1525350 1178
1525360 1182
1525370 1185
1525380 1185
1525390 1188
1525400 1192
1525410 1192
1525420 1196
1525430 1197
1525440 1197
1525450 1197
1525460 1195
1525470 1195
1525480 1193
1525490 1190
1525500 1188
1525510 1188
1525520 1186
1525530 1184
1525540 1184
1525550 1183
1525560 1182
1525570 1182
1525580 1181
1525590 1180
1525600 1180
1525610 1180
1525620 1181
1525630 1181
1525640 1182
1525650 1183
1525660 1183
1525670 1182
1525680 1181
1525690 1181
1525700 1181
1525710 1179
1525720 1179
1525730 1181
1525740 1182
1525750 1182
1525760 1185
1525770 1189
1525780 1189
1525790 1190
1525800 1191
1525810 1191
1525820 1192
1525830 1193
1525840 1193
1525850 1192
1525860 1193
1525870 1193
1525880 1194
1525890 1194
1525900 1195
1525910 1195
1525920 1196
1525930 1199
1525940 1199
1525950 1202
1525960 1205
1525970 1205
1525980 1207
1525990 1209
1526000 1209
1526010 1212
1526020 1213
1526030 1213
1526040 1214
1526050 1216
1526060 1216
1526070 1216
1526080 1218
1526090 1218
1526100 1218
1526110 1217
1526120 1217
1526130 1218
1526140 1221
1526150 1221
1526160 1223
1526170 1224
1526180 1224
1526190 1225
1526200 1225
1526210 1225
1526220 1225
1526230 1225
1526240 1225
1526250 1226
1526260 1226
1526270 1226
1526280 1227
1526290 1229
1526300 1229
1526310 1230
1526320 1234
1526330 1238
1526340 1238
1526350 1242
1526360 1247
1526370 1247
1526380 1253
1526390 1259
1526400 1259
1526410 1263
1526420 1266
1526430 1266
1526440 1268
1526450 1270
1526460 1270
1526470 1271
1526480 1274
1526490 1274
1526500 1279
1526510 1282
1526520 1282
1526530 1282
1526540 1281
1526550 1281
1526560 1276
1526570 1273
1526580 1273
1526590 1271
1526600 1273
1526610 1273
1526620 1276
1526630 1279
1526640 1279
1526650 1279
1526660 1278
1526670 1278
1526680 1279
1526690 1279
1526700 1279
1526710 1281
1526720 1285
1526730 1285
1526740 1291
1526750 1296
1526760 1299
1526770 1299
1526780 1302
1526790 1306
1526800 1306
1526810 1310
1526820 1314
1526830 1314
1526840 1318
1526850 1322
1526860 1322
1526870 1326
1526880 1331
1526890 1331
1526900 1334
1526910 1335
1526920 1335
1526930 1338
1526940 1344
1526950 1344
1526960 1351
1526970 1357
1526980 1357
1526990 1364
1527000 1370
1527010 1370
1527020 1374
1527030 1375
1527040 1375
1527050 1376
1527060 1375
1527070 1375
1527080 1375
1527090 1375
1527100 1375
1527110 1373
1527120 1369
1527130 1369
1527140 1363
1527150 1357
1527160 1357
1527170 1351
1527180 1344
1527190 1336
1527200 1336
1527210 1330
1527220 1325
1527230 1325
1527240 1320
1527250 1315
1527260 1315
1527270 1309
1527280 1304
1527290 1304
1527300 1300
1527310 1294
1527320 1294
1527330 1289
1527340 1284
1527350 1284
1527360 1281
1527370 1280
1527380 1280
1527390 1278
1527400 1277
1527410 1277
1527420 1276
1527430 1275
1527440 1275
1527450 1273
1527460 1270
1527470 1270
1527480 1266
1527490 1263
1527500 1263
1527510 1260
1527520 1258
1527530 1258
1527540 1256
1527550 1254
1527560 1254
1527570 1252
1527580 1248
1527590 1248
1527600 1244
1527610 1240
1527620 1237
1527630 1237
1527640 1233
1527650 1231
1527660 1231
1527670 1229
1527680 1228
1527690 1228
1527700 1228
1527710 1227
1527720 1227
1527730 1226
1527740 1224
1527750 1224
1527760 1222
1527770 1220
1527780 1220
1527790 1219
1527800 1217
1527810 1217
1527820 1216
1527830 1214
1527840 1214
1527850 1213
1527860 1211
1527870 1211
1527880 1210
1527890 1209
1527900 1209
1527910 1207
1527920 1206
1527930 1206
1527940 1204
1527950 1201
1527960 1201
1527970 1198
1527980 1195
1527990 1195
1528000 1191
1528010 1187
1528020 1187
1528030 1184
1528040 1182
1528050 1180
1528060 1180
1528070 1178
1528080 1175
1528090 1175
1528100 1173
1528110 1170
1528120 1170
1528130 1167
1528140 1164
1528150 1164
1528160 1162
1528170 1159
1528180 1159
1528190 1157
1528200 1154
1528210 1154
1528220 1152
1528230 1150
1528240 1150
1528250 1148
1528260 1146
1528270 1146
1528280 1143
1528290 1141
1528300 1141
1528310 1139
1528320 1137
1528330 1137
1528340 1135
1528350 1133
1528360 1133
1528370 1131
1528380 1127
1528390 1127
1528400 1125
1528410 1122
1528420 1122
1528430 1119
1528440 1118
1528450 1118
1528460 1116
1528470 1113
1528480 1110
1528490 1110
1528500 1108
1528510 1106
1528520 1106
1528530 1102
1528540 1097
1528550 1097
1528560 1096
1528570 1096
1528580 1096
1528590 1094
1528600 1092
1528610 1092
1528620 1090
1528630 1086
1528640 1086
1528650 1082
1528660 1079
1528670 1079
1528680 1076
1528690 1073
1528700 1073
1528710 1070
1528720 1066
1528730 1066
1528740 1061
1528750 1057
1528760 1057
1528770 1056
1528780 1054
1528790 1054
1528800 1047
1528810 1039
1528820 1039
1528830 1038
1528840 1036
1528850 1036
1528860 1035
1528870 1035
1528880 1035
1528890 1035
1528900 1032
1528910 1027
1528920 1027
1528930 1022
1528940 1021
1528950 1021
1528960 1019
1528970 1015
1528980 1015
1528990 1011
1529000 1008
1529010 1008
1529020 1004
1529030 999
1529040 999
1529050 994
1529060 989
1529070 989
1529080 984
1529090 980
1529100 980
1529110 976
1529120 972
1529130 972
1529140 968
1529150 964
1529160 964
1529170 960
1529180 955
1529190 955
1529200 952
1529210 949
1529220 949
1529230 945
1529240 942
1529250 942
1529260 939
1529270 936
1529280 936
1529290 933
1529300 932
1529310 932
1529320 929
1529330 927
1529340 925
1529350 925
1529360 924
1529370 922
1529380 922
1529390 920
1529400 918
1529410 918
1529420 916
1529430 914
1529440 914
1529450 911
1529460 909
1529470 909
1529480 905
1529490 902
1529500 902
1529510 898
1529520 895
1529530 895
1529540 894
1529550 892
1529560 892
1529570 890
1529580 887
1529590 887
1529600 886
1529610 884
1529620 884
1529630 883
1529640 882
1529650 882
1529660 881
1529670 880
1529680 880
1529690 880
1529700 879
1529710 879
1529720 878
1529730 878
1529740 878
1529750 877
1529760 876
1529770 876
1529780 876
1529790 875
1529800 874
1529810 874
1529820 874
1529830 873
1529840 873
1529850 873
1529860 872
1529870 872
1529880 872
1529890 871
1529900 871
1529910 871
1529920 870
1529930 870
1529940 868
1529950 866
1529960 866
1529970 864
1529980 862
1529990 862
1530000 861
1530010 861
1530020 861
1530030 861
1530040 861
1530050 861
1530060 863
1530070 865
1530080 865
1530090 868
1530100 873
1530110 873
1530120 879
1530130 886
1530140 886
1530150 891
1530160 896
1530170 896
1530180 900
1530190 902
1530200 907
1530210 907
1530220 912
1530230 914
1530240 914
1530250 918
1530260 922
1530270 922
1530280 925
1530290 927
1530300 927
1530310 931
1530320 935
1530330 935
1530340 938
1530350 941
1530360 941
1530370 944
1530380 947
1530390 947
1530400 950
1530410 952
1530420 952
1530430 954
1530440 956
1530450 956
1530460 959
1530470 963
1530480 963
1530490 967
1530500 970
1530510 970
1530520 974
1530530 977
1530540 977
1530550 980
1530560 983
1530570 983
1530580 986
1530590 989
1530600 991
1530610 991
1530620 993
1530630 995
1530640 995
1530650 996
1530660 998
1530670 998
1530680 1001
1530690 1004
1530700 1004
1530710 1005
1530720 1006
1530730 1006
1530740 1007
1530750 1007
1530760 1007
1530770 1008
1530780 1009
1530790 1009
1530800 1010
1530810 1011
1530820 1011
1530830 1011
1530840 1012
1530850 1012
1530860 1014
1530870 1015
1530880 1015
1530890 1017
1530900 1019
1530910 1019
1530920 1019
1530930 1019
1530940 1019
1530950 1019
1530960 1020
1530970 1020
1530980 1024
1530990 1028
1531000 1028
1531010 1031
1531020 1032
1531030 1035
1531040 1035
1531050 1037
1531060 1039
1531070 1039
1531080 1042
1531090 1046
1531100 1046
1531110 1050
1531120 1054
1531130 1054
1531140 1056
1531150 1060
1531160 1060
1531170 1064
1531180 1068
1531190 1068
1531200 1071
1531210 1076
1531220 1076
1531230 1080
1531240 1081
1531250 1081
1531260 1080
1531270 1084
1531280 1084
1531290 1086
1531300 1089
1531310 1089
1531320 1092
1531330 1097
1531340 1097
1531350 1100
1531360 1103
1531370 1103
1531380 1105
1531390 1107
1531400 1107
1531410 1110
1531420 1113
1531430 1113
1531440 1115
1531450 1119
1531460 1124
1531470 1124
1531480 1127
1531490 1131
1531500 1131
1531510 1136
1531520 1140
1531530 1140
1531540 1145
1531550 1148
1531560 1148
1531570 1151
1531580 1155
1531590 1155
1531600 1159
1531610 1164
1531620 1164
1531630 1168
1531640 1172
1531650 1172
1531660 1175
1531670 1179
1531680 1179
1531690 1182
1531700 1186
1531710 1186
1531720 1190
1531730 1194
1531740 1194
1531750 1197
1531760 1201
1531770 1201
1531780 1204
1531790 1208
1531800 1208
1531810 1213
1531820 1217
1531830 1217
1531840 1222
1531850 1226
1531860 1221
1531870 1230
1531880 1233
1531890 1236
1531900 1236
1531910 1240
1531920 1242
1531930 1242
1531940 1243
1531950 1246
1531960 1246
1531970 1249
1531980 1253
1531990 1253
1532000 1259
1532010 1264
1532020 1264
1532030 1270
1532040 1277
1532050 1277
1532060 1285
1532070 1293
1532080 1293
1532090 1298
1532100 1304
1532110 1304
1532120 1310
1532130 1314
1532140 1314
1532150 1316
1532160 1318
1532170 1318
1532180 1320
1532190 1321
1532200 1321
1532210 1316
1532220 1306
1532230 1306
1532240 1299
1532250 1294
1532260 1294
1532270 1289
1532280 1287
1532290 1287
1532300 1283
1532310 1284
1532320 1279
1532330 1279
1532340 1274
1532350 1271
1532360 1271
1532370 1268
1532380 1267
1532390 1267
1532400 1267
1532410 1268
1532420 1268
1532430 1269
1532440 1271
1532450 1271
1532460 1273
1532470 1274
1532480 1274
1532490 1276
1532500 1278
1532510 1278
1532520 1280
1532530 1282
1532540 1282
1532550 1283
1532560 1285
1532570 1285
1532580 1286
1532590 1287
1532600 1287
1532610 1287
1532620 1287
1532630 1287
1532640 1295
1532650 1311
1532660 1311
1532670 1328
1532680 1338
1532690 1338
1532700 1344
1532710 1347
1532720 1347
1532730 1350
1532740 1352
1532750 1355
1532760 1355
1532770 1357
1532780 1359
1532790 1359
1532800 1361
1532810 1363
1532820 1363
1532830 1366
1532840 1368
1532850 1368
1532860 1372
1532870 1376
1532880 1376
1532890 1380
1532900 1383
1532910 1383
1532920 1385
1532930 1388
1532940 1388
1532950 1390
1532960 1392
1532970 1392
1532980 1393
1532990 1394
1533000 1394
1533010 1396
1533020 1397
1533030 1397
1533040 1397
1533050 1398
1533060 1398
1533070 1400
1533080 1401
1533090 1401
1533100 1404
1533110 1407
1533120 1407
1533130 1410
1533140 1412
1533150 1412
1533160 1414
1533170 1417
1533180 1419
1533190 1419
1533200 1421
1533210 1422
1533220 1422
1533230 1423
1533240 1424
1533250 1424
1533260 1425
1533270 1426
1533280 1426
1533290 1426
1533300 1427
1533310 1427
1533320 1428
1533330 1430
1533340 1430
1533350 1432
1533360 1433
1533370 1433
1533380 1433
1533390 1434
1533400 1434
1533410 1435
1533420 1435
1533430 1435
1533440 1437
1533450 1439
1533460 1439
1533470 1442
1533480 1445
1533490 1445
1533500 1448
1533510 1451
1533520 1451
1533530 1455
1533540 1458
1533550 1458
1533560 1462
1533570 1467
1533580 1467
1533590 1472
1533600 1476
1533610 1479
1533620 1479
1533630 1483
1533640 1488
1533650 1488
1533660 1492
1533670 1496
1533680 1496
1533690 1500
1533700 1503
1533710 1503
1533720 1506
1533730 1509
1533740 1509
1533750 1511
1533760 1514
1533770 1514
1533780 1516
1533790 1517
1533800 1517
1533810 1521
1533820 1524
1533830 1524
1533840 1527
1533850 1530
1533860 1530
1533870 1533
1533880 1534
1533890 1534
1533900 1535
1533910 1538
1533920 1538
1533930 1542
1533940 1546
1533950 1546
1533960 1549
1533970 1554
1533980 1554
1533990 1558
1534000 1562
1534010 1562
1534020 1566
1534030 1570
1534040 1573
1534050 1573
1534060 1577
1534070 1583
1534080 1583
1534090 1586
1534100 1591
1534110 1591
1534120 1596
1534130 1600
1534140 1600
1534150 1605
1534160 1610
1534170 1610
1534180 1616
1534190 1622
1534200 1622
1534210 1628
1534220 1634
1534230 1634
1534240 1640
1534250 1655
1534260 1655
1534270 1733
1534280 1775
1534290 1775
1534300 1776
1534310 1764
1534320 1764
1534330 1757
1534340 1752
1534350 1752
1534360 1746
1534370 1738
1534380 1738
1534390 1732
1534400 1726
1534410 1726
1534420 1720
1534430 1716
1534440 1716
1534450 1710
1534460 1701
1534470 1696
1534480 1696
1534490 1692
1534500 1696
1534510 1696
1534520 1694
1534530 1692
1534540 1692
1534550 1692
1534560 1691
1534570 1691
1534580 1691
1534590 1691
1534600 1691
1534610 1691
1534620 1692
1534630 1692
1534640 1694
1534650 1698
1534660 1698
1534670 1702
1534680 1705
1534690 1705
1534700 1710
1534710 1717
1534720 1717
1534730 1723
1534740 1725
1534750 1725
1534760 1729
1534770 1739
1534780 1739
1534790 1746
1534800 1747
1534810 1747
1534820 1745
1534830 1739
1534840 1739
1534850 1734
1534860 1727
1534870 1727
1534880 1720
1534890 1713
1534900 1705
1534910 1705
1534920 1699
1534930 1692
1534940 1692
1534950 1685
1534960 1681
1534970 1681
1534980 1676
1534990 1672
1535000 1672
1535010 1667
1535020 1661
1535030 1661
1535040 1657
1535050 1654
1535060 1654
1535070 1651
1535080 1649
1535090 1649
1535100 1648
1535110 1647
1535120 1647
1535130 1645
1535140 1644
1535150 1644
1535160 1643
1535170 1642
1535180 1642
1535190 1643
1535200 1646
1535210 1646
1535220 1649
1535230 1652
1535240 1652
1535250 1655
1535260 1654
1535270 1654
1535280 1655
1535290 1653
1535300 1653
1535310 1650
1535320 1648
1535330 1647
1535340 1647
1535350 1645
1535360 1641
1535370 1641
1535380 1638
1535390 1638
1535400 1638
1535410 1635
1535420 1628
1535430 1628
1535440 1621
1535450 1617
1535460 1617
1535470 1613
1535480 1610
1535490 1610
1535500 1606
1535510 1604
1535520 1604
1535530 1602
1535540 1600
1535550 1600
1535560 1599
1535570 1598
1535580 1598
1535590 1595
1535600 1593
1535610 1593
1535620 1591
1535630 1588
1535640 1588
1535650 1584
1535660 1582
1535670 1582
1535680 1579
1535690 1575
1535700 1575
1535710 1571
1535720 1567
1535730 1567
1535740 1564
1535750 1559
1535760 1552
1535770 1552
1535780 1546
1535790 1540
1535800 1540
1535810 1535
1535820 1531
1535830 1531
1535840 1527
1535850 1525
1535860 1525
1535870 1525
1535880 1527
1535890 1527
1535900 1528
1535910 1529
1535920 1529
1535930 1530
1535940 1530
1535950 1530
1535960 1532
1535970 1533
1535980 1533
1535990 1534
1536000 1535
1536010 1535
1536020 1535
1536030 1537
1536040 1537
1536050 1542
1536060 1548
1536070 1548
1536080 1558
1536090 1570
1536100 1570
1536110 1572
1536120 1572
1536130 1572
1536140 1572
1536150 1571
1536160 1571
1536170 1569
1536180 1574
1536190 1576
1536200 1576
1536210 1577
1536220 1579
1536230 1579
1536240 1575
1536250 1572
1536260 1572
1536270 1576
1536280 1578
1536290 1578
1536300 1579
1536310 1579
1536320 1579
1536330 1578
1536340 1580
1536350 1580
1536360 1580
1536370 1577
1536380 1577
1536390 1580
1536400 1583
1536410 1583
1536420 1585
1536430 1588
1536440 1588
1536450 1590
1536460 1592
1536470 1592
1536480 1592
1536490 1591
1536500 1591
1536510 1587
1536520 1582
1536530 1582
1536540 1582
1536550 1583
1536560 1583
1536570 1581
1536580 1577
1536590 1577
1536600 1577
1536610 1579
1536620 1580
1536630 1580
1536640 1576
1536650 1570
1536660 1570
1536670 1562
1536680 1553
1536690 1553
1536700 1526
1536710 1507
1536720 1507
1536730 1494
1536740 1489
1536750 1489
1536760 1484
1536770 1475
1536780 1475
1536790 1475
1536800 1475
1536810 1475
1536820 1468
1536830 1445
1536840 1445
1536850 1422
1536860 1412
1536870 1412
1536880 1408
1536890 1402
1536900 1402
1536910 1399
1536920 1396
1536930 1396
1536940 1393
1536950 1388
1536960 1388
1536970 1384
1536980 1383
1536990 1383
1537000 1393
1537010 1396
1537020 1396
1537030 1399
1537040 1398
1537050 1391
1537060 1391
1537070 1388
1537080 1388
1537090 1388
1537100 1389
1537110 1394
1537120 1394
1537130 1398
1537140 1402
1537150 1402
1537160 1404
1537170 1403
1537180 1403
1537190 1401
1537200 1397
1537210 1397
1537220 1390
1537230 1384
1537240 1384
1537250 1383
1537260 1386
1537270 1386
1537280 1387
1537290 1389
1537300 1389
1537310 1388
1537320 1381
1537330 1381
1537340 1377
1537350 1374
1537360 1374
1537370 1372
1537380 1368
1537390 1368
1537400 1366
1537410 1363
1537420 1363
1537430 1364
1537440 1364
1537450 1364
1537460 1364
1537470 1363
1537480 1348
1537490 1348
1537500 1327
1537510 1326
1537520 1326
1537530 1328
1537540 1330
1537550 1330
1537560 1336
1537570 1342
1537580 1342
1537590 1345
1537600 1340
1537610 1340
1537620 1326
1537630 1314
1537640 1314
1537650 1300
1537660 1294
1537670 1294
1537680 1290
1537690 1290
1537700 1290
1537710 1291
1537720 1292
1537730 1292
1537740 1293
1537750 1294
1537760 1294
1537770 1295
1537780 1297
1537790 1297
1537800 1298
1537810 1297
1537820 1297
1537830 1295
1537840 1294
1537850 1294
1537860 1296
1537870 1299
1537880 1303
1537890 1303
1537900 1306
1537910 1309
1537920 1309
1537930 1311
1537940 1312
1537950 1312
1537960 1312
1537970 1313
1537980 1313
1537990 1313
1538000 1314
1538010 1314
1538020 1315
1538030 1315
1538040 1315
1538050 1316
1538060 1316
1538070 1316
1538080 1316
1538090 1316
1538100 1316
1538110 1315
1538120 1312
1538130 1312
1538140 1312
1538150 1312
1538160 1312
1538170 1311
1538180 1310
1538190 1310
1538200 1307
1538210 1302
1538220 1302
1538230 1302
1538240 1304
1538250 1304
1538260 1304
1538270 1303
1538280 1303
1538290 1303
1538300 1299
1538310 1295
1538320 1295
1538330 1292
1538340 1286
1538350 1286
1538360 1284
1538370 1283
1538380 1283
1538390 1276
1538400 1269
1538410 1269
1538420 1262
1538430 1257
1538440 1257
1538450 1253
1538460 1249
1538470 1249
1538480 1246
1538490 1245
1538500 1245
1538510 1244
1538520 1234
1538530 1234
1538540 1201
1538550 1191
1538560 1191
1538570 1191
1538580 1193
1538590 1193
1538600 1191
1538610 1195
1538620 1195
1538630 1198
1538640 1202
1538650 1202
1538660 1204
1538670 1205
1538680 1205
1538690 1205
1538700 1207
1538710 1207
1538720 1206
1538730 1204
1538740 1201
1538750 1201
1538760 1200
1538770 1201
1538780 1201
1538790 1201
1538800 1203
1538810 1203
1538820 1204
1538830 1206
1538840 1206
1538850 1210
1538860 1214
1538870 1214
1538880 1216
1538890 1219
1538900 1219
1538910 1226
1538920 1230
1538930 1230
1538940 1234
1538950 1237
1538960 1237
1538970 1242
1538980 1250
1538990 1250
1539000 1253
1539010 1257
1539020 1257
1539030 1261
1539040 1262
1539050 1262
1539060 1264
1539070 1266
1539080 1266
1539090 1266
1539100 1267
1539110 1267
1539120 1268
1539130 1268
1539140 1268
1539150 1275
1539160 1307
1539170 1383
1539180 1383
1539190 1401
1539200 1422
1539210 1422
1539220 1438
1539230 1456
1539240 1456
1539250 1472
1539260 1504
1539270 1504
1539280 1533
1539290 1533
1539300 1533
1539310 1530
1539320 1531
1539330 1531
1539340 1537
1539350 1540
1539360 1540
1539370 1544
1539380 1547
1539390 1550
1539400 1552
1539410 1552
1539420 1552
1539430 1553
1539440 1552
1539450 1552
1539460 1551
1539470 1549
1539480 1549
1539490 1546
1539500 1542
1539510 1542
1539520 1539
1539530 1542
1539540 1542
1539550 1542
1539560 1541
1539570 1541
1539580 1541
1539590 1541
1539600 1541
1539610 1541
1539620 1540
1539630 1546
1539640 1546
1539650 1551
1539660 1553
1539670 1553
1539680 1555
1539690 1558
1539700 1558
1539710 1563
1539720 1567
1539730 1567
1539740 1570
1539750 1570
1539760 1570
1539770 1567
1539780 1567
1539790 1567
1539800 1570
1539810 1573
1539820 1573
1539830 1573
1539840 1574
1539850 1574
1539860 1573
1539870 1572
1539880 1572
1539890 1569
1539900 1567
1539910 1567
1539920 1570
1539930 1575
1539940 1575
1539950 1578
1539960 1578
1539970 1578
1539980 1571
1539990 1574
