1520000 783
1520010 789
1520020 795
1520030 795
1520040 800
1520050 805
1520060 805
1520070 810
1520080 815
1520090 815
1520100 822
1520110 830
1520120 830
1520130 835
1520140 838
1520150 838
1520160 841
1520170 844
1520180 844
1520190 844
1520200 845
1520210 845
1520220 847
1520230 849
1520240 850
1520250 850
1520260 853
1520270 857
1520280 857
1520290 861
1520300 863
1520310 863
1520320 865
1520330 869
1520340 869
1520350 872
1520360 874
1520370 874
1520380 880
1520390 890
1520400 890
1520410 894
1520420 896
1520430 896
1520440 899
1520450 902
1520460 902
1520470 906
1520480 909
1520490 909
1520500 911
1520510 913
1520520 913
1520530 916
1520540 918
1520550 918
1520560 921
1520570 924
1520580 924
1520590 927
1520600 929
1520610 929
1520620 932
1520630 935
1520640 935
1520650 939
1520660 944
1520670 944
1520680 948
1520690 951
1520700 954
1520710 954
1520720 958
1520730 961
1520740 961
1520750 964
1520760 967
1520770 967
1520780 971
1520790 975
1520800 975
1520810 978
1520820 981
1520830 981
1520840 983
1520850 986
1520860 986
1520870 988
1520880 988
1520890 988
1520900 991
1520910 993
1520920 993
1520930 996
1520940 1000
1520950 1000
1520960 1003
1520970 1005
1520980 1005
1520990 1008
1521000 1011
1521010 1011
1521020 1016
1521030 1020
1521040 1020
1521050 1025
1521060 1028
1521070 1028
1521080 1031
1521090 1034
1521100 1034
1521110 1039
1521120 1043
1521130 1043
1521140 1048
1521150 1050
1521160 1050
1521170 1051
1521180 1051
1521190 1053
1521200 1053
1521210 1057
1521220 1061
1521230 1061
1521240 1065
1521250 1068
1521260 1068
1521270 1071
1521280 1075
1521290 1075
1521300 1078
1521310 1080
1521320 1080
1521330 1084
1521340 1088
1521350 1088
1521360 1090
1521370 1093
1521380 1093
1521390 1097
1521400 1100
1521410 1100
1521420 1103
1521430 1106
1521440 1106
1521450 1107
1521460 1110
1521470 1110
1521480 1114
1521490 1116
1521500 1116
1521510 1116
1521520 1119
1521530 1119
1521540 1123
1521550 1127
1521560 1127
1521570 1131
1521580 1135
1521590 1135
1521600 1138
1521610 1141
1521620 1141
1521630 1144
1521640 1147
1521650 1151
1521660 1151
1521670 1154
1521680 1158
1521690 1158
1521700 1162
1521710 1165
1521720 1165
1521730 1169
1521740 1174
1521750 1174
1521760 1180
1521770 1185
1521780 1185
1521790 1190
1521800 1194
1521810 1194
1521820 1197
1521830 1201
1521840 1201
1521850 1205
1521860 1208
1521870 1208
1521880 1212
1521890 1215
1521900 1215
1521910 1218
1521920 1221
1521930 1221
1521940 1224
1521950 1227
1521960 1227
1521970 1230
1521980 1234
1521990 1234
1522000 1237
1522010 1240
1522020 1240
1522030 1244
1522040 1249
1522050 1249
1522060 1254
1522070 1258
1522080 1258
1522090 1261
1522100 1264
1522110 1267
1522120 1267
1522130 1270
1522140 1275
1522150 1275
1522160 1280
1522170 1285
1522180 1285
1522190 1289
1522200 1292
1522210 1292
1522220 1295
1522230 1299
1522240 1299
1522250 1304
1522260 1310
1522270 1310
1522280 1314
1522290 1317
1522300 1317
1522310 1318
1522320 1321
1522330 1321
1522340 1325
1522350 1330
1522360 1330
1522370 1333
1522380 1333
1522390 1333
1522400 1334
1522410 1336
1522420 1336
1522430 1339
1522440 1345
1522450 1345
1522460 1349
1522470 1354
1522480 1354
1522490 1357
1522500 1358
1522510 1358
1522520 1361
1522530 1364
1522540 1364
1522550 1367
1522560 1369
1522570 1371
1522580 1371
1522590 1375
1522600 1378
1522610 1378
1522620 1381
1522630 1383
1522640 1383
1522650 1385
1522660 1387
1522670 1387
1522680 1387
1522690 1385
1522700 1385
1522710 1383
1522720 1381
1522730 1381
1522740 1379
1522750 1378
1522760 1378
1522770 1378
1522780 1376
1522790 1376
1522800 1374
1522810 1372
1522820 1372
1522830 1371
1522840 1368
1522850 1368
1522860 1362
1522870 1357
1522880 1357
1522890 1355
1522900 1355
1522910 1355
1522920 1353
1522930 1352
1522940 1352
1522950 1351
1522960 1347
1522970 1347
1522980 1344
1522990 1343
1523000 1343
1523010 1339
1523020 1337
1523030 1338
1523040 1338
1523050 1339
1523060 1337
1523070 1337
1523080 1332
1523090 1330
1523100 1330
1523110 1328
1523120 1327
1523130 1327
1523140 1326
1523150 1326
1523160 1326
1523170 1327
1523180 1327
1523190 1327
1523200 1326
1523210 1326
1523220 1326
1523230 1325
1523240 1325
1523250 1325
1523260 1324
1523270 1325
1523280 1325
1523290 1324
1523300 1323
1523310 1323
1523320 1322
1523330 1321
1523340 1321
1523350 1321
1523360 1321
1523370 1321
1523380 1320
1523390 1319
1523400 1319
1523410 1319
1523420 1318
1523430 1318
1523440 1317
1523450 1316
1523460 1316
1523470 1314
1523480 1312
1523490 1310
1523500 1310
1523510 1310
1523520 1311
1523530 1311
1523540 1313
1523550 1315
1523560 1315
1523570 1316
1523580 1318
1523590 1318
1523600 1319
1523610 1320
1523620 1320
1523630 1320
1523640 1321
1523650 1321
1523660 1324
1523670 1326
1523680 1326
1523690 1327
1523700 1328
1523710 1328
1523720 1329
1523730 1331
1523740 1331
1523750 1332
1523760 1334
1523770 1334
1523780 1334
1523790 1334
1523800 1334
1523810 1333
1523820 1334
1523830 1334
1523840 1335
1523850 1335
1523860 1335
1523870 1335
1523880 1334
1523890 1334
1523900 1332
1523910 1330
1523920 1330
1523930 1329
1523940 1329
1523950 1329
1523960 1330
1523970 1331
1523980 1330
1523990 1330
1524000 1328
1524010 1327
1524020 1327
1524030 1328
1524040 1329
1524050 1329
1524060 1329
1524070 1328
1524080 1328
1524090 1330
1524100 1331
1524110 1331
1524120 1332
1524130 1332
1524140 1332
1524150 1333
1524160 1334
1524170 1334
1524180 1335
1524190 1335
1524200 1335
1524210 1336
1524220 1336
1524230 1336
1524240 1335
1524250 1334
1524260 1334
1524270 1333
1524280 1334
1524290 1334
1524300 1335
1524310 1335
1524320 1335
1524330 1335
1524340 1335
1524350 1335
1524360 1335
1524370 1336
1524380 1336
1524390 1338
1524400 1340
1524410 1340
1524420 1343
1524430 1344
1524440 1345
1524450 1345
1524460 1344
1524470 1342
1524480 1342
1524490 1342
1524500 1343
1524510 1343
1524520 1342
1524530 1341
1524540 1341
1524550 1341
1524560 1338
1524570 1338
1524580 1336
1524590 1336
1524600 1336
1524610 1336
1524620 1335
1524630 1335
1524640 1334
1524650 1336
1524660 1336
1524670 1338
1524680 1341
1524690 1341
1524700 1345
1524710 1346
1524720 1346
1524730 1345
1524740 1345
1524750 1345
1524760 1345
1524770 1348
1524780 1351
1524790 1354
1524800 1358
1524810 1358
1524820 1358
1524830 1359
1524840 1359
1524850 1359
1524860 1362
1524870 1362
1524880 1361
1524890 1362
1524900 1365
1524910 1365
1524920 1369
1524930 1374
1524940 1374
1524950 1376
1524960 1382
1524970 1382
1524980 1391
1524990 1399
1525000 1399
1525010 1403
1525020 1406
1525030 1406
1525040 1408
1525050 1412
1525060 1412
1525070 1415
1525080 1418
1525090 1418
1525100 1421
1525110 1424
1525120 1424
1525130 1427
1525140 1429
1525150 1429
1525160 1432
1525170 1434
1525180 1434
1525190 1437
1525200 1440
1525210 1440
1525220 1441
1525230 1443
1525240 1443
1525250 1444
1525260 1448
1525270 1448
1525280 1453
1525290 1457
1525300 1457
1525310 1459
1525320 1460
1525330 1460
1525340 1463
1525350 1464
1525360 1467
1525370 1467
1525380 1470
1525390 1473
1525400 1473
1525410 1475
1525420 1476
1525430 1476
1525440 1477
1525450 1480
1525460 1480
1525470 1481
1525480 1480
1525490 1480
1525500 1482
1525510 1483
1525520 1483
1525530 1483
1525540 1484
1525550 1484
1525560 1484
1525570 1484
1525580 1484
1525590 1484
1525600 1483
1525610 1483
1525620 1482
1525630 1480
1525640 1480
1525650 1479
1525660 1479
1525670 1479
1525680 1478
1525690 1478
1525700 1478
1525710 1477
1525720 1476
1525730 1476
1525740 1475
1525750 1476
1525760 1476
1525770 1476
1525780 1476
1525790 1476
1525800 1474
1525810 1472
1525820 1471
1525830 1471
1525840 1470
1525850 1469
1525860 1469
1525870 1468
1525880 1467
1525890 1467
1525900 1466
1525910 1464
1525920 1464
1525930 1461
1525940 1459
1525950 1459
1525960 1458
1525970 1456
1525980 1456
1525990 1453
1526000 1450
1526010 1450
1526020 1447
1526030 1444
1526040 1444
1526050 1440
1526060 1440
1526070 1440
1526080 1439
1526090 1436
1526100 1436
1526110 1434
1526120 1432
1526130 1432
1526140 1430
1526150 1429
1526160 1429
1526170 1430
1526180 1431
1526190 1431
1526200 1431
1526210 1429
1526220 1429
1526230 1427
1526240 1428
1526250 1428
1526260 1428
1526270 1429
1526280 1429
1526290 1429
1526300 1430
1526310 1430
1526320 1430
1526330 1428
1526340 1425
1526350 1425
1526360 1423
1526370 1423
1526380 1423
1526390 1420
1526400 1418
1526410 1418
1526420 1417
1526430 1416
1526440 1416
1526450 1416
1526460 1414
1526470 1414
1526480 1411
1526490 1410
1526500 1410
1526510 1407
1526520 1404
1526530 1404
1526540 1402
1526550 1399
1526560 1399
1526570 1397
1526580 1395
1526590 1395
1526600 1393
1526610 1392
1526620 1392
1526630 1392
1526640 1390
1526650 1390
1526660 1388
1526670 1384
1526680 1384
1526690 1380
1526700 1378
1526710 1378
1526720 1375
1526730 1371
1526740 1371
1526750 1363
1526760 1361
1526770 1360
1526780 1360
1526790 1357
1526800 1355
1526810 1355
1526820 1352
1526830 1348
1526840 1348
1526850 1347
1526860 1345
1526870 1345
1526880 1342
1526890 1338
1526900 1338
1526910 1335
1526920 1333
1526930 1333
1526940 1330
1526950 1327
1526960 1327
1526970 1325
1526980 1322
1526990 1322
1527000 1317
1527010 1314
1527020 1314
1527030 1311
1527040 1309
1527050 1309
1527060 1309
1527070 1310
1527080 1310
1527090 1308
1527100 1306
1527110 1306
1527120 1304
1527130 1303
1527140 1303
1527150 1301
1527160 1301
1527170 1301
1527180 1300
1527190 1300
1527200 1300
1527210 1300
1527220 1300
1527230 1301
1527240 1301
1527250 1300
1527260 1298
1527270 1298
1527280 1298
1527290 1299
1527300 1299
1527310 1299
1527320 1300
1527330 1300
1527340 1299
1527350 1298
1527360 1298
1527370 1297
1527380 1295
1527390 1295
1527400 1293
1527410 1290
1527420 1290
1527430 1287
1527440 1282
1527450 1282
1527460 1276
1527470 1271
1527480 1271
1527490 1266
1527500 1263
1527510 1263
1527520 1258
1527530 1254
1527540 1254
1527550 1249
1527560 1245
1527570 1245
1527580 1242
1527590 1238
1527600 1238
1527610 1235
1527620 1231
1527630 1231
1527640 1228
1527650 1224
1527660 1224
1527670 1221
1527680 1220
1527690 1219
1527700 1219
1527710 1220
1527720 1220
1527730 1220
1527740 1220
1527750 1221
1527760 1221
1527770 1224
1527780 1226
1527790 1226
1527800 1229
1527810 1232
1527820 1232
1527830 1235
1527840 1240
1527850 1240
1527860 1247
1527870 1251
1527880 1251
1527890 1253
1527900 1255
1527910 1255
1527920 1257
1527930 1261
1527940 1261
1527950 1266
1527960 1273
1527970 1273
1527980 1281
1527990 1287
1528000 1287
1528010 1293
1528020 1300
1528030 1300
1528040 1306
1528050 1312
1528060 1312
1528070 1319
1528080 1326
1528090 1326
1528100 1332
1528110 1339
1528120 1339
1528130 1345
1528140 1353
1528150 1360
1528160 1360
1528170 1369
1528180 1379
1528190 1379
1528200 1388
1528210 1396
1528220 1396
1528230 1404
1528240 1412
1528250 1412
1528260 1419
1528270 1429
1528280 1429
1528290 1438
1528300 1448
1528310 1448
1528320 1457
1528330 1466
1528340 1466
1528350 1474
1528360 1481
1528370 1481
1528380 1489
1528390 1497
1528400 1497
1528410 1505
1528420 1512
1528430 1512
1528440 1520
1528450 1527
1528460 1527
1528470 1533
1528480 1535
1528490 1535
1528500 1537
1528510 1539
1528520 1539
1528530 1541
1528540 1542
1528550 1542
1528560 1543
1528570 1542
1528580 1542
1528590 1542
1528600 1541
1528610 1542
1528620 1542
1528630 1541
1528640 1541
1528650 1541
1528660 1541
1528670 1540
1528680 1540
1528690 1540
1528700 1540
1528710 1540
1528720 1536
1528730 1527
1528740 1527
1528750 1521
1528760 1517
1528770 1517
1528780 1511
1528790 1506
1528800 1506
1528810 1502
1528820 1498
1528830 1498
1528840 1495
1528850 1491
1528860 1491
1528870 1486
1528880 1481
1528890 1481
1528900 1475
1528910 1470
1528920 1470
1528930 1465
1528940 1461
1528950 1461
1528960 1456
1528970 1455
1528980 1455
1528990 1454
1529000 1452
1529010 1452
1529020 1450
1529030 1449
1529040 1449
1529050 1448
1529060 1449
1529070 1449
1529080 1449
1529090 1450
1529100 1453
1529110 1453
1529120 1456
1529130 1461
1529140 1461
1529150 1465
1529160 1471
1529170 1471
1529180 1478
1529190 1484
1529200 1484
1529210 1491
1529220 1497
1529230 1497
1529240 1503
1529250 1511
1529260 1511
1529270 1519
1529280 1526
1529290 1526
1529300 1532
1529310 1537
1529320 1537
1529330 1541
1529340 1544
1529350 1544
1529360 1546
1529370 1549
1529380 1549
1529390 1550
1529400 1549
1529410 1549
1529420 1547
1529430 1544
1529440 1544
1529450 1545
1529460 1545
1529470 1545
1529480 1543
1529490 1542
1529500 1542
1529510 1541
1529520 1540
1529530 1540
1529540 1540
1529550 1539
1529560 1537
1529570 1537
1529580 1537
1529590 1535
1529600 1535
1529610 1534
1529620 1536
1529630 1536
1529640 1537
1529650 1537
1529660 1537
1529670 1536
1529680 1537
1529690 1537
1529700 1539
1529710 1540
1529720 1540
1529730 1540
1529740 1544
1529750 1544
1529760 1546
1529770 1547
1529780 1547
1529790 1550
1529800 1552
1529810 1552
1529820 1554
1529830 1560
1529840 1560
1529850 1565
1529860 1570
1529870 1570
1529880 1576
1529890 1587
1529900 1587
1529910 1597
1529920 1597
1529930 1597
1529940 1593
1529950 1591
1529960 1591
1529970 1591
1529980 1591
1529990 1591
1530000 1591
1530010 1591
1530020 1592
1530030 1592
1530040 1592
1530050 1592
1530060 1592
1530070 1593
1530080 1596
1530090 1596
1530100 1599
1530110 1603
1530120 1603
1530130 1608
1530140 1608
1530150 1608
1530160 1610
1530170 1611
1530180 1611
1530190 1611
1530200 1610
1530210 1610
1530220 1609
1530230 1609
1530240 1609
1530250 1611
1530260 1611
1530270 1611
1530280 1612
1530290 1613
1530300 1613
1530310 1613
1530320 1612
1530330 1612
1530340 1614
1530350 1614
1530360 1614
1530370 1614
1530380 1611
1530390 1611
1530400 1605
1530410 1594
1530420 1594
1530430 1582
1530440 1574
1530450 1574
1530460 1566
1530470 1556
1530480 1543
1530490 1543
1530500 1528
1530510 1519
1530520 1519
1530530 1512
1530540 1505
1530550 1505
1530560 1499
1530570 1494
1530580 1494
1530590 1488
1530600 1482
1530610 1482
1530620 1475
1530630 1465
1530640 1465
1530650 1449
1530660 1434
1530670 1434
1530680 1422
1530690 1414
1530700 1414
1530710 1407
1530720 1400
1530730 1400
1530740 1391
1530750 1384
1530760 1384
1530770 1379
1530780 1374
1530790 1374
1530800 1369
1530810 1365
1530820 1365
1530830 1360
1530840 1357
1530850 1357
1530860 1354
1530870 1351
1530880 1351
1530890 1348
1530900 1344
1530910 1344
1530920 1340
1530930 1335
1530940 1328
1530950 1328
1530960 1321
1530970 1315
1530980 1315
1530990 1309
1531000 1304
1531010 1304
1531020 1299
1531030 1294
1531040 1294
1531050 1290
1531060 1285
1531070 1285
1531080 1281
1531090 1279
1531100 1279
1531110 1277
1531120 1275
1531130 1275
1531140 1272
1531150 1267
1531160 1267
1531170 1261
1531180 1259
1531190 1259
1531200 1260
1531210 1261
1531220 1261
1531230 1259
1531240 1258
1531250 1258
1531260 1258
1531270 1262
1531280 1262
1531290 1269
1531300 1276
1531310 1276
1531320 1280
1531330 1284
1531340 1284
1531350 1287
1531360 1290
1531370 1290
1531380 1293
1531390 1298
1531400 1298
1531410 1302
1531420 1305
1531430 1310
1531440 1310
1531450 1316
1531460 1322
1531470 1322
1531480 1329
1531490 1336
1531500 1336
1531510 1343
1531520 1352
1531530 1352
1531540 1359
1531550 1367
1531560 1367
1531570 1375
1531580 1381
1531590 1381
1531600 1388
1531610 1395
1531620 1395
1531630 1402
1531640 1410
1531650 1410
1531660 1417
1531670 1424
1531680 1424
1531690 1431
1531700 1439
1531710 1439
1531720 1446
1531730 1453
1531740 1453
1531750 1462
1531760 1475
1531770 1475
1531780 1488
1531790 1502
1531800 1502
1531810 1517
1531820 1527
1531830 1527
1531840 1537
1531850 1547
1531860 1547
1531870 1556
1531880 1564
1531890 1571
1531900 1571
1531910 1579
1531920 1586
1531930 1586
1531940 1593
1531950 1600
1531960 1600
1531970 1606
1531980 1614
1531990 1614
1532000 1622
1532010 1631
1532020 1631
1532030 1639
1532040 1648
1532050 1648
1532060 1657
1532070 1666
1532080 1666
1532090 1673
1532100 1673
1532110 1673
1532120 1669
1532130 1666
1532140 1666
1532150 1664
1532160 1660
1532170 1660
1532180 1659
1532190 1664
1532200 1664
1532210 1666
1532220 1665
1532230 1665
1532240 1665
1532250 1666
1532260 1666
1532270 1669
1532280 1672
1532290 1672
1532300 1675
1532310 1678
1532320 1678
1532330 1681
1532340 1685
1532350 1688
1532360 1688
1532370 1690
1532380 1692
1532390 1692
1532400 1694
1532410 1695
1532420 1695
1532430 1696
1532440 1697
1532450 1697
1532460 1696
1532470 1695
1532480 1695
1532490 1696
1532500 1697
1532510 1697
1532520 1696
1532530 1693
1532540 1693
1532550 1687
1532560 1680
1532570 1680
1532580 1672
1532590 1662
1532600 1662
1532610 1652
1532620 1640
1532630 1640
1532640 1629
1532650 1618
1532660 1618
1532670 1606
1532680 1598
1532690 1598
1532700 1589
1532710 1580
1532720 1580
1532730 1573
1532740 1568
1532750 1568
1532760 1565
1532770 1561
1532780 1561
1532790 1556
1532800 1551
1532810 1549
1532820 1549
1532830 1545
1532840 1539
1532850 1539
1532860 1534
1532870 1530
1532880 1530
1532890 1530
1532900 1531
1532910 1531
1532920 1534
1532930 1535
1532940 1535
1532950 1537
1532960 1536
1532970 1536
1532980 1534
1532990 1529
1533000 1529
1533010 1523
1533020 1519
1533030 1519
1533040 1515
1533050 1513
1533060 1513
1533070 1510
1533080 1506
1533090 1506
1533100 1505
1533110 1503
1533120 1503
1533130 1501
1533140 1502
1533150 1502
1533160 1503
1533170 1503
1533180 1503
1533190 1505
1533200 1506
1533210 1506
1533220 1508
1533230 1509
1533240 1509
1533250 1512
1533260 1515
1533270 1516
1533280 1516
1533290 1515
1533300 1513
1533310 1513
1533320 1514
1533330 1512
1533340 1512
1533350 1511
1533360 1512
1533370 1512
1533380 1516
1533390 1521
1533400 1521
1533410 1525
1533420 1530
1533430 1530
1533440 1531
1533450 1537
1533460 1537
1533470 1543
1533480 1549
1533490 1549
1533500 1555
1533510 1560
1533520 1560
1533530 1567
1533540 1575
1533550 1575
1533560 1582
1533570 1590
1533580 1590
1533590 1596
1533600 1600
1533610 1600
1533620 1605
1533630 1609
1533640 1609
1533650 1611
1533660 1614
1533670 1614
1533680 1618
1533690 1623
1533700 1623
1533710 1629
1533720 1635
1533730 1641
1533740 1641
1533750 1647
1533760 1652
1533770 1652
1533780 1657
1533790 1663
1533800 1663
1533810 1670
1533820 1683
1533830 1683
1533840 1693
1533850 1705
1533860 1705
1533870 1722
1533880 1737
1533890 1737
1533900 1753
1533910 1767
1533920 1767
1533930 1779
1533940 1788
1533950 1788
1533960 1797
1533970 1805
1533980 1805
1533990 1815
1534000 1825
1534010 1825
1534020 1835
1534030 1844
1534040 1844
1534050 1854
1534060 1868
1534070 1868
1534080 1884
1534090 1894
1534100 1894
1534110 1904
1534120 1914
1534130 1914
1534140 1920
1534150 1925
1534160 1925
1534170 1926
1534180 1923
1534190 1923
1534200 1920
1534210 1920
1534220 1925
1534230 1925
1534240 1931
1534250 1936
1534260 1936
1534270 1940
1534280 1939
1534290 1939
1534300 1929
1534310 1919
1534320 1919
1534330 1918
1534340 1925
1534350 1925
1534360 1934
1534370 1942
1534380 1942
1534390 1950
1534400 1956
1534410 1956
1534420 1962
1534430 1966
1534440 1966
1534450 1967
1534460 1967
1534470 1967
1534480 1964
1534490 1969
1534500 1969
1534510 1973
1534520 1976
1534530 1976
1534540 1979
1534550 1982
1534560 1982
1534570 1984
1534580 1987
1534590 1987
1534600 1989
1534610 1991
1534620 1991
1534630 1990
1534640 1980
1534650 1980
1534660 1972
1534670 1960
1534680 1950
1534690 1950
1534700 1940
1534710 1935
1534720 1935
1534730 1931
1534740 1927
1534750 1927
1534760 1923
1534770 1922
1534780 1922
1534790 1916
1534800 1909
1534810 1909
1534820 1904
1534830 1898
1534840 1898
1534850 1894
1534860 1888
1534870 1888
1534880 1885
1534890 1882
1534900 1882
1534910 1881
1534920 1878
1534930 1878
1534940 1870
1534950 1864
1534960 1864
1534970 1861
1534980 1860
1534990 1860
1535000 1859
1535010 1860
1535020 1860
1535030 1858
1535040 1855
1535050 1855
1535060 1853
1535070 1856
1535080 1856
1535090 1859
1535100 1861
1535110 1861
1535120 1862
1535130 1860
1535140 1859
1535150 1859
1535160 1858
1535170 1858
1535180 1858
1535190 1860
1535200 1861
1535210 1861
1535220 1858
1535230 1852
1535240 1852
1535250 1848
1535260 1848
1535270 1848
1535280 1846
1535290 1842
1535300 1842
1535310 1838
1535320 1835
1535330 1835
1535340 1833
1535350 1833
1535360 1833
1535370 1832
1535380 1831
1535390 1831
1535400 1832
1535410 1835
1535420 1835
1535430 1838
1535440 1842
1535450 1842
1535460 1848
1535470 1850
1535480 1850
1535490 1850
1535500 1853
1535510 1853
1535520 1856
1535530 1856
1535540 1856
1535550 1855
1535560 1854
1535570 1854
1535580 1852
1535590 1849
1535600 1843
1535610 1843
1535620 1837
1535630 1837
1535640 1837
1535650 1838
1535660 1839
1535670 1839
1535680 1841
1535690 1842
1535700 1842
1535710 1847
1535720 1851
1535730 1851
1535740 1854
1535750 1856
1535760 1856
1535770 1858
1535780 1861
1535790 1861
1535800 1863
1535810 1864
1535820 1864
1535830 1866
1535840 1868
1535850 1868
1535860 1870
1535870 1873
1535880 1873
1535890 1876
1535900 1882
1535910 1882
1535920 1888
1535930 1895
1535940 1895
1535950 1902
1535960 1907
1535970 1907
1535980 1913
1535990 1919
1536000 1918
1536010 1926
1536020 1933
1536030 1933
1536040 1940
1536050 1948
1536060 1956
1536070 1956
1536080 1963
1536090 1963
1536100 1963
1536110 1960
1536120 1951
1536130 1951
1536140 1941
1536150 1932
1536160 1932
1536170 1920
1536180 1905
1536190 1905
1536200 1896
1536210 1889
1536220 1889
1536230 1882
1536240 1876
1536250 1876
1536260 1868
1536270 1861
1536280 1861
1536290 1855
1536300 1850
1536310 1850
1536320 1847
1536330 1842
1536340 1842
1536350 1842
1536360 1845
1536370 1845
1536380 1846
1536390 1845
1536400 1845
1536410 1842
1536420 1840
1536430 1840
1536440 1838
1536450 1836
1536460 1836
1536470 1835
1536480 1833
1536490 1833
1536500 1832
1536510 1827
1536520 1827
1536530 1823
1536540 1823
1536550 1822
1536560 1822
1536570 1817
1536580 1806
1536590 1806
1536600 1803
1536610 1804
1536620 1804
1536630 1802
1536640 1797
1536650 1797
1536660 1795
1536670 1787
1536680 1787
1536690 1776
1536700 1775
1536710 1775
1536720 1781
1536730 1785
1536740 1785
1536750 1785
1536760 1786
1536770 1786
1536780 1784
1536790 1783
1536800 1783
1536810 1780
1536820 1779
1536830 1779
1536840 1777
1536850 1771
1536860 1771
1536870 1772
1536880 1774
1536890 1774
1536900 1773
1536910 1774
1536920 1774
1536930 1775
1536940 1774
1536950 1774
1536960 1775
1536970 1777
1536980 1777
1536990 1777
1537000 1777
1537010 1776
1537020 1776
1537030 1775
1537040 1774
1537050 1774
1537060 1773
1537070 1774
1537080 1774
1537090 1770
1537100 1766
1537110 1766
1537120 1761
1537130 1757
1537140 1757
1537150 1755
1537160 1753
1537170 1753
1537180 1752
1537190 1751
1537200 1751
1537210 1750
1537220 1749
1537230 1749
1537240 1748
1537250 1745
1537260 1745
1537270 1742
1537280 1740
1537290 1740
1537300 1737
1537310 1736
1537320 1736
1537330 1735
1537340 1733
1537350 1733
1537360 1737
1537370 1740
1537380 1740
1537390 1742
1537400 1742
1537410 1742
1537420 1743
1537430 1747
1537440 1747
1537450 1749
1537460 1751
1537470 1754
1537480 1754
1537490 1755
1537500 1760
1537510 1760
1537520 1762
1537530 1764
1537540 1764
1537550 1766
1537560 1769
1537570 1769
1537580 1771
1537590 1773
1537600 1773
1537610 1774
1537620 1775
1537630 1775
1537640 1775
1537650 1780
1537660 1780
1537670 1782
1537680 1783
1537690 1783
1537700 1784
1537710 1783
1537720 1783
1537730 1786
1537740 1791
1537750 1791
1537760 1794
1537770 1796
1537780 1796
1537790 1801
1537800 1803
1537810 1803
1537820 1802
1537830 1800
1537840 1800
1537850 1802
1537860 1803
1537870 1803
1537880 1803
1537890 1807
1537900 1807
1537910 1806
1537920 1806
1537930 1808
1537940 1808
1537950 1811
1537960 1813
1537970 1813
1537980 1820
1537990 1825
1538000 1825
1538010 1831
1538020 1838
1538030 1838
1538040 1842
1538050 1846
1538060 1846
1538070 1850
1538080 1852
1538090 1852
1538100 1855
1538110 1858
1538120 1858
1538130 1863
1538140 1867
1538150 1867
1538160 1867
1538170 1866
1538180 1866
1538190 1867
1538200 1872
1538210 1872
1538220 1879
1538230 1883
1538240 1883
1538250 1885
1538260 1887
1538270 1887
1538280 1891
1538290 1898
1538300 1898
1538310 1904
1538320 1911
1538330 1911
1538340 1918
1538350 1925
1538360 1925
1538370 1930
1538380 1936
1538390 1942
1538400 1942
1538410 1948
1538420 1955
1538430 1955
1538440 1958
1538450 1964
1538460 1964
1538470 1968
1538480 1973
1538490 1973
1538500 1976
1538510 1980
1538520 1980
1538530 1985
1538540 1987
1538550 1987
1538560 1986
1538570 1980
1538580 1980
1538590 1964
1538600 1955
1538610 1955
1538620 1946
1538630 1935
1538640 1935
1538650 1923
1538660 1914
1538670 1914
1538680 1904
1538690 1889
1538700 1889
1538710 1887
1538720 1885
1538730 1885
1538740 1885
1538750 1882
1538760 1882
1538770 1875
1538780 1869
1538790 1869
1538800 1865
1538810 1860
1538820 1860
1538830 1856
1538840 1850
1538850 1850
1538860 1846
1538870 1843
1538880 1840
1538890 1840
1538900 1841
1538910 1844
1538920 1844
1538930 1848
1538940 1850
1538950 1850
1538960 1850
1538970 1848
1538980 1848
1538990 1849
1539000 1848
1539010 1848
1539020 1843
1539030 1839
1539040 1839
1539050 1844
1539060 1846
1539070 1846
1539080 1851
1539090 1858
1539100 1858
1539110 1865
1539120 1869
1539130 1869
1539140 1878
1539150 1885
1539160 1885
1539170 1890
1539180 1891
1539190 1891
1539200 1890
1539210 1889
1539220 1889
1539230 1889
1539240 1899
1539250 1899
1539260 1906
1539270 1909
1539280 1909
1539290 1911
1539300 1914
1539310 1914
1539320 1920
1539330 1924
1539340 1930
1539350 1930
1539360 1938
1539370 1949
1539380 1949
1539390 1962
1539400 1968
1539410 1968
1539420 1972
1539430 1975
1539440 1975
1539450 1978
1539460 1982
1539470 1982
1539480 1984
1539490 1986
1539500 1986
1539510 1985
1539520 1984
1539530 1984
1539540 1981
1539550 1976
1539560 1976
1539570 1970
1539580 1963
1539590 1963
1539600 1955
1539610 1946
1539620 1946
1539630 1937
1539640 1932
1539650 1932
1539660 1937
1539670 1943
1539680 1943
1539690 1940
1539700 1937
1539710 1937
1539720 1928
1539730 1916
1539740 1916
1539750 1905
1539760 1908
1539770 1908
1539780 1901
1539790 1892
1539800 1889
1539810 1889
1539820 1883
1539830 1878
1539840 1878
1539850 1871
1539860 1866
1539870 1866
1539880 1861
1539890 1855
1539900 1855
1539910 1850
1539920 1848
1539930 1848
1539940 1848
1539950 1848
1539960 1848
1539970 1847
1539980 1845
1539990 1845
