1520000 822
1520010 824
1520020 825
1520030 825
1520040 826
1520050 827
1520060 827
1520070 827
1520080 827
1520090 828
1520100 828
1520110 829
1520120 832
1520130 832
1520140 834
1520150 836
1520160 836
1520170 836
1520180 838
1520190 838
1520200 841
1520210 842
1520220 842
1520230 844
1520240 845
1520250 845
1520260 848
1520270 850
1520280 850
1520290 852
1520300 854
1520310 854
1520320 857
1520330 860
1520340 860
1520350 862
1520360 864
1520370 864
1520380 865
1520390 868
1520400 868
1520410 870
1520420 872
1520430 872
1520440 874
1520450 876
1520460 876
1520470 880
1520480 884
1520490 884
1520500 889
1520510 894
1520520 900
1520530 900
1520540 906
1520550 911
1520560 911
1520570 916
1520580 921
1520590 921
1520600 925
1520610 928
1520620 928
1520630 931
1520640 936
1520650 936
1520660 939
1520670 942
1520680 942
1520690 944
1520700 947
1520710 947
1520720 950
1520730 954
1520740 954
1520750 958
1520760 963
1520770 963
1520780 968
1520790 973
1520800 973
1520810 977
1520820 979
1520830 979
1520840 981
1520850 982
1520860 982
1520870 984
1520880 986
1520890 986
1520900 988
1520910 993
1520920 993
1520930 997
1520940 1002
1520950 1002
1520960 1007
1520970 1011
1520980 1015
1520990 1015
1521000 1017
1521010 1020
1521020 1020
1521030 1024
1521040 1027
1521050 1027
1521060 1028
1521070 1030
1521080 1030
1521090 1033
1521100 1037
1521110 1037
1521120 1042
1521130 1046
1521140 1046
1521150 1050
1521160 1054
1521170 1054
1521180 1057
1521190 1060
1521200 1060
1521210 1064
1521220 1067
1521230 1067
1521240 1071
1521250 1074
1521260 1074
1521270 1076
1521280 1078
1521290 1078
1521300 1080
1521310 1082
1521320 1082
1521330 1084
1521340 1085
1521350 1085
1521360 1088
1521370 1091
1521380 1091
1521390 1094
1521400 1098
1521410 1098
1521420 1100
1521430 1101
1521440 1101
1521450 1101
1521460 1101
1521470 1099
1521480 1099
1521490 1099
1521500 1097
1521510 1097
1521520 1096
1521530 1095
1521540 1095
1521550 1095
1521560 1095
1521570 1095
1521580 1094
1521590 1092
1521600 1092
1521610 1090
1521620 1089
1521630 1089
1521640 1088
1521650 1086
1521660 1086
1521670 1085
1521680 1084
1521690 1084
1521700 1083
1521710 1082
1521720 1082
1521730 1081
1521740 1080
1521750 1080
1521760 1079
1521770 1078
1521780 1078
1521790 1078
1521800 1078
1521810 1078
1521820 1079
1521830 1079
1521840 1079
1521850 1079
1521860 1080
1521870 1080
1521880 1080
1521890 1081
1521900 1082
1521910 1082
1521920 1083
1521930 1084
1521940 1084
1521950 1085
1521960 1086
1521970 1086
1521980 1088
1521990 1090
1522000 1090
1522010 1093
1522020 1095
1522030 1095
1522040 1097
1522050 1098
1522060 1098
1522070 1099
1522080 1101
1522090 1101
1522100 1104
1522110 1107
1522120 1107
1522130 1110
1522140 1113
1522150 1113
1522160 1116
1522170 1119
1522180 1119
1522190 1122
1522200 1127
1522210 1127
1522220 1133
1522230 1137
1522240 1137
1522250 1144
1522260 1150
1522270 1150
1522280 1153
1522290 1154
1522300 1154
1522310 1155
1522320 1157
1522330 1157
1522340 1159
1522350 1162
1522360 1167
1522370 1167
1522380 1168
1522390 1169
1522400 1169
1522410 1171
1522420 1172
1522430 1172
1522440 1171
1522450 1171
1522460 1171
1522470 1171
1522480 1173
1522490 1173
1522500 1177
1522510 1182
1522520 1182
1522530 1185
1522540 1189
1522550 1189
1522560 1194
1522570 1202
1522580 1202
1522590 1212
1522600 1220
1522610 1220
1522620 1227
1522630 1236
1522640 1236
1522650 1243
1522660 1247
1522670 1247
1522680 1252
1522690 1255
1522700 1255
1522710 1257
1522720 1259
1522730 1259
1522740 1260
1522750 1260
1522760 1260
1522770 1262
1522780 1266
1522790 1266
1522800 1269
1522810 1272
1522820 1275
1522830 1275
1522840 1278
1522850 1282
1522860 1282
1522870 1285
1522880 1287
1522890 1287
1522900 1290
1522910 1294
1522920 1294
1522930 1296
1522940 1299
1522950 1299
1522960 1303
1522970 1306
1522980 1306
1522990 1309
1523000 1314
1523010 1314
1523020 1317
1523030 1318
1523040 1318
1523050 1320
1523060 1321
1523070 1321
1523080 1324
1523090 1326
1523100 1326
1523110 1327
1523120 1329
1523130 1329
1523140 1331
1523150 1334
1523160 1334
1523170 1337
1523180 1338
1523190 1338
1523200 1340
1523210 1340
1523220 1340
1523230 1341
1523240 1342
1523250 1342
1523260 1342
1523270 1342
1523280 1342
1523290 1342
1523300 1342
1523310 1342
1523320 1342
1523330 1340
1523340 1339
1523350 1339
1523360 1338
1523370 1338
1523380 1338
1523390 1340
1523400 1339
1523410 1339
1523420 1339
1523430 1340
1523440 1340
1523450 1342
1523460 1343
1523470 1343
1523480 1343
1523490 1344
1523500 1344
1523510 1344
1523520 1344
1523530 1344
1523540 1344
1523550 1344
1523560 1344
1523570 1343
1523580 1344
1523590 1344
1523600 1344
1523610 1342
1523620 1342
1523630 1341
1523640 1341
1523650 1341
1523660 1340
1523670 1340
1523680 1340
1523690 1341
1523700 1339
1523710 1339
1523720 1338
1523730 1335
1523740 1333
1523750 1333
1523760 1330
1523770 1329
1523780 1329
1523790 1328
1523800 1327
1523810 1327
1523820 1326
1523830 1325
1523840 1325
1523850 1323
1523860 1320
1523870 1320
1523880 1318
1523890 1315
1523900 1315
1523910 1311
1523920 1307
1523930 1307
1523940 1304
1523950 1301
1523960 1301
1523970 1299
1523980 1297
1523990 1297
1524000 1296
1524010 1294
1524020 1294
1524030 1293
1524040 1293
1524050 1293
1524060 1293
1524070 1295
1524080 1295
1524090 1299
1524100 1300
1524110 1300
1524120 1298
1524130 1296
1524140 1296
1524150 1296
1524160 1296
1524170 1296
1524180 1296
1524190 1300
1524200 1305
1524210 1305
1524220 1307
1524230 1307
1524240 1307
1524250 1306
1524260 1308
1524270 1308
1524280 1309
1524290 1311
1524300 1311
1524310 1311
1524320 1311
1524330 1311
1524340 1310
1524350 1314
1524360 1314
1524370 1319
1524380 1320
1524390 1320
1524400 1320
1524410 1317
1524420 1317
1524430 1315
1524440 1315
1524450 1315
1524460 1315
1524470 1315
1524480 1315
1524490 1317
1524500 1320
1524510 1320
1524520 1323
1524530 1323
1524540 1323
1524550 1324
1524560 1324
1524570 1324
1524580 1325
1524590 1327
1524600 1327
1524610 1329
1524620 1332
1524630 1332
1524640 1334
1524650 1333
1524660 1333
1524670 1331
1524680 1330
1524690 1329
1524700 1329
1524710 1331
1524720 1332
1524730 1332
1524740 1333
1524750 1334
1524760 1334
1524770 1337
1524780 1340
1524790 1340
1524800 1343
1524810 1345
1524820 1345
1524830 1346
1524840 1348
1524850 1348
1524860 1349
1524870 1353
1524880 1353
1524890 1357
1524900 1360
1524910 1360
1524920 1360
1524930 1360
1524940 1360
1524950 1360
1524960 1363
1524970 1363
1524980 1365
1524990 1366
1525000 1366
1525010 1368
1525020 1373
1525030 1373
1525040 1376
1525050 1377
1525060 1377
1525070 1376
1525080 1374
1525090 1374
1525100 1372
1525110 1373
1525120 1373
1525130 1376
1525140 1379
1525150 1381
1525160 1381
1525170 1384
1525180 1385
1525190 1385
1525200 1386
1525210 1388
1525220 1388
1525230 1389
1525240 1392
1525250 1392
1525260 1394
1525270 1395
1525280 1395
1525290 1397
1525300 1400
1525310 1400
1525320 1406
1525330 1410
1525340 1410
1525350 1411
1525360 1412
1525370 1412
1525380 1412
1525390 1414
1525400 1414
1525410 1415
1525420 1415
1525430 1415
1525440 1417
1525450 1420
1525460 1420
1525470 1422
1525480 1425
1525490 1425
1525500 1426
1525510 1428
1525520 1428
1525530 1429
1525540 1430
1525550 1430
1525560 1433
1525570 1436
1525580 1436
1525590 1437
1525600 1437
1525610 1439
1525620 1439
1525630 1438
1525640 1437
1525650 1437
1525660 1435
1525670 1434
1525680 1434
1525690 1432
1525700 1430
1525710 1430
1525720 1428
1525730 1427
1525740 1427
1525750 1426
1525760 1424
1525770 1424
1525780 1420
1525790 1416
1525800 1416
1525810 1411
1525820 1406
1525830 1406
1525840 1401
1525850 1396
1525860 1396
1525870 1392
1525880 1387
1525890 1387
1525900 1382
1525910 1379
1525920 1379
1525930 1376
1525940 1374
1525950 1374
1525960 1372
1525970 1369
1525980 1369
1525990 1366
1526000 1364
1526010 1364
1526020 1361
1526030 1359
1526040 1359
1526050 1359
1526060 1357
1526070 1355
1526080 1355
1526090 1353
1526100 1350
1526110 1350
1526120 1347
1526130 1343
1526140 1343
1526150 1342
1526160 1340
1526170 1340
1526180 1339
1526190 1337
1526200 1337
1526210 1335
1526220 1332
1526230 1332
1526240 1327
1526250 1320
1526260 1320
1526270 1316
1526280 1314
1526290 1314
1526300 1313
1526310 1313
1526320 1313
1526330 1315
1526340 1314
1526350 1314
1526360 1310
1526370 1307
1526380 1307
1526390 1307
1526400 1308
1526410 1308
1526420 1306
1526430 1302
1526440 1302
1526450 1298
1526460 1295
1526470 1295
1526480 1292
1526490 1291
1526500 1291
1526510 1292
1526520 1292
1526530 1290
1526540 1290
1526550 1287
1526560 1284
1526570 1284
1526580 1281
1526590 1279
1526600 1279
1526610 1276
1526620 1273
1526630 1273
1526640 1272
1526650 1271
1526660 1271
1526670 1271
1526680 1270
1526690 1270
1526700 1269
1526710 1267
1526720 1267
1526730 1267
1526740 1265
1526750 1265
1526760 1264
1526770 1261
1526780 1261
1526790 1256
1526800 1251
1526810 1251
1526820 1248
1526830 1244
1526840 1244
1526850 1241
1526860 1239
1526870 1239
1526880 1236
1526890 1233
1526900 1233
1526910 1232
1526920 1231
1526930 1231
1526940 1229
1526950 1226
1526960 1226
1526970 1224
1526980 1222
1526990 1220
1527000 1220
1527010 1219
1527020 1218
1527030 1218
1527040 1215
1527050 1215
1527060 1215
1527070 1216
1527080 1216
1527090 1216
1527100 1215
1527110 1212
1527120 1212
1527130 1210
1527140 1208
1527150 1208
1527160 1206
1527170 1204
1527180 1204
1527190 1203
1527200 1202
1527210 1202
1527220 1203
1527230 1203
1527240 1203
1527250 1201
1527260 1201
1527270 1201
1527280 1197
1527290 1194
1527300 1194
1527310 1192
1527320 1190
1527330 1190
1527340 1189
1527350 1188
1527360 1188
1527370 1190
1527380 1191
1527390 1191
1527400 1193
1527410 1193
1527420 1193
1527430 1193
1527440 1192
1527450 1191
1527460 1191
1527470 1189
1527480 1187
1527490 1187
1527500 1184
1527510 1180
1527520 1180
1527530 1177
1527540 1174
1527550 1174
1527560 1171
1527570 1168
1527580 1168
1527590 1167
1527600 1166
1527610 1166
1527620 1164
1527630 1161
1527640 1161
1527650 1157
1527660 1154
1527670 1154
1527680 1152
1527690 1155
1527700 1155
1527710 1162
1527720 1170
1527730 1170
1527740 1178
1527750 1185
1527760 1185
1527770 1191
1527780 1197
1527790 1197
1527800 1203
1527810 1210
1527820 1210
1527830 1216
1527840 1223
1527850 1223
1527860 1230
1527870 1236
1527880 1236
1527890 1243
1527900 1249
1527910 1256
1527920 1256
1527930 1263
1527940 1270
1527950 1270
1527960 1276
1527970 1283
1527980 1283
1527990 1290
1528000 1297
1528010 1297
1528020 1304
1528030 1312
1528040 1312
1528050 1321
1528060 1332
1528070 1332
1528080 1340
1528090 1349
1528100 1349
1528110 1368
1528120 1389
1528130 1389
1528140 1399
1528150 1405
1528160 1405
1528170 1410
1528180 1413
1528190 1413
1528200 1415
1528210 1416
1528220 1416
1528230 1417
1528240 1418
1528250 1418
1528260 1420
1528270 1421
1528280 1421
1528290 1422
1528300 1422
1528310 1422
1528320 1422
1528330 1422
1528340 1422
1528350 1422
1528360 1422
1528370 1422
1528380 1422
1528390 1421
1528400 1419
1528410 1419
1528420 1419
1528430 1418
1528440 1418
1528450 1416
1528460 1415
1528470 1415
1528480 1414
1528490 1413
1528500 1413
1528510 1412
1528520 1411
1528530 1411
1528540 1410
1528550 1409
1528560 1409
1528570 1408
1528580 1406
1528590 1406
1528600 1405
1528610 1403
1528620 1403
1528630 1406
1528640 1405
1528650 1405
1528660 1404
1528670 1403
1528680 1403
1528690 1401
1528700 1399
1528710 1399
1528720 1395
1528730 1390
1528740 1390
1528750 1384
1528760 1380
1528770 1380
1528780 1376
1528790 1374
1528800 1374
1528810 1372
1528820 1371
1528830 1371
1528840 1371
1528850 1371
1528860 1371
1528870 1371
1528880 1370
1528890 1369
1528900 1369
1528910 1368
1528920 1368
1528930 1368
1528940 1367
1528950 1365
1528960 1365
1528970 1366
1528980 1370
1528990 1370
1529000 1370
1529010 1371
1529020 1371
1529030 1371
1529040 1371
1529050 1371
1529060 1372
1529070 1374
1529080 1374
1529090 1375
1529100 1377
1529110 1377
1529120 1380
1529130 1382
1529140 1382
1529150 1385
1529160 1388
1529170 1388
1529180 1390
1529190 1392
1529200 1392
1529210 1394
1529220 1395
1529230 1395
1529240 1398
1529250 1400
1529260 1400
1529270 1402
1529280 1406
1529290 1406
1529300 1408
1529310 1410
1529320 1411
1529330 1411
1529340 1413
1529350 1414
1529360 1414
1529370 1415
1529380 1415
1529390 1415
1529400 1414
1529410 1410
1529420 1410
1529430 1404
1529440 1399
1529450 1399
1529460 1395
1529470 1390
1529480 1390
1529490 1382
1529500 1379
1529510 1379
1529520 1376
1529530 1382
1529540 1382
1529550 1387
1529560 1387
1529570 1387
1529580 1386
1529590 1386
1529600 1386
1529610 1386
1529620 1384
1529630 1384
1529640 1379
1529650 1374
1529660 1374
1529670 1370
1529680 1367
1529690 1367
1529700 1364
1529710 1359
1529720 1359
1529730 1356
1529740 1362
1529750 1362
1529760 1371
1529770 1376
1529780 1378
1529790 1378
1529800 1382
1529810 1385
1529820 1385
1529830 1389
1529840 1390
1529850 1390
1529860 1394
1529870 1397
1529880 1397
1529890 1404
1529900 1412
1529910 1412
1529920 1415
1529930 1413
1529940 1413
1529950 1409
1529960 1405
1529970 1405
1529980 1400
1529990 1397
1530000 1397
1530010 1393
1530020 1389
1530030 1389
1530040 1386
1530050 1384
1530060 1384
1530070 1381
1530080 1377
1530090 1377
1530100 1375
1530110 1381
1530120 1381
1530130 1384
1530140 1387
1530150 1387
1530160 1391
1530170 1396
1530180 1396
1530190 1402
1530200 1410
1530210 1410
1530220 1415
1530230 1417
1530240 1419
1530250 1419
1530260 1421
1530270 1423
1530280 1423
1530290 1423
1530300 1422
1530310 1422
1530320 1418
1530330 1416
1530340 1416
1530350 1415
1530360 1415
1530370 1415
1530380 1418
1530390 1427
1530400 1427
1530410 1440
1530420 1454
1530430 1454
1530440 1462
1530450 1468
1530460 1468
1530470 1473
1530480 1475
1530490 1475
1530500 1475
1530510 1474
1530520 1474
1530530 1472
1530540 1469
1530550 1469
1530560 1466
1530570 1465
1530580 1465
1530590 1464
1530600 1459
1530610 1459
1530620 1451
1530630 1446
1530640 1446
1530650 1440
1530660 1434
1530670 1434
1530680 1426
1530690 1421
1530700 1417
1530710 1417
1530720 1415
1530730 1411
1530740 1411
1530750 1405
1530760 1396
1530770 1396
1530780 1385
1530790 1375
1530800 1375
1530810 1369
1530820 1360
1530830 1360
1530840 1349
1530850 1337
1530860 1337
1530870 1325
1530880 1312
1530890 1312
1530900 1297
1530910 1285
1530920 1285
1530930 1274
1530940 1254
1530950 1254
1530960 1225
1530970 1198
1530980 1198
1530990 1191
1531000 1186
1531010 1186
1531020 1182
1531030 1177
1531040 1177
1531050 1174
1531060 1170
1531070 1170
1531080 1166
1531090 1163
1531100 1163
1531110 1162
1531120 1159
1531130 1159
1531140 1157
1531150 1154
1531160 1149
1531170 1149
1531180 1142
1531190 1140
1531200 1140
1531210 1143
1531220 1147
1531230 1147
1531240 1152
1531250 1157
1531260 1157
1531270 1161
1531280 1164
1531290 1164
1531300 1168
1531310 1171
1531320 1171
1531330 1174
1531340 1179
1531350 1179
1531360 1184
1531370 1189
1531380 1189
1531390 1194
1531400 1197
1531410 1197
1531420 1201
1531430 1205
1531440 1205
1531450 1208
1531460 1216
1531470 1216
1531480 1219
1531490 1221
1531500 1221
1531510 1225
1531520 1229
1531530 1229
1531540 1234
1531550 1237
1531560 1237
1531570 1240
1531580 1244
1531590 1244
1531600 1247
1531610 1250
1531620 1253
1531630 1253
1531640 1256
1531650 1259
1531660 1259
1531670 1263
1531680 1267
1531690 1267
1531700 1271
1531710 1275
1531720 1275
1531730 1280
1531740 1284
1531750 1284
1531760 1288
1531770 1297
1531780 1297
1531790 1303
1531800 1320
1531810 1320
1531820 1337
1531830 1348
1531840 1348
1531850 1358
1531860 1366
1531870 1366
1531880 1372
1531890 1376
1531900 1376
1531910 1377
1531920 1377
1531930 1377
1531940 1378
1531950 1380
1531960 1380
1531970 1388
1531980 1395
1531990 1395
1532000 1401
1532010 1406
1532020 1406
1532030 1406
1532040 1411
1532050 1411
1532060 1417
1532070 1418
1532080 1416
1532090 1416
1532100 1414
1532110 1414
1532120 1414
1532130 1417
1532140 1418
1532150 1418
1532160 1420
1532170 1423
1532180 1423
1532190 1426
1532200 1430
1532210 1430
1532220 1434
1532230 1439
1532240 1439
1532250 1444
1532260 1449
1532270 1449
1532280 1452
1532290 1457
1532300 1457
1532310 1460
1532320 1462
1532330 1462
1532340 1466
1532350 1471
1532360 1471
1532370 1477
1532380 1482
1532390 1482
1532400 1485
1532410 1488
1532420 1488
1532430 1490
1532440 1491
1532450 1491
1532460 1492
1532470 1495
1532480 1495
1532490 1496
1532500 1498
1532510 1498
1532520 1499
1532530 1498
1532540 1493
1532550 1493
1532560 1486
1532570 1483
1532580 1483
1532590 1484
1532600 1487
1532610 1487
1532620 1494
1532630 1502
1532640 1502
1532650 1507
1532660 1511
1532670 1511
1532680 1510
1532690 1505
1532700 1505
1532710 1501
1532720 1494
1532730 1494
1532740 1487
1532750 1482
1532760 1482
1532770 1479
1532780 1476
1532790 1476
1532800 1473
1532810 1468
1532820 1468
1532830 1462
1532840 1455
1532850 1455
1532860 1449
1532870 1451
1532880 1451
1532890 1455
1532900 1459
1532910 1459
1532920 1466
1532930 1475
1532940 1475
1532950 1483
1532960 1489
1532970 1489
1532980 1497
1532990 1499
1533000 1500
1533010 1500
1533020 1501
1533030 1501
1533040 1501
1533050 1500
1533060 1497
1533070 1497
1533080 1493
1533090 1493
1533100 1493
1533110 1492
1533120 1493
1533130 1493
1533140 1497
1533150 1501
1533160 1501
1533170 1507
1533180 1513
1533190 1513
1533200 1517
1533210 1523
1533220 1523
1533230 1528
1533240 1531
1533250 1531
1533260 1533
1533270 1537
1533280 1537
1533290 1540
1533300 1541
1533310 1541
1533320 1540
1533330 1542
1533340 1542
1533350 1545
1533360 1554
1533370 1554
1533380 1561
1533390 1561
1533400 1561
1533410 1565
1533420 1571
1533430 1571
1533440 1577
1533450 1583
1533460 1590
1533470 1590
1533480 1595
1533490 1599
1533500 1599
1533510 1613
1533520 1624
1533530 1624
1533540 1629
1533550 1637
1533560 1637
1533570 1641
1533580 1646
1533590 1646
1533600 1653
1533610 1661
1533620 1661
1533630 1664
1533640 1665
1533650 1665
1533660 1671
1533670 1676
1533680 1676
1533690 1683
1533700 1693
1533710 1693
1533720 1703
1533730 1711
1533740 1711
1533750 1718
1533760 1725
1533770 1725
1533780 1729
1533790 1733
1533800 1733
1533810 1737
1533820 1743
1533830 1743
1533840 1747
1533850 1753
1533860 1753
1533870 1758
1533880 1763
1533890 1763
1533900 1769
1533910 1775
1533920 1775
1533930 1779
1533940 1782
1533950 1784
1533960 1784
1533970 1785
1533980 1789
1533990 1789
1534000 1796
1534010 1799
1534020 1799
1534030 1806
1534040 1812
1534050 1812
1534060 1818
1534070 1823
1534080 1823
1534090 1828
1534100 1832
1534110 1832
1534120 1841
1534130 1845
1534140 1845
1534150 1849
1534160 1853
1534170 1853
1534180 1857
1534190 1860
1534200 1860
1534210 1862
1534220 1862
1534230 1862
1534240 1861
1534250 1862
1534260 1862
1534270 1869
1534280 1878
1534290 1878
1534300 1884
1534310 1887
1534320 1887
1534330 1892
1534340 1894
1534350 1894
1534360 1889
1534370 1881
1534380 1881
1534390 1877
1534400 1877
1534410 1883
1534420 1883
1534430 1893
1534440 1901
1534450 1901
1534460 1907
1534470 1913
1534480 1913
1534490 1912
1534500 1917
1534510 1917
1534520 1923
1534530 1930
1534540 1930
1534550 1937
1534560 1943
1534570 1943
1534580 1949
1534590 1956
1534600 1956
1534610 1960
1534620 1964
1534630 1964
1534640 1967
1534650 1971
1534660 1971
1534670 1974
1534680 1976
1534690 1976
1534700 1979
1534710 1981
1534720 1981
1534730 1983
1534740 1985
1534750 1985
1534760 1988
1534770 1991
1534780 1991
1534790 1995
1534800 1998
1534810 1998
1534820 2002
1534830 2006
1534840 2006
1534850 2009
1534860 2012
1534870 2016
1534880 2016
1534890 2020
1534900 2023
1534910 2023
1534920 2027
1534930 2030
1534940 2030
1534950 2033
1534960 2038
1534970 2038
1534980 2041
1534990 2045
1535000 2045
1535010 2048
1535020 2051
1535030 2051
1535040 2054
1535050 2057
1535060 2057
1535070 2060
1535080 2063
1535090 2063
1535100 2066
1535110 2068
1535120 2068
1535130 2070
1535140 2072
1535150 2072
1535160 2075
1535170 2076
1535180 2076
1535190 2073
1535200 2067
1535210 2067
1535220 2061
1535230 2053
1535240 2053
1535250 2049
1535260 2043
1535270 2043
1535280 2038
1535290 2035
1535300 2035
1535310 2033
1535320 2032
1535330 2031
1535340 2031
1535350 2032
1535360 2031
1535370 2031
1535380 2028
1535390 2024
1535400 2024
1535410 2027
1535420 2040
1535430 2040
1535440 2039
1535450 2037
1535460 2037
1535470 2041
1535480 2039
1535490 2039
1535500 2039
1535510 2047
1535520 2047
1535530 2055
1535540 2058
1535550 2058
1535560 2058
1535570 2054
1535580 2054
1535590 2049
1535600 2047
1535610 2047
1535620 2040
1535630 2031
1535640 2031
1535650 2021
1535660 2012
1535670 2012
1535680 2004
1535690 1999
1535700 1999
1535710 1997
1535720 1991
1535730 1991
1535740 1982
1535750 1975
1535760 1975
1535770 1970
1535780 1966
1535790 1961
1535800 1961
1535810 1958
1535820 1955
1535830 1955
1535840 1953
1535850 1948
1535860 1948
1535870 1943
1535880 1940
1535890 1940
1535900 1939
1535910 1939
1535920 1939
1535930 1938
1535940 1931
1535950 1931
1535960 1927
1535970 1926
1535980 1926
1535990 1924
1536000 1923
1536010 1923
1536020 1924
1536030 1925
1536040 1925
1536050 1925
1536060 1921
1536070 1921
1536080 1914
1536090 1902
1536100 1902
1536110 1894
1536120 1894
1536130 1894
1536140 1896
1536150 1894
1536160 1894
1536170 1892
1536180 1887
1536190 1887
1536200 1885
1536210 1884
1536220 1884
1536230 1880
1536240 1873
1536250 1874
1536260 1874
1536270 1877
1536280 1878
1536290 1878
1536300 1878
1536310 1879
1536320 1879
1536330 1879
1536340 1879
1536350 1879
1536360 1879
1536370 1882
1536380 1882
1536390 1887
1536400 1889
1536410 1889
1536420 1892
1536430 1890
1536440 1890
1536450 1893
1536460 1895
1536470 1895
1536480 1899
1536490 1901
1536500 1901
1536510 1903
1536520 1903
1536530 1903
1536540 1903
1536550 1905
1536560 1905
1536570 1907
1536580 1908
1536590 1908
1536600 1906
1536610 1906
1536620 1906
1536630 1903
1536640 1901
1536650 1901
1536660 1899
1536670 1896
1536680 1896
1536690 1891
1536700 1883
1536710 1876
1536720 1876
1536730 1871
1536740 1869
1536750 1869
1536760 1861
1536770 1856
1536780 1856
1536790 1843
1536800 1835
1536810 1835
1536820 1830
1536830 1823
1536840 1823
1536850 1820
1536860 1815
1536870 1815
1536880 1812
1536890 1804
1536900 1804
1536910 1799
1536920 1797
1536930 1797
1536940 1794
1536950 1790
1536960 1790
1536970 1785
1536980 1779
1536990 1779
1537000 1776
1537010 1774
1537020 1774
1537030 1765
1537040 1759
1537050 1759
1537060 1755
1537070 1754
1537080 1754
1537090 1754
1537100 1752
1537110 1752
1537120 1745
1537130 1736
1537140 1736
1537150 1735
1537160 1729
1537170 1723
1537180 1723
1537190 1721
1537200 1717
1537210 1717
1537220 1716
1537230 1717
1537240 1717
1537250 1717
1537260 1723
1537270 1723
1537280 1725
1537290 1724
1537300 1724
1537310 1729
1537320 1734
1537330 1734
1537340 1737
1537350 1735
1537360 1735
1537370 1736
1537380 1735
1537390 1735
1537400 1736
1537410 1746
1537420 1746
1537430 1751
1537440 1755
1537450 1755
1537460 1754
1537470 1753
1537480 1753
1537490 1754
1537500 1756
1537510 1756
1537520 1756
1537530 1758
1537540 1758
1537550 1758
1537560 1759
1537570 1759
1537580 1758
1537590 1763
1537600 1763
1537610 1767
1537620 1769
1537630 1773
1537640 1773
1537650 1777
1537660 1782
1537670 1782
1537680 1787
1537690 1791
1537700 1791
1537710 1795
1537720 1799
1537730 1799
1537740 1802
1537750 1807
1537760 1807
1537770 1814
1537780 1817
1537790 1817
1537800 1818
1537810 1820
1537820 1820
1537830 1820
1537840 1820
1537850 1820
1537860 1824
1537870 1828
1537880 1828
1537890 1829
1537900 1830
1537910 1830
1537920 1833
1537930 1839
1537940 1839
1537950 1841
1537960 1845
1537970 1845
1537980 1850
1537990 1854
1538000 1854
1538010 1862
1538020 1867
1538030 1867
1538040 1870
1538050 1875
1538060 1875
1538070 1881
1538080 1885
1538090 1885
1538100 1888
1538110 1894
1538120 1899
1538130 1899
1538140 1903
1538150 1908
1538160 1908
1538170 1909
1538180 1910
1538190 1910
1538200 1908
1538210 1908
1538220 1908
1538230 1903
1538240 1904
1538250 1904
1538260 1906
1538270 1906
1538280 1906
1538290 1905
1538300 1908
1538310 1908
1538320 1906
1538330 1906
1538340 1906
1538350 1909
1538360 1908
1538370 1908
1538380 1906
1538390 1904
1538400 1904
1538410 1902
1538420 1896
1538430 1896
1538440 1892
1538450 1891
1538460 1891
1538470 1889
1538480 1894
1538490 1894
1538500 1894
1538510 1893
1538520 1893
1538530 1894
1538540 1892
1538550 1892
1538560 1886
1538570 1892
1538580 1905
1538590 1905
1538600 1909
1538610 1909
1538620 1909
1538630 1906
1538640 1906
1538650 1906
1538660 1909
1538670 1911
1538680 1911
1538690 1911
1538700 1910
1538710 1910
1538720 1906
1538730 1903
1538740 1903
1538750 1905
1538760 1905
1538770 1905
1538780 1902
1538790 1903
1538800 1903
1538810 1905
1538820 1903
1538830 1903
1538840 1908
1538850 1914
1538860 1914
1538870 1918
1538880 1921
1538890 1921
1538900 1923
1538910 1927
1538920 1927
1538930 1933
1538940 1936
1538950 1936
1538960 1938
1538970 1936
1538980 1936
1538990 1929
1539000 1922
1539010 1922
1539020 1917
1539030 1917
1539040 1915
1539050 1915
1539060 1908
1539070 1914
1539080 1914
1539090 1918
1539100 1920
1539110 1920
1539120 1921
1539130 1924
1539140 1924
1539150 1925
1539160 1920
1539170 1920
1539180 1917
1539190 1919
1539200 1919
1539210 1922
1539220 1924
1539230 1924
1539240 1924
1539250 1929
1539260 1929
1539270 1931
1539280 1935
1539290 1935
1539300 1937
1539310 1938
1539320 1938
1539330 1943
1539340 1951
1539350 1951
1539360 1953
1539370 1954
1539380 1954
1539390 1957
1539400 1963
1539410 1963
1539420 1968
1539430 1971
1539440 1971
1539450 1972
1539460 1973
1539470 1973
1539480 1973
1539490 1971
1539500 1967
1539510 1967
1539520 1966
1539530 1964
1539540 1964
1539550 1956
1539560 1955
1539570 1955
1539580 1955
1539590 1953
1539600 1953
1539610 1952
1539620 1952
1539630 1952
1539640 1950
1539650 1948
1539660 1948
1539670 1946
1539680 1944
1539690 1944
1539700 1942
1539710 1936
1539720 1936
1539730 1934
1539740 1931
1539750 1931
1539760 1927
1539770 1923
1539780 1923
1539790 1923
1539800 1924
1539810 1924
1539820 1923
1539830 1919
1539840 1919
1539850 1916
1539860 1917
1539870 1917
1539880 1916
1539890 1914
1539900 1914
1539910 1910
1539920 1910
1539930 1910
1539940 1909
1539950 1910
1539960 1906
1539970 1906
1539980 1902
1539990 1897
