1520000 650
1520010 652
1520020 652
1520030 654
1520040 656
1520050 656
1520060 660
1520070 665
1520080 665
1520090 668
1520100 670
1520110 670
1520120 674
1520130 677
1520140 677
1520150 680
1520160 683
1520170 683
1520180 685
1520190 686
1520200 686
1520210 686
1520220 688
1520230 690
1520240 690
1520250 692
1520260 694
1520270 694
1520280 698
1520290 701
1520300 701
1520310 705
1520320 708
1520330 708
1520340 712
1520350 715
1520360 715
1520370 719
1520380 722
1520390 722
1520400 725
1520410 729
1520420 729
1520430 733
1520440 736
1520450 736
1520460 739
1520470 743
1520480 743
1520490 746
1520500 748
1520510 748
1520520 749
1520530 748
1520540 748
1520550 747
1520560 749
1520570 749
1520580 753
1520590 758
1520600 758
1520610 761
1520620 766
1520630 766
1520640 769
1520650 771
1520660 774
1520670 774
1520680 778
1520690 780
1520700 780
1520710 781
1520720 782
1520730 782
1520740 784
1520750 791
1520760 791
1520770 798
1520780 801
1520790 801
1520800 805
1520810 810
1520820 810
1520830 817
1520840 824
1520850 824
1520860 832
1520870 837
1520880 837
1520890 842
1520900 845
1520910 845
1520920 850
1520930 856
1520940 856
1520950 858
1520960 857
1520970 857
1520980 860
1520990 861
1521000 861
1521010 861
1521020 859
1521030 859
1521040 860
1521050 862
1521060 862
1521070 866
1521080 870
1521090 870
1521100 874
1521110 879
1521120 879
1521130 885
1521140 890
1521150 895
1521160 895
1521170 900
1521180 905
1521190 905
1521200 909
1521210 914
1521220 914
1521230 918
1521240 923
1521250 923
1521260 926
1521270 930
1521280 930
1521290 933
1521300 936
1521310 936
1521320 939
1521330 942
1521340 942
1521350 945
1521360 949
1521370 949
1521380 952
1521390 956
1521400 956
1521410 960
1521420 965
1521430 965
1521440 969
1521450 974
1521460 974
1521470 978
1521480 982
1521490 982
1521500 984
1521510 986
1521520 986
1521530 987
1521540 988
1521550 988
1521560 988
1521570 988
1521580 988
1521590 988
1521600 989
1521610 992
1521620 992
1521630 995
1521640 999
1521650 999
1521660 1002
1521670 1005
1521680 1005
1521690 1005
1521700 1004
1521710 1004
1521720 1004
1521730 1005
1521740 1005
1521750 1008
1521760 1011
1521770 1011
1521780 1013
1521790 1016
1521800 1016
1521810 1020
1521820 1024
1521830 1024
1521840 1028
1521850 1032
1521860 1032
1521870 1035
1521880 1039
1521890 1039
1521900 1044
1521910 1048
1521920 1048
1521930 1051
1521940 1055
1521950 1055
1521960 1059
1521970 1064
1521980 1064
1521990 1066
1522000 1068
1522010 1068
1522020 1071
1522030 1075
1522040 1075
1522050 1080
1522060 1085
1522070 1090
1522080 1090
1522090 1097
1522100 1102
1522110 1102
1522120 1108
1522130 1112
1522140 1112
1522150 1116
1522160 1121
1522170 1121
1522180 1126
1522190 1133
1522200 1133
1522210 1140
1522220 1147
1522230 1147
1522240 1153
1522250 1157
1522260 1157
1522270 1162
1522280 1168
1522290 1168
1522300 1174
1522310 1182
1522320 1182
1522330 1190
1522340 1197
1522350 1197
1522360 1203
1522370 1208
1522380 1208
1522390 1212
1522400 1217
1522410 1217
1522420 1223
1522430 1231
1522440 1231
1522450 1238
1522460 1247
1522470 1247
1522480 1252
1522490 1259
1522500 1259
1522510 1265
1522520 1272
1522530 1272
1522540 1278
1522550 1285
1522560 1292
1522570 1292
1522580 1297
1522590 1302
1522600 1302
1522610 1307
1522620 1312
1522630 1312
1522640 1317
1522650 1323
1522660 1323
1522670 1326
1522680 1329
1522690 1329
1522700 1333
1522710 1337
1522720 1337
1522730 1341
1522740 1345
1522750 1345
1522760 1349
1522770 1354
1522780 1354
1522790 1359
1522800 1366
1522810 1366
1522820 1373
1522830 1381
1522840 1381
1522850 1388
1522860 1393
1522870 1393
1522880 1398
1522890 1401
1522900 1401
1522910 1403
1522920 1405
1522930 1405
1522940 1407
1522950 1409
1522960 1409
1522970 1410
1522980 1411
1522990 1411
1523000 1412
1523010 1412
1523020 1412
1523030 1412
1523040 1412
1523050 1413
1523060 1413
1523070 1415
1523080 1417
1523090 1417
1523100 1418
1523110 1420
1523120 1420
1523130 1422
1523140 1425
1523150 1425
1523160 1427
1523170 1428
1523180 1428
1523190 1429
1523200 1429
1523210 1429
1523220 1431
1523230 1434
1523240 1434
1523250 1435
1523260 1435
1523270 1435
1523280 1438
1523290 1441
1523300 1441
1523310 1440
1523320 1438
1523330 1438
1523340 1439
1523350 1441
1523360 1441
1523370 1445
1523380 1446
1523390 1446
1523400 1447
1523410 1447
1523420 1447
1523430 1451
1523440 1456
1523450 1456
1523460 1461
1523470 1463
1523480 1462
1523490 1462
1523500 1461
1523510 1461
1523520 1461
1523530 1459
1523540 1458
1523550 1458
1523560 1458
1523570 1458
1523580 1458
1523590 1460
1523600 1460
1523610 1460
1523620 1460
1523630 1459
1523640 1459
1523650 1459
1523660 1456
1523670 1456
1523680 1455
1523690 1454
1523700 1454
1523710 1454
1523720 1455
1523730 1455
1523740 1454
1523750 1452
1523760 1452
1523770 1450
1523780 1448
1523790 1448
1523800 1447
1523810 1446
1523820 1446
1523830 1446
1523840 1448
1523850 1448
1523860 1450
1523870 1451
1523880 1451
1523890 1451
1523900 1451
1523910 1451
1523920 1451
1523930 1450
1523940 1450
1523950 1450
1523960 1450
1523970 1450
1523980 1450
1523990 1450
1524000 1450
1524010 1450
1524020 1450
1524030 1450
1524040 1450
1524050 1450
1524060 1451
1524070 1451
1524080 1453
1524090 1456
1524100 1456
1524110 1456
1524120 1456
1524130 1456
1524140 1456
1524150 1458
1524160 1458
1524170 1461
1524180 1465
1524190 1465
1524200 1468
1524210 1470
1524220 1470
1524230 1472
1524240 1474
1524250 1474
1524260 1476
1524270 1478
1524280 1478
1524290 1479
1524300 1483
1524310 1483
1524320 1487
1524330 1488
1524340 1488
1524350 1491
1524360 1494
1524370 1494
1524380 1496
1524390 1499
1524400 1499
1524410 1502
1524420 1504
1524430 1507
1524440 1507
1524450 1507
1524460 1508
1524470 1508
1524480 1509
1524490 1512
1524500 1512
1524510 1515
1524520 1517
1524530 1517
1524540 1519
1524550 1522
1524560 1522
1524570 1524
1524580 1527
1524590 1527
1524600 1530
1524610 1534
1524620 1534
1524630 1537
1524640 1540
1524650 1540
1524660 1543
1524670 1546
1524680 1546
1524690 1550
1524700 1553
1524710 1553
1524720 1557
1524730 1562
1524740 1562
1524750 1567
1524760 1571
1524770 1571
1524780 1575
1524790 1578
1524800 1578
1524810 1582
1524820 1585
1524830 1585
1524840 1588
1524850 1591
1524860 1591
1524870 1592
1524880 1593
1524890 1593
1524900 1593
1524910 1592
1524920 1593
1524930 1593
1524940 1594
1524950 1593
1524960 1593
1524970 1586
1524980 1578
1524990 1578
1525000 1571
1525010 1568
1525020 1568
1525030 1566
1525040 1565
1525050 1565
1525060 1563
1525070 1562
1525080 1562
1525090 1561
1525100 1559
1525110 1559
1525120 1557
1525130 1556
1525140 1556
1525150 1555
1525160 1554
1525170 1554
1525180 1557
1525190 1556
1525200 1556
1525210 1554
1525220 1552
1525230 1552
1525240 1550
1525250 1549
1525260 1549
1525270 1546
1525280 1542
1525290 1542
1525300 1539
1525310 1536
1525320 1536
1525330 1534
1525340 1531
1525350 1531
1525360 1529
1525370 1527
1525380 1526
1525390 1526
1525400 1525
1525410 1524
1525420 1524
1525430 1522
1525440 1521
1525450 1521
1525460 1521
1525470 1521
1525480 1521
1525490 1519
1525500 1519
1525510 1519
1525520 1519
1525530 1518
1525540 1518
1525550 1518
1525560 1519
1525570 1519
1525580 1520
1525590 1517
1525600 1517
1525610 1515
1525620 1514
1525630 1514
1525640 1515
1525650 1516
1525660 1516
1525670 1516
1525680 1517
1525690 1517
1525700 1517
1525710 1518
1525720 1518
1525730 1521
1525740 1524
1525750 1524
1525760 1526
1525770 1527
1525780 1527
1525790 1529
1525800 1529
1525810 1529
1525820 1529
1525830 1528
1525840 1529
1525850 1529
1525860 1529
1525870 1528
1525880 1528
1525890 1528
1525900 1529
1525910 1529
1525920 1531
1525930 1531
1525940 1531
1525950 1533
1525960 1533
1525970 1533
1525980 1533
1525990 1533
1526000 1533
1526010 1533
1526020 1533
1526030 1533
1526040 1533
1526050 1533
1526060 1533
1526070 1534
1526080 1535
1526090 1535
1526100 1534
1526110 1534
1526120 1534
1526130 1533
1526140 1532
1526150 1532
1526160 1532
1526170 1531
1526180 1531
1526190 1530
1526200 1529
1526210 1529
1526220 1529
1526230 1530
1526240 1530
1526250 1530
1526260 1529
1526270 1529
1526280 1527
1526290 1528
1526300 1527
1526310 1527
1526320 1526
1526330 1525
1526340 1525
1526350 1524
1526360 1521
1526370 1521
1526380 1519
1526390 1518
1526400 1518
1526410 1517
1526420 1516
1526430 1516
1526440 1515
1526450 1513
1526460 1513
1526470 1511
1526480 1510
1526490 1510
1526500 1511
1526510 1510
1526520 1510
1526530 1506
1526540 1505
1526550 1505
1526560 1505
1526570 1505
1526580 1505
1526590 1505
1526600 1506
1526610 1506
1526620 1505
1526630 1504
1526640 1504
1526650 1505
1526660 1504
1526670 1504
1526680 1503
1526690 1501
1526700 1501
1526710 1498
1526720 1497
1526730 1497
1526740 1496
1526750 1492
1526760 1492
1526770 1490
1526780 1487
1526790 1484
1526800 1484
1526810 1481
1526820 1478
1526830 1478
1526840 1477
1526850 1476
1526860 1476
1526870 1475
1526880 1473
1526890 1473
1526900 1471
1526910 1468
1526920 1468
1526930 1464
1526940 1461
1526950 1461
1526960 1459
1526970 1458
1526980 1458
1526990 1456
1527000 1454
1527010 1454
1527020 1453
1527030 1452
1527040 1452
1527050 1449
1527060 1443
1527070 1443
1527080 1439
1527090 1438
1527100 1438
1527110 1437
1527120 1438
1527130 1438
1527140 1438
1527150 1437
1527160 1437
1527170 1438
1527180 1439
1527190 1439
1527200 1439
1527210 1441
1527220 1441
1527230 1443
1527240 1444
1527250 1440
1527260 1440
1527270 1437
1527280 1433
1527290 1433
1527300 1430
1527310 1428
1527320 1428
1527330 1428
1527340 1430
1527350 1430
1527360 1432
1527370 1434
1527380 1434
1527390 1433
1527400 1431
1527410 1431
1527420 1431
1527430 1431
1527440 1431
1527450 1432
1527460 1433
1527470 1433
1527480 1433
1527490 1433
1527500 1433
1527510 1433
1527520 1431
1527530 1431
1527540 1428
1527550 1426
1527560 1426
1527570 1427
1527580 1426
1527590 1426
1527600 1427
1527610 1425
1527620 1425
1527630 1425
1527640 1426
1527650 1426
1527660 1426
1527670 1428
1527680 1428
1527690 1431
1527700 1432
1527710 1432
1527720 1433
1527730 1435
1527740 1437
1527750 1437
1527760 1438
1527770 1440
1527780 1440
1527790 1443
1527800 1445
1527810 1445
1527820 1446
1527830 1444
1527840 1444
1527850 1445
1527860 1448
1527870 1448
1527880 1452
1527890 1456
1527900 1456
1527910 1460
1527920 1463
1527930 1463
1527940 1464
1527950 1466
1527960 1466
1527970 1467
1527980 1469
1527990 1469
1528000 1471
1528010 1473
1528020 1473
1528030 1474
1528040 1477
1528050 1477
1528060 1479
1528070 1477
1528080 1477
1528090 1475
1528100 1473
1528110 1473
1528120 1468
1528130 1465
1528140 1465
1528150 1462
1528160 1461
1528170 1461
1528180 1460
1528190 1461
1528200 1461
1528210 1461
1528220 1463
1528230 1459
1528240 1459
1528250 1460
1528260 1461
1528270 1461
1528280 1462
1528290 1461
1528300 1461
1528310 1461
1528320 1463
1528330 1463
1528340 1466
1528350 1470
1528360 1470
1528370 1474
1528380 1475
1528390 1475
1528400 1477
1528410 1478
1528420 1478
1528430 1477
1528440 1478
1528450 1478
1528460 1479
1528470 1480
1528480 1480
1528490 1480
1528500 1481
1528510 1481
1528520 1482
1528530 1483
1528540 1483
1528550 1483
1528560 1485
1528570 1485
1528580 1487
1528590 1489
1528600 1489
1528610 1491
1528620 1492
1528630 1492
1528640 1491
1528650 1491
1528660 1492
1528670 1492
1528680 1490
1528690 1487
1528700 1487
1528710 1486
1528720 1486
1528730 1486
1528740 1487
1528750 1490
1528760 1490
1528770 1493
1528780 1497
1528790 1497
1528800 1501
1528810 1510
1528820 1510
1528830 1513
1528840 1518
1528850 1518
1528860 1529
1528870 1537
1528880 1537
1528890 1539
1528900 1540
1528910 1540
1528920 1540
1528930 1540
1528940 1540
1528950 1540
1528960 1542
1528970 1542
1528980 1543
1528990 1544
1529000 1544
1529010 1545
1529020 1548
1529030 1548
1529040 1550
1529050 1550
1529060 1550
1529070 1550
1529080 1549
1529090 1549
1529100 1550
1529110 1551
1529120 1551
1529130 1553
1529140 1557
1529150 1558
1529160 1558
1529170 1560
1529180 1561
1529190 1561
1529200 1560
1529210 1560
1529220 1560
1529230 1563
1529240 1564
1529250 1564
1529260 1563
1529270 1564
1529280 1564
1529290 1565
1529300 1564
1529310 1564
1529320 1564
1529330 1565
1529340 1565
1529350 1564
1529360 1563
1529370 1563
1529380 1564
1529390 1567
1529400 1567
1529410 1568
1529420 1568
1529430 1568
1529440 1568
1529450 1567
1529460 1567
1529470 1570
1529480 1572
1529490 1572
1529500 1576
1529510 1579
1529520 1579
1529530 1581
1529540 1583
1529550 1583
1529560 1584
1529570 1585
1529580 1585
1529590 1585
1529600 1590
1529610 1596
1529620 1596
1529630 1598
1529640 1599
1529650 1599
1529660 1599
1529670 1600
1529680 1600
1529690 1603
1529700 1605
1529710 1605
1529720 1605
1529730 1605
1529740 1605
1529750 1606
1529760 1608
1529770 1608
1529780 1610
1529790 1612
1529800 1612
1529810 1614
1529820 1615
1529830 1615
1529840 1616
1529850 1618
1529860 1618
1529870 1620
1529880 1623
1529890 1623
1529900 1626
1529910 1630
1529920 1630
1529930 1634
1529940 1638
1529950 1638
1529960 1641
1529970 1642
1529980 1642
1529990 1645
1530000 1647
1530010 1647
1530020 1649
1530030 1650
1530040 1650
1530050 1651
1530060 1651
1530070 1653
1530080 1653
1530090 1654
1530100 1655
1530110 1655
1530120 1655
1530130 1654
1530140 1654
1530150 1652
1530160 1649
1530170 1649
1530180 1647
1530190 1645
1530200 1645
1530210 1642
1530220 1640
1530230 1640
1530240 1637
1530250 1633
1530260 1633
1530270 1625
1530280 1618
1530290 1618
1530300 1614
1530310 1612
1530320 1612
1530330 1610
1530340 1608
1530350 1608
1530360 1605
1530370 1598
1530380 1598
1530390 1591
1530400 1586
1530410 1586
1530420 1581
1530430 1579
1530440 1579
1530450 1579
1530460 1577
1530470 1577
1530480 1570
1530490 1561
1530500 1561
1530510 1556
1530520 1553
1530530 1553
1530540 1550
1530550 1547
1530560 1547
1530570 1547
1530580 1545
1530590 1542
1530600 1542
1530610 1536
1530620 1533
1530630 1533
1530640 1532
1530650 1531
1530660 1531
1530670 1528
1530680 1526
1530690 1526
1530700 1529
1530710 1530
1530720 1530
1530730 1526
1530740 1519
1530750 1519
1530760 1515
1530770 1515
1530780 1515
1530790 1517
1530800 1517
1530810 1517
1530820 1517
1530830 1517
1530840 1517
1530850 1515
1530860 1512
1530870 1512
1530880 1511
1530890 1510
1530900 1510
1530910 1509
1530920 1507
1530930 1507
1530940 1506
1530950 1505
1530960 1505
1530970 1505
1530980 1504
1530990 1504
1531000 1503
1531010 1502
1531020 1501
1531030 1501
1531040 1500
1531050 1500
1531060 1500
1531070 1501
1531080 1502
1531090 1502
1531100 1499
1531110 1499
1531120 1499
1531130 1498
1531140 1497
1531150 1497
1531160 1495
1531170 1492
1531180 1492
1531190 1488
1531200 1487
1531210 1487
1531220 1487
1531230 1486
1531240 1486
1531250 1483
1531260 1479
1531270 1479
1531280 1474
1531290 1470
1531300 1470
1531310 1465
1531320 1461
1531330 1461
1531340 1456
1531350 1451
1531360 1451
1531370 1449
1531380 1446
1531390 1446
1531400 1441
1531410 1435
1531420 1435
1531430 1430
1531440 1426
1531450 1426
1531460 1420
1531470 1413
1531480 1406
1531490 1406
1531500 1397
1531510 1388
1531520 1388
1531530 1382
1531540 1377
1531550 1377
1531560 1372
1531570 1366
1531580 1366
1531590 1360
1531600 1356
1531610 1356
1531620 1349
1531630 1343
1531640 1343
1531650 1339
1531660 1336
1531670 1336
1531680 1334
1531690 1333
1531700 1333
1531710 1334
1531720 1336
1531730 1336
1531740 1335
1531750 1339
1531760 1339
1531770 1345
1531780 1349
1531790 1349
1531800 1349
1531810 1348
1531820 1348
1531830 1347
1531840 1345
1531850 1345
1531860 1342
1531870 1337
1531880 1337
1531890 1334
1531900 1334
1531910 1334
1531920 1334
1531930 1331
1531940 1331
1531950 1326
1531960 1321
1531970 1317
1531980 1317
1531990 1314
1532000 1312
1532010 1312
1532020 1311
1532030 1312
1532040 1312
1532050 1311
1532060 1311
1532070 1311
1532080 1311
1532090 1311
1532100 1311
1532110 1313
1532120 1316
1532130 1316
1532140 1319
1532150 1323
1532160 1323
1532170 1329
1532180 1336
1532190 1336
1532200 1352
1532210 1379
1532220 1379
1532230 1396
1532240 1410
1532250 1410
1532260 1423
1532270 1437
1532280 1437
1532290 1451
1532300 1455
1532310 1455
1532320 1453
1532330 1451
1532340 1451
1532350 1447
1532360 1445
1532370 1445
1532380 1443
1532390 1437
1532400 1437
1532410 1430
1532420 1425
1532430 1418
1532440 1418
1532450 1416
1532460 1421
1532470 1421
1532480 1429
1532490 1432
1532500 1432
1532510 1433
1532520 1430
1532530 1430
1532540 1428
1532550 1422
1532560 1422
1532570 1416
1532580 1411
1532590 1411
1532600 1412
1532610 1412
1532620 1412
1532630 1410
1532640 1407
1532650 1407
1532660 1401
1532670 1397
1532680 1397
1532690 1398
1532700 1401
1532710 1401
1532720 1403
1532730 1406
1532740 1406
1532750 1410
1532760 1414
1532770 1414
1532780 1417
1532790 1421
1532800 1421
1532810 1426
1532820 1434
1532830 1434
1532840 1443
1532850 1450
1532860 1450
1532870 1457
1532880 1462
1532890 1462
1532900 1467
1532910 1470
1532920 1473
1532930 1473
1532940 1476
1532950 1478
1532960 1478
1532970 1481
1532980 1485
1532990 1485
1533000 1491
1533010 1498
1533020 1498
1533030 1511
1533040 1520
1533050 1520
1533060 1530
1533070 1537
1533080 1537
1533090 1541
1533100 1548
1533110 1548
1533120 1562
1533130 1574
1533140 1574
1533150 1586
1533160 1597
1533170 1597
1533180 1607
1533190 1614
1533200 1614
1533210 1618
1533220 1623
1533230 1623
1533240 1630
1533250 1638
1533260 1638
1533270 1645
1533280 1654
1533290 1654
1533300 1666
1533310 1673
1533320 1673
1533330 1675
1533340 1679
1533350 1679
1533360 1681
1533370 1684
1533380 1686
1533390 1686
1533400 1688
1533410 1692
1533420 1692
1533430 1694
1533440 1692
1533450 1692
1533460 1687
1533470 1681
1533480 1681
1533490 1677
1533500 1674
1533510 1674
1533520 1674
1533530 1673
1533540 1673
1533550 1674
1533560 1679
1533570 1679
1533580 1684
1533590 1689
1533600 1689
1533610 1693
1533620 1698
1533630 1698
1533640 1702
1533650 1707
1533660 1707
1533670 1711
1533680 1715
1533690 1715
1533700 1719
1533710 1721
1533720 1721
1533730 1718
1533740 1711
1533750 1711
1533760 1705
1533770 1698
1533780 1698
1533790 1691
1533800 1685
1533810 1685
1533820 1677
1533830 1668
1533840 1660
1533850 1660
1533860 1654
1533870 1649
1533880 1649
1533890 1645
1533900 1641
1533910 1641
1533920 1638
1533930 1634
1533940 1634
1533950 1631
1533960 1630
1533970 1630
1533980 1630
1533990 1631
1534000 1631
1534010 1631
1534020 1631
1534030 1631
1534040 1631
1534050 1631
1534060 1631
1534070 1630
1534080 1628
1534090 1628
1534100 1626
1534110 1626
1534120 1626
1534130 1627
1534140 1628
1534150 1628
1534160 1630
1534170 1632
1534180 1632
1534190 1633
1534200 1633
1534210 1633
1534220 1634
1534230 1637
1534240 1637
1534250 1639
1534260 1642
1534270 1642
1534280 1645
1534290 1650
1534300 1650
1534310 1653
1534320 1658
1534330 1664
1534340 1664
1534350 1670
1534360 1674
1534370 1674
1534380 1676
1534390 1678
1534400 1678
1534410 1679
1534420 1676
1534430 1676
1534440 1671
1534450 1671
1534460 1671
1534470 1672
1534480 1672
1534490 1672
1534500 1673
1534510 1672
1534520 1672
1534530 1669
1534540 1667
1534550 1667
1534560 1662
1534570 1655
1534580 1655
1534590 1649
1534600 1645
1534610 1645
1534620 1643
1534630 1645
1534640 1645
1534650 1646
1534660 1648
1534670 1648
1534680 1651
1534690 1655
1534700 1655
1534710 1659
1534720 1665
1534730 1665
1534740 1671
1534750 1678
1534760 1678
1534770 1685
1534780 1693
1534790 1701
1534800 1701
1534810 1708
1534820 1717
1534830 1717
1534840 1726
1534850 1734
1534860 1734
1534870 1742
1534880 1748
1534890 1748
1534900 1742
1534910 1732
1534920 1732
1534930 1721
1534940 1712
1534950 1712
1534960 1704
1534970 1697
1534980 1697
1534990 1690
1535000 1683
1535010 1683
1535020 1676
1535030 1669
1535040 1669
1535050 1663
1535060 1658
1535070 1658
1535080 1655
1535090 1651
1535100 1651
1535110 1647
1535120 1644
1535130 1644
1535140 1638
1535150 1631
1535160 1631
1535170 1629
1535180 1632
1535190 1632
1535200 1632
1535210 1633
1535220 1633
1535230 1635
1535240 1635
1535250 1634
1535260 1634
1535270 1633
1535280 1631
1535290 1631
1535300 1627
1535310 1623
1535320 1623
1535330 1622
1535340 1625
1535350 1625
1535360 1627
1535370 1628
1535380 1628
1535390 1627
1535400 1628
1535410 1628
1535420 1628
1535430 1628
1535440 1628
1535450 1633
1535460 1634
1535470 1634
1535480 1631
1535490 1626
1535500 1626
1535510 1625
1535520 1626
1535530 1626
1535540 1624
1535550 1629
1535560 1629
1535570 1642
1535580 1655
1535590 1655
1535600 1672
1535610 1686
1535620 1686
1535630 1709
1535640 1722
1535650 1722
1535660 1734
1535670 1750
1535680 1750
1535690 1764
1535700 1771
1535710 1771
1535720 1764
1535730 1757
1535740 1749
1535750 1749
1535760 1741
1535770 1743
1535780 1743
1535790 1744
1535800 1732
1535810 1732
1535820 1721
1535830 1710
1535840 1710
1535850 1705
1535860 1697
1535870 1697
1535880 1689
1535890 1685
1535900 1685
1535910 1683
1535920 1681
1535930 1681
1535940 1676
1535950 1676
1535960 1676
1535970 1677
1535980 1678
1535990 1678
1536000 1673
1536010 1669
1536020 1669
1536030 1667
1536040 1661
1536050 1661
1536060 1654
1536070 1649
1536080 1649
1536090 1644
1536100 1637
1536110 1637
1536120 1626
1536130 1612
1536140 1612
1536150 1604
1536160 1600
1536170 1600
1536180 1598
1536190 1595
1536200 1593
1536210 1593
1536220 1590
1536230 1586
1536240 1586
1536250 1582
1536260 1581
1536270 1581
1536280 1580
1536290 1579
1536300 1579
1536310 1575
1536320 1573
1536330 1573
1536340 1573
1536350 1574
1536360 1574
1536370 1574
1536380 1574
1536390 1574
1536400 1576
1536410 1577
1536420 1577
1536430 1580
1536440 1585
1536450 1585
1536460 1589
1536470 1592
1536480 1592
1536490 1595
1536500 1598
1536510 1598
1536520 1600
1536530 1599
1536540 1599
1536550 1597
1536560 1597
1536570 1597
1536580 1599
1536590 1601
1536600 1601
1536610 1604
1536620 1607
1536630 1607
1536640 1607
1536650 1606
1536660 1606
1536670 1605
1536680 1603
1536690 1598
1536700 1598
1536710 1594
1536720 1592
1536730 1592
1536740 1591
1536750 1589
1536760 1589
1536770 1584
1536780 1583
1536790 1583
1536800 1583
1536810 1583
1536820 1583
1536830 1583
1536840 1581
1536850 1581
1536860 1578
1536870 1579
1536880 1579
1536890 1582
1536900 1585
1536910 1585
1536920 1591
1536930 1595
1536940 1595
1536950 1595
1536960 1597
1536970 1597
1536980 1599
1536990 1602
1537000 1602
1537010 1605
1537020 1607
1537030 1607
1537040 1611
1537050 1613
1537060 1613
1537070 1615
1537080 1617
1537090 1617
1537100 1620
1537110 1623
1537120 1623
1537130 1626
1537140 1629
1537150 1633
1537160 1633
1537170 1636
1537180 1640
1537190 1640
1537200 1643
1537210 1646
1537220 1646
1537230 1648
1537240 1649
1537250 1649
1537260 1652
1537270 1656
1537280 1656
1537290 1661
1537300 1665
1537310 1665
1537320 1670
1537330 1673
1537340 1673
1537350 1676
1537360 1682
1537370 1682
1537380 1687
1537390 1690
1537400 1690
1537410 1691
1537420 1691
1537430 1691
1537440 1694
1537450 1697
1537460 1697
1537470 1699
1537480 1703
1537490 1703
1537500 1708
1537510 1713
1537520 1713
1537530 1718
1537540 1723
1537550 1723
1537560 1728
1537570 1730
1537580 1730
1537590 1733
1537600 1734
1537610 1733
1537620 1733
1537630 1731
1537640 1726
1537650 1726
1537660 1720
1537670 1714
1537680 1714
1537690 1709
1537700 1703
1537710 1703
1537720 1697
1537730 1693
1537740 1693
1537750 1689
1537760 1683
1537770 1683
1537780 1680
1537790 1678
1537800 1678
1537810 1676
1537820 1674
1537830 1674
1537840 1673
1537850 1676
1537860 1676
1537870 1684
1537880 1690
1537890 1690
1537900 1693
1537910 1695
1537920 1695
1537930 1698
1537940 1703
1537950 1703
1537960 1708
1537970 1710
1537980 1710
1537990 1711
1538000 1710
1538010 1710
1538020 1711
1538030 1713
1538040 1713
1538050 1718
1538060 1720
1538070 1720
1538080 1721
1538090 1723
1538100 1725
1538110 1725
1538120 1727
1538130 1725
1538140 1725
1538150 1721
1538160 1719
1538170 1719
1538180 1717
1538190 1715
1538200 1715
1538210 1714
1538220 1713
1538230 1713
1538240 1710
1538250 1705
1538260 1705
1538270 1702
1538280 1701
1538290 1701
1538300 1701
1538310 1702
1538320 1702
1538330 1704
1538340 1706
1538350 1706
1538360 1705
1538370 1706
1538380 1706
1538390 1707
1538400 1704
1538410 1704
1538420 1701
1538430 1700
1538440 1700
1538450 1698
1538460 1696
1538470 1696
1538480 1693
1538490 1691
1538500 1691
1538510 1690
1538520 1690
1538530 1690
1538540 1685
1538550 1677
1538560 1669
1538570 1669
1538580 1665
1538590 1661
1538600 1661
1538610 1661
1538620 1662
1538630 1662
1538640 1663
1538650 1664
1538660 1664
1538670 1666
1538680 1667
1538690 1667
1538700 1668
1538710 1671
1538720 1671
1538730 1671
1538740 1673
1538750 1673
1538760 1677
1538770 1679
1538780 1679
1538790 1681
1538800 1684
1538810 1684
1538820 1686
1538830 1687
1538840 1687
1538850 1687
1538860 1687
1538870 1687
1538880 1687
1538890 1688
1538900 1688
1538910 1689
1538920 1689
1538930 1689
1538940 1689
1538950 1688
1538960 1688
1538970 1688
1538980 1686
1538990 1686
1539000 1685
1539010 1685
1539020 1685
1539030 1688
1539040 1692
1539050 1695
1539060 1695
1539070 1699
1539080 1702
1539090 1702
1539100 1705
1539110 1706
1539120 1706
1539130 1710
1539140 1712
1539150 1712
1539160 1715
1539170 1720
1539180 1720
1539190 1726
1539200 1730
1539210 1730
1539220 1732
1539230 1732
1539240 1732
1539250 1732
1539260 1735
1539270 1735
1539280 1738
1539290 1743
1539300 1743
1539310 1746
1539320 1744
1539330 1744
1539340 1739
1539350 1735
1539360 1735
1539370 1739
1539380 1742
1539390 1742
1539400 1746
1539410 1750
1539420 1750
1539430 1756
1539440 1764
1539450 1764
1539460 1773
1539470 1779
1539480 1779
1539490 1783
1539500 1788
1539510 1792
1539520 1792
1539530 1798
1539540 1799
1539550 1799
1539560 1800
1539570 1803
1539580 1803
1539590 1805
1539600 1804
1539610 1804
1539620 1801
1539630 1792
1539640 1792
1539650 1785
1539660 1780
1539670 1780
1539680 1776
1539690 1773
1539700 1773
1539710 1772
1539720 1771
1539730 1771
1539740 1770
1539750 1769
1539760 1769
1539770 1769
1539780 1771
1539790 1771
1539800 1772
1539810 1773
1539820 1773
1539830 1773
1539840 1775
1539850 1775
1539860 1779
1539870 1785
1539880 1785
1539890 1789
1539900 1792
1539910 1792
1539920 1793
1539930 1794
1539940 1794
1539950 1796
1539960 1800
1539970 1806
1539980 1806
1539990 1812
