1520000 635
1520010 635
1520020 627
1520030 620
1520040 620
1520050 614
1520060 608
1520070 608
1520080 602
1520090 594
1520100 594
1520110 587
1520120 580
1520130 580
1520140 573
1520150 566
1520160 566
1520170 559
1520180 553
1520190 553
1520200 545
1520210 538
1520220 538
1520230 531
1520240 526
1520250 526
1520260 521
1520270 516
1520280 516
1520290 512
1520300 508
1520310 508
1520320 503
1520330 501
1520340 501
1520350 496
1520360 490
1520370 484
1520380 484
1520390 478
1520400 472
1520410 472
1520420 467
1520430 466
1520440 466
1520450 464
1520460 461
1520470 461
1520480 460
1520490 458
1520500 458
1520510 456
1520520 456
1520530 456
1520540 456
1520550 454
1520560 454
1520570 454
1520580 453
1520590 453
1520600 452
1520610 452
1520620 452
1520630 451
1520640 451
1520650 451
1520660 451
1520670 452
1520680 452
1520690 454
1520700 454
1520710 454
1520720 456
1520730 458
1520740 458
1520750 462
1520760 466
1520770 466
1520780 468
1520790 472
1520800 472
1520810 477
1520820 482
1520830 482
1520840 489
1520850 496
1520860 502
1520870 502
1520880 506
1520890 510
1520900 510
1520910 515
1520920 520
1520930 520
1520940 525
1520950 530
1520960 530
1520970 535
1520980 541
1520990 541
1521000 546
1521010 552
1521020 552
1521030 556
1521040 561
1521050 561
1521060 567
1521070 574
1521080 574
1521090 580
1521100 586
1521110 586
1521120 593
1521130 600
1521140 600
1521150 607
1521160 614
1521170 614
1521180 621
1521190 628
1521200 628
1521210 635
1521220 641
1521230 641
1521240 648
1521250 654
1521260 654
1521270 660
1521280 666
1521290 666
1521300 672
1521310 678
1521320 685
1521330 685
1521340 691
1521350 698
1521360 698
1521370 704
1521380 711
1521390 711
1521400 719
1521410 726
1521420 726
1521430 733
1521440 741
1521450 741
1521460 748
1521470 755
1521480 755
1521490 762
1521500 769
1521510 769
1521520 776
1521530 782
1521540 782
1521550 789
1521560 796
1521570 796
1521580 804
1521590 811
1521600 811
1521610 819
1521620 826
1521630 826
1521640 834
1521650 841
1521660 841
1521670 850
1521680 857
1521690 857
1521700 865
1521710 873
1521720 873
1521730 882
1521740 890
1521750 890
1521760 898
1521770 906
1521780 906
1521790 913
1521800 920
1521810 927
1521820 927
1521830 934
1521840 942
1521850 942
1521860 949
1521870 957
1521880 957
1521890 964
1521900 972
1521910 972
1521920 979
1521930 987
1521940 987
1521950 994
1521960 1001
1521970 1001
1521980 1008
1521990 1014
1522000 1014
1522010 1020
1522020 1026
1522030 1026
1522040 1031
1522050 1034
1522060 1034
1522070 1036
1522080 1038
1522090 1038
1522100 1037
1522110 1037
1522120 1037
1522130 1038
1522140 1041
1522150 1041
1522160 1044
1522170 1046
1522180 1046
1522190 1047
1522200 1049
1522210 1049
1522220 1052
1522230 1055
1522240 1055
1522250 1060
1522260 1065
1522270 1071
1522280 1071
1522290 1077
1522300 1084
1522310 1084
1522320 1091
1522330 1098
1522340 1098
1522350 1103
1522360 1106
1522370 1106
1522380 1108
1522390 1110
1522400 1110
1522410 1114
1522420 1119
1522430 1119
1522440 1124
1522450 1126
1522460 1126
1522470 1129
1522480 1127
1522490 1127
1522500 1132
1522510 1137
1522520 1137
1522530 1140
1522540 1142
1522550 1142
1522560 1141
1522570 1141
1522580 1141
1522590 1143
1522600 1148
1522610 1148
1522620 1154
1522630 1159
1522640 1159
1522650 1164
1522660 1166
1522670 1166
1522680 1166
1522690 1170
1522700 1170
1522710 1175
1522720 1182
1522730 1182
1522740 1188
1522750 1194
1522760 1199
1522770 1199
1522780 1205
1522790 1211
1522800 1211
1522810 1217
1522820 1221
1522830 1221
1522840 1223
1522850 1225
1522860 1225
1522870 1227
1522880 1229
1522890 1229
1522900 1231
1522910 1233
1522920 1233
1522930 1232
1522940 1229
1522950 1229
1522960 1227
1522970 1225
1522980 1225
1522990 1223
1523000 1220
1523010 1220
1523020 1217
1523030 1214
1523040 1214
1523050 1210
1523060 1213
1523070 1213
1523080 1218
1523090 1223
1523100 1223
1523110 1227
1523120 1231
1523130 1231
1523140 1234
1523150 1237
1523160 1237
1523170 1239
1523180 1238
1523190 1238
1523200 1236
1523210 1235
1523220 1235
1523230 1234
1523240 1235
1523250 1239
1523260 1239
1523270 1242
1523280 1246
1523290 1246
1523300 1246
1523310 1244
1523320 1244
1523330 1241
1523340 1237
1523350 1237
1523360 1233
1523370 1228
1523380 1228
1523390 1224
1523400 1221
1523410 1221
1523420 1219
1523430 1219
1523440 1219
1523450 1220
1523460 1223
1523470 1223
1523480 1227
1523490 1232
1523500 1232
1523510 1237
1523520 1241
1523530 1241
1523540 1246
1523550 1250
1523560 1250
1523570 1253
1523580 1254
1523590 1254
1523600 1254
1523610 1252
1523620 1252
1523630 1251
1523640 1253
1523650 1253
1523660 1254
1523670 1251
1523680 1251
1523690 1250
1523700 1255
1523710 1260
1523720 1260
1523730 1266
1523740 1272
1523750 1272
1523760 1276
1523770 1277
1523780 1277
1523790 1278
1523800 1278
1523810 1278
1523820 1278
1523830 1276
1523840 1276
1523850 1272
1523860 1266
1523870 1266
1523880 1257
1523890 1249
1523900 1249
1523910 1242
1523920 1236
1523930 1236
1523940 1231
1523950 1227
1523960 1227
1523970 1220
1523980 1212
1523990 1212
1524000 1204
1524010 1199
1524020 1199
1524030 1198
1524040 1196
1524050 1196
1524060 1196
1524070 1196
1524080 1196
1524090 1198
1524100 1198
1524110 1198
1524120 1198
1524130 1198
1524140 1198
1524150 1197
1524160 1193
1524170 1193
1524180 1185
1524190 1173
1524200 1160
1524210 1160
1524220 1149
1524230 1137
1524240 1137
1524250 1126
1524260 1116
1524270 1116
1524280 1104
1524290 1093
1524300 1093
1524310 1083
1524320 1077
1524330 1077
1524340 1071
1524350 1063
1524360 1063
1524370 1053
1524380 1039
1524390 1039
1524400 1028
1524410 1019
1524420 1019
1524430 1018
1524440 1015
1524450 1015
1524460 1011
1524470 1005
1524480 1005
1524490 997
1524500 994
1524510 994
1524520 990
1524530 995
1524540 995
1524550 996
1524560 994
1524570 994
1524580 990
1524590 986
1524600 986
1524610 981
1524620 978
1524630 978
1524640 979
1524650 983
1524660 983
1524670 986
1524680 986
1524690 987
1524700 987
1524710 989
1524720 984
1524730 984
1524740 986
1524750 997
1524760 997
1524770 1003
1524780 1007
1524790 1007
1524800 1011
1524810 1012
1524820 1012
1524830 1014
1524840 1020
1524850 1020
1524860 1027
1524870 1034
1524880 1034
1524890 1042
1524900 1053
1524910 1053
1524920 1063
1524930 1070
1524940 1070
1524950 1080
1524960 1089
1524970 1089
1524980 1097
1524990 1107
1525000 1107
1525010 1116
1525020 1126
1525030 1126
1525040 1137
1525050 1147
1525060 1147
1525070 1155
1525080 1164
1525090 1164
1525100 1173
1525110 1184
1525120 1184
1525130 1195
1525140 1203
1525150 1210
1525160 1210
1525170 1214
1525180 1217
1525190 1217
1525200 1218
1525210 1219
1525220 1219
1525230 1224
1525240 1232
1525250 1232
1525260 1240
1525270 1247
1525280 1247
1525290 1255
1525300 1260
1525310 1260
1525320 1263
1525330 1264
1525340 1264
1525350 1266
1525360 1268
1525370 1268
1525380 1266
1525390 1265
1525400 1265
1525410 1267
1525420 1267
1525430 1267
1525440 1268
1525450 1271
1525460 1271
1525470 1274
1525480 1278
1525490 1278
1525500 1284
1525510 1291
1525520 1291
1525530 1298
1525540 1304
1525550 1304
1525560 1310
1525570 1316
1525580 1316
1525590 1320
1525600 1324
1525610 1324
1525620 1325
1525630 1323
1525640 1321
1525650 1321
1525660 1320
1525670 1319
1525680 1319
1525690 1317
1525700 1320
1525710 1320
1525720 1323
1525730 1326
1525740 1320
1525750 1320
1525760 1321
1525770 1321
1525780 1322
1525790 1323
1525800 1323
1525810 1323
1525820 1323
1525830 1323
1525840 1324
1525850 1327
1525860 1327
1525870 1334
1525880 1340
1525890 1340
1525900 1345
1525910 1349
1525920 1349
1525930 1355
1525940 1361
1525950 1361
1525960 1368
1525970 1377
1525980 1377
1525990 1385
1526000 1394
1526010 1394
1526020 1403
1526030 1413
1526040 1413
1526050 1425
1526060 1434
1526070 1434
1526080 1445
1526090 1453
1526100 1453
1526110 1459
1526120 1466
1526130 1471
1526140 1471
1526150 1474
1526160 1476
1526170 1476
1526180 1480
1526190 1484
1526200 1484
1526210 1487
1526220 1491
1526230 1491
1526240 1495
1526250 1501
1526260 1501
1526270 1505
1526280 1510
1526290 1510
1526300 1517
1526310 1525
1526320 1525
1526330 1533
1526340 1539
1526350 1539
1526360 1543
1526370 1545
1526380 1545
1526390 1547
1526400 1549
1526410 1549
1526420 1549
1526430 1549
1526440 1549
1526450 1551
1526460 1552
1526470 1552
1526480 1554
1526490 1557
1526500 1557
1526510 1559
1526520 1562
1526530 1562
1526540 1567
1526550 1574
1526560 1574
1526570 1580
1526580 1586
1526590 1591
1526600 1591
1526610 1596
1526620 1600
1526630 1600
1526640 1604
1526650 1610
1526660 1610
1526670 1616
1526680 1624
1526690 1624
1526700 1630
1526710 1636
1526720 1636
1526730 1643
1526740 1651
1526750 1651
1526760 1658
1526770 1666
1526780 1666
1526790 1672
1526800 1675
1526810 1675
1526820 1679
1526830 1682
1526840 1682
1526850 1686
1526860 1689
1526870 1689
1526880 1691
1526890 1696
1526900 1696
1526910 1701
1526920 1705
1526930 1705
1526940 1711
1526950 1718
1526960 1718
1526970 1725
1526980 1731
1526990 1731
1527000 1733
1527010 1731
1527020 1731
1527030 1725
1527040 1720
1527050 1720
1527060 1714
1527070 1709
1527080 1704
1527090 1704
1527100 1695
1527110 1690
1527120 1690
1527130 1686
1527140 1682
1527150 1682
1527160 1677
1527170 1671
1527180 1671
1527190 1666
1527200 1664
1527210 1664
1527220 1661
1527230 1658
1527240 1658
1527250 1653
1527260 1649
1527270 1649
1527280 1646
1527290 1644
1527300 1644
1527310 1642
1527320 1640
1527330 1640
1527340 1639
1527350 1637
1527360 1637
1527370 1636
1527380 1635
1527390 1635
1527400 1636
1527410 1636
1527420 1636
1527430 1635
1527440 1634
1527450 1634
1527460 1634
1527470 1636
1527480 1636
1527490 1639
1527500 1642
1527510 1642
1527520 1644
1527530 1645
1527540 1645
1527550 1646
1527560 1650
1527570 1650
1527580 1650
1527590 1648
1527600 1647
1527610 1647
1527620 1647
1527630 1650
1527640 1650
1527650 1654
1527660 1654
1527670 1654
1527680 1653
1527690 1651
1527700 1651
1527710 1649
1527720 1647
1527730 1647
1527740 1645
1527750 1641
1527760 1641
1527770 1636
1527780 1635
1527790 1635
1527800 1636
1527810 1635
1527820 1635
1527830 1636
1527840 1635
1527850 1635
1527860 1633
1527870 1636
1527880 1636
1527890 1640
1527900 1642
1527910 1642
1527920 1641
1527930 1639
1527940 1639
1527950 1637
1527960 1638
1527970 1638
1527980 1638
1527990 1638
1528000 1638
1528010 1638
1528020 1638
1528030 1637
1528040 1637
1528050 1638
1528060 1639
1528070 1639
1528080 1641
1528090 1643
1528100 1643
1528110 1643
1528120 1643
1528130 1643
1528140 1642
1528150 1642
1528160 1642
1528170 1642
1528180 1643
1528190 1643
1528200 1644
1528210 1644
1528220 1644
1528230 1644
1528240 1645
1528250 1645
1528260 1643
1528270 1640
1528280 1640
1528290 1638
1528300 1636
1528310 1636
1528320 1634
1528330 1633
1528340 1633
1528350 1631
1528360 1628
1528370 1628
1528380 1623
1528390 1620
1528400 1620
1528410 1617
1528420 1613
1528430 1613
1528440 1611
1528450 1608
1528460 1608
1528470 1605
1528480 1602
1528490 1602
1528500 1599
1528510 1595
1528520 1592
1528530 1592
1528540 1589
1528550 1584
1528560 1584
1528570 1574
1528580 1568
1528590 1568
1528600 1564
1528610 1561
1528620 1561
1528630 1558
1528640 1556
1528650 1556
1528660 1556
1528670 1555
1528680 1555
1528690 1554
1528700 1553
1528710 1553
1528720 1553
1528730 1551
1528740 1551
1528750 1547
1528760 1542
1528770 1542
1528780 1538
1528790 1531
1528800 1531
1528810 1525
1528820 1522
1528830 1522
1528840 1521
1528850 1519
1528860 1519
1528870 1515
1528880 1510
1528890 1510
1528900 1505
1528910 1498
1528920 1498
1528930 1492
1528940 1487
1528950 1487
1528960 1484
1528970 1480
1528980 1480
1528990 1472
1529000 1465
1529010 1457
1529020 1457
1529030 1447
1529040 1432
1529050 1432
1529060 1421
1529070 1408
1529080 1408
1529090 1397
1529100 1387
1529110 1387
1529120 1381
1529130 1374
1529140 1374
1529150 1364
1529160 1357
1529170 1357
1529180 1351
1529190 1345
1529200 1345
1529210 1341
1529220 1337
1529230 1337
1529240 1337
1529250 1335
1529260 1335
1529270 1331
1529280 1328
1529290 1328
1529300 1327
1529310 1327
1529320 1327
1529330 1331
1529340 1330
1529350 1330
1529360 1327
1529370 1321
1529380 1321
1529390 1315
1529400 1311
1529410 1311
1529420 1307
1529430 1303
1529440 1303
1529450 1302
1529460 1301
1529470 1298
1529480 1298
1529490 1293
1529500 1286
1529510 1286
1529520 1270
1529530 1252
1529540 1252
1529550 1236
1529560 1223
1529570 1223
1529580 1210
1529590 1196
1529600 1196
1529610 1187
1529620 1181
1529630 1181
1529640 1181
1529650 1180
1529660 1180
1529670 1178
1529680 1174
1529690 1174
1529700 1171
1529710 1170
1529720 1170
1529730 1169
1529740 1166
1529750 1166
1529760 1162
1529770 1161
1529780 1161
1529790 1158
1529800 1156
1529810 1156
1529820 1158
1529830 1160
1529840 1160
1529850 1161
1529860 1162
1529870 1162
1529880 1165
1529890 1168
1529900 1168
1529910 1171
1529920 1175
1529930 1175
1529940 1175
1529950 1173
1529960 1168
1529970 1168
1529980 1168
1529990 1166
1530000 1166
1530010 1166
1530020 1164
1530030 1164
1530040 1159
1530050 1152
1530060 1152
1530070 1154
1530080 1155
1530090 1155
1530100 1152
1530110 1152
1530120 1152
1530130 1152
1530140 1153
1530150 1153
1530160 1158
1530170 1161
1530180 1161
1530190 1163
1530200 1166
1530210 1166
1530220 1168
1530230 1171
1530240 1171
1530250 1176
1530260 1180
1530270 1180
1530280 1180
1530290 1178
1530300 1178
1530310 1173
1530320 1179
1530330 1179
1530340 1182
1530350 1183
1530360 1183
1530370 1183
1530380 1183
1530390 1183
1530400 1183
1530410 1183
1530420 1183
1530430 1183
1530440 1181
1530450 1180
1530460 1180
1530470 1178
1530480 1175
1530490 1175
1530500 1172
1530510 1165
1530520 1165
1530530 1157
1530540 1151
1530550 1151
1530560 1147
1530570 1143
1530580 1143
1530590 1138
1530600 1133
1530610 1133
1530620 1134
1530630 1137
1530640 1137
1530650 1141
1530660 1146
1530670 1146
1530680 1151
1530690 1157
1530700 1157
1530710 1161
1530720 1162
1530730 1162
1530740 1163
1530750 1162
1530760 1162
1530770 1160
1530780 1158
1530790 1158
1530800 1155
1530810 1155
1530820 1155
1530830 1160
1530840 1174
1530850 1174
1530860 1181
1530870 1187
1530880 1187
1530890 1194
1530900 1202
1530910 1209
1530920 1209
1530930 1215
1530940 1223
1530950 1223
1530960 1230
1530970 1238
1530980 1238
1530990 1245
1531000 1253
1531010 1253
1531020 1259
1531030 1266
1531040 1266
1531050 1275
1531060 1281
1531070 1281
1531080 1286
1531090 1290
1531100 1290
1531110 1294
1531120 1297
1531130 1297
1531140 1301
1531150 1305
1531160 1305
1531170 1306
1531180 1308
1531190 1308
1531200 1310
1531210 1313
1531220 1313
1531230 1316
1531240 1321
1531250 1321
1531260 1327
1531270 1332
1531280 1332
1531290 1334
1531300 1337
1531310 1337
1531320 1342
1531330 1348
1531340 1348
1531350 1349
1531360 1355
1531370 1355
1531380 1366
1531390 1370
1531400 1378
1531410 1378
1531420 1389
1531430 1395
1531440 1395
1531450 1399
1531460 1410
1531470 1410
1531480 1427
1531490 1441
1531500 1441
1531510 1449
1531520 1449
1531530 1449
1531540 1445
1531550 1441
1531560 1441
1531570 1431
1531580 1433
1531590 1433
1531600 1436
1531610 1433
1531620 1433
1531630 1431
1531640 1427
1531650 1427
1531660 1424
1531670 1421
1531680 1421
1531690 1418
1531700 1414
1531710 1414
1531720 1411
1531730 1408
1531740 1408
1531750 1405
1531760 1403
1531770 1403
1531780 1402
1531790 1400
1531800 1400
1531810 1398
1531820 1393
1531830 1393
1531840 1385
1531850 1381
1531860 1381
1531870 1377
1531880 1372
1531890 1367
1531900 1367
1531910 1362
1531920 1357
1531930 1357
1531940 1351
1531950 1346
1531960 1346
1531970 1342
1531980 1338
1531990 1338
1532000 1335
1532010 1331
1532020 1331
1532030 1328
1532040 1325
1532050 1325
1532060 1325
1532070 1322
1532080 1322
1532090 1319
1532100 1316
1532110 1316
1532120 1314
1532130 1315
1532140 1315
1532150 1315
1532160 1313
1532170 1313
1532180 1312
1532190 1312
1532200 1312
1532210 1314
1532220 1316
1532230 1316
1532240 1318
1532250 1319
1532260 1319
1532270 1320
1532280 1321
1532290 1321
1532300 1322
1532310 1324
1532320 1324
1532330 1326
1532340 1328
1532350 1329
1532360 1329
1532370 1323
1532380 1303
1532390 1303
1532400 1286
1532410 1276
1532420 1276
1532430 1266
1532440 1254
1532450 1254
1532460 1247
1532470 1241
1532480 1241
1532490 1234
1532500 1230
1532510 1230
1532520 1227
1532530 1226
1532540 1226
1532550 1224
1532560 1224
1532570 1224
1532580 1226
1532590 1228
1532600 1228
1532610 1229
1532620 1222
1532630 1222
1532640 1215
1532650 1209
1532660 1209
1532670 1198
1532680 1189
1532690 1189
1532700 1178
1532710 1168
1532720 1168
1532730 1158
1532740 1141
1532750 1141
1532760 1121
1532770 1109
1532780 1109
1532790 1104
1532800 1099
1532810 1099
1532820 1095
1532830 1091
1532840 1088
1532850 1088
1532860 1086
1532870 1085
1532880 1085
1532890 1083
1532900 1083
1532910 1083
1532920 1083
1532930 1084
1532940 1084
1532950 1087
1532960 1089
1532970 1089
1532980 1092
1532990 1095
1533000 1095
1533010 1099
1533020 1106
1533030 1106
1533040 1118
1533050 1123
1533060 1123
1533070 1126
1533080 1129
1533090 1129
1533100 1131
1533110 1127
1533120 1127
1533130 1122
1533140 1116
1533150 1116
1533160 1114
1533170 1118
1533180 1118
1533190 1125
1533200 1132
1533210 1132
1533220 1138
1533230 1145
1533240 1145
1533250 1152
1533260 1160
1533270 1160
1533280 1170
1533290 1193
1533300 1193
1533310 1206
1533320 1218
1533330 1227
1533340 1227
1533350 1228
1533360 1228
1533370 1228
1533380 1232
1533390 1230
1533400 1230
1533410 1229
1533420 1228
1533430 1228
1533440 1229
1533450 1231
1533460 1231
1533470 1235
1533480 1242
1533490 1242
1533500 1255
1533510 1273
1533520 1273
1533530 1287
1533540 1296
1533550 1296
1533560 1302
1533570 1307
1533580 1307
1533590 1311
1533600 1313
1533610 1313
1533620 1314
1533630 1319
1533640 1319
1533650 1322
1533660 1325
1533670 1325
1533680 1326
1533690 1330
1533700 1330
1533710 1332
1533720 1336
1533730 1336
1533740 1344
1533750 1349
1533760 1349
1533770 1349
1533780 1354
1533790 1352
1533800 1352
1533810 1333
1533820 1318
1533830 1318
1533840 1304
1533850 1297
1533860 1297
1533870 1291
1533880 1284
1533890 1284
1533900 1278
1533910 1276
1533920 1276
1533930 1277
1533940 1278
1533950 1278
1533960 1278
1533970 1275
1533980 1275
1533990 1269
1534000 1262
1534010 1262
1534020 1254
1534030 1244
1534040 1244
1534050 1227
1534060 1211
1534070 1211
1534080 1194
1534090 1183
1534100 1183
1534110 1169
1534120 1152
1534130 1152
1534140 1140
1534150 1135
1534160 1135
1534170 1130
1534180 1125
1534190 1125
1534200 1121
1534210 1118
1534220 1118
1534230 1110
1534240 1110
1534250 1110
1534260 1109
1534270 1106
1534280 1102
1534290 1102
1534300 1098
1534310 1096
1534320 1096
1534330 1092
1534340 1089
1534350 1089
1534360 1086
1534370 1084
1534380 1084
1534390 1083
1534400 1081
1534410 1081
1534420 1078
1534430 1076
1534440 1076
1534450 1073
1534460 1068
1534470 1068
1534480 1061
1534490 1056
1534500 1056
1534510 1056
1534520 1058
1534530 1058
1534540 1058
1534550 1059
1534560 1059
1534570 1060
1534580 1061
1534590 1061
1534600 1061
1534610 1062
1534620 1062
1534630 1064
1534640 1068
1534650 1068
1534660 1072
1534670 1077
1534680 1077
1534690 1081
1534700 1089
1534710 1089
1534720 1090
1534730 1092
1534740 1092
1534750 1093
1534760 1093
1534770 1088
1534780 1088
1534790 1082
1534800 1080
1534810 1080
1534820 1085
1534830 1096
1534840 1096
1534850 1104
1534860 1112
1534870 1112
1534880 1115
1534890 1117
1534900 1117
1534910 1118
1534920 1119
1534930 1119
1534940 1121
1534950 1122
1534960 1122
1534970 1123
1534980 1126
1534990 1126
1535000 1128
1535010 1129
1535020 1129
1535030 1132
1535040 1133
1535050 1133
1535060 1133
1535070 1136
1535080 1136
1535090 1144
1535100 1151
1535110 1151
1535120 1156
1535130 1165
1535140 1165
1535150 1173
1535160 1182
1535170 1182
1535180 1188
1535190 1200
1535200 1200
1535210 1216
1535220 1217
1535230 1196
1535240 1196
1535250 1172
1535260 1158
1535270 1158
1535280 1153
1535290 1148
1535300 1148
1535310 1140
1535320 1129
1535330 1129
1535340 1122
1535350 1114
1535360 1114
1535370 1107
1535380 1098
1535390 1098
1535400 1087
1535410 1072
1535420 1072
1535430 1055
1535440 1043
1535450 1043
1535460 1042
1535470 1041
1535480 1041
1535490 1041
1535500 1040
1535510 1040
1535520 1039
1535530 1038
1535540 1038
1535550 1037
1535560 1037
1535570 1037
1535580 1037
1535590 1036
1535600 1036
1535610 1035
1535620 1035
1535630 1035
1535640 1034
1535650 1033
1535660 1033
1535670 1031
1535680 1029
1535690 1029
1535700 1027
1535710 1028
1535720 1026
1535730 1026
1535740 1027
1535750 1032
1535760 1032
1535770 1036
1535780 1042
1535790 1042
1535800 1047
1535810 1051
1535820 1051
1535830 1057
1535840 1063
1535850 1063
1535860 1069
1535870 1074
1535880 1074
1535890 1080
1535900 1086
1535910 1086
1535920 1091
1535930 1095
1535940 1095
1535950 1098
1535960 1102
1535970 1102
1535980 1105
1535990 1109
1536000 1109
1536010 1113
1536020 1116
1536030 1116
1536040 1120
1536050 1125
1536060 1125
1536070 1131
1536080 1138
1536090 1138
1536100 1148
1536110 1171
1536120 1171
1536130 1185
1536140 1199
1536150 1199
1536160 1207
1536170 1220
1536180 1220
1536190 1239
1536200 1249
1536210 1259
1536220 1259
1536230 1269
1536240 1278
1536250 1278
1536260 1288
1536270 1296
1536280 1296
1536290 1304
1536300 1311
1536310 1311
1536320 1316
1536330 1323
1536340 1323
1536350 1331
1536360 1339
1536370 1339
1536380 1348
1536390 1361
1536400 1361
1536410 1373
1536420 1388
1536430 1388
1536440 1413
1536450 1440
1536460 1440
1536470 1451
1536480 1454
1536490 1454
1536500 1461
1536510 1470
1536520 1470
1536530 1481
1536540 1493
1536550 1493
1536560 1501
1536570 1508
1536580 1508
1536590 1516
1536600 1525
1536610 1525
1536620 1533
1536630 1543
1536640 1543
1536650 1551
1536660 1561
1536670 1572
1536680 1572
1536690 1589
1536700 1601
1536710 1601
1536720 1611
1536730 1620
1536740 1620
1536750 1618
1536760 1631
1536770 1631
1536780 1639
1536790 1648
1536800 1648
1536810 1659
1536820 1676
1536830 1676
1536840 1700
1536850 1719
1536860 1719
1536870 1731
1536880 1739
1536890 1739
1536900 1745
1536910 1748
1536920 1748
1536930 1749
1536940 1750
1536950 1750
1536960 1753
1536970 1755
1536980 1755
1536990 1756
1537000 1759
1537010 1759
1537020 1761
1537030 1765
1537040 1765
1537050 1769
1537060 1774
1537070 1774
1537080 1781
1537090 1790
1537100 1790
1537110 1798
1537120 1806
1537130 1806
1537140 1820
1537150 1828
1537160 1814
1537170 1814
1537180 1794
1537190 1786
1537200 1786
1537210 1780
1537220 1774
1537230 1774
1537240 1768
1537250 1759
1537260 1759
1537270 1749
1537280 1743
1537290 1743
1537300 1741
1537310 1738
1537320 1738
1537330 1725
1537340 1709
1537350 1709
1537360 1700
1537370 1694
1537380 1694
1537390 1685
1537400 1675
1537410 1675
1537420 1665
1537430 1650
1537440 1650
1537450 1640
1537460 1632
1537470 1632
1537480 1619
1537490 1600
1537500 1600
1537510 1583
1537520 1574
1537530 1574
1537540 1568
1537550 1562
1537560 1562
1537570 1556
1537580 1552
1537590 1552
1537600 1549
1537610 1547
1537620 1547
1537630 1544
1537640 1541
1537650 1539
1537660 1539
1537670 1536
1537680 1534
1537690 1534
1537700 1532
1537710 1532
1537720 1532
1537730 1532
1537740 1533
1537750 1533
1537760 1534
1537770 1533
1537780 1533
1537790 1532
1537800 1528
1537810 1528
1537820 1520
1537830 1510
1537840 1510
1537850 1500
1537860 1491
1537870 1491
1537880 1484
1537890 1478
1537900 1478
1537910 1470
1537920 1463
1537930 1463
1537940 1456
1537950 1450
1537960 1450
1537970 1444
1537980 1437
1537990 1437
1538000 1430
1538010 1426
1538020 1426
1538030 1421
1538040 1418
1538050 1418
1538060 1414
1538070 1410
1538080 1410
1538090 1405
1538100 1399
1538110 1394
1538120 1394
1538130 1387
1538140 1381
1538150 1381
1538160 1372
1538170 1366
1538180 1366
1538190 1363
1538200 1360
1538210 1360
1538220 1356
1538230 1355
1538240 1355
1538250 1354
1538260 1353
1538270 1353
1538280 1352
1538290 1351
1538300 1351
1538310 1350
1538320 1348
1538330 1348
1538340 1342
1538350 1340
1538360 1340
1538370 1337
1538380 1335
1538390 1335
1538400 1333
1538410 1333
1538420 1333
1538430 1332
1538440 1330
1538450 1330
1538460 1330
1538470 1332
1538480 1332
1538490 1334
1538500 1337
1538510 1337
1538520 1341
1538530 1345
1538540 1345
1538550 1349
1538560 1352
1538570 1352
1538580 1356
1538590 1362
1538600 1368
1538610 1368
1538620 1373
1538630 1380
1538640 1380
1538650 1390
1538660 1399
1538670 1399
1538680 1404
1538690 1408
1538700 1408
1538710 1414
1538720 1420
1538730 1420
1538740 1426
1538750 1433
1538760 1433
1538770 1441
1538780 1448
1538790 1448
1538800 1455
1538810 1462
1538820 1462
1538830 1468
1538840 1474
1538850 1474
1538860 1478
1538870 1484
1538880 1484
1538890 1489
1538900 1495
1538910 1495
1538920 1501
1538930 1508
1538940 1508
1538950 1515
1538960 1522
1538970 1522
1538980 1528
1538990 1534
1539000 1534
1539010 1540
1539020 1546
1539030 1546
1539040 1553
1539050 1559
1539060 1559
1539070 1564
1539080 1570
1539090 1575
1539100 1575
1539110 1581
1539120 1587
1539130 1587
1539140 1595
1539150 1602
1539160 1600
1539170 1606
1539180 1610
1539190 1610
1539200 1614
1539210 1620
1539220 1620
1539230 1626
1539240 1631
1539250 1631
1539260 1637
1539270 1644
1539280 1644
1539290 1651
1539300 1659
1539310 1659
1539320 1667
1539330 1674
1539340 1674
1539350 1680
1539360 1688
1539370 1688
1539380 1696
1539390 1703
1539400 1703
1539410 1708
1539420 1713
1539430 1713
1539440 1717
1539450 1718
1539460 1718
1539470 1711
1539480 1703
1539490 1703
1539500 1695
1539510 1687
1539520 1687
1539530 1681
1539540 1677
1539550 1673
1539560 1673
1539570 1669
1539580 1666
1539590 1666
1539600 1663
1539610 1660
1539620 1660
1539630 1656
1539640 1655
1539650 1655
1539660 1655
1539670 1656
1539680 1656
1539690 1657
1539700 1658
1539710 1658
1539720 1659
1539730 1661
1539740 1661
1539750 1662
1539760 1663
1539770 1663
1539780 1663
1539790 1661
1539800 1661
1539810 1662
1539820 1661
1539830 1661
1539840 1658
1539850 1655
1539860 1655
1539870 1652
1539880 1648
1539890 1648
1539900 1643
1539910 1640
1539920 1640
1539930 1636
1539940 1632
1539950 1632
1539960 1627
1539970 1623
1539980 1623
1539990 1619
