1520000 549
1520010 548
1520020 546
1520030 546
1520040 544
1520050 542
1520060 542
1520070 540
1520080 538
1520090 538
1520100 536
1520110 533
1520120 533
1520130 527
1520140 520
1520150 520
1520160 511
1520170 503
1520180 503
1520190 497
1520200 493
1520210 493
1520220 490
1520230 487
1520240 484
1520250 484
1520260 481
1520270 480
1520280 480
1520290 482
1520300 485
1520310 485
1520320 488
1520330 491
1520340 491
1520350 493
1520360 496
1520370 496
1520380 500
1520390 503
1520400 503
1520410 506
1520420 509
1520430 509
1520440 511
1520450 513
1520460 513
1520470 515
1520480 518
1520490 518
1520500 521
1520510 525
1520520 525
1520530 529
1520540 532
1520550 532
1520560 537
1520570 541
1520580 541
1520590 544
1520600 546
1520610 546
1520620 547
1520630 547
1520640 547
1520650 549
1520660 551
1520670 551
1520680 553
1520690 555
1520700 555
1520710 557
1520720 560
1520730 564
1520740 564
1520750 567
1520760 570
1520770 570
1520780 574
1520790 578
1520800 578
1520810 582
1520820 586
1520830 586
1520840 590
1520850 594
1520860 594
1520870 596
1520880 598
1520890 598
1520900 600
1520910 602
1520920 602
1520930 606
1520940 610
1520950 610
1520960 613
1520970 615
1520980 615
1520990 616
1521000 616
1521010 616
1521020 617
1521030 618
1521040 618
1521050 618
1521060 618
1521070 618
1521080 614
1521090 606
1521100 606
1521110 598
1521120 592
1521130 592
1521140 587
1521150 581
1521160 581
1521170 577
1521180 573
1521190 573
1521200 568
1521210 565
1521220 565
1521230 563
1521240 562
1521250 559
1521260 559
1521270 556
1521280 551
1521290 551
1521300 547
1521310 545
1521320 545
1521330 541
1521340 537
1521350 537
1521360 533
1521370 528
1521380 528
1521390 522
1521400 518
1521410 518
1521420 514
1521430 513
1521440 513
1521450 514
1521460 516
1521470 516
1521480 518
1521490 522
1521500 522
1521510 528
1521520 533
1521530 533
1521540 539
1521550 546
1521560 546
1521570 553
1521580 559
1521590 559
1521600 565
1521610 572
1521620 572
1521630 578
1521640 583
1521650 583
1521660 588
1521670 591
1521680 591
1521690 595
1521700 597
1521710 597
1521720 598
1521730 601
1521740 604
1521750 604
1521760 605
1521770 605
1521780 605
1521790 606
1521800 610
1521810 610
1521820 613
1521830 615
1521840 615
1521850 623
1521860 632
1521870 632
1521880 640
1521890 647
1521900 647
1521910 653
1521920 659
1521930 659
1521940 664
1521950 670
1521960 670
1521970 677
1521980 683
1521990 683
1522000 689
1522010 694
1522020 694
1522030 698
1522040 701
1522050 701
1522060 703
1522070 705
1522080 705
1522090 707
1522100 707
1522110 707
1522120 706
1522130 708
1522140 708
1522150 706
1522160 704
1522170 704
1522180 706
1522190 706
1522200 706
1522210 707
1522220 711
1522230 711
1522240 720
1522250 728
1522260 736
1522270 736
1522280 743
1522290 750
1522300 750
1522310 757
1522320 763
1522330 763
1522340 770
1522350 776
1522360 776
1522370 782
1522380 787
1522390 787
1522400 794
1522410 801
1522420 801
1522430 808
1522440 815
1522450 815
1522460 821
1522470 828
1522480 828
1522490 834
1522500 838
1522510 838
1522520 843
1522530 848
1522540 848
1522550 853
1522560 859
1522570 859
1522580 864
1522590 868
1522600 868
1522610 870
1522620 871
1522630 871
1522640 875
1522650 879
1522660 879
1522670 884
1522680 889
1522690 889
1522700 894
1522710 902
1522720 902
1522730 909
1522740 918
1522750 925
1522760 925
1522770 931
1522780 937
1522790 937
1522800 940
1522810 947
1522820 947
1522830 954
1522840 961
1522850 961
1522860 967
1522870 972
1522880 972
1522890 979
1522900 988
1522910 988
1522920 996
1522930 1004
1522940 1004
1522950 1008
1522960 1012
1522970 1012
1522980 1017
1522990 1021
1523000 1021
1523010 1027
1523020 1034
1523030 1034
1523040 1041
1523050 1048
1523060 1048
1523070 1056
1523080 1064
1523090 1064
1523100 1073
1523110 1081
1523120 1081
1523130 1088
1523140 1092
1523150 1092
1523160 1093
1523170 1093
1523180 1093
1523190 1090
1523200 1089
1523210 1089
1523220 1087
1523230 1081
1523240 1081
1523250 1074
1523260 1066
1523270 1059
1523280 1059
1523290 1051
1523300 1043
1523310 1043
1523320 1035
1523330 1028
1523340 1028
1523350 1020
1523360 1014
1523370 1014
1523380 1006
1523390 998
1523400 998
1523410 989
1523420 981
1523430 981
1523440 974
1523450 966
1523460 966
1523470 958
1523480 951
1523490 951
1523500 944
1523510 937
1523520 937
1523530 930
1523540 925
1523550 925
1523560 919
1523570 912
1523580 912
1523590 906
1523600 900
1523610 900
1523620 894
1523630 888
1523640 888
1523650 882
1523660 876
1523670 876
1523680 869
1523690 861
1523700 861
1523710 852
1523720 844
1523730 844
1523740 837
1523750 829
1523760 821
1523770 821
1523780 813
1523790 805
1523800 805
1523810 798
1523820 790
1523830 790
1523840 783
1523850 776
1523860 776
1523870 769
1523880 762
1523890 762
1523900 756
1523910 749
1523920 749
1523930 743
1523940 736
1523950 736
1523960 730
1523970 724
1523980 724
1523990 718
1524000 712
1524010 712
1524020 702
1524030 693
1524040 693
1524050 685
1524060 682
1524070 682
1524080 685
1524090 688
1524100 688
1524110 691
1524120 695
1524130 695
1524140 698
1524150 701
1524160 701
1524170 703
1524180 704
1524190 704
1524200 705
1524210 706
1524220 706
1524230 710
1524240 710
1524250 710
1524260 710
1524270 717
1524280 727
1524290 727
1524300 732
1524310 733
1524320 733
1524330 734
1524340 737
1524350 737
1524360 743
1524370 751
1524380 751
1524390 758
1524400 761
1524410 761
1524420 761
1524430 757
1524440 757
1524450 752
1524460 747
1524470 747
1524480 743
1524490 738
1524500 738
1524510 735
1524520 733
1524530 733
1524540 731
1524550 727
1524560 727
1524570 722
1524580 716
1524590 716
1524600 710
1524610 703
1524620 703
1524630 697
1524640 692
1524650 692
1524660 686
1524670 680
1524680 680
1524690 674
1524700 668
1524710 668
1524720 664
1524730 658
1524740 658
1524750 652
1524760 646
1524770 642
1524780 642
1524790 639
1524800 635
1524810 635
1524820 630
1524830 624
1524840 624
1524850 618
1524860 611
1524870 611
1524880 604
1524890 599
1524900 599
1524910 592
1524920 586
1524930 586
1524940 581
1524950 576
1524960 576
1524970 571
1524980 568
1524990 568
1525000 564
1525010 559
1525020 559
1525030 553
1525040 547
1525050 547
1525060 542
1525070 537
1525080 537
1525090 532
1525100 528
1525110 528
1525120 524
1525130 521
1525140 521
1525150 518
1525160 513
1525170 513
1525180 507
1525190 501
1525200 501
1525210 495
1525220 489
1525230 489
1525240 485
1525250 480
1525260 480
1525270 476
1525280 472
1525290 468
1525300 468
1525310 463
1525320 460
1525330 460
1525340 459
1525350 456
1525360 456
1525370 455
1525380 455
1525390 455
1525400 455
1525410 455
1525420 455
1525430 455
1525440 455
1525450 455
1525460 451
1525470 446
1525480 446
1525490 445
1525500 445
1525510 445
1525520 445
1525530 445
1525540 445
1525550 445
1525560 445
1525570 445
1525580 445
1525590 444
1525600 444
1525610 443
1525620 443
1525630 443
1525640 443
1525650 443
1525660 443
1525670 443
1525680 443
1525690 443
1525700 443
1525710 441
1525720 441
1525730 440
1525740 440
1525750 440
1525760 440
1525770 441
1525780 442
1525790 442
1525800 443
1525810 442
1525820 442
1525830 442
1525840 443
1525850 443
1525860 445
1525870 446
1525880 446
1525890 446
1525900 447
1525910 447
1525920 446
1525930 446
1525940 446
1525950 445
1525960 446
1525970 446
1525980 450
1525990 457
1526000 457
1526010 463
1526020 468
1526030 468
1526040 473
1526050 476
1526060 476
1526070 478
1526080 479
1526090 479
1526100 479
1526110 481
1526120 481
1526130 485
1526140 489
1526150 489
1526160 493
1526170 497
1526180 497
1526190 500
1526200 504
1526210 504
1526220 508
1526230 515
1526240 515
1526250 522
1526260 529
1526270 529
1526280 532
1526290 535
1526300 535
1526310 535
1526320 535
1526330 536
1526340 536
1526350 535
1526360 535
1526370 535
1526380 538
1526390 542
1526400 541
1526410 545
1526420 550
1526430 550
1526440 554
1526450 557
1526460 557
1526470 556
1526480 556
1526490 556
1526500 559
1526510 565
1526520 565
1526530 568
1526540 572
1526550 572
1526560 576
1526570 581
1526580 581
1526590 586
1526600 588
1526610 588
1526620 585
1526630 583
1526640 583
1526650 590
1526660 600
1526670 600
1526680 605
1526690 607
1526700 607
1526710 610
1526720 614
1526730 614
1526740 618
1526750 622
1526760 622
1526770 626
1526780 631
1526790 636
1526800 636
1526810 641
1526820 644
1526830 644
1526840 647
1526850 647
1526860 647
1526870 649
1526880 652
1526890 652
1526900 655
1526910 658
1526920 658
1526930 661
1526940 665
1526950 665
1526960 668
1526970 672
1526980 672
1526990 676
1527000 681
1527010 681
1527020 686
1527030 688
1527040 688
1527050 690
1527060 693
1527070 693
1527080 696
1527090 697
1527100 697
1527110 695
1527120 694
1527130 694
1527140 699
1527150 706
1527160 706
1527170 710
1527180 714
1527190 714
1527200 718
1527210 722
1527220 722
1527230 726
1527240 730
1527250 730
1527260 734
1527270 738
1527280 738
1527290 742
1527300 747
1527310 751
1527320 751
1527330 754
1527340 758
1527350 758
1527360 762
1527370 765
1527380 765
1527390 769
1527400 773
1527410 773
1527420 776
1527430 778
1527440 778
1527450 780
1527460 783
1527470 783
1527480 787
1527490 790
1527500 790
1527510 793
1527520 796
1527530 796
1527540 799
1527550 801
1527560 801
1527570 803
1527580 805
1527590 805
1527600 807
1527610 810
1527620 810
1527630 813
1527640 815
1527650 815
1527660 817
1527670 820
1527680 820
1527690 823
1527700 827
1527710 827
1527720 831
1527730 835
1527740 835
1527750 840
1527760 844
1527770 844
1527780 849
1527790 854
1527800 858
1527810 858
1527820 863
1527830 868
1527840 868
1527850 873
1527860 877
1527870 877
1527880 879
1527890 883
1527900 883
1527910 888
1527920 892
1527930 892
1527940 896
1527950 900
1527960 900
1527970 904
1527980 910
1527990 910
1528000 917
1528010 925
1528020 925
1528030 932
1528040 940
1528050 940
1528060 947
1528070 954
1528080 954
1528090 962
1528100 969
1528110 969
1528120 976
1528130 984
1528140 984
1528150 991
1528160 998
1528170 998
1528180 1005
1528190 1011
1528200 1011
1528210 1017
1528220 1020
1528230 1020
1528240 1022
1528250 1024
1528260 1024
1528270 1026
1528280 1030
1528290 1030
1528300 1034
1528310 1038
1528320 1042
1528330 1042
1528340 1047
1528350 1051
1528360 1051
1528370 1056
1528380 1061
1528390 1061
1528400 1066
1528410 1071
1528420 1071
1528430 1075
1528440 1079
1528450 1079
1528460 1082
1528470 1085
1528480 1085
1528490 1089
1528500 1094
1528510 1094
1528520 1098
1528530 1103
1528540 1103
1528550 1109
1528560 1115
1528570 1115
1528580 1122
1528590 1128
1528600 1128
1528610 1133
1528620 1138
1528630 1138
1528640 1144
1528650 1151
1528660 1151
1528670 1157
1528680 1162
1528690 1162
1528700 1169
1528710 1175
1528720 1175
1528730 1182
1528740 1188
1528750 1188
1528760 1194
1528770 1200
1528780 1200
1528790 1205
1528800 1210
1528810 1215
1528820 1215
1528830 1220
1528840 1223
1528850 1223
1528860 1226
1528870 1228
1528880 1228
1528890 1231
1528900 1234
1528910 1234
1528920 1237
1528930 1239
1528940 1239
1528950 1242
1528960 1245
1528970 1245
1528980 1248
1528990 1251
1529000 1251
1529010 1254
1529020 1260
1529030 1260
1529040 1265
1529050 1270
1529060 1270
1529070 1276
1529080 1284
1529090 1284
1529100 1290
1529110 1296
1529120 1296
1529130 1303
1529140 1309
1529150 1309
1529160 1315
1529170 1321
1529180 1321
1529190 1328
1529200 1331
1529210 1331
1529220 1330
1529230 1327
1529240 1327
1529250 1322
1529260 1317
1529270 1317
1529280 1310
1529290 1303
1529300 1303
1529310 1297
1529320 1292
1529330 1286
1529340 1286
1529350 1283
1529360 1279
1529370 1279
1529380 1276
1529390 1272
1529400 1272
1529410 1268
1529420 1263
1529430 1263
1529440 1261
1529450 1261
1529460 1261
1529470 1265
1529480 1266
1529490 1266
1529500 1264
1529510 1261
1529520 1261
1529530 1261
1529540 1264
1529550 1264
1529560 1268
1529570 1272
1529580 1272
1529590 1276
1529600 1280
1529610 1280
1529620 1282
1529630 1285
1529640 1285
1529650 1288
1529660 1292
1529670 1292
1529680 1295
1529690 1298
1529700 1298
1529710 1301
1529720 1305
1529730 1305
1529740 1309
1529750 1314
1529760 1314
1529770 1318
1529780 1322
1529790 1322
1529800 1326
1529810 1330
1529820 1334
1529830 1334
1529840 1339
1529850 1341
1529860 1341
1529870 1344
1529880 1345
1529890 1345
1529900 1345
1529910 1345
1529920 1345
1529930 1344
1529940 1343
1529950 1343
1529960 1342
1529970 1341
1529980 1341
1529990 1340
1530000 1338
1530010 1338
1530020 1336
1530030 1335
1530040 1335
1530050 1333
1530060 1332
1530070 1332
1530080 1331
1530090 1330
1530100 1330
1530110 1329
1530120 1328
1530130 1328
1530140 1326
1530150 1325
1530160 1325
1530170 1323
1530180 1322
1530190 1322
1530200 1321
1530210 1319
1530220 1319
1530230 1318
1530240 1316
1530250 1316
1530260 1314
1530270 1312
1530280 1312
1530290 1311
1530300 1310
1530310 1310
1530320 1310
1530330 1309
1530340 1308
1530350 1308
1530360 1307
1530370 1307
1530380 1307
1530390 1304
1530400 1294
1530410 1294
1530420 1285
1530430 1275
1530440 1275
1530450 1266
1530460 1257
1530470 1257
1530480 1250
1530490 1242
1530500 1242
1530510 1234
1530520 1228
1530530 1228
1530540 1223
1530550 1217
1530560 1217
1530570 1209
1530580 1201
1530590 1201
1530600 1193
1530610 1183
1530620 1183
1530630 1176
1530640 1170
1530650 1170
1530660 1164
1530670 1159
1530680 1159
1530690 1154
1530700 1151
1530710 1151
1530720 1147
1530730 1144
1530740 1144
1530750 1142
1530760 1139
1530770 1139
1530780 1137
1530790 1134
1530800 1134
1530810 1129
1530820 1123
1530830 1117
1530840 1117
1530850 1111
1530860 1106
1530870 1106
1530880 1100
1530890 1094
1530900 1094
1530910 1090
1530920 1084
1530930 1084
1530940 1077
1530950 1069
1530960 1069
1530970 1062
1530980 1055
1530990 1055
1531000 1047
1531010 1041
1531020 1041
1531030 1035
1531040 1028
1531050 1028
1531060 1021
1531070 1015
1531080 1015
1531090 1011
1531100 1007
1531110 1007
1531120 1005
1531130 1004
1531140 1004
1531150 1002
1531160 998
1531170 998
1531180 993
1531190 987
1531200 987
1531210 979
1531220 972
1531230 972
1531240 964
1531250 956
1531260 956
1531270 948
1531280 940
1531290 940
1531300 931
1531310 922
1531320 922
1531330 912
1531340 902
1531350 892
1531360 892
1531370 883
1531380 874
1531390 874
1531400 863
1531410 853
1531420 853
1531430 845
1531440 835
1531450 835
1531460 824
1531470 816
1531480 816
1531490 810
1531500 805
1531510 805
1531520 799
1531530 793
1531540 793
1531550 782
1531560 774
1531570 774
1531580 773
1531590 770
1531600 770
1531610 765
1531620 761
1531630 761
1531640 756
1531650 750
1531660 750
1531670 742
1531680 734
1531690 734
1531700 727
1531710 718
1531720 718
1531730 710
1531740 704
1531750 704
1531760 699
1531770 694
1531780 694
1531790 690
1531800 685
1531810 685
1531820 679
1531830 673
1531840 667
1531850 667
1531860 661
1531870 655
1531880 655
1531890 649
1531900 643
1531910 643
1531920 637
1531930 631
1531940 631
1531950 625
1531960 619
1531970 619
1531980 613
1531990 608
1532000 608
1532010 603
1532020 598
1532030 598
1532040 594
1532050 590
1532060 590
1532070 586
1532080 582
1532090 582
1532100 578
1532110 573
1532120 573
1532130 568
1532140 562
1532150 562
1532160 555
1532170 550
1532180 550
1532190 544
1532200 540
1532210 540
1532220 536
1532230 530
1532240 530
1532250 525
1532260 520
1532270 520
1532280 514
1532290 508
1532300 508
1532310 505
1532320 504
1532330 504
1532340 502
1532350 500
1532360 500
1532370 500
1532380 499
1532390 499
1532400 499
1532410 499
1532420 498
1532430 498
1532440 499
1532450 503
1532460 503
1532470 510
1532480 518
1532490 518
1532500 526
1532510 533
1532520 533
1532530 540
1532540 546
1532550 546
1532560 551
1532570 555
1532580 555
1532590 557
1532600 558
1532610 558
1532620 558
1532630 559
1532640 559
1532650 559
1532660 561
1532670 561
1532680 563
1532690 567
1532700 567
1532710 570
1532720 574
1532730 574
1532740 576
1532750 579
1532760 579
1532770 581
1532780 582
1532790 582
1532800 584
1532810 586
1532820 586
1532830 588
1532840 590
1532850 592
1532860 592
1532870 594
1532880 595
1532890 595
1532900 597
1532910 599
1532920 599
1532930 601
1532940 604
1532950 604
1532960 606
1532970 609
1532980 609
1532990 611
1533000 614
1533010 614
1533020 616
1533030 619
1533040 619
1533050 622
1533060 625
1533070 625
1533080 626
1533090 627
1533100 627
1533110 628
1533120 631
1533130 631
1533140 634
1533150 636
1533160 636
1533170 639
1533180 642
1533190 642
1533200 645
1533210 648
1533220 648
1533230 651
1533240 655
1533250 655
1533260 659
1533270 663
1533280 663
1533290 668
1533300 673
1533310 673
1533320 678
1533330 683
1533340 683
1533350 688
1533360 693
1533370 699
1533380 699
1533390 705
1533400 710
1533410 710
1533420 716
1533430 722
1533440 722
1533450 728
1533460 735
1533470 735
1533480 741
1533490 748
1533500 748
1533510 756
1533520 762
1533530 762
1533540 769
1533550 776
1533560 776
1533570 781
1533580 788
1533590 788
1533600 794
1533610 801
1533620 801
1533630 808
1533640 815
1533650 815
1533660 821
1533670 827
1533680 827
1533690 834
1533700 842
1533710 842
1533720 850
1533730 860
1533740 860
1533750 871
1533760 880
1533770 880
1533780 891
1533790 905
1533800 905
1533810 916
1533820 927
1533830 927
1533840 936
1533850 943
1533860 948
1533870 948
1533880 953
1533890 958
1533900 958
1533910 964
1533920 968
1533930 968
1533940 972
1533950 977
1533960 977
1533970 982
1533980 987
1533990 987
1534000 991
1534010 995
1534020 995
1534030 1000
1534040 1004
1534050 1004
1534060 1007
1534070 1010
1534080 1010
1534090 1014
1534100 1017
1534110 1017
1534120 1021
1534130 1026
1534140 1026
1534150 1031
1534160 1035
1534170 1035
1534180 1038
1534190 1041
1534200 1041
1534210 1046
1534220 1052
1534230 1052
1534240 1058
1534250 1065
1534260 1065
1534270 1071
1534280 1077
1534290 1077
1534300 1083
1534310 1089
1534320 1089
1534330 1093
1534340 1095
1534350 1095
1534360 1099
1534370 1102
1534380 1106
1534390 1106
1534400 1110
1534410 1114
1534420 1114
1534430 1118
1534440 1123
1534450 1123
1534460 1130
1534470 1136
1534480 1136
1534490 1144
1534500 1152
1534510 1152
1534520 1164
1534530 1184
1534540 1184
1534550 1194
1534560 1206
1534570 1206
1534580 1218
1534590 1229
1534600 1229
1534610 1242
1534620 1245
1534630 1245
1534640 1250
1534650 1254
1534660 1254
1534670 1258
1534680 1265
1534690 1265
1534700 1271
1534710 1278
1534720 1278
1534730 1287
1534740 1295
1534750 1295
1534760 1304
1534770 1310
1534780 1310
1534790 1317
1534800 1327
1534810 1327
1534820 1343
1534830 1358
1534840 1358
1534850 1381
1534860 1398
1534870 1404
1534880 1404
1534890 1407
1534900 1411
1534910 1411
1534920 1416
1534930 1421
1534940 1421
1534950 1425
1534960 1429
1534970 1429
1534980 1428
1534990 1414
1535000 1414
1535010 1398
1535020 1387
1535030 1387
1535040 1376
1535050 1364
1535060 1364
1535070 1353
1535080 1339
1535090 1339
1535100 1325
1535110 1313
1535120 1313
1535130 1304
1535140 1295
1535150 1295
1535160 1286
1535170 1273
1535180 1273
1535190 1260
1535200 1250
1535210 1250
1535220 1243
1535230 1240
1535240 1240
1535250 1246
1535260 1251
1535270 1251
1535280 1257
1535290 1262
1535300 1262
1535310 1270
1535320 1281
1535330 1281
1535340 1277
1535350 1259
1535360 1259
1535370 1239
1535380 1222
1535390 1209
1535400 1209
1535410 1196
1535420 1175
1535430 1175
1535440 1158
1535450 1131
1535460 1131
1535470 1108
1535480 1098
1535490 1098
1535500 1091
1535510 1086
1535520 1086
1535530 1084
1535540 1084
1535550 1084
1535560 1082
1535570 1079
1535580 1079
1535590 1074
1535600 1070
1535610 1070
1535620 1068
1535630 1063
1535640 1063
1535650 1057
1535660 1050
1535670 1050
1535680 1047
1535690 1045
1535700 1045
1535710 1044
1535720 1043
1535730 1043
1535740 1042
1535750 1041
1535760 1041
1535770 1039
1535780 1037
1535790 1037
1535800 1035
1535810 1034
1535820 1034
1535830 1034
1535840 1034
1535850 1034
1535860 1033
1535870 1033
1535880 1033
1535890 1033
1535900 1034
1535910 1037
1535920 1037
1535930 1040
1535940 1042
1535950 1042
1535960 1044
1535970 1047
1535980 1047
1535990 1054
1536000 1075
1536010 1075
1536020 1096
1536030 1104
1536040 1104
1536050 1106
1536060 1103
1536070 1103
1536080 1098
1536090 1094
1536100 1094
1536110 1096
1536120 1114
1536130 1114
1536140 1123
1536150 1130
1536160 1130
1536170 1135
1536180 1142
1536190 1142
1536200 1149
1536210 1152
1536220 1152
1536230 1155
1536240 1159
1536250 1159
1536260 1163
1536270 1167
1536280 1167
1536290 1172
1536300 1176
1536310 1176
1536320 1181
1536330 1184
1536340 1184
1536350 1185
1536360 1189
1536370 1189
1536380 1191
1536390 1192
1536400 1190
1536410 1190
1536420 1187
1536430 1183
1536440 1183
1536450 1178
1536460 1173
1536470 1173
1536480 1169
1536490 1164
1536500 1164
1536510 1158
1536520 1153
1536530 1153
1536540 1148
1536550 1143
1536560 1143
1536570 1138
1536580 1133
1536590 1133
1536600 1128
1536610 1122
1536620 1122
1536630 1118
1536640 1114
1536650 1114
1536660 1109
1536670 1105
1536680 1105
1536690 1102
1536700 1098
1536710 1098
1536720 1093
1536730 1089
1536740 1089
1536750 1085
1536760 1081
1536770 1081
1536780 1077
1536790 1074
1536800 1074
1536810 1072
1536820 1071
1536830 1071
1536840 1070
1536850 1068
1536860 1068
1536870 1064
1536880 1059
1536890 1054
1536900 1054
1536910 1049
1536920 1046
1536930 1046
1536940 1041
1536950 1037
1536960 1037
1536970 1034
1536980 1031
1536990 1031
1537000 1028
1537010 1024
1537020 1024
1537030 1020
1537040 1017
1537050 1017
1537060 1013
1537070 1010
1537080 1010
1537090 1007
1537100 1004
1537110 1004
1537120 1001
1537130 998
1537140 998
1537150 996
1537160 993
1537170 993
1537180 991
1537190 988
1537200 988
1537210 985
1537220 981
1537230 981
1537240 978
1537250 975
1537260 975
1537270 969
1537280 965
1537290 965
1537300 963
1537310 960
1537320 960
1537330 957
1537340 955
1537350 955
1537360 952
1537370 949
1537380 949
1537390 945
1537400 941
1537410 937
1537420 937
1537430 934
1537440 930
1537450 930
1537460 926
1537470 923
1537480 923
1537490 919
1537500 916
1537510 916
1537520 912
1537530 908
1537540 908
1537550 902
1537560 896
1537570 896
1537580 889
1537590 883
1537600 883
1537610 876
1537620 868
1537630 868
1537640 860
1537650 852
1537660 852
1537670 848
1537680 851
1537690 851
1537700 850
1537710 846
1537720 846
1537730 842
1537740 840
1537750 840
1537760 839
1537770 839
1537780 839
1537790 839
1537800 838
1537810 838
1537820 837
1537830 837
1537840 837
1537850 838
1537860 839
1537870 839
1537880 840
1537890 841
1537900 842
1537910 842
1537920 842
1537930 842
1537940 842
1537950 842
1537960 840
1537970 840
1537980 838
1537990 835
1538000 835
1538010 833
1538020 831
1538030 831
1538040 829
1538050 826
1538060 826
1538070 823
1538080 820
1538090 820
1538100 818
1538110 816
1538120 816
1538130 815
1538140 814
1538150 814
1538160 812
1538170 810
1538180 810
1538190 808
1538200 806
1538210 806
1538220 804
1538230 801
1538240 801
1538250 798
1538260 796
1538270 796
1538280 794
1538290 792
1538300 792
1538310 790
1538320 788
1538330 788
1538340 787
1538350 786
1538360 786
1538370 785
1538380 784
1538390 784
1538400 783
1538410 782
1538420 781
1538430 781
1538440 780
1538450 778
1538460 778
1538470 776
1538480 773
1538490 773
1538500 771
1538510 771
1538520 771
1538530 771
1538540 771
1538550 771
1538560 771
1538570 771
1538580 771
1538590 771
1538600 771
1538610 771
1538620 773
1538630 775
1538640 775
1538650 777
1538660 781
1538670 781
1538680 784
1538690 787
1538700 787
1538710 790
1538720 792
1538730 792
1538740 795
1538750 797
1538760 797
1538770 799
1538780 801
1538790 801
1538800 803
1538810 806
1538820 806
1538830 808
1538840 810
1538850 810
1538860 813
1538870 816
1538880 816
1538890 818
1538900 821
1538910 823
1538920 823
1538930 825
1538940 828
1538950 828
1538960 830
1538970 831
1538980 831
1538990 833
1539000 835
1539010 835
1539020 837
1539030 839
1539040 839
1539050 841
1539060 843
1539070 843
1539080 846
1539090 849
1539100 849
1539110 852
1539120 854
1539130 854
1539140 856
1539150 858
1539160 858
1539170 860
1539180 862
1539190 862
1539200 864
1539210 866
1539220 866
1539230 869
1539240 872
1539250 872
1539260 875
1539270 878
1539280 878
1539290 880
1539300 880
1539310 880
1539320 879
1539330 879
1539340 879
1539350 878
1539360 878
1539370 878
1539380 881
1539390 883
1539400 883
1539410 883
1539420 877
1539430 865
1539440 865
1539450 855
1539460 844
1539470 844
1539480 835
1539490 826
1539500 826
1539510 814
1539520 806
1539530 806
1539540 800
1539550 796
1539560 796
1539570 795
1539580 794
1539590 794
1539600 792
1539610 786
1539620 786
1539630 779
1539640 774
1539650 767
1539660 763
1539670 759
1539680 759
1539690 755
1539700 753
1539710 753
1539720 751
1539730 749
1539740 749
1539750 742
1539760 733
1539770 733
1539780 723
1539790 714
1539800 714
1539810 707
1539820 702
1539830 702
1539840 696
1539850 691
1539860 691
1539870 685
1539880 679
1539890 679
1539900 674
1539910 669
1539920 669
1539930 664
1539940 661
1539950 656
1539960 656
1539970 651
1539980 650
1539990 650
