1520000 722
1520010 722
1520020 714
1520030 707
1520040 707
1520050 701
1520060 700
1520070 700
1520080 708
1520090 718
1520100 718
1520110 727
1520120 734
1520130 734
1520140 740
1520150 745
1520160 745
1520170 751
1520180 758
1520190 758
1520200 764
1520210 771
1520220 771
1520230 778
1520240 783
1520250 783
1520260 788
1520270 792
1520280 792
1520290 797
1520300 800
1520310 804
1520320 804
1520330 807
1520340 811
1520350 811
1520360 814
1520370 813
1520380 813
1520390 817
1520400 822
1520410 822
1520420 828
1520430 833
1520440 833
1520450 839
1520460 845
1520470 845
1520480 852
1520490 858
1520500 858
1520510 863
1520520 869
1520530 869
1520540 876
1520550 882
1520560 882
1520570 887
1520580 892
1520590 892
1520600 897
1520610 902
1520620 902
1520630 906
1520640 910
1520650 910
1520660 914
1520670 919
1520680 919
1520690 924
1520700 929
1520710 929
1520720 934
1520730 938
1520740 938
1520750 942
1520760 946
1520770 946
1520780 951
1520790 956
1520800 956
1520810 961
1520820 966
1520830 971
1520840 971
1520850 976
1520860 982
1520870 982
1520880 987
1520890 992
1520900 992
1520910 997
1520920 1002
1520930 1002
1520940 1007
1520950 1012
1520960 1012
1520970 1018
1520980 1022
1520990 1022
1521000 1027
1521010 1032
1521020 1032
1521030 1036
1521040 1040
1521050 1040
1521060 1044
1521070 1048
1521080 1048
1521090 1052
1521100 1056
1521110 1056
1521120 1059
1521130 1063
1521140 1063
1521150 1066
1521160 1068
1521170 1068
1521180 1070
1521190 1073
1521200 1073
1521210 1075
1521220 1077
1521230 1077
1521240 1079
1521250 1081
1521260 1081
1521270 1083
1521280 1086
1521290 1086
1521300 1089
1521310 1091
1521320 1091
1521330 1094
1521340 1097
1521350 1099
1521360 1099
1521370 1102
1521380 1106
1521390 1106
1521400 1109
1521410 1111
1521420 1111
1521430 1114
1521440 1116
1521450 1116
1521460 1116
1521470 1115
1521480 1115
1521490 1114
1521500 1112
1521510 1112
1521520 1111
1521530 1110
1521540 1110
1521550 1109
1521560 1113
1521570 1113
1521580 1116
1521590 1119
1521600 1119
1521610 1122
1521620 1127
1521630 1127
1521640 1132
1521650 1136
1521660 1136
1521670 1137
1521680 1137
1521690 1137
1521700 1135
1521710 1132
1521720 1132
1521730 1130
1521740 1129
1521750 1129
1521760 1130
1521770 1131
1521780 1131
1521790 1134
1521800 1138
1521810 1138
1521820 1139
1521830 1138
1521840 1138
1521850 1137
1521860 1135
1521870 1131
1521880 1131
1521890 1124
1521900 1118
1521910 1118
1521920 1111
1521930 1104
1521940 1104
1521950 1096
1521960 1088
1521970 1088
1521980 1081
1521990 1073
1522000 1073
1522010 1065
1522020 1058
1522030 1058
1522040 1050
1522050 1041
1522060 1041
1522070 1033
1522080 1027
1522090 1027
1522100 1020
1522110 1012
1522120 1012
1522130 1004
1522140 995
1522150 995
1522160 988
1522170 985
1522180 985
1522190 986
1522200 983
1522210 983
1522220 982
1522230 986
1522240 986
1522250 997
1522260 1004
1522270 1004
1522280 1006
1522290 1009
1522300 1009
1522310 1010
1522320 1014
1522330 1014
1522340 1022
1522350 1032
1522360 1032
1522370 1037
1522380 1038
1522390 1040
1522400 1040
1522410 1043
1522420 1048
1522430 1048
1522440 1052
1522450 1058
1522460 1058
1522470 1065
1522480 1071
1522490 1071
1522500 1077
1522510 1082
1522520 1082
1522530 1085
1522540 1083
1522550 1083
1522560 1077
1522570 1070
1522580 1070
1522590 1070
1522600 1072
1522610 1072
1522620 1070
1522630 1071
1522640 1071
1522650 1075
1522660 1079
1522670 1079
1522680 1086
1522690 1093
1522700 1093
1522710 1101
1522720 1108
1522730 1108
1522740 1114
1522750 1120
1522760 1120
1522770 1126
1522780 1129
1522790 1129
1522800 1126
1522810 1120
1522820 1120
1522830 1115
1522840 1111
1522850 1111
1522860 1107
1522870 1104
1522880 1104
1522890 1100
1522900 1094
1522910 1095
1522920 1095
1522930 1100
1522940 1105
1522950 1105
1522960 1110
1522970 1115
1522980 1115
1522990 1120
1523000 1125
1523010 1125
1523020 1130
1523030 1134
1523040 1134
1523050 1135
1523060 1135
1523070 1135
1523080 1135
1523090 1134
1523100 1134
1523110 1137
1523120 1143
1523130 1143
1523140 1147
1523150 1148
1523160 1148
1523170 1151
1523180 1155
1523190 1155
1523200 1160
1523210 1166
1523220 1166
1523230 1171
1523240 1176
1523250 1176
1523260 1180
1523270 1184
1523280 1184
1523290 1189
1523300 1195
1523310 1195
1523320 1199
1523330 1204
1523340 1204
1523350 1210
1523360 1215
1523370 1215
1523380 1219
1523390 1221
1523400 1221
1523410 1220
1523420 1220
1523430 1218
1523440 1218
1523450 1215
1523460 1210
1523470 1210
1523480 1207
1523490 1205
1523500 1205
1523510 1200
1523520 1200
1523530 1200
1523540 1197
1523550 1192
1523560 1192
1523570 1187
1523580 1184
1523590 1184
1523600 1178
1523610 1171
1523620 1171
1523630 1164
1523640 1159
1523650 1159
1523660 1154
1523670 1150
1523680 1150
1523690 1144
1523700 1139
1523710 1139
1523720 1135
1523730 1130
1523740 1130
1523750 1127
1523760 1123
1523770 1123
1523780 1120
1523790 1120
1523800 1122
1523810 1122
1523820 1119
1523830 1119
1523840 1116
1523850 1112
1523860 1112
1523870 1109
1523880 1106
1523890 1106
1523900 1102
1523910 1098
1523920 1098
1523930 1096
1523940 1094
1523950 1093
1523960 1093
1523970 1088
1523980 1082
1523990 1082
1524000 1076
1524010 1067
1524020 1067
1524030 1055
1524040 1042
1524050 1042
1524060 1031
1524070 1022
1524080 1022
1524090 1014
1524100 1006
1524110 1006
1524120 999
1524130 992
1524140 992
1524150 986
1524160 979
1524170 979
1524180 973
1524190 967
1524200 967
1524210 962
1524220 955
1524230 955
1524240 944
1524250 935
1524260 935
1524270 928
1524280 920
1524290 920
1524300 912
1524310 903
1524320 903
1524330 895
1524340 887
1524350 887
1524360 879
1524370 870
1524380 870
1524390 860
1524400 851
1524410 851
1524420 843
1524430 837
1524440 837
1524450 833
1524460 831
1524470 829
1524480 829
1524490 828
1524500 826
1524510 826
1524520 824
1524530 822
1524540 822
1524550 820
1524560 817
1524570 817
1524580 812
1524590 810
1524600 810
1524610 807
1524620 806
1524630 806
1524640 806
1524650 806
1524660 806
1524670 806
1524680 805
1524690 805
1524700 803
1524710 802
1524720 802
1524730 798
1524740 798
1524750 798
1524760 797
1524770 795
1524780 795
1524790 797
1524800 800
1524810 800
1524820 801
1524830 803
1524840 803
1524850 805
1524860 808
1524870 808
1524880 811
1524890 814
1524900 814
1524910 815
1524920 814
1524930 814
1524940 813
1524950 811
1524960 811
1524970 811
1524980 809
1524990 806
1525000 806
1525010 801
1525020 797
1525030 797
1525040 794
1525050 792
1525060 792
1525070 790
1525080 789
1525090 789
1525100 791
1525110 789
1525120 789
1525130 784
1525140 780
1525150 780
1525160 777
1525170 776
1525180 776
1525190 777
1525200 781
1525210 781
1525220 786
1525230 794
1525240 794
1525250 802
1525260 810
1525270 810
1525280 816
1525290 820
1525300 820
1525310 821
1525320 818
1525330 818
1525340 811
1525350 806
1525360 806
1525370 804
1525380 803
1525390 803
1525400 803
1525410 802
1525420 802
1525430 802
1525440 803
1525450 803
1525460 804
1525470 804
1525480 804
1525490 804
1525500 804
1525510 802
1525520 802
1525530 800
1525540 798
1525550 798
1525560 797
1525570 796
1525580 796
1525590 795
1525600 794
1525610 794
1525620 794
1525630 795
1525640 795
1525650 796
1525660 797
1525670 797
1525680 798
1525690 801
1525700 801
1525710 803
1525720 803
1525730 803
1525740 804
1525750 805
1525760 805
1525770 805
1525780 803
1525790 803
1525800 801
1525810 800
1525820 800
1525830 801
1525840 802
1525850 802
1525860 803
1525870 805
1525880 805
1525890 806
1525900 808
1525910 808
1525920 810
1525930 813
1525940 813
1525950 815
1525960 817
1525970 817
1525980 818
1525990 818
1526000 818
1526010 818
1526020 820
1526030 823
1526040 823
1526050 822
1526060 822
1526070 822
1526080 821
1526090 822
1526100 822
1526110 823
1526120 824
1526130 824
1526140 823
1526150 821
1526160 821
1526170 817
1526180 811
1526190 811
1526200 805
1526210 800
1526220 800
1526230 794
1526240 789
1526250 789
1526260 785
1526270 781
1526280 781
1526290 778
1526300 776
1526310 776
1526320 773
1526330 767
1526340 767
1526350 761
1526360 754
1526370 754
1526380 749
1526390 744
1526400 744
1526410 740
1526420 734
1526430 734
1526440 729
1526450 726
1526460 726
1526470 719
1526480 713
1526490 713
1526500 702
1526510 694
1526520 694
1526530 687
1526540 681
1526550 675
1526560 675
1526570 674
1526580 671
1526590 671
1526600 668
1526610 667
1526620 667
1526630 675
1526640 681
1526650 681
1526660 678
1526670 675
1526680 675
1526690 672
1526700 668
1526710 668
1526720 665
1526730 662
1526740 662
1526750 658
1526760 651
1526770 651
1526780 642
1526790 635
1526800 635
1526810 627
1526820 620
1526830 620
1526840 616
1526850 609
1526860 609
1526870 605
1526880 603
1526890 603
1526900 600
1526910 595
1526920 595
1526930 590
1526940 586
1526950 590
1526960 590
1526970 589
1526980 589
1526990 589
1527000 591
1527010 591
1527020 593
1527030 594
1527040 594
1527050 592
1527060 587
1527070 582
1527080 582
1527090 578
1527100 575
1527110 575
1527120 573
1527130 571
1527140 571
1527150 568
1527160 566
1527170 566
1527180 564
1527190 562
1527200 562
1527210 560
1527220 558
1527230 558
1527240 556
1527250 553
1527260 553
1527270 550
1527280 547
1527290 547
1527300 543
1527310 539
1527320 539
1527330 535
1527340 530
1527350 530
1527360 526
1527370 523
1527380 523
1527390 518
1527400 513
1527410 513
1527420 509
1527430 504
1527440 504
1527450 500
1527460 496
1527470 496
1527480 494
1527490 492
1527500 492
1527510 489
1527520 486
1527530 486
1527540 484
1527550 483
1527560 483
1527570 482
1527580 479
1527590 475
1527600 475
1527610 472
1527620 469
1527630 469
1527640 466
1527650 464
1527660 464
1527670 461
1527680 459
1527690 459
1527700 457
1527710 455
1527720 455
1527730 451
1527740 447
1527750 447
1527760 445
1527770 443
1527780 443
1527790 442
1527800 441
1527810 441
1527820 441
1527830 442
1527840 442
1527850 441
1527860 440
1527870 440
1527880 440
1527890 440
1527900 440
1527910 439
1527920 438
1527930 438
1527940 438
1527950 438
1527960 438
1527970 438
1527980 437
1527990 437
1528000 437
1528010 437
1528020 437
1528030 437
1528040 438
1528050 438
1528060 439
1528070 439
1528080 439
1528090 439
1528100 437
1528110 436
1528120 436
1528130 436
1528140 435
1528150 435
1528160 435
1528170 435
1528180 435
1528190 435
1528200 435
1528210 435
1528220 435
1528230 435
1528240 435
1528250 436
1528260 437
1528270 437
1528280 437
1528290 437
1528300 437
1528310 436
1528320 436
1528330 436
1528340 437
1528350 438
1528360 438
1528370 438
1528380 438
1528390 438
1528400 439
1528410 440
1528420 440
1528430 440
1528440 441
1528450 441
1528460 441
1528470 440
1528480 440
1528490 438
1528500 437
1528510 437
1528520 437
1528530 437
1528540 437
1528550 437
1528560 437
1528570 437
1528580 437
1528590 438
1528600 438
1528610 438
1528620 438
1528630 438
1528640 438
1528650 438
1528660 437
1528670 437
1528680 437
1528690 437
1528700 437
1528710 437
1528720 439
1528730 439
1528740 442
1528750 445
1528760 445
1528770 449
1528780 453
1528790 453
1528800 458
1528810 462
1528820 462
1528830 465
1528840 469
1528850 469
1528860 474
1528870 477
1528880 477
1528890 479
1528900 483
1528910 483
1528920 486
1528930 491
1528940 491
1528950 495
1528960 497
1528970 497
1528980 497
1528990 496
1529000 496
1529010 496
1529020 496
1529030 496
1529040 496
1529050 497
1529060 497
1529070 500
1529080 501
1529090 501
1529100 501
1529110 503
1529120 503
1529130 507
1529140 510
1529150 513
1529160 513
1529170 514
1529180 516
1529190 516
1529200 517
1529210 518
1529220 518
1529230 520
1529240 520
1529250 520
1529260 520
1529270 519
1529280 519
1529290 517
1529300 516
1529310 516
1529320 516
1529330 519
1529340 519
1529350 524
1529360 526
1529370 526
1529380 525
1529390 522
1529400 522
1529410 520
1529420 521
1529430 521
1529440 523
1529450 525
1529460 525
1529470 527
1529480 527
1529490 527
1529500 527
1529510 527
1529520 527
1529530 526
1529540 526
1529550 526
1529560 526
1529570 524
1529580 524
1529590 523
1529600 524
1529610 524
1529620 525
1529630 526
1529640 526
1529650 525
1529660 524
1529670 524
1529680 524
1529690 523
1529700 521
1529710 521
1529720 520
1529730 519
1529740 519
1529750 514
1529760 510
1529770 510
1529780 509
1529790 509
1529800 509
1529810 508
1529820 508
1529830 508
1529840 508
1529850 506
1529860 506
1529870 499
1529880 498
1529890 498
1529900 496
1529910 494
1529920 494
1529930 492
1529940 491
1529950 491
1529960 490
1529970 490
1529980 490
1529990 490
1530000 490
1530010 490
1530020 489
1530030 488
1530040 488
1530050 485
1530060 483
1530070 483
1530080 482
1530090 482
1530100 482
1530110 480
1530120 477
1530130 477
1530140 476
1530150 477
1530160 477
1530170 477
1530180 478
1530190 479
1530200 479
1530210 480
1530220 480
1530230 480
1530240 481
1530250 480
1530260 480
1530270 477
1530280 474
1530290 474
1530300 468
1530310 463
1530320 463
1530330 462
1530340 462
1530350 462
1530360 461
1530370 461
1530380 461
1530390 462
1530400 462
1530410 462
1530420 462
1530430 462
1530440 462
1530450 462
1530460 464
1530470 464
1530480 465
1530490 465
1530500 465
1530510 465
1530520 466
1530530 466
1530540 466
1530550 467
1530560 467
1530570 467
1530580 466
1530590 466
1530600 466
1530610 466
1530620 466
1530630 467
1530640 467
1530650 467
1530660 467
1530670 464
1530680 464
1530690 460
1530700 458
1530710 458
1530720 458
1530730 459
1530740 463
1530750 463
1530760 465
1530770 467
1530780 467
1530790 472
1530800 478
1530810 478
1530820 486
1530830 493
1530840 493
1530850 499
1530860 505
1530870 505
1530880 511
1530890 516
1530900 516
1530910 522
1530920 527
1530930 527
1530940 532
1530950 536
1530960 536
1530970 541
1530980 546
1530990 546
1531000 550
1531010 555
1531020 555
1531030 559
1531040 562
1531050 562
1531060 566
1531070 569
1531080 569
1531090 571
1531100 573
1531110 573
1531120 576
1531130 580
1531140 580
1531150 586
1531160 593
1531170 593
1531180 599
1531190 605
1531200 605
1531210 610
1531220 615
1531230 615
1531240 617
1531250 618
1531260 622
1531270 622
1531280 624
1531290 625
1531300 625
1531310 627
1531320 629
1531330 629
1531340 632
1531350 635
1531360 635
1531370 639
1531380 647
1531390 647
1531400 655
1531410 662
1531420 662
1531430 669
1531440 676
1531450 676
1531460 682
1531470 687
1531480 687
1531490 690
1531500 692
1531510 692
1531520 695
1531530 698
1531540 698
1531550 702
1531560 705
1531570 705
1531580 706
1531590 707
1531600 707
1531610 706
1531620 705
1531630 705
1531640 705
1531650 707
1531660 707
1531670 709
1531680 710
1531690 710
1531700 712
1531710 713
1531720 713
1531730 714
1531740 715
1531750 715
1531760 716
1531770 716
1531780 717
1531790 717
1531800 719
1531810 720
1531820 720
1531830 722
1531840 724
1531850 724
1531860 726
1531870 728
1531880 728
1531890 730
1531900 731
1531910 731
1531920 730
1531930 730
1531940 730
1531950 732
1531960 732
1531970 732
1531980 727
1531990 731
1532000 731
1532010 739
1532020 748
1532030 748
1532040 756
1532050 762
1532060 762
1532070 766
1532080 771
1532090 771
1532100 776
1532110 781
1532120 781
1532130 786
1532140 792
1532150 792
1532160 798
1532170 803
1532180 803
1532190 805
1532200 806
1532210 806
1532220 807
1532230 807
1532240 807
1532250 806
1532260 808
1532270 808
1532280 811
1532290 812
1532300 814
1532310 814
1532320 819
1532330 826
1532340 826
1532350 832
1532360 837
1532370 837
1532380 842
1532390 847
1532400 847
1532410 852
1532420 857
1532430 857
1532440 862
1532450 867
1532460 867
1532470 871
1532480 874
1532490 874
1532500 876
1532510 878
1532520 878
1532530 879
1532540 881
1532550 881
1532560 881
1532570 882
1532580 882
1532590 882
1532600 884
1532610 884
1532620 885
1532630 894
1532640 894
1532650 895
1532660 896
1532670 896
1532680 898
1532690 901
1532700 901
1532710 903
1532720 903
1532730 903
1532740 904
1532750 905
1532760 905
1532770 905
1532780 905
1532790 905
1532800 905
1532810 905
1532820 905
1532830 905
1532840 904
1532850 901
1532860 901
1532870 895
1532880 890
1532890 890
1532900 884
1532910 879
1532920 879
1532930 874
1532940 869
1532950 869
1532960 863
1532970 861
1532980 861
1532990 861
1533000 863
1533010 863
1533020 867
1533030 866
1533040 866
1533050 863
1533060 859
1533070 859
1533080 856
1533090 856
1533100 856
1533110 856
1533120 857
1533130 857
1533140 859
1533150 861
1533160 861
1533170 863
1533180 868
1533190 868
1533200 873
1533210 877
1533220 877
1533230 882
1533240 887
1533250 887
1533260 892
1533270 897
1533280 897
1533290 901
1533300 904
1533310 904
1533320 904
1533330 905
1533340 904
1533350 904
1533360 897
1533370 891
1533380 891
1533390 886
1533400 881
1533410 881
1533420 875
1533430 869
1533440 869
1533450 862
1533460 858
1533470 858
1533480 853
1533490 848
1533500 848
1533510 842
1533520 835
1533530 835
1533540 833
1533550 836
1533560 836
1533570 838
1533580 838
1533590 838
1533600 839
1533610 838
1533620 838
1533630 834
1533640 833
1533650 833
1533660 833
1533670 831
1533680 831
1533690 827
1533700 819
1533710 819
1533720 816
1533730 814
1533740 814
1533750 811
1533760 809
1533770 809
1533780 807
1533790 804
1533800 804
1533810 802
1533820 800
1533830 800
1533840 797
1533850 793
1533860 788
1533870 788
1533880 786
1533890 783
1533900 783
1533910 780
1533920 778
1533930 778
1533940 777
1533950 776
1533960 776
1533970 775
1533980 776
1533990 776
1534000 776
1534010 776
1534020 776
1534030 777
1534040 778
1534050 778
1534060 778
1534070 779
1534080 779
1534090 780
1534100 780
1534110 780
1534120 781
1534130 781
1534140 781
1534150 782
1534160 783
1534170 783
1534180 785
1534190 787
1534200 787
1534210 791
1534220 795
1534230 795
1534240 796
1534250 794
1534260 794
1534270 794
1534280 793
1534290 793
1534300 792
1534310 793
1534320 793
1534330 790
1534340 786
1534350 786
1534360 781
1534370 780
1534380 780
1534390 780
1534400 779
1534410 778
1534420 778
1534430 774
1534440 772
1534450 772
1534460 770
1534470 768
1534480 768
1534490 767
1534500 767
1534510 767
1534520 767
1534530 768
1534540 768
1534550 769
1534560 771
1534570 771
1534580 774
1534590 776
1534600 776
1534610 776
1534620 777
1534630 777
1534640 778
1534650 776
1534660 776
1534670 774
1534680 776
1534690 776
1534700 781
1534710 786
1534720 786
1534730 791
1534740 796
1534750 796
1534760 800
1534770 805
1534780 805
1534790 810
1534800 814
1534810 814
1534820 819
1534830 825
1534840 825
1534850 829
1534860 834
1534870 834
1534880 836
1534890 838
1534900 837
1534910 837
1534920 835
1534930 832
1534940 832
1534950 830
1534960 828
1534970 828
1534980 827
1534990 825
1535000 825
1535010 824
1535020 825
1535030 825
1535040 826
1535050 828
1535060 828
1535070 830
1535080 832
1535090 832
1535100 835
1535110 837
1535120 837
1535130 840
1535140 844
1535150 844
1535160 846
1535170 849
1535180 849
1535190 852
1535200 856
1535210 856
1535220 859
1535230 870
1535240 870
1535250 873
1535260 877
1535270 877
1535280 882
1535290 885
1535300 885
1535310 888
1535320 888
1535330 888
1535340 886
1535350 882
1535360 882
1535370 878
1535380 871
1535390 871
1535400 866
1535410 864
1535420 862
1535430 862
1535440 862
1535450 861
1535460 861
1535470 860
1535480 859
1535490 859
1535500 858
1535510 855
1535520 855
1535530 853
1535540 854
1535550 854
1535560 852
1535570 850
1535580 850
1535590 848
1535600 848
1535610 848
1535620 854
1535630 861
1535640 861
1535650 867
1535660 874
1535670 874
1535680 881
1535690 887
1535700 887
1535710 894
1535720 901
1535730 901
1535740 906
1535750 910
1535760 910
1535770 913
1535780 915
1535790 915
1535800 913
1535810 912
1535820 912
1535830 911
1535840 910
1535850 910
1535860 909
1535870 907
1535880 907
1535890 906
1535900 905
1535910 905
1535920 904
1535930 902
1535940 901
1535950 901
1535960 900
1535970 900
1535980 900
1535990 901
1536000 902
1536010 902
1536020 903
1536030 905
1536040 905
1536050 905
1536060 904
1536070 904
1536080 902
1536090 903
1536100 903
1536110 904
1536120 904
1536130 904
1536140 904
1536150 897
1536160 897
1536170 893
1536180 891
1536190 891
1536200 891
1536210 891
1536220 891
1536230 891
1536240 890
1536250 890
1536260 890
1536270 889
1536280 889
1536290 888
1536300 889
1536310 889
1536320 889
1536330 887
1536340 887
1536350 885
1536360 884
1536370 884
1536380 883
1536390 882
1536400 882
1536410 881
1536420 879
1536430 879
1536440 880
1536450 881
1536460 881
1536470 881
1536480 879
1536490 873
1536500 873
1536510 865
1536520 869
1536530 869
1536540 874
1536550 875
1536560 875
1536570 876
1536580 877
1536590 877
1536600 878
1536610 879
1536620 879
1536630 881
1536640 883
1536650 883
1536660 882
1536670 880
1536680 880
1536690 885
1536700 890
1536710 890
1536720 893
1536730 896
1536740 896
1536750 898
1536760 900
1536770 900
1536780 901
1536790 902
1536800 902
1536810 903
1536820 904
1536830 904
1536840 904
1536850 902
1536860 902
1536870 899
1536880 899
1536890 899
1536900 901
1536910 902
1536920 902
1536930 903
1536940 905
1536950 905
1536960 906
1536970 908
1536980 910
1536990 910
1537000 911
1537010 911
1537020 911
1537030 911
1537040 910
1537050 910
1537060 910
1537070 909
1537080 909
1537090 908
1537100 906
1537110 906
1537120 906
1537130 907
1537140 907
1537150 907
1537160 908
1537170 908
1537180 911
1537190 914
1537200 914
1537210 917
1537220 919
1537230 919
1537240 919
1537250 919
1537260 919
1537270 918
1537280 918
1537290 918
1537300 918
1537310 916
1537320 916
1537330 915
1537340 913
1537350 913
1537360 912
1537370 912
1537380 912
1537390 912
1537400 910
1537410 910
1537420 908
1537430 906
1537440 906
1537450 903
1537460 898
1537470 898
1537480 894
1537490 894
1537500 893
1537510 893
1537520 893
1537530 894
1537540 894
1537550 895
1537560 896
1537570 896
1537580 896
1537590 897
1537600 897
1537610 897
1537620 898
1537630 898
1537640 898
1537650 898
1537660 898
1537670 898
1537680 897
1537690 897
1537700 903
1537710 900
1537720 900
1537730 895
1537740 889
1537750 889
1537760 883
1537770 879
1537780 879
1537790 876
1537800 874
1537810 874
1537820 872
1537830 869
1537840 869
1537850 867
1537860 865
1537870 865
1537880 862
1537890 859
1537900 859
1537910 857
1537920 855
1537930 855
1537940 850
1537950 844
1537960 844
1537970 837
1537980 829
1537990 829
1538000 823
1538010 826
1538020 832
1538030 832
1538040 836
1538050 837
1538060 837
1538070 839
1538080 839
1538090 839
1538100 837
1538110 833
1538120 833
1538130 829
1538140 827
1538150 827
1538160 824
1538170 820
1538180 820
1538190 815
1538200 807
1538210 807
1538220 798
1538230 788
1538240 788
1538250 781
1538260 781
1538270 781
1538280 784
1538290 786
1538300 786
1538310 789
1538320 794
1538330 794
1538340 797
1538350 801
1538360 801
1538370 805
1538380 810
1538390 810
1538400 812
1538410 814
1538420 814
1538430 817
1538440 820
1538450 820
1538460 823
1538470 827
1538480 827
1538490 831
1538500 835
1538510 835
1538520 839
1538530 842
1538540 845
1538550 845
1538560 846
1538570 848
1538580 848
1538590 849
1538600 849
1538610 849
1538620 849
1538630 849
1538640 849
1538650 848
1538660 847
1538670 847
1538680 845
1538690 843
1538700 843
1538710 839
1538720 835
1538730 835
1538740 831
1538750 826
1538760 826
1538770 820
1538780 816
1538790 816
1538800 812
1538810 810
1538820 810
1538830 806
1538840 799
1538850 799
1538860 793
1538870 787
1538880 787
1538890 780
1538900 773
1538910 773
1538920 765
1538930 760
1538940 760
1538950 763
1538960 770
1538970 770
1538980 774
1538990 776
1539000 776
1539010 780
1539020 783
1539030 783
1539040 783
1539050 788
1539060 794
1539070 794
1539080 796
1539090 798
1539100 798
1539110 799
1539120 799
1539130 799
1539140 797
1539150 798
1539160 798
1539170 802
1539180 807
1539190 807
1539200 810
1539210 813
1539220 813
1539230 816
1539240 821
1539250 821
1539260 824
1539270 828
1539280 828
1539290 831
1539300 834
1539310 834
1539320 836
1539330 837
1539340 837
1539350 838
1539360 840
1539370 840
1539380 840
1539390 839
1539400 839
1539410 839
1539420 839
1539430 839
1539440 839
1539450 838
1539460 838
1539470 838
1539480 836
1539490 836
1539500 833
1539510 829
1539520 829
1539530 824
1539540 818
1539550 818
1539560 813
1539570 809
1539580 804
1539590 804
1539600 799
1539610 798
1539620 798
1539630 798
1539640 802
1539650 802
1539660 807
1539670 810
1539680 810
1539690 812
1539700 812
1539710 812
1539720 811
1539730 808
1539740 808
1539750 806
1539760 805
1539770 805
1539780 805
1539790 803
1539800 803
1539810 803
1539820 804
1539830 804
1539840 809
1539850 813
1539860 813
1539870 816
1539880 820
1539890 820
1539900 823
1539910 824
1539920 824
1539930 825
1539940 826
1539950 826
1539960 827
1539970 827
1539980 827
1539990 826
