1520000 1667
1520010 1663
1520020 1658
1520030 1658
1520040 1655
1520050 1648
1520060 1648
1520070 1646
1520080 1651
1520090 1651
1520100 1652
1520110 1648
1520120 1648
1520130 1648
1520140 1649
1520150 1649
1520160 1651
1520170 1654
1520180 1654
1520190 1653
1520200 1649
1520210 1649
1520220 1647
1520230 1647
1520240 1647
1520250 1647
1520260 1646
1520270 1646
1520280 1644
1520290 1642
1520300 1642
1520310 1639
1520320 1638
1520330 1638
1520340 1636
1520350 1634
1520360 1633
1520370 1633
1520380 1633
1520390 1635
1520400 1635
1520410 1642
1520420 1654
1520430 1654
1520440 1660
1520450 1660
1520460 1660
1520470 1661
1520480 1664
1520490 1664
1520500 1665
1520510 1665
1520520 1665
1520530 1662
1520540 1658
1520550 1658
1520560 1653
1520570 1644
1520580 1644
1520590 1636
1520600 1632
1520610 1632
1520620 1628
1520630 1627
1520640 1627
1520650 1627
1520660 1629
1520670 1629
1520680 1632
1520690 1632
1520700 1632
1520710 1634
1520720 1635
1520730 1635
1520740 1635
1520750 1634
1520760 1634
1520770 1634
1520780 1635
1520790 1635
1520800 1636
1520810 1636
1520820 1636
1520830 1636
1520840 1635
1520850 1635
1520860 1636
1520870 1639
1520880 1639
1520890 1643
1520900 1649
1520910 1655
1520920 1655
1520930 1663
1520940 1670
1520950 1670
1520960 1678
1520970 1694
1520980 1694
1520990 1705
1521000 1714
1521010 1714
1521020 1722
1521030 1723
1521040 1723
1521050 1718
1521060 1710
1521070 1710
1521080 1703
1521090 1697
1521100 1697
1521110 1693
1521120 1690
1521130 1690
1521140 1687
1521150 1685
1521160 1685
1521170 1683
1521180 1682
1521190 1682
1521200 1684
1521210 1688
1521220 1688
1521230 1685
1521240 1682
1521250 1682
1521260 1682
1521270 1683
1521280 1683
1521290 1687
1521300 1692
1521310 1696
1521320 1702
1521330 1707
1521340 1707
1521350 1708
1521360 1709
1521370 1709
1521380 1711
1521390 1712
1521400 1712
1521410 1714
1521420 1717
1521430 1717
1521440 1722
1521450 1726
1521460 1726
1521470 1728
1521480 1730
1521490 1730
1521500 1730
1521510 1729
1521520 1729
1521530 1729
1521540 1725
1521550 1725
1521560 1725
1521570 1724
1521580 1722
1521590 1722
1521600 1715
1521610 1707
1521620 1707
1521630 1704
1521640 1701
1521650 1701
1521660 1704
1521670 1706
1521680 1706
1521690 1705
1521700 1701
1521710 1701
1521720 1696
1521730 1691
1521740 1691
1521750 1686
1521760 1682
1521770 1682
1521780 1676
1521790 1673
1521800 1673
1521810 1671
1521820 1671
1521830 1671
1521840 1671
1521850 1668
1521860 1668
1521870 1665
1521880 1661
1521890 1661
1521900 1658
1521910 1656
1521920 1656
1521930 1658
1521940 1662
1521950 1662
1521960 1668
1521970 1673
1521980 1673
1521990 1677
1522000 1679
1522010 1679
1522020 1683
1522030 1688
1522040 1693
1522050 1693
1522060 1697
1522070 1701
1522080 1701
1522090 1706
1522100 1712
1522110 1712
1522120 1716
1522130 1719
1522140 1719
1522150 1722
1522160 1725
1522170 1725
1522180 1728
1522190 1732
1522200 1732
1522210 1739
1522220 1750
1522230 1750
1522240 1757
1522250 1762
1522260 1762
1522270 1768
1522280 1773
1522290 1773
1522300 1774
1522310 1770
1522320 1770
1522330 1764
1522340 1760
1522350 1760
1522360 1757
1522370 1756
1522380 1756
1522390 1755
1522400 1755
1522410 1755
1522420 1756
1522430 1758
1522440 1758
1522450 1760
1522460 1761
1522470 1761
1522480 1762
1522490 1762
1522500 1762
1522510 1764
1522520 1766
1522530 1766
1522540 1769
1522550 1770
1522560 1770
1522570 1772
1522580 1773
1522590 1772
1522600 1772
1522610 1771
1522620 1770
1522630 1770
1522640 1771
1522650 1772
1522660 1772
1522670 1773
1522680 1774
1522690 1774
1522700 1775
1522710 1776
1522720 1776
1522730 1778
1522740 1779
1522750 1779
1522760 1780
1522770 1780
1522780 1780
1522790 1780
1522800 1781
1522810 1781
1522820 1781
1522830 1781
1522840 1781
1522850 1781
1522860 1780
1522870 1780
1522880 1778
1522890 1774
1522900 1774
1522910 1770
1522920 1765
1522930 1765
1522940 1761
1522950 1757
1522960 1757
1522970 1754
1522980 1751
1522990 1751
1523000 1748
1523010 1745
1523020 1745
1523030 1743
1523040 1742
1523050 1742
1523060 1743
1523070 1742
1523080 1742
1523090 1740
1523100 1738
1523110 1738
1523120 1737
1523130 1736
1523140 1735
1523150 1735
1523160 1732
1523170 1729
1523180 1729
1523190 1728
1523200 1727
1523210 1727
1523220 1726
1523230 1726
1523240 1726
1523250 1725
1523260 1723
1523270 1723
1523280 1721
1523290 1722
1523300 1722
1523310 1721
1523320 1720
1523330 1720
1523340 1717
1523350 1715
1523360 1715
1523370 1713
1523380 1711
1523390 1711
1523400 1708
1523410 1706
1523420 1706
1523430 1710
1523440 1712
1523450 1712
1523460 1715
1523470 1720
1523480 1720
1523490 1723
1523500 1724
1523510 1724
1523520 1729
1523530 1735
1523540 1735
1523550 1739
1523560 1741
1523570 1741
1523580 1744
1523590 1747
1523600 1747
1523610 1751
1523620 1754
1523630 1754
1523640 1758
1523650 1761
1523660 1761
1523670 1766
1523680 1769
1523690 1771
1523700 1771
1523710 1773
1523720 1775
1523730 1775
1523740 1773
1523750 1771
1523760 1771
1523770 1769
1523780 1767
1523790 1767
1523800 1766
1523810 1765
1523820 1765
1523830 1762
1523840 1761
1523850 1761
1523860 1760
1523870 1757
1523880 1757
1523890 1756
1523900 1752
1523910 1752
1523920 1748
1523930 1743
1523940 1743
1523950 1738
1523960 1732
1523970 1732
1523980 1726
1523990 1720
1524000 1720
1524010 1715
1524020 1710
1524030 1710
1524040 1705
1524050 1700
1524060 1700
1524070 1696
1524080 1693
1524090 1693
1524100 1689
1524110 1685
1524120 1685
1524130 1682
1524140 1681
1524150 1681
1524160 1679
1524170 1676
1524180 1676
1524190 1673
1524200 1669
1524210 1669
1524220 1665
1524230 1661
1524240 1660
1524250 1660
1524260 1659
1524270 1659
1524280 1659
1524290 1661
1524300 1662
1524310 1662
1524320 1662
1524330 1662
1524340 1662
1524350 1664
1524360 1668
1524370 1668
1524380 1671
1524390 1673
1524400 1673
1524410 1677
1524420 1681
1524430 1681
1524440 1686
1524450 1692
1524460 1692
1524470 1697
1524480 1702
1524490 1702
1524500 1707
1524510 1713
1524520 1713
1524530 1720
1524540 1726
1524550 1726
1524560 1731
1524570 1736
1524580 1736
1524590 1741
1524600 1745
1524610 1745
1524620 1747
1524630 1747
1524640 1747
1524650 1745
1524660 1742
1524670 1738
1524680 1736
1524690 1734
1524700 1734
1524710 1730
1524720 1725
1524730 1725
1524740 1720
1524750 1716
1524760 1716
1524770 1714
1524780 1712
1524790 1708
1524800 1708
1524810 1705
1524820 1703
1524830 1703
1524840 1701
1524850 1699
1524860 1699
1524870 1699
1524880 1697
1524890 1697
1524900 1695
1524910 1693
1524920 1693
1524930 1691
1524940 1689
1524950 1689
1524960 1689
1524970 1686
1524980 1686
1524990 1684
1525000 1682
1525010 1682
1525020 1680
1525030 1678
1525040 1678
1525050 1675
1525060 1672
1525070 1672
1525080 1671
1525090 1671
1525100 1671
1525110 1666
1525120 1661
1525130 1661
1525140 1657
1525150 1655
1525160 1655
1525170 1657
1525180 1662
1525190 1662
1525200 1665
1525210 1667
1525220 1667
1525230 1670
1525240 1672
1525250 1672
1525260 1673
1525270 1673
1525280 1673
1525290 1673
1525300 1674
1525310 1674
1525320 1677
1525330 1680
1525340 1682
1525350 1682
1525360 1684
1525370 1683
1525380 1683
1525390 1681
1525400 1677
1525410 1677
1525420 1671
1525430 1665
1525440 1665
1525450 1659
1525460 1657
1525470 1657
1525480 1655
1525490 1655
1525500 1655
1525510 1654
1525520 1652
1525530 1652
1525540 1651
1525550 1650
1525560 1650
1525570 1649
1525580 1647
1525590 1647
1525600 1647
1525610 1647
1525620 1647
1525630 1646
1525640 1640
1525650 1640
1525660 1633
1525670 1630
1525680 1630
1525690 1625
1525700 1620
1525710 1620
1525720 1611
1525730 1604
1525740 1604
1525750 1599
1525760 1595
1525770 1595
1525780 1591
1525790 1590
1525800 1590
1525810 1594
1525820 1599
1525830 1599
1525840 1598
1525850 1594
1525860 1594
1525870 1585
1525880 1577
1525890 1577
1525900 1571
1525910 1567
1525920 1560
1525930 1560
1525940 1549
1525950 1543
1525960 1543
1525970 1539
1525980 1537
1525990 1537
1526000 1533
1526010 1531
1526020 1531
1526030 1530
1526040 1528
1526050 1528
1526060 1525
1526070 1522
1526080 1522
1526090 1518
1526100 1515
1526110 1515
1526120 1514
1526130 1512
1526140 1512
1526150 1511
1526160 1508
1526170 1508
1526180 1508
1526190 1509
1526200 1509
1526210 1510
1526220 1514
1526230 1514
1526240 1521
1526250 1524
1526260 1524
1526270 1526
1526280 1526
1526290 1526
1526300 1525
1526310 1527
1526320 1527
1526330 1532
1526340 1532
1526350 1532
1526360 1530
1526370 1530
1526380 1530
1526390 1530
1526400 1528
1526410 1528
1526420 1530
1526430 1533
1526440 1533
1526450 1535
1526460 1539
1526470 1544
1526480 1544
1526490 1550
1526500 1555
1526510 1555
1526520 1560
1526530 1567
1526540 1567
1526550 1574
1526560 1582
1526570 1582
1526580 1590
1526590 1596
1526600 1596
1526610 1601
1526620 1606
1526630 1606
1526640 1609
1526650 1611
1526660 1611
1526670 1612
1526680 1611
1526690 1611
1526700 1611
1526710 1609
1526720 1609
1526730 1607
1526740 1605
1526750 1605
1526760 1603
1526770 1600
1526780 1600
1526790 1597
1526800 1593
1526810 1593
1526820 1590
1526830 1586
1526840 1586
1526850 1583
1526860 1579
1526870 1579
1526880 1575
1526890 1570
1526900 1570
1526910 1565
1526920 1559
1526930 1559
1526940 1554
1526950 1548
1526960 1548
1526970 1543
1526980 1537
1526990 1537
1527000 1532
1527010 1528
1527020 1523
1527030 1523
1527040 1519
1527050 1515
1527060 1515
1527070 1511
1527080 1507
1527090 1507
1527100 1504
1527110 1502
1527120 1502
1527130 1499
1527140 1495
1527150 1495
1527160 1493
1527170 1492
1527180 1492
1527190 1490
1527200 1487
1527210 1487
1527220 1482
1527230 1477
1527240 1477
1527250 1475
1527260 1471
1527270 1471
1527280 1466
1527290 1463
1527300 1463
1527310 1459
1527320 1455
1527330 1455
1527340 1452
1527350 1449
1527360 1449
1527370 1445
1527380 1438
1527390 1438
1527400 1434
1527410 1430
1527420 1430
1527430 1426
1527440 1424
1527450 1424
1527460 1421
1527470 1416
1527480 1416
1527490 1411
1527500 1407
1527510 1407
1527520 1402
1527530 1398
1527540 1398
1527550 1393
1527560 1384
1527570 1381
1527580 1381
1527590 1381
1527600 1377
1527610 1377
1527620 1372
1527630 1368
1527640 1368
1527650 1364
1527660 1359
1527670 1359
1527680 1354
1527690 1351
1527700 1351
1527710 1348
1527720 1344
1527730 1344
1527740 1339
1527750 1341
1527760 1341
1527770 1337
1527780 1332
1527790 1332
1527800 1325
1527810 1318
1527820 1318
1527830 1311
1527840 1303
1527850 1303
1527860 1297
1527870 1292
1527880 1292
1527890 1287
1527900 1283
1527910 1283
1527920 1279
1527930 1275
1527940 1275
1527950 1271
1527960 1268
1527970 1268
1527980 1262
1527990 1259
1528000 1259
1528010 1254
1528020 1248
1528030 1248
1528040 1244
1528050 1241
1528060 1241
1528070 1237
1528080 1229
1528090 1229
1528100 1220
1528110 1219
1528120 1217
1528130 1217
1528140 1211
1528150 1202
1528160 1202
1528170 1195
1528180 1191
1528190 1191
1528200 1189
1528210 1186
1528220 1186
1528230 1184
1528240 1183
1528250 1183
1528260 1181
1528270 1176
1528280 1176
1528290 1171
1528300 1165
1528310 1165
1528320 1158
1528330 1152
1528340 1152
1528350 1147
1528360 1142
1528370 1142
1528380 1136
1528390 1129
1528400 1129
1528410 1128
1528420 1128
1528430 1128
1528440 1126
1528450 1125
1528460 1125
1528470 1124
1528480 1123
1528490 1123
1528500 1121
1528510 1122
1528520 1122
1528530 1123
1528540 1122
1528550 1122
1528560 1121
1528570 1120
1528580 1120
1528590 1119
1528600 1118
1528610 1118
1528620 1118
1528630 1119
1528640 1119
1528650 1120
1528660 1119
1528670 1121
1528680 1121
1528690 1125
1528700 1129
1528710 1129
1528720 1130
1528730 1132
1528740 1132
1528750 1134
1528760 1134
1528770 1134
1528780 1135
1528790 1137
1528800 1137
1528810 1139
1528820 1141
1528830 1141
1528840 1142
1528850 1143
1528860 1143
1528870 1143
1528880 1144
1528890 1144
1528900 1149
1528910 1154
1528920 1154
1528930 1158
1528940 1160
1528950 1160
1528960 1161
1528970 1158
1528980 1158
1528990 1153
1529000 1150
1529010 1150
1529020 1149
1529030 1149
1529040 1149
1529050 1150
1529060 1149
1529070 1149
1529080 1147
1529090 1144
1529100 1144
1529110 1141
1529120 1140
1529130 1140
1529140 1138
1529150 1136
1529160 1136
1529170 1133
1529180 1130
1529190 1130
1529200 1127
1529210 1124
1529220 1124
1529230 1121
1529240 1120
1529250 1118
1529260 1118
1529270 1117
1529280 1116
1529290 1116
1529300 1116
1529310 1117
1529320 1117
1529330 1118
1529340 1119
1529350 1119
1529360 1121
1529370 1123
1529380 1123
1529390 1124
1529400 1126
1529410 1126
1529420 1128
1529430 1130
1529440 1130
1529450 1132
1529460 1134
1529470 1134
1529480 1137
1529490 1141
1529500 1141
1529510 1144
1529520 1149
1529530 1149
1529540 1153
1529550 1158
1529560 1158
1529570 1162
1529580 1166
1529590 1166
1529600 1171
1529610 1176
1529620 1176
1529630 1181
1529640 1185
1529650 1185
1529660 1190
1529670 1194
1529680 1194
1529690 1199
1529700 1203
1529710 1203
1529720 1207
1529730 1210
1529740 1210
1529750 1214
1529760 1218
1529770 1218
1529780 1221
1529790 1225
1529800 1228
1529810 1228
1529820 1230
1529830 1233
1529840 1233
1529850 1235
1529860 1236
1529870 1236
1529880 1234
1529890 1229
1529900 1229
1529910 1224
1529920 1219
1529930 1219
1529940 1214
1529950 1206
1529960 1206
1529970 1198
1529980 1189
1529990 1189
1530000 1179
1530010 1172
1530020 1172
1530030 1168
1530040 1161
1530050 1161
1530060 1155
1530070 1152
1530080 1152
1530090 1149
1530100 1146
1530110 1146
1530120 1143
1530130 1134
1530140 1134
1530150 1127
1530160 1120
1530170 1120
1530180 1112
1530190 1106
1530200 1106
1530210 1099
1530220 1093
1530230 1093
1530240 1084
1530250 1078
1530260 1078
1530270 1075
1530280 1068
1530290 1068
1530300 1063
1530310 1061
1530320 1061
1530330 1059
1530340 1059
1530350 1059
1530360 1059
1530370 1059
1530380 1058
1530390 1058
1530400 1056
1530410 1055
1530420 1055
1530430 1054
1530440 1053
1530450 1053
1530460 1052
1530470 1050
1530480 1050
1530490 1049
1530500 1047
1530510 1047
1530520 1041
1530530 1037
1530540 1037
1530550 1033
1530560 1030
1530570 1030
1530580 1027
1530590 1020
1530600 1020
1530610 1011
1530620 1001
1530630 1001
1530640 991
1530650 983
1530660 983
1530670 973
1530680 965
1530690 965
1530700 955
1530710 940
1530720 940
1530730 933
1530740 929
1530750 929
1530760 926
1530770 923
1530780 923
1530790 921
1530800 920
1530810 920
1530820 919
1530830 918
1530840 918
1530850 916
1530860 914
1530870 914
1530880 910
1530890 905
1530900 899
1530910 899
1530920 893
1530930 889
1530940 889
1530950 885
1530960 882
1530970 882
1530980 878
1530990 873
1531000 873
1531010 867
1531020 861
1531030 861
1531040 855
1531050 849
1531060 849
1531070 838
1531080 830
1531090 830
1531100 824
1531110 818
1531120 818
1531130 811
1531140 805
1531150 805
1531160 798
1531170 789
1531180 789
1531190 781
1531200 774
1531210 774
1531220 769
1531230 763
1531240 763
1531250 758
1531260 754
1531270 754
1531280 749
1531290 744
1531300 744
1531310 740
1531320 735
1531330 735
1531340 731
1531350 726
1531360 726
1531370 720
1531380 710
1531390 710
1531400 702
1531410 696
1531420 696
1531430 690
1531440 685
1531450 679
1531460 679
1531470 674
1531480 667
1531490 667
1531500 659
1531510 651
1531520 651
1531530 644
1531540 638
1531550 638
1531560 631
1531570 625
1531580 625
1531590 618
1531600 611
1531610 611
1531620 605
1531630 601
1531640 601
1531650 597
1531660 593
1531670 593
1531680 587
1531690 581
1531700 581
1531710 575
1531720 568
1531730 568
1531740 560
1531750 548
1531760 548
1531770 528
1531780 514
1531790 514
1531800 503
1531810 494
1531820 494
1531830 486
1531840 477
1531850 477
1531860 468
1531870 459
1531880 459
1531890 452
1531900 445
1531910 445
1531920 439
1531930 436
1531940 436
1531950 435
1531960 431
1531970 431
1531980 428
1531990 428
1532000 428
1532010 428
1532020 428
1532030 428
1532040 428
1532050 428
1532060 428
1532070 428
1532080 426
1532090 425
1532100 425
1532110 424
1532120 424
1532130 424
1532140 424
1532150 424
1532160 424
1532170 424
1532180 425
1532190 425
1532200 427
1532210 427
1532220 427
1532230 428
1532240 428
1532250 428
1532260 429
1532270 428
1532280 428
1532290 427
1532300 427
1532310 427
1532320 427
1532330 427
1532340 427
1532350 427
1532360 427
1532370 427
1532380 427
1532390 427
1532400 427
1532410 427
1532420 428
1532430 428
1532440 428
1532450 428
1532460 428
1532470 428
1532480 428
1532490 428
1532500 428
1532510 428
1532520 428
1532530 428
1532540 428
1532550 428
1532560 428
1532570 427
1532580 427
1532590 427
1532600 427
1532610 427
1532620 427
1532630 427
1532640 427
1532650 427
1532660 427
1532670 427
1532680 427
1532690 428
1532700 428
1532710 428
1532720 428
1532730 427
1532740 427
1532750 427
1532760 427
1532770 427
1532780 427
1532790 427
1532800 427
1532810 427
1532820 427
1532830 427
1532840 427
1532850 427
1532860 427
1532870 427
1532880 427
1532890 427
1532900 427
1532910 427
1532920 427
1532930 427
1532940 427
1532950 427
1532960 427
1532970 426
1532980 426
1532990 426
1533000 426
1533010 426
1533020 426
1533030 426
1533040 426
1533050 426
1533060 426
1533070 426
1533080 426
1533090 426
1533100 425
1533110 425
1533120 425
1533130 425
1533140 425
1533150 425
1533160 425
1533170 425
1533180 425
1533190 425
1533200 425
1533210 425
1533220 425
1533230 425
1533240 425
1533250 425
1533260 425
1533270 425
1533280 425
1533290 425
1533300 425
1533310 425
1533320 425
1533330 425
1533340 425
1533350 425
1533360 425
1533370 425
1533380 425
1533390 425
1533400 425
1533410 425
1533420 425
1533430 425
1533440 425
1533450 424
1533460 424
1533470 424
1533480 424
1533490 425
1533500 425
1533510 425
1533520 425
1533530 425
1533540 424
1533550 424
1533560 424
1533570 424
1533580 424
1533590 424
1533600 424
1533610 425
1533620 425
1533630 425
1533640 425
1533650 425
1533660 424
1533670 424
1533680 424
1533690 424
1533700 425
1533710 425
1533720 425
1533730 425
1533740 425
1533750 425
1533760 424
1533770 425
1533780 425
1533790 425
1533800 425
1533810 425
1533820 425
1533830 424
1533840 424
1533850 424
1533860 424
1533870 424
1533880 424
1533890 424
1533900 424
1533910 424
1533920 424
1533930 424
1533940 424
1533950 425
1533960 425
1533970 424
1533980 424
1533990 424
1534000 424
1534010 424
1534020 424
1534030 424
1534040 424
1534050 424
1534060 424
1534070 424
1534080 424
1534090 424
1534100 424
1534110 424
1534120 424
1534130 424
1534140 424
1534150 424
1534160 424
1534170 424
1534180 424
1534190 424
1534200 424
1534210 425
1534220 425
1534230 424
1534240 424
1534250 424
1534260 423
1534270 423
1534280 424
1534290 424
1534300 424
1534310 424
1534320 424
1534330 424
1534340 424
1534350 424
1534360 424
1534370 424
1534380 424
1534390 424
1534400 423
1534410 423
1534420 423
1534430 424
1534440 424
1534450 424
1534460 424
1534470 424
1534480 424
1534490 424
1534500 424
1534510 424
1534520 424
1534530 424
1534540 424
1534550 424
1534560 424
1534570 424
1534580 424
1534590 424
1534600 424
1534610 423
1534620 423
1534630 423
1534640 424
1534650 426
1534660 426
1534670 425
1534680 424
1534690 424
1534700 424
1534710 424
1534720 424
1534730 424
1534740 423
1534750 423
1534760 423
1534770 424
1534780 424
1534790 424
1534800 424
1534810 424
1534820 424
1534830 424
1534840 423
1534850 423
1534860 423
1534870 423
1534880 423
1534890 423
1534900 423
1534910 423
1534920 422
1534930 423
1534940 423
1534950 423
1534960 424
1534970 424
1534980 426
1534990 427
1535000 427
1535010 428
1535020 428
1535030 428
1535040 429
1535050 429
1535060 429
1535070 429
1535080 430
1535090 430
1535100 430
1535110 430
1535120 430
1535130 431
1535140 431
1535150 431
1535160 431
1535170 431
1535180 431
1535190 431
1535200 432
1535210 432
1535220 432
1535230 432
1535240 432
1535250 432
1535260 432
1535270 432
1535280 432
1535290 433
1535300 433
1535310 433
1535320 433
1535330 433
1535340 433
1535350 433
1535360 433
1535370 433
1535380 433
1535390 433
1535400 433
1535410 434
1535420 434
1535430 434
1535440 434
1535450 434
1535460 434
1535470 434
1535480 433
1535490 433
1535500 432
1535510 433
1535520 433
1535530 433
1535540 433
1535550 433
1535560 433
1535570 433
1535580 433
1535590 433
1535600 433
1535610 433
1535620 433
1535630 433
1535640 433
1535650 433
1535660 433
1535670 433
1535680 433
1535690 434
1535700 434
1535710 435
1535720 435
1535730 435
1535740 435
1535750 436
1535760 436
1535770 436
1535780 434
1535790 434
1535800 434
1535810 435
1535820 435
1535830 436
1535840 436
1535850 436
1535860 436
1535870 436
1535880 436
1535890 436
1535900 436
1535910 436
1535920 436
1535930 436
1535940 436
1535950 436
1535960 436
1535970 437
1535980 437
1535990 438
1536000 442
1536010 442
1536020 446
1536030 448
1536040 448
1536050 449
1536060 450
1536070 450
1536080 451
1536090 451
1536100 451
1536110 452
1536120 453
1536130 453
1536140 454
1536150 454
1536160 454
1536170 455
1536180 456
1536190 456
1536200 456
1536210 454
1536220 454
1536230 451
1536240 449
1536250 449
1536260 449
1536270 447
1536280 447
1536290 446
1536300 445
1536310 445
1536320 445
1536330 445
1536340 445
1536350 445
1536360 446
1536370 446
1536380 446
1536390 446
1536400 446
1536410 446
1536420 447
1536430 446
1536440 446
1536450 447
1536460 446
1536470 446
1536480 447
1536490 447
1536500 447
1536510 447
1536520 448
1536530 448
1536540 448
1536550 449
1536560 449
1536570 449
1536580 451
1536590 451
1536600 452
1536610 452
1536620 452
1536630 452
1536640 452
1536650 452
1536660 452
1536670 452
1536680 452
1536690 452
1536700 451
1536710 451
1536720 451
1536730 451
1536740 451
1536750 450
1536760 451
1536770 451
1536780 453
1536790 453
1536800 453
1536810 453
1536820 455
1536830 455
1536840 456
1536850 459
1536860 459
1536870 461
1536880 462
1536890 462
1536900 463
1536910 464
1536920 464
1536930 465
1536940 465
1536950 465
1536960 466
1536970 467
1536980 467
1536990 467
1537000 468
1537010 468
1537020 468
1537030 467
1537040 466
1537050 466
1537060 466
1537070 466
1537080 466
1537090 466
1537100 466
1537110 466
1537120 465
1537130 465
1537140 465
1537150 463
1537160 462
1537170 462
1537180 462
1537190 463
1537200 463
1537210 463
1537220 463
1537230 463
1537240 464
1537250 464
1537260 464
1537270 464
1537280 464
1537290 464
1537300 465
1537310 465
1537320 465
1537330 466
1537340 466
1537350 466
1537360 466
1537370 467
1537380 467
1537390 467
1537400 467
1537410 467
1537420 467
1537430 468
1537440 468
1537450 467
1537460 467
1537470 467
1537480 466
1537490 466
1537500 466
1537510 466
1537520 466
1537530 466
1537540 466
1537550 466
1537560 466
1537570 466
1537580 467
1537590 468
1537600 468
1537610 467
1537620 467
1537630 467
1537640 467
1537650 467
1537660 467
1537670 467
1537680 466
1537690 466
1537700 467
1537710 467
1537720 467
1537730 467
1537740 467
1537750 467
1537760 468
1537770 469
1537780 469
1537790 471
1537800 474
1537810 474
1537820 479
1537830 489
1537840 489
1537850 504
1537860 516
1537870 516
1537880 530
1537890 542
1537900 542
1537910 551
1537920 558
1537930 558
1537940 564
1537950 566
1537960 566
1537970 565
1537980 567
1537990 567
1538000 566
1538010 565
1538020 565
1538030 562
1538040 558
1538050 558
1538060 554
1538070 554
1538080 554
1538090 556
1538100 559
1538110 561
1538120 561
1538130 563
1538140 567
1538150 567
1538160 570
1538170 573
1538180 573
1538190 576
1538200 579
1538210 579
1538220 584
1538230 588
1538240 588
1538250 592
1538260 596
1538270 596
1538280 598
1538290 600
1538300 600
1538310 601
1538320 603
1538330 603
1538340 605
1538350 612
1538360 612
1538370 613
1538380 616
1538390 616
1538400 620
1538410 623
1538420 623
1538430 625
1538440 625
1538450 625
1538460 626
1538470 628
1538480 628
1538490 631
1538500 634
1538510 634
1538520 636
1538530 637
1538540 637
1538550 636
1538560 635
1538570 635
1538580 635
1538590 637
1538600 637
1538610 640
1538620 642
1538630 642
1538640 644
1538650 645
1538660 646
1538670 646
1538680 646
1538690 648
1538700 648
1538710 649
1538720 648
1538730 648
1538740 645
1538750 644
1538760 644
1538770 646
1538780 649
1538790 649
1538800 651
1538810 653
1538820 653
1538830 655
1538840 657
1538850 657
1538860 660
1538870 662
1538880 662
1538890 666
1538900 669
1538910 669
1538920 672
1538930 675
1538940 675
1538950 677
1538960 678
1538970 678
1538980 678
1538990 679
1539000 679
1539010 679
1539020 678
1539030 678
1539040 677
1539050 681
1539060 681
1539070 683
1539080 684
1539090 684
1539100 685
1539110 689
1539120 689
1539130 694
1539140 699
1539150 699
1539160 702
1539170 706
1539180 706
1539190 712
1539200 719
1539210 723
1539220 723
1539230 727
1539240 731
1539250 731
1539260 737
1539270 741
1539280 741
1539290 743
1539300 743
1539310 743
1539320 742
1539330 741
1539340 741
1539350 741
1539360 740
1539370 740
1539380 739
1539390 737
1539400 737
1539410 736
1539420 733
1539430 733
1539440 731
1539450 728
1539460 728
1539470 725
1539480 722
1539490 722
1539500 718
1539510 715
1539520 715
1539530 714
1539540 714
1539550 714
1539560 713
1539570 713
1539580 713
1539590 713
1539600 712
1539610 712
1539620 712
1539630 713
1539640 713
1539650 715
1539660 716
1539670 716
1539680 719
1539690 721
1539700 721
1539710 721
1539720 722
1539730 722
1539740 722
1539750 722
1539760 725
1539770 725
1539780 727
1539790 729
1539800 729
1539810 730
1539820 731
1539830 731
1539840 732
1539850 733
1539860 733
1539870 734
1539880 735
1539890 735
1539900 735
1539910 736
1539920 736
1539930 737
1539940 738
1539950 738
1539960 738
1539970 742
1539980 742
1539990 745
