1520000 1670
1520010 1671
1520020 1671
1520030 1671
1520040 1670
1520050 1670
1520060 1670
1520070 1667
1520080 1661
1520090 1661
1520100 1660
1520110 1661
1520120 1661
1520130 1654
1520140 1658
1520150 1658
1520160 1664
1520170 1666
1520180 1666
1520190 1670
1520200 1673
1520210 1673
1520220 1674
1520230 1675
1520240 1675
1520250 1675
1520260 1676
1520270 1676
1520280 1673
1520290 1669
1520300 1669
1520310 1667
1520320 1667
1520330 1667
1520340 1665
1520350 1665
1520360 1665
1520370 1664
1520380 1665
1520390 1665
1520400 1667
1520410 1671
1520420 1678
1520430 1678
1520440 1685
1520450 1693
1520460 1693
1520470 1701
1520480 1709
1520490 1709
1520500 1718
1520510 1729
1520520 1729
1520530 1732
1520540 1711
1520550 1711
1520560 1695
1520570 1684
1520580 1684
1520590 1675
1520600 1667
1520610 1667
1520620 1660
1520630 1655
1520640 1655
1520650 1652
1520660 1653
1520670 1653
1520680 1656
1520690 1657
1520700 1657
1520710 1659
1520720 1661
1520730 1661
1520740 1662
1520750 1663
1520760 1663
1520770 1665
1520780 1666
1520790 1666
1520800 1665
1520810 1666
1520820 1666
1520830 1666
1520840 1666
1520850 1666
1520860 1666
1520870 1667
1520880 1667
1520890 1669
1520900 1676
1520910 1676
1520920 1682
1520930 1686
1520940 1686
1520950 1693
1520960 1705
1520970 1714
1520980 1714
1520990 1718
1521000 1721
1521010 1721
1521020 1721
1521030 1717
1521040 1717
1521050 1713
1521060 1711
1521070 1711
1521080 1709
1521090 1709
1521100 1709
1521110 1710
1521120 1708
1521130 1708
1521140 1708
1521150 1711
1521160 1711
1521170 1713
1521180 1709
1521190 1709
1521200 1706
1521210 1704
1521220 1704
1521230 1706
1521240 1715
1521250 1715
1521260 1722
1521270 1726
1521280 1726
1521290 1727
1521300 1726
1521310 1726
1521320 1722
1521330 1721
1521340 1721
1521350 1725
1521360 1729
1521370 1729
1521380 1732
1521390 1736
1521400 1736
1521410 1737
1521420 1740
1521430 1740
1521440 1744
1521450 1746
1521460 1746
1521470 1748
1521480 1746
1521490 1746
1521500 1744
1521510 1742
1521520 1745
1521530 1745
1521540 1745
1521550 1745
1521560 1745
1521570 1742
1521580 1739
1521590 1739
1521600 1735
1521610 1731
1521620 1731
1521630 1727
1521640 1722
1521650 1722
1521660 1722
1521670 1727
1521680 1727
1521690 1727
1521700 1724
1521710 1724
1521720 1721
1521730 1714
1521740 1714
1521750 1706
1521760 1700
1521770 1700
1521780 1697
1521790 1695
1521800 1695
1521810 1693
1521820 1695
1521830 1695
1521840 1692
1521850 1688
1521860 1688
1521870 1683
1521880 1677
1521890 1677
1521900 1671
1521910 1668
1521920 1668
1521930 1665
1521940 1662
1521950 1662
1521960 1658
1521970 1660
1521980 1660
1521990 1666
1522000 1671
1522010 1671
1522020 1674
1522030 1678
1522040 1678
1522050 1682
1522060 1684
1522070 1686
1522080 1686
1522090 1688
1522100 1694
1522110 1694
1522120 1701
1522130 1707
1522140 1707
1522150 1712
1522160 1717
1522170 1717
1522180 1721
1522190 1725
1522200 1725
1522210 1729
1522220 1738
1522230 1738
1522240 1745
1522250 1750
1522260 1750
1522270 1756
1522280 1760
1522290 1760
1522300 1765
1522310 1769
1522320 1769
1522330 1770
1522340 1768
1522350 1768
1522360 1765
1522370 1760
1522380 1760
1522390 1756
1522400 1752
1522410 1752
1522420 1750
1522430 1750
1522440 1750
1522450 1752
1522460 1755
1522470 1755
1522480 1759
1522490 1763
1522500 1763
1522510 1766
1522520 1769
1522530 1769
1522540 1771
1522550 1772
1522560 1772
1522570 1770
1522580 1764
1522590 1764
1522600 1758
1522610 1752
1522620 1750
1522630 1750
1522640 1753
1522650 1755
1522660 1755
1522670 1756
1522680 1756
1522690 1756
1522700 1757
1522710 1758
1522720 1758
1522730 1759
1522740 1759
1522750 1759
1522760 1758
1522770 1757
1522780 1757
1522790 1758
1522800 1759
1522810 1759
1522820 1760
1522830 1760
1522840 1760
1522850 1762
1522860 1763
1522870 1763
1522880 1764
1522890 1762
1522900 1762
1522910 1759
1522920 1757
1522930 1757
1522940 1754
1522950 1749
1522960 1749
1522970 1743
1522980 1741
1522990 1741
1523000 1744
1523010 1744
1523020 1744
1523030 1742
1523040 1740
1523050 1740
1523060 1738
1523070 1737
1523080 1737
1523090 1736
1523100 1735
1523110 1735
1523120 1734
1523130 1734
1523140 1734
1523150 1733
1523160 1730
1523170 1727
1523180 1727
1523190 1726
1523200 1726
1523210 1726
1523220 1726
1523230 1726
1523240 1726
1523250 1726
1523260 1726
1523270 1726
1523280 1724
1523290 1724
1523300 1724
1523310 1723
1523320 1723
1523330 1723
1523340 1721
1523350 1718
1523360 1718
1523370 1719
1523380 1719
1523390 1719
1523400 1720
1523410 1721
1523420 1721
1523430 1719
1523440 1719
1523450 1719
1523460 1722
1523470 1721
1523480 1721
1523490 1724
1523500 1728
1523510 1728
1523520 1732
1523530 1736
1523540 1736
1523550 1738
1523560 1740
1523570 1740
1523580 1742
1523590 1745
1523600 1745
1523610 1749
1523620 1754
1523630 1754
1523640 1757
1523650 1759
1523660 1759
1523670 1762
1523680 1766
1523690 1766
1523700 1769
1523710 1772
1523720 1775
1523730 1775
1523740 1778
1523750 1778
1523760 1778
1523770 1777
1523780 1775
1523790 1775
1523800 1772
1523810 1770
1523820 1770
1523830 1767
1523840 1762
1523850 1762
1523860 1756
1523870 1750
1523880 1750
1523890 1744
1523900 1737
1523910 1737
1523920 1733
1523930 1732
1523940 1732
1523950 1733
1523960 1734
1523970 1734
1523980 1734
1523990 1731
1524000 1731
1524010 1727
1524020 1722
1524030 1722
1524040 1718
1524050 1712
1524060 1712
1524070 1704
1524080 1698
1524090 1698
1524100 1693
1524110 1688
1524120 1688
1524130 1683
1524140 1679
1524150 1679
1524160 1674
1524170 1670
1524180 1670
1524190 1667
1524200 1666
1524210 1666
1524220 1665
1524230 1663
1524240 1663
1524250 1661
1524260 1659
1524270 1659
1524280 1657
1524290 1657
1524300 1657
1524310 1657
1524320 1657
1524330 1659
1524340 1659
1524350 1660
1524360 1663
1524370 1663
1524380 1665
1524390 1668
1524400 1668
1524410 1672
1524420 1675
1524430 1675
1524440 1678
1524450 1683
1524460 1683
1524470 1690
1524480 1696
1524490 1696
1524500 1701
1524510 1706
1524520 1706
1524530 1711
1524540 1717
1524550 1717
1524560 1723
1524570 1729
1524580 1729
1524590 1734
1524600 1739
1524610 1739
1524620 1743
1524630 1745
1524640 1745
1524650 1745
1524660 1743
1524670 1743
1524680 1739
1524690 1737
1524700 1737
1524710 1734
1524720 1728
1524730 1728
1524740 1723
1524750 1718
1524760 1718
1524770 1714
1524780 1712
1524790 1712
1524800 1711
1524810 1708
1524820 1708
1524830 1706
1524840 1703
1524850 1703
1524860 1703
1524870 1702
1524880 1700
1524890 1700
1524900 1695
1524910 1691
1524920 1691
1524930 1687
1524940 1684
1524950 1684
1524960 1681
1524970 1677
1524980 1677
1524990 1673
1525000 1671
1525010 1671
1525020 1668
1525030 1665
1525040 1665
1525050 1661
1525060 1657
1525070 1657
1525080 1654
1525090 1654
1525100 1654
1525110 1655
1525120 1654
1525130 1654
1525140 1654
1525150 1654
1525160 1654
1525170 1657
1525180 1660
1525190 1660
1525200 1663
1525210 1667
1525220 1667
1525230 1669
1525240 1670
1525250 1670
1525260 1672
1525270 1675
1525280 1675
1525290 1679
1525300 1683
1525310 1683
1525320 1687
1525330 1690
1525340 1690
1525350 1690
1525360 1688
1525370 1688
1525380 1684
1525390 1678
1525400 1675
1525410 1675
1525420 1671
1525430 1669
1525440 1669
1525450 1668
1525460 1669
1525470 1669
1525480 1669
1525490 1669
1525500 1669
1525510 1669
1525520 1669
1525530 1669
1525540 1664
1525550 1659
1525560 1659
1525570 1653
1525580 1649
1525590 1649
1525600 1649
1525610 1648
1525620 1648
1525630 1648
1525640 1648
1525650 1648
1525660 1648
1525670 1646
1525680 1646
1525690 1643
1525700 1638
1525710 1638
1525720 1632
1525730 1629
1525740 1629
1525750 1631
1525760 1630
1525770 1630
1525780 1627
1525790 1621
1525800 1621
1525810 1619
1525820 1618
1525830 1618
1525840 1616
1525850 1612
1525860 1612
1525870 1606
1525880 1597
1525890 1597
1525900 1593
1525910 1591
1525920 1591
1525930 1589
1525940 1583
1525950 1571
1525960 1571
1525970 1559
1525980 1554
1525990 1554
1526000 1551
1526010 1547
1526020 1547
1526030 1545
1526040 1546
1526050 1546
1526060 1546
1526070 1543
1526080 1543
1526090 1536
1526100 1530
1526110 1530
1526120 1527
1526130 1526
1526140 1526
1526150 1521
1526160 1516
1526170 1516
1526180 1517
1526190 1517
1526200 1517
1526210 1517
1526220 1518
1526230 1518
1526240 1521
1526250 1524
1526260 1524
1526270 1526
1526280 1529
1526290 1529
1526300 1531
1526310 1533
1526320 1533
1526330 1534
1526340 1531
1526350 1531
1526360 1529
1526370 1530
1526380 1530
1526390 1533
1526400 1538
1526410 1538
1526420 1543
1526430 1546
1526440 1546
1526450 1549
1526460 1555
1526470 1555
1526480 1560
1526490 1563
1526500 1566
1526510 1566
1526520 1570
1526530 1578
1526540 1578
1526550 1585
1526560 1588
1526570 1588
1526580 1589
1526590 1590
1526600 1590
1526610 1592
1526620 1594
1526630 1594
1526640 1598
1526650 1598
1526660 1598
1526670 1599
1526680 1600
1526690 1600
1526700 1599
1526710 1597
1526720 1597
1526730 1595
1526740 1594
1526750 1594
1526760 1591
1526770 1589
1526780 1589
1526790 1589
1526800 1588
1526810 1588
1526820 1584
1526830 1578
1526840 1578
1526850 1573
1526860 1567
1526870 1567
1526880 1563
1526890 1559
1526900 1559
1526910 1555
1526920 1552
1526930 1552
1526940 1550
1526950 1548
1526960 1548
1526970 1544
1526980 1541
1526990 1541
1527000 1539
1527010 1541
1527020 1541
1527030 1541
1527040 1539
1527050 1537
1527060 1537
1527070 1534
1527080 1533
1527090 1533
1527100 1531
1527110 1527
1527120 1527
1527130 1522
1527140 1516
1527150 1516
1527160 1508
1527170 1500
1527180 1500
1527190 1493
1527200 1487
1527210 1487
1527220 1482
1527230 1477
1527240 1477
1527250 1473
1527260 1469
1527270 1469
1527280 1464
1527290 1459
1527300 1459
1527310 1458
1527320 1460
1527330 1460
1527340 1461
1527350 1460
1527360 1460
1527370 1457
1527380 1453
1527390 1453
1527400 1448
1527410 1442
1527420 1442
1527430 1439
1527440 1439
1527450 1439
1527460 1437
1527470 1434
1527480 1434
1527490 1430
1527500 1426
1527510 1426
1527520 1422
1527530 1418
1527540 1418
1527550 1415
1527560 1408
1527570 1408
1527580 1403
1527590 1400
1527600 1400
1527610 1396
1527620 1386
1527630 1374
1527640 1374
1527650 1365
1527660 1360
1527670 1360
1527680 1357
1527690 1354
1527700 1354
1527710 1351
1527720 1349
1527730 1349
1527740 1348
1527750 1345
1527760 1345
1527770 1344
1527780 1344
1527790 1344
1527800 1342
1527810 1338
1527820 1338
1527830 1332
1527840 1322
1527850 1322
1527860 1312
1527870 1304
1527880 1304
1527890 1299
1527900 1294
1527910 1294
1527920 1291
1527930 1291
1527940 1291
1527950 1290
1527960 1286
1527970 1286
1527980 1280
1527990 1270
1528000 1270
1528010 1262
1528020 1256
1528030 1256
1528040 1253
1528050 1251
1528060 1251
1528070 1250
1528080 1246
1528090 1246
1528100 1241
1528110 1238
1528120 1238
1528130 1234
1528140 1228
1528150 1228
1528160 1222
1528170 1218
1528180 1214
1528190 1214
1528200 1210
1528210 1208
1528220 1208
1528230 1207
1528240 1202
1528250 1202
1528260 1198
1528270 1193
1528280 1193
1528290 1188
1528300 1182
1528310 1182
1528320 1175
1528330 1167
1528340 1167
1528350 1160
1528360 1153
1528370 1153
1528380 1144
1528390 1137
1528400 1137
1528410 1133
1528420 1132
1528430 1132
1528440 1130
1528450 1129
1528460 1129
1528470 1129
1528480 1131
1528490 1131
1528500 1134
1528510 1137
1528520 1137
1528530 1138
1528540 1138
1528550 1138
1528560 1137
1528570 1137
1528580 1137
1528590 1137
1528600 1136
1528610 1136
1528620 1135
1528630 1135
1528640 1135
1528650 1134
1528660 1134
1528670 1134
1528680 1136
1528690 1139
1528700 1139
1528710 1143
1528720 1144
1528730 1145
1528740 1145
1528750 1149
1528760 1153
1528770 1153
1528780 1155
1528790 1157
1528800 1157
1528810 1161
1528820 1165
1528830 1165
1528840 1167
1528850 1167
1528860 1167
1528870 1167
1528880 1167
1528890 1167
1528900 1166
1528910 1167
1528920 1167
1528930 1170
1528940 1173
1528950 1173
1528960 1175
1528970 1178
1528980 1178
1528990 1180
1529000 1182
1529010 1182
1529020 1183
1529030 1184
1529040 1184
1529050 1185
1529060 1186
1529070 1186
1529080 1184
1529090 1182
1529100 1182
1529110 1180
1529120 1178
1529130 1178
1529140 1176
1529150 1174
1529160 1174
1529170 1171
1529180 1168
1529190 1168
1529200 1163
1529210 1158
1529220 1158
1529230 1152
1529240 1148
1529250 1148
1529260 1143
1529270 1139
1529280 1135
1529290 1135
1529300 1132
1529310 1129
1529320 1129
1529330 1128
1529340 1126
1529350 1126
1529360 1125
1529370 1124
1529380 1124
1529390 1124
1529400 1124
1529410 1124
1529420 1125
1529430 1125
1529440 1125
1529450 1126
1529460 1127
1529470 1127
1529480 1128
1529490 1130
1529500 1130
1529510 1133
1529520 1135
1529530 1135
1529540 1138
1529550 1142
1529560 1142
1529570 1146
1529580 1149
1529590 1146
1529600 1149
1529610 1152
1529620 1152
1529630 1156
1529640 1159
1529650 1159
1529660 1163
1529670 1166
1529680 1166
1529690 1170
1529700 1173
1529710 1173
1529720 1176
1529730 1179
1529740 1179
1529750 1182
1529760 1185
1529770 1185
1529780 1188
1529790 1191
1529800 1191
1529810 1194
1529820 1196
1529830 1198
1529840 1198
1529850 1201
1529860 1203
1529870 1203
1529880 1204
1529890 1204
1529900 1204
1529910 1204
1529920 1202
1529930 1202
1529940 1199
1529950 1195
1529960 1195
1529970 1192
1529980 1188
1529990 1188
1530000 1185
1530010 1182
1530020 1182
1530030 1179
1530040 1177
1530050 1177
1530060 1175
1530070 1174
1530080 1174
1530090 1173
1530100 1172
1530110 1172
1530120 1171
1530130 1168
1530140 1168
1530150 1164
1530160 1160
1530170 1160
1530180 1151
1530190 1144
1530200 1144
1530210 1138
1530220 1133
1530230 1133
1530240 1128
1530250 1125
1530260 1125
1530270 1123
1530280 1120
1530290 1120
1530300 1117
1530310 1108
1530320 1108
1530330 1105
1530340 1104
1530350 1104
1530360 1105
1530370 1104
1530380 1102
1530390 1102
1530400 1101
1530410 1100
1530420 1100
1530430 1098
1530440 1096
1530450 1096
1530460 1095
1530470 1094
1530480 1094
1530490 1094
1530500 1091
1530510 1091
1530520 1082
1530530 1075
1530540 1075
1530550 1068
1530560 1061
1530570 1061
1530580 1054
1530590 1047
1530600 1047
1530610 1038
1530620 1030
1530630 1030
1530640 1020
1530650 1010
1530660 1010
1530670 1002
1530680 995
1530690 995
1530700 989
1530710 986
1530720 986
1530730 983
1530740 975
1530750 975
1530760 966
1530770 962
1530780 962
1530790 959
1530800 959
1530810 959
1530820 958
1530830 956
1530840 956
1530850 953
1530860 949
1530870 949
1530880 945
1530890 940
1530900 940
1530910 934
1530920 929
1530930 929
1530940 924
1530950 920
1530960 917
1530970 917
1530980 915
1530990 907
1531000 907
1531010 902
1531020 898
1531030 898
1531040 892
1531050 884
1531060 884
1531070 875
1531080 861
1531090 861
1531100 848
1531110 839
1531120 839
1531130 832
1531140 825
1531150 825
1531160 819
1531170 814
1531180 814
1531190 809
1531200 804
1531210 804
1531220 800
1531230 796
1531240 796
1531250 790
1531260 786
1531270 786
1531280 781
1531290 778
1531300 778
1531310 774
1531320 769
1531330 769
1531340 763
1531350 757
1531360 757
1531370 749
1531380 738
1531390 738
1531400 731
1531410 725
1531420 725
1531430 718
1531440 713
1531450 713
1531460 707
1531470 701
1531480 701
1531490 695
1531500 689
1531510 682
1531520 682
1531530 673
1531540 666
1531550 666
1531560 661
1531570 657
1531580 657
1531590 653
1531600 649
1531610 649
1531620 643
1531630 637
1531640 637
1531650 630
1531660 623
1531670 623
1531680 615
1531690 606
1531700 606
1531710 599
1531720 593
1531730 593
1531740 586
1531750 579
1531760 579
1531770 569
1531780 554
1531790 554
1531800 534
1531810 526
1531820 526
1531830 521
1531840 516
1531850 516
1531860 502
1531870 492
1531880 492
1531890 485
1531900 480
1531910 480
1531920 472
1531930 460
1531940 460
1531950 454
1531960 448
1531970 448
1531980 442
1531990 436
1532000 436
1532010 432
1532020 430
1532030 430
1532040 428
1532050 428
1532060 428
1532070 428
1532080 428
1532090 428
1532100 428
1532110 428
1532120 428
1532130 428
1532140 428
1532150 426
1532160 426
1532170 424
1532180 424
1532190 424
1532200 424
1532210 424
1532220 424
1532230 424
1532240 424
1532250 424
1532260 426
1532270 427
1532280 427
1532290 427
1532300 427
1532310 427
1532320 427
1532330 428
1532340 428
1532350 428
1532360 427
1532370 428
1532380 427
1532390 427
1532400 427
1532410 427
1532420 427
1532430 427
1532440 427
1532450 427
1532460 427
1532470 427
1532480 427
1532490 427
1532500 427
1532510 427
1532520 427
1532530 427
1532540 428
1532550 428
1532560 427
1532570 427
1532580 427
1532590 427
1532600 427
1532610 427
1532620 427
1532630 427
1532640 427
1532650 427
1532660 427
1532670 427
1532680 427
1532690 427
1532700 427
1532710 427
1532720 427
1532730 427
1532740 427
1532750 427
1532760 427
1532770 427
1532780 427
1532790 427
1532800 427
1532810 427
1532820 427
1532830 427
1532840 427
1532850 427
1532860 427
1532870 427
1532880 427
1532890 427
1532900 427
1532910 427
1532920 427
1532930 427
1532940 427
1532950 427
1532960 426
1532970 426
1532980 426
1532990 426
1533000 427
1533010 427
1533020 427
1533030 427
1533040 427
1533050 426
1533060 426
1533070 426
1533080 426
1533090 426
1533100 426
1533110 426
1533120 426
1533130 426
1533140 426
1533150 426
1533160 425
1533170 425
1533180 425
1533190 425
1533200 425
1533210 425
1533220 425
1533230 425
1533240 425
1533250 425
1533260 425
1533270 425
1533280 425
1533290 425
1533300 425
1533310 425
1533320 425
1533330 425
1533340 425
1533350 425
1533360 425
1533370 425
1533380 425
1533390 425
1533400 425
1533410 425
1533420 424
1533430 424
1533440 424
1533450 424
1533460 424
1533470 424
1533480 424
1533490 424
1533500 424
1533510 424
1533520 424
1533530 424
1533540 424
1533550 424
1533560 424
1533570 424
1533580 424
1533590 424
1533600 424
1533610 424
1533620 424
1533630 424
1533640 423
1533650 423
1533660 424
1533670 424
1533680 424
1533690 424
1533700 423
1533710 423
1533720 423
1533730 424
1533740 425
1533750 425
1533760 426
1533770 425
1533780 425
1533790 425
1533800 426
1533810 426
1533820 425
1533830 424
1533840 424
1533850 424
1533860 424
1533870 424
1533880 424
1533890 424
1533900 424
1533910 424
1533920 424
1533930 424
1533940 424
1533950 424
1533960 424
1533970 424
1533980 424
1533990 424
1534000 424
1534010 424
1534020 424
1534030 424
1534040 424
1534050 424
1534060 424
1534070 424
1534080 424
1534090 424
1534100 424
1534110 424
1534120 424
1534130 424
1534140 424
1534150 424
1534160 424
1534170 424
1534180 424
1534190 425
1534200 425
1534210 425
1534220 424
1534230 424
1534240 424
1534250 423
1534260 423
1534270 423
1534280 423
1534290 423
1534300 423
1534310 423
1534320 424
1534330 424
1534340 424
1534350 424
1534360 424
1534370 424
1534380 424
1534390 424
1534400 424
1534410 423
1534420 423
1534430 424
1534440 424
1534450 424
1534460 424
1534470 424
1534480 424
1534490 424
1534500 424
1534510 424
1534520 424
1534530 424
1534540 424
1534550 424
1534560 424
1534570 424
1534580 424
1534590 424
1534600 424
1534610 424
1534620 424
1534630 424
1534640 424
1534650 423
1534660 423
1534670 423
1534680 424
1534690 424
1534700 424
1534710 423
1534720 423
1534730 424
1534740 424
1534750 424
1534760 424
1534770 424
1534780 424
1534790 424
1534800 424
1534810 424
1534820 424
1534830 424
1534840 423
1534850 423
1534860 423
1534870 423
1534880 423
1534890 423
1534900 423
1534910 423
1534920 423
1534930 423
1534940 423
1534950 423
1534960 423
1534970 423
1534980 424
1534990 425
1535000 425
1535010 427
1535020 428
1535030 428
1535040 428
1535050 429
1535060 429
1535070 429
1535080 429
1535090 429
1535100 429
1535110 429
1535120 429
1535130 430
1535140 430
1535150 430
1535160 430
1535170 430
1535180 430
1535190 430
1535200 431
1535210 431
1535220 431
1535230 431
1535240 431
1535250 431
1535260 431
1535270 431
1535280 431
1535290 431
1535300 431
1535310 431
1535320 431
1535330 431
1535340 432
1535350 432
1535360 432
1535370 432
1535380 432
1535390 433
1535400 433
1535410 433
1535420 432
1535430 432
1535440 432
1535450 432
1535460 432
1535470 432
1535480 432
1535490 432
1535500 432
1535510 432
1535520 432
1535530 432
1535540 432
1535550 432
1535560 432
1535570 432
1535580 432
1535590 432
1535600 433
1535610 433
1535620 433
1535630 433
1535640 433
1535650 433
1535660 434
1535670 434
1535680 434
1535690 434
1535700 434
1535710 434
1535720 434
1535730 434
1535740 434
1535750 432
1535760 432
1535770 433
1535780 435
1535790 435
1535800 435
1535810 435
1535820 435
1535830 435
1535840 435
1535850 435
1535860 435
1535870 435
1535880 435
1535890 435
1535900 435
1535910 435
1535920 435
1535930 435
1535940 436
1535950 436
1535960 438
1535970 442
1535980 442
1535990 449
1536000 455
1536010 455
1536020 460
1536030 463
1536040 463
1536050 464
1536060 465
1536070 465
1536080 465
1536090 466
1536100 466
1536110 467
1536120 469
1536130 469
1536140 470
1536150 470
1536160 470
1536170 470
1536180 470
1536190 470
1536200 468
1536210 468
1536220 468
1536230 471
1536240 472
1536250 472
1536260 471
1536270 470
1536280 470
1536290 468
1536300 464
1536310 464
1536320 458
1536330 457
1536340 457
1536350 457
1536360 455
1536370 455
1536380 455
1536390 457
1536400 457
1536410 459
1536420 461
1536430 461
1536440 463
1536450 465
1536460 465
1536470 468
1536480 469
1536490 469
1536500 469
1536510 470
1536520 471
1536530 471
1536540 472
1536550 473
1536560 473
1536570 475
1536580 475
1536590 475
1536600 476
1536610 475
1536620 475
1536630 474
1536640 472
1536650 472
1536660 469
1536670 468
1536680 468
1536690 468
1536700 467
1536710 467
1536720 464
1536730 461
1536740 461
1536750 459
1536760 457
1536770 457
1536780 456
1536790 454
1536800 454
1536810 453
1536820 453
1536830 453
1536840 453
1536850 453
1536860 453
1536870 453
1536880 453
1536890 453
1536900 453
1536910 456
1536920 456
1536930 457
1536940 458
1536950 458
1536960 460
1536970 461
1536980 461
1536990 459
1537000 458
1537010 458
1537020 458
1537030 458
1537040 458
1537050 458
1537060 458
1537070 458
1537080 458
1537090 458
1537100 459
1537110 459
1537120 459
1537130 460
1537140 460
1537150 460
1537160 460
1537170 460
1537180 461
1537190 461
1537200 461
1537210 461
1537220 460
1537230 460
1537240 460
1537250 460
1537260 460
1537270 460
1537280 461
1537290 461
1537300 462
1537310 463
1537320 463
1537330 463
1537340 464
1537350 464
1537360 465
1537370 466
1537380 466
1537390 467
1537400 468
1537410 468
1537420 469
1537430 467
1537440 467
1537450 469
1537460 471
1537470 478
1537480 479
1537490 479
1537500 479
1537510 478
1537520 477
1537530 477
1537540 475
1537550 475
1537560 475
1537570 477
1537580 478
1537590 478
1537600 478
1537610 477
1537620 479
1537630 479
1537640 480
1537650 482
1537660 482
1537670 484
1537680 485
1537690 485
1537700 486
1537710 487
1537720 487
1537730 487
1537740 487
1537750 487
1537760 488
1537770 493
1537780 493
1537790 500
1537800 507
1537810 507
1537820 511
1537830 511
1537840 511
1537850 516
1537860 524
1537870 524
1537880 533
1537890 540
1537900 540
1537910 551
1537920 563
1537930 563
1537940 574
1537950 582
1537960 582
1537970 589
1537980 596
1537990 596
1538000 604
1538010 611
1538020 611
1538030 617
1538040 620
1538050 620
1538060 621
1538070 620
1538080 620
1538090 620
1538100 622
1538110 622
1538120 621
1538130 622
1538140 622
1538150 622
1538160 623
1538170 623
1538180 623
1538190 623
1538200 625
1538210 625
1538220 630
1538230 634
1538240 634
1538250 637
1538260 638
1538270 638
1538280 638
1538290 640
1538300 640
1538310 642
1538320 644
1538330 644
1538340 644
1538350 644
1538360 644
1538370 646
1538380 648
1538390 648
1538400 650
1538410 653
1538420 653
1538430 655
1538440 655
1538450 655
1538460 654
1538470 652
1538480 652
1538490 651
1538500 651
1538510 651
1538520 652
1538530 654
1538540 654
1538550 656
1538560 659
1538570 659
1538580 661
1538590 663
1538600 663
1538610 666
1538620 669
1538630 669
1538640 672
1538650 675
1538660 675
1538670 677
1538680 678
1538690 678
1538700 678
1538710 678
1538720 679
1538730 679
1538740 679
1538750 678
1538760 678
1538770 679
1538780 680
1538790 680
1538800 682
1538810 684
1538820 684
1538830 687
1538840 688
1538850 688
1538860 690
1538870 692
1538880 692
1538890 694
1538900 696
1538910 696
1538920 698
1538930 700
1538940 700
1538950 700
1538960 702
1538970 702
1538980 704
1538990 706
1539000 706
1539010 708
1539020 709
1539030 709
1539040 710
1539050 708
1539060 708
1539070 706
1539080 705
1539090 705
1539100 710
1539110 714
1539120 714
1539130 716
1539140 719
1539150 719
1539160 725
1539170 731
1539180 731
1539190 737
1539200 743
1539210 743
1539220 749
1539230 755
1539240 755
1539250 761
1539260 768
1539270 774
1539280 774
1539290 780
1539300 785
1539310 785
1539320 791
1539330 796
1539340 796
1539350 795
1539360 790
1539370 790
1539380 787
1539390 783
1539400 783
1539410 777
1539420 771
1539430 771
1539440 765
1539450 761
1539460 761
1539470 757
1539480 753
1539490 753
1539500 750
1539510 749
1539520 749
1539530 747
1539540 747
1539550 747
1539560 748
1539570 749
1539580 749
1539590 749
1539600 749
1539610 749
1539620 749
1539630 749
1539640 749
1539650 750
1539660 751
1539670 751
1539680 752
1539690 753
1539700 753
1539710 754
1539720 755
1539730 755
1539740 756
1539750 756
1539760 756
1539770 757
1539780 759
1539790 759
1539800 761
1539810 764
1539820 766
1539830 766
1539840 768
1539850 770
1539860 777
1539870 777
1539880 777
1539890 777
1539900 776
1539910 775
1539920 775
1539930 775
1539940 774
1539950 774
1539960 774
1539970 774
1539980 774
1539990 775
