1520000 1540
1520010 1542
1520020 1542
1520030 1546
1520040 1552
1520050 1552
1520060 1556
1520070 1559
1520080 1559
1520090 1560
1520100 1561
1520110 1561
1520120 1571
1520130 1575
1520140 1575
1520150 1578
1520160 1585
1520170 1585
1520180 1590
1520190 1595
1520200 1595
1520210 1600
1520220 1605
1520230 1605
1520240 1610
1520250 1617
1520260 1617
1520270 1626
1520280 1643
1520290 1643
1520300 1658
1520310 1669
1520320 1669
1520330 1678
1520340 1687
1520350 1687
1520360 1697
1520370 1702
1520380 1706
1520390 1706
1520400 1713
1520410 1721
1520420 1721
1520430 1728
1520440 1734
1520450 1734
1520460 1742
1520470 1759
1520480 1759
1520490 1768
1520500 1771
1520510 1771
1520520 1772
1520530 1767
1520540 1767
1520550 1762
1520560 1761
1520570 1761
1520580 1761
1520590 1757
1520600 1757
1520610 1751
1520620 1746
1520630 1746
1520640 1741
1520650 1736
1520660 1736
1520670 1731
1520680 1728
1520690 1728
1520700 1727
1520710 1727
1520720 1727
1520730 1728
1520740 1726
1520750 1726
1520760 1724
1520770 1725
1520780 1725
1520790 1727
1520800 1730
1520810 1730
1520820 1733
1520830 1732
1520840 1732
1520850 1730
1520860 1726
1520870 1726
1520880 1722
1520890 1721
1520900 1721
1520910 1721
1520920 1720
1520930 1723
1520940 1723
1520950 1727
1520960 1728
1520970 1728
1520980 1728
1520990 1730
1521000 1730
1521010 1730
1521020 1727
1521030 1727
1521040 1722
1521050 1718
1521060 1718
1521070 1717
1521080 1716
1521090 1716
1521100 1716
1521110 1711
1521120 1711
1521130 1704
1521140 1701
1521150 1701
1521160 1698
1521170 1693
1521180 1693
1521190 1688
1521200 1685
1521210 1685
1521220 1681
1521230 1679
1521240 1679
1521250 1678
1521260 1676
1521270 1676
1521280 1673
1521290 1672
1521300 1672
1521310 1671
1521320 1671
1521330 1671
1521340 1670
1521350 1667
1521360 1667
1521370 1665
1521380 1663
1521390 1663
1521400 1659
1521410 1655
1521420 1655
1521430 1651
1521440 1646
1521450 1646
1521460 1641
1521470 1637
1521480 1637
1521490 1634
1521500 1632
1521510 1630
1521520 1630
1521530 1631
1521540 1633
1521550 1633
1521560 1635
1521570 1634
1521580 1634
1521590 1632
1521600 1631
1521610 1631
1521620 1632
1521630 1631
1521640 1631
1521650 1628
1521660 1624
1521670 1624
1521680 1624
1521690 1624
1521700 1624
1521710 1624
1521720 1627
1521730 1627
1521740 1629
1521750 1627
1521760 1627
1521770 1623
1521780 1620
1521790 1620
1521800 1622
1521810 1626
1521820 1626
1521830 1628
1521840 1631
1521850 1631
1521860 1633
1521870 1635
1521880 1635
1521890 1637
1521900 1642
1521910 1642
1521920 1648
1521930 1656
1521940 1656
1521950 1668
1521960 1678
1521970 1678
1521980 1685
1521990 1691
1522000 1691
1522010 1697
1522020 1700
1522030 1700
1522040 1702
1522050 1707
1522060 1712
1522070 1712
1522080 1717
1522090 1723
1522100 1723
1522110 1731
1522120 1735
1522130 1735
1522140 1736
1522150 1737
1522160 1737
1522170 1737
1522180 1737
1522190 1737
1522200 1737
1522210 1738
1522220 1738
1522230 1739
1522240 1740
1522250 1740
1522260 1742
1522270 1747
1522280 1747
1522290 1750
1522300 1752
1522310 1752
1522320 1755
1522330 1758
1522340 1758
1522350 1760
1522360 1763
1522370 1763
1522380 1766
1522390 1769
1522400 1769
1522410 1772
1522420 1773
1522430 1773
1522440 1773
1522450 1771
1522460 1771
1522470 1768
1522480 1766
1522490 1766
1522500 1762
1522510 1756
1522520 1756
1522530 1754
1522540 1759
1522550 1759
1522560 1765
1522570 1769
1522580 1769
1522590 1770
1522600 1770
1522610 1770
1522620 1766
1522630 1760
1522640 1756
1522650 1756
1522660 1754
1522670 1752
1522680 1752
1522690 1753
1522700 1756
1522710 1756
1522720 1758
1522730 1760
1522740 1760
1522750 1762
1522760 1764
1522770 1764
1522780 1765
1522790 1766
1522800 1766
1522810 1766
1522820 1766
1522830 1766
1522840 1765
1522850 1764
1522860 1764
1522870 1763
1522880 1762
1522890 1762
1522900 1759
1522910 1758
1522920 1758
1522930 1757
1522940 1759
1522950 1759
1522960 1761
1522970 1763
1522980 1763
1522990 1763
1523000 1763
1523010 1763
1523020 1761
1523030 1757
1523040 1757
1523050 1753
1523060 1749
1523070 1749
1523080 1745
1523090 1741
1523100 1741
1523110 1738
1523120 1736
1523130 1736
1523140 1729
1523150 1720
1523160 1720
1523170 1713
1523180 1706
1523190 1692
1523200 1692
1523210 1680
1523220 1667
1523230 1667
1523240 1652
1523250 1641
1523260 1641
1523270 1625
1523280 1585
1523290 1585
1523300 1543
1523310 1525
1523320 1525
1523330 1516
1523340 1494
1523350 1494
1523360 1483
1523370 1475
1523380 1475
1523390 1465
1523400 1456
1523410 1456
1523420 1452
1523430 1442
1523440 1442
1523450 1429
1523460 1419
1523470 1419
1523480 1413
1523490 1409
1523500 1409
1523510 1407
1523520 1403
1523530 1403
1523540 1401
1523550 1400
1523560 1400
1523570 1399
1523580 1402
1523590 1402
1523600 1402
1523610 1408
1523620 1408
1523630 1432
1523640 1448
1523650 1448
1523660 1445
1523670 1448
1523680 1448
1523690 1450
1523700 1453
1523710 1453
1523720 1458
1523730 1488
1523740 1511
1523750 1511
1523760 1528
1523770 1578
1523780 1578
1523790 1602
1523800 1604
1523810 1604
1523820 1600
1523830 1589
1523840 1589
1523850 1576
1523860 1565
1523870 1565
1523880 1544
1523890 1524
1523900 1524
1523910 1512
1523920 1508
1523930 1508
1523940 1510
1523950 1512
1523960 1512
1523970 1515
1523980 1518
1523990 1518
1524000 1520
1524010 1523
1524020 1523
1524030 1528
1524040 1531
1524050 1531
1524060 1535
1524070 1540
1524080 1540
1524090 1544
1524100 1547
1524110 1547
1524120 1553
1524130 1559
1524140 1559
1524150 1561
1524160 1562
1524170 1562
1524180 1563
1524190 1567
1524200 1567
1524210 1568
1524220 1568
1524230 1568
1524240 1567
1524250 1567
1524260 1567
1524270 1565
1524280 1566
1524290 1566
1524300 1566
1524310 1570
1524320 1573
1524330 1573
1524340 1574
1524350 1577
1524360 1577
1524370 1580
1524380 1586
1524390 1586
1524400 1592
1524410 1597
1524420 1597
1524430 1602
1524440 1606
1524450 1606
1524460 1610
1524470 1613
1524480 1613
1524490 1617
1524500 1622
1524510 1622
1524520 1627
1524530 1632
1524540 1632
1524550 1637
1524560 1641
1524570 1641
1524580 1645
1524590 1647
1524600 1647
1524610 1649
1524620 1650
1524630 1650
1524640 1650
1524650 1648
1524660 1648
1524670 1644
1524680 1640
1524690 1640
1524700 1635
1524710 1632
1524720 1632
1524730 1631
1524740 1629
1524750 1629
1524760 1630
1524770 1631
1524780 1631
1524790 1628
1524800 1624
1524810 1624
1524820 1619
1524830 1613
1524840 1613
1524850 1607
1524860 1603
1524870 1600
1524880 1600
1524890 1596
1524900 1593
1524910 1593
1524920 1590
1524930 1587
1524940 1587
1524950 1586
1524960 1585
1524970 1585
1524980 1582
1524990 1579
1525000 1579
1525010 1575
1525020 1572
1525030 1572
1525040 1568
1525050 1564
1525060 1564
1525070 1560
1525080 1559
1525090 1559
1525100 1557
1525110 1557
1525120 1557
1525130 1556
1525140 1556
1525150 1556
1525160 1555
1525170 1555
1525180 1555
1525190 1555
1525200 1556
1525210 1556
1525220 1555
1525230 1555
1525240 1555
1525250 1555
1525260 1560
1525270 1560
1525280 1561
1525290 1561
1525300 1561
1525310 1562
1525320 1562
1525330 1562
1525340 1563
1525350 1565
1525360 1565
1525370 1566
1525380 1567
1525390 1567
1525400 1567
1525410 1567
1525420 1567
1525430 1567
1525440 1567
1525450 1567
1525460 1567
1525470 1567
1525480 1568
1525490 1568
1525500 1568
1525510 1565
1525520 1565
1525530 1562
1525540 1560
1525550 1560
1525560 1559
1525570 1558
1525580 1558
1525590 1558
1525600 1559
1525610 1559
1525620 1560
1525630 1561
1525640 1561
1525650 1562
1525660 1563
1525670 1563
1525680 1564
1525690 1565
1525700 1565
1525710 1565
1525720 1565
1525730 1565
1525740 1565
1525750 1565
1525760 1565
1525770 1565
1525780 1567
1525790 1567
1525800 1570
1525810 1572
1525820 1572
1525830 1572
1525840 1574
1525850 1574
1525860 1575
1525870 1577
1525880 1577
1525890 1579
1525900 1580
1525910 1580
1525920 1580
1525930 1581
1525940 1581
1525950 1582
1525960 1583
1525970 1583
1525980 1583
1525990 1583
1526000 1584
1526010 1584
1526020 1584
1526030 1583
1526040 1583
1526050 1583
1526060 1584
1526070 1584
1526080 1583
1526090 1582
1526100 1582
1526110 1581
1526120 1582
1526130 1582
1526140 1582
1526150 1582
1526160 1582
1526170 1580
1526180 1578
1526190 1578
1526200 1576
1526210 1575
1526220 1575
1526230 1574
1526240 1573
1526250 1573
1526260 1572
1526270 1572
1526280 1572
1526290 1572
1526300 1570
1526310 1570
1526320 1570
1526330 1571
1526340 1571
1526350 1573
1526360 1573
1526370 1573
1526380 1574
1526390 1575
1526400 1575
1526410 1578
1526420 1580
1526430 1580
1526440 1582
1526450 1584
1526460 1584
1526470 1585
1526480 1589
1526490 1589
1526500 1593
1526510 1597
1526520 1597
1526530 1602
1526540 1606
1526550 1606
1526560 1610
1526570 1614
1526580 1619
1526590 1619
1526600 1622
1526610 1626
1526620 1626
1526630 1631
1526640 1635
1526650 1635
1526660 1638
1526670 1641
1526680 1641
1526690 1641
1526700 1640
1526710 1640
1526720 1636
1526730 1633
1526740 1633
1526750 1629
1526760 1625
1526770 1625
1526780 1622
1526790 1619
1526800 1619
1526810 1616
1526820 1613
1526830 1613
1526840 1608
1526850 1604
1526860 1604
1526870 1599
1526880 1594
1526890 1594
1526900 1589
1526910 1584
1526920 1584
1526930 1577
1526940 1571
1526950 1571
1526960 1566
1526970 1561
1526980 1561
1526990 1557
1527000 1551
1527010 1551
1527020 1545
1527030 1541
1527040 1541
1527050 1538
1527060 1533
1527070 1533
1527080 1527
1527090 1523
1527100 1523
1527110 1521
1527120 1524
1527130 1523
1527140 1523
1527150 1518
1527160 1516
1527170 1516
1527180 1515
1527190 1516
1527200 1516
1527210 1520
1527220 1522
1527230 1522
1527240 1523
1527250 1524
1527260 1524
1527270 1524
1527280 1525
1527290 1525
1527300 1527
1527310 1529
1527320 1529
1527330 1532
1527340 1536
1527350 1536
1527360 1538
1527370 1541
1527380 1541
1527390 1544
1527400 1547
1527410 1547
1527420 1549
1527430 1551
1527440 1551
1527450 1553
1527460 1554
1527470 1554
1527480 1554
1527490 1553
1527500 1553
1527510 1551
1527520 1546
1527530 1546
1527540 1540
1527550 1533
1527560 1533
1527570 1527
1527580 1525
1527590 1525
1527600 1526
1527610 1526
1527620 1526
1527630 1523
1527640 1519
1527650 1519
1527660 1514
1527670 1511
1527680 1511
1527690 1510
1527700 1508
1527710 1507
1527720 1507
1527730 1508
1527740 1509
1527750 1509
1527760 1508
1527770 1507
1527780 1507
1527790 1506
1527800 1504
1527810 1504
1527820 1502
1527830 1499
1527840 1499
1527850 1495
1527860 1490
1527870 1490
1527880 1486
1527890 1483
1527900 1483
1527910 1479
1527920 1475
1527930 1475
1527940 1468
1527950 1462
1527960 1462
1527970 1460
1527980 1457
1527990 1457
1528000 1455
1528010 1455
1528020 1455
1528030 1452
1528040 1447
1528050 1447
1528060 1440
1528070 1435
1528080 1435
1528090 1429
1528100 1425
1528110 1425
1528120 1421
1528130 1417
1528140 1417
1528150 1413
1528160 1408
1528170 1408
1528180 1405
1528190 1402
1528200 1402
1528210 1399
1528220 1398
1528230 1398
1528240 1400
1528250 1403
1528260 1405
1528270 1405
1528280 1408
1528290 1411
1528300 1405
1528310 1407
1528320 1410
1528330 1410
1528340 1413
1528350 1417
1528360 1417
1528370 1420
1528380 1423
1528390 1423
1528400 1426
1528410 1429
1528420 1429
1528430 1432
1528440 1434
1528450 1434
1528460 1434
1528470 1434
1528480 1434
1528490 1432
1528500 1429
1528510 1429
1528520 1426
1528530 1422
1528540 1422
1528550 1417
1528560 1412
1528570 1412
1528580 1407
1528590 1402
1528600 1402
1528610 1396
1528620 1391
1528630 1391
1528640 1386
1528650 1381
1528660 1381
1528670 1376
1528680 1371
1528690 1371
1528700 1367
1528710 1362
1528720 1362
1528730 1358
1528740 1354
1528750 1354
1528760 1348
1528770 1339
1528780 1339
1528790 1329
1528800 1321
1528810 1313
1528820 1313
1528830 1305
1528840 1297
1528850 1297
1528860 1290
1528870 1284
1528880 1284
1528890 1277
1528900 1272
1528910 1272
1528920 1270
1528930 1267
1528940 1267
1528950 1264
1528960 1258
1528970 1258
1528980 1254
1528990 1250
1529000 1250
1529010 1248
1529020 1243
1529030 1243
1529040 1234
1529050 1228
1529060 1228
1529070 1225
1529080 1220
1529090 1220
1529100 1217
1529110 1214
1529120 1214
1529130 1211
1529140 1208
1529150 1208
1529160 1205
1529170 1201
1529180 1201
1529190 1195
1529200 1188
1529210 1188
1529220 1182
1529230 1176
1529240 1176
1529250 1169
1529260 1162
1529270 1162
1529280 1154
1529290 1146
1529300 1146
1529310 1138
1529320 1128
1529330 1128
1529340 1119
1529350 1111
1529360 1111
1529370 1104
1529380 1094
1529390 1084
1529400 1084
1529410 1077
1529420 1070
1529430 1070
1529440 1063
1529450 1054
1529460 1054
1529470 1045
1529480 1037
1529490 1037
1529500 1029
1529510 1019
1529520 1019
1529530 1007
1529540 998
1529550 998
1529560 989
1529570 981
1529580 981
1529590 972
1529600 963
1529610 963
1529620 955
1529630 947
1529640 947
1529650 938
1529660 930
1529670 930
1529680 922
1529690 915
1529700 915
1529710 907
1529720 900
1529730 900
1529740 893
1529750 887
1529760 887
1529770 880
1529780 873
1529790 873
1529800 866
1529810 856
1529820 856
1529830 847
1529840 842
1529850 842
1529860 835
1529870 826
1529880 826
1529890 820
1529900 813
1529910 813
1529920 806
1529930 799
1529940 787
1529950 787
1529960 780
1529970 772
1529980 772
1529990 765
1530000 758
1530010 758
1530020 749
1530030 741
1530040 741
1530050 733
1530060 726
1530070 726
1530080 719
1530090 712
1530100 712
1530110 706
1530120 700
1530130 700
1530140 693
1530150 687
1530160 687
1530170 680
1530180 674
1530190 674
1530200 669
1530210 664
1530220 664
1530230 659
1530240 661
1530250 661
1530260 664
1530270 664
1530280 664
1530290 665
1530300 668
1530310 668
1530320 673
1530330 679
1530340 679
1530350 684
1530360 685
1530370 685
1530380 686
1530390 686
1530400 686
1530410 687
1530420 688
1530430 688
1530440 689
1530450 691
1530460 691
1530470 694
1530480 697
1530490 697
1530500 700
1530510 707
1530520 712
1530530 712
1530540 713
1530550 709
1530560 709
1530570 699
1530580 695
1530590 695
1530600 692
1530610 690
1530620 690
1530630 688
1530640 686
1530650 686
1530660 687
1530670 687
1530680 687
1530690 688
1530700 688
1530710 688
1530720 688
1530730 689
1530740 689
1530750 689
1530760 686
1530770 686
1530780 681
1530790 677
1530800 677
1530810 675
1530820 674
1530830 674
1530840 671
1530850 665
1530860 665
1530870 657
1530880 649
1530890 649
1530900 640
1530910 633
1530920 633
1530930 626
1530940 618
1530950 618
1530960 612
1530970 606
1530980 606
1530990 598
1531000 589
1531010 589
1531020 582
1531030 575
1531040 575
1531050 567
1531060 561
1531070 555
1531080 555
1531090 551
1531100 548
1531110 548
1531120 547
1531130 547
1531140 547
1531150 541
1531160 542
1531170 542
1531180 545
1531190 545
1531200 545
1531210 544
1531220 542
1531230 542
1531240 539
1531250 537
1531260 537
1531270 535
1531280 533
1531290 533
1531300 530
1531310 528
1531320 528
1531330 526
1531340 522
1531350 522
1531360 519
1531370 516
1531380 516
1531390 514
1531400 512
1531410 512
1531420 511
1531430 510
1531440 510
1531450 508
1531460 506
1531470 506
1531480 505
1531490 503
1531500 503
1531510 502
1531520 500
1531530 500
1531540 497
1531550 497
1531560 497
1531570 497
1531580 497
1531590 497
1531600 496
1531610 495
1531620 495
1531630 493
1531640 493
1531650 492
1531660 492
1531670 491
1531680 491
1531690 491
1531700 490
1531710 489
1531720 489
1531730 488
1531740 487
1531750 487
1531760 486
1531770 486
1531780 486
1531790 485
1531800 486
1531810 486
1531820 486
1531830 488
1531840 488
1531850 491
1531860 493
1531870 493
1531880 496
1531890 499
1531900 499
1531910 504
1531920 511
1531930 511
1531940 518
1531950 525
1531960 525
1531970 529
1531980 532
1531990 532
1532000 534
1532010 538
1532020 538
1532030 540
1532040 543
1532050 543
1532060 544
1532070 546
1532080 546
1532090 544
1532100 546
1532110 546
1532120 547
1532130 550
1532140 550
1532150 551
1532160 551
1532170 551
1532180 553
1532190 556
1532200 559
1532210 559
1532220 561
1532230 562
1532240 562
1532250 564
1532260 566
1532270 566
1532280 565
1532290 565
1532300 565
1532310 567
1532320 572
1532330 572
1532340 578
1532350 582
1532360 582
1532370 584
1532380 583
1532390 583
1532400 583
1532410 583
1532420 583
1532430 581
1532440 578
1532450 578
1532460 575
1532470 569
1532480 569
1532490 562
1532500 555
1532510 555
1532520 551
1532530 548
1532540 548
1532550 543
1532560 537
1532570 537
1532580 532
1532590 528
1532600 528
1532610 525
1532620 523
1532630 523
1532640 520
1532650 519
1532660 519
1532670 518
1532680 517
1532690 517
1532700 520
1532710 521
1532720 521
1532730 522
1532740 522
1532750 519
1532760 519
1532770 516
1532780 510
1532790 510
1532800 500
1532810 487
1532820 487
1532830 479
1532840 471
1532850 471
1532860 464
1532870 456
1532880 456
1532890 447
1532900 440
1532910 440
1532920 437
1532930 435
1532940 435
1532950 435
1532960 432
1532970 432
1532980 430
1532990 428
1533000 428
1533010 427
1533020 427
1533030 427
1533040 428
1533050 428
1533060 428
1533070 428
1533080 428
1533090 428
1533100 428
1533110 428
1533120 428
1533130 428
1533140 428
1533150 428
1533160 428
1533170 427
1533180 427
1533190 426
1533200 427
1533210 427
1533220 427
1533230 428
1533240 428
1533250 427
1533260 427
1533270 427
1533280 427
1533290 426
1533300 426
1533310 426
1533320 425
1533330 425
1533340 425
1533350 425
1533360 425
1533370 425
1533380 425
1533390 425
1533400 425
1533410 426
1533420 426
1533430 426
1533440 426
1533450 425
1533460 425
1533470 424
1533480 424
1533490 424
1533500 424
1533510 423
1533520 423
1533530 423
1533540 423
1533550 423
1533560 422
1533570 422
1533580 422
1533590 422
1533600 422
1533610 422
1533620 422
1533630 422
1533640 422
1533650 422
1533660 422
1533670 422
1533680 422
1533690 422
1533700 422
1533710 422
1533720 422
1533730 422
1533740 423
1533750 424
1533760 424
1533770 425
1533780 425
1533790 425
1533800 425
1533810 426
1533820 426
1533830 425
1533840 425
1533850 425
1533860 425
1533870 425
1533880 425
1533890 425
1533900 425
1533910 424
1533920 424
1533930 424
1533940 424
1533950 424
1533960 424
1533970 424
1533980 424
1533990 424
1534000 424
1534010 424
1534020 424
1534030 424
1534040 424
1534050 424
1534060 424
1534070 424
1534080 424
1534090 424
1534100 424
1534110 424
1534120 424
1534130 424
1534140 423
1534150 423
1534160 423
1534170 422
1534180 422
1534190 422
1534200 422
1534210 422
1534220 422
1534230 422
1534240 422
1534250 422
1534260 422
1534270 422
1534280 422
1534290 422
1534300 422
1534310 422
1534320 422
1534330 422
1534340 422
1534350 422
1534360 422
1534370 422
1534380 422
1534390 422
1534400 422
1534410 422
1534420 422
1534430 422
1534440 422
1534450 422
1534460 422
1534470 422
1534480 422
1534490 422
1534500 422
1534510 422
1534520 422
1534530 422
1534540 422
1534550 422
1534560 422
1534570 422
1534580 422
1534590 422
1534600 422
1534610 422
1534620 422
1534630 422
1534640 422
1534650 422
1534660 422
1534670 422
1534680 422
1534690 422
1534700 422
1534710 422
1534720 422
1534730 422
1534740 422
1534750 422
1534760 422
1534770 422
1534780 422
1534790 422
1534800 422
1534810 422
1534820 422
1534830 422
1534840 422
1534850 422
1534860 422
1534870 422
1534880 422
1534890 422
1534900 422
1534910 422
1534920 422
1534930 422
1534940 422
1534950 422
1534960 422
1534970 422
1534980 422
1534990 422
1535000 422
1535010 422
1535020 422
1535030 422
1535040 422
1535050 422
1535060 422
1535070 422
1535080 422
1535090 422
1535100 422
1535110 422
1535120 422
1535130 422
1535140 422
1535150 422
1535160 422
1535170 422
1535180 422
1535190 422
1535200 422
1535210 422
1535220 422
1535230 422
1535240 422
1535250 422
1535260 422
1535270 422
1535280 422
1535290 422
1535300 422
1535310 422
1535320 422
1535330 422
1535340 422
1535350 422
1535360 422
1535370 422
1535380 422
1535390 422
1535400 422
1535410 422
1535420 422
1535430 422
1535440 422
1535450 422
1535460 422
1535470 422
1535480 422
1535490 422
1535500 422
1535510 422
1535520 422
1535530 422
1535540 422
1535550 422
1535560 422
1535570 422
1535580 422
1535590 422
1535600 422
1535610 422
1535620 422
1535630 422
1535640 422
1535650 422
1535660 422
1535670 422
1535680 422
1535690 422
1535700 422
1535710 422
1535720 422
1535730 422
1535740 422
1535750 422
1535760 422
1535770 422
1535780 422
1535790 422
1535800 422
1535810 422
1535820 422
1535830 424
1535840 424
1535850 427
1535860 432
1535870 432
1535880 437
1535890 442
1535900 442
1535910 448
1535920 455
1535930 455
1535940 462
1535950 469
1535960 469
1535970 475
1535980 482
1535990 482
1536000 492
1536010 507
1536020 507
1536030 517
1536040 524
1536050 524
1536060 533
1536070 541
1536080 541
1536090 550
1536100 562
1536110 562
1536120 577
1536130 592
1536140 610
1536150 610
1536160 631
1536170 643
1536180 643
1536190 657
1536200 669
1536210 669
1536220 679
1536230 695
1536240 695
1536250 709
1536260 728
1536270 728
1536280 751
1536290 781
1536300 781
1536310 793
1536320 798
1536330 798
1536340 802
1536350 807
1536360 807
1536370 803
1536380 807
1536390 807
1536400 810
1536410 814
1536420 814
1536430 818
1536440 824
1536450 824
1536460 829
1536470 835
1536480 835
1536490 842
1536500 850
1536510 850
1536520 859
1536530 863
1536540 863
1536550 871
1536560 890
1536570 890
1536580 916
1536590 941
1536600 941
1536610 957
1536620 975
1536630 975
1536640 994
1536650 1012
1536660 1012
1536670 1033
1536680 1055
1536690 1055
1536700 1082
1536710 1105
1536720 1105
1536730 1105
1536740 1093
1536750 1081
1536760 1081
1536770 1066
1536780 1053
1536790 1053
1536800 1054
1536810 1061
1536820 1061
1536830 1067
1536840 1070
1536850 1070
1536860 1067
1536870 1063
1536880 1063
1536890 1058
1536900 1052
1536910 1052
1536920 1046
1536930 1042
1536940 1042
1536950 1039
1536960 1037
1536970 1037
1536980 1036
1536990 1032
1537000 1032
1537010 1028
1537020 1023
1537030 1023
1537040 1019
1537050 1015
1537060 1015
1537070 1012
1537080 1009
1537090 1009
1537100 1005
1537110 999
1537120 999
1537130 995
1537140 990
1537150 990
1537160 985
1537170 985
1537180 985
1537190 987
1537200 990
1537210 990
1537220 991
1537230 992
1537240 992
1537250 991
1537260 989
1537270 987
1537280 987
1537290 984
1537300 982
1537310 982
1537320 981
1537330 980
1537340 980
1537350 981
1537360 982
1537370 982
1537380 984
1537390 988
1537400 988
1537410 992
1537420 997
1537430 997
1537440 1003
1537450 1008
1537460 1008
1537470 1015
1537480 1022
1537490 1022
1537500 1028
1537510 1032
1537520 1032
1537530 1034
1537540 1035
1537550 1035
1537560 1035
1537570 1036
1537580 1036
1537590 1038
1537600 1040
1537610 1040
1537620 1042
1537630 1044
1537640 1044
1537650 1046
1537660 1049
1537670 1049
1537680 1051
1537690 1052
1537700 1052
1537710 1054
1537720 1057
1537730 1057
1537740 1060
1537750 1062
1537760 1062
1537770 1065
1537780 1069
1537790 1069
1537800 1073
1537810 1076
1537820 1080
1537830 1080
1537840 1086
1537850 1091
1537860 1091
1537870 1096
1537880 1104
1537890 1104
1537900 1108
1537910 1113
1537920 1113
1537930 1119
1537940 1125
1537950 1125
1537960 1129
1537970 1134
1537980 1134
1537990 1140
1538000 1143
1538010 1143
1538020 1146
1538030 1149
1538040 1149
1538050 1152
1538060 1151
1538070 1151
1538080 1146
1538090 1140
1538100 1140
1538110 1133
1538120 1126
1538130 1126
1538140 1119
1538150 1116
1538160 1116
1538170 1115
1538180 1115
1538190 1115
1538200 1115
1538210 1111
1538220 1111
1538230 1106
1538240 1102
1538250 1102
1538260 1099
1538270 1095
1538280 1095
1538290 1091
1538300 1087
1538310 1087
1538320 1085
1538330 1084
1538340 1084
1538350 1084
1538360 1083
1538370 1083
1538380 1083
1538390 1082
1538400 1083
1538410 1083
1538420 1089
1538430 1095
1538440 1095
1538450 1099
1538460 1103
1538470 1103
1538480 1108
1538490 1114
1538500 1114
1538510 1119
1538520 1125
1538530 1125
1538540 1130
1538550 1136
1538560 1136
1538570 1141
1538580 1147
1538590 1147
1538600 1153
1538610 1159
1538620 1159
1538630 1165
1538640 1170
1538650 1170
1538660 1177
1538670 1183
1538680 1183
1538690 1189
1538700 1194
1538710 1194
1538720 1201
1538730 1206
1538740 1206
1538750 1212
1538760 1216
1538770 1216
1538780 1221
1538790 1224
1538800 1226
1538810 1229
1538820 1231
1538830 1231
1538840 1233
1538850 1233
1538860 1233
1538870 1233
1538880 1232
1538890 1232
1538900 1232
1538910 1232
1538920 1232
1538930 1232
1538940 1233
1538950 1234
1538960 1234
1538970 1234
1538980 1234
1538990 1234
1539000 1234
1539010 1234
1539020 1234
1539030 1233
1539040 1233
1539050 1233
1539060 1233
1539070 1233
1539080 1233
1539090 1233
1539100 1233
1539110 1233
1539120 1233
1539130 1233
1539140 1233
1539150 1233
1539160 1233
1539170 1233
1539180 1234
1539190 1234
1539200 1234
1539210 1234
1539220 1234
1539230 1234
1539240 1234
1539250 1235
1539260 1235
1539270 1235
1539280 1234
1539290 1234
1539300 1234
1539310 1234
1539320 1234
1539330 1234
1539340 1233
1539350 1233
1539360 1231
1539370 1230
1539380 1230
1539390 1228
1539400 1225
1539410 1225
1539420 1221
1539430 1215
1539440 1215
1539450 1208
1539460 1201
1539470 1201
1539480 1194
1539490 1187
1539500 1187
1539510 1180
1539520 1174
1539530 1167
1539540 1167
1539550 1162
1539560 1156
1539570 1156
1539580 1149
1539590 1143
1539600 1143
1539610 1138
1539620 1134
1539630 1134
1539640 1130
1539650 1127
1539660 1127
1539670 1124
1539680 1121
1539690 1121
1539700 1117
1539710 1114
1539720 1114
1539730 1109
1539740 1104
1539750 1104
1539760 1098
1539770 1092
1539780 1092
1539790 1087
1539800 1081
1539810 1081
1539820 1076
1539830 1071
1539840 1071
1539850 1065
1539860 1060
1539870 1060
1539880 1054
1539890 1049
1539900 1049
1539910 1045
1539920 1042
1539930 1042
1539940 1041
1539950 1042
1539960 1042
1539970 1041
1539980 1040
1539990 1040
