1520000 1448
1520010 1448
1520020 1430
1520030 1419
1520040 1419
1520050 1411
1520060 1401
1520070 1401
1520080 1393
1520090 1386
1520100 1386
1520110 1380
1520120 1373
1520130 1367
1520140 1367
1520150 1361
1520160 1356
1520170 1356
1520180 1353
1520190 1349
1520200 1349
1520210 1341
1520220 1333
1520230 1333
1520240 1328
1520250 1323
1520260 1323
1520270 1317
1520280 1311
1520290 1311
1520300 1305
1520310 1301
1520320 1301
1520330 1300
1520340 1300
1520350 1300
1520360 1306
1520370 1319
1520380 1319
1520390 1341
1520400 1355
1520410 1355
1520420 1361
1520430 1368
1520440 1368
1520450 1372
1520460 1370
1520470 1370
1520480 1367
1520490 1364
1520500 1364
1520510 1364
1520520 1362
1520530 1362
1520540 1361
1520550 1372
1520560 1372
1520570 1397
1520580 1431
1520590 1431
1520600 1441
1520610 1437
1520620 1437
1520630 1428
1520640 1413
1520650 1413
1520660 1428
1520670 1441
1520680 1441
1520690 1449
1520700 1458
1520710 1465
1520720 1465
1520730 1470
1520740 1472
1520750 1472
1520760 1475
1520770 1479
1520780 1479
1520790 1485
1520800 1492
1520810 1492
1520820 1500
1520830 1516
1520840 1516
1520850 1531
1520860 1537
1520870 1537
1520880 1535
1520890 1536
1520900 1536
1520910 1540
1520920 1541
1520930 1541
1520940 1541
1520950 1542
1520960 1542
1520970 1544
1520980 1548
1520990 1548
1521000 1552
1521010 1556
1521020 1556
1521030 1562
1521040 1570
1521050 1570
1521060 1577
1521070 1583
1521080 1583
1521090 1586
1521100 1590
1521110 1590
1521120 1595
1521130 1600
1521140 1600
1521150 1605
1521160 1611
1521170 1611
1521180 1617
1521190 1622
1521200 1622
1521210 1628
1521220 1633
1521230 1633
1521240 1636
1521250 1637
1521260 1637
1521270 1639
1521280 1642
1521290 1644
1521300 1644
1521310 1645
1521320 1646
1521330 1646
1521340 1648
1521350 1651
1521360 1651
1521370 1655
1521380 1659
1521390 1659
1521400 1666
1521410 1673
1521420 1673
1521430 1680
1521440 1687
1521450 1687
1521460 1696
1521470 1702
1521480 1702
1521490 1708
1521500 1713
1521510 1713
1521520 1718
1521530 1720
1521540 1720
1521550 1720
1521560 1720
1521570 1720
1521580 1720
1521590 1722
1521600 1722
1521610 1726
1521620 1731
1521630 1731
1521640 1736
1521650 1740
1521660 1740
1521670 1744
1521680 1748
1521690 1748
1521700 1753
1521710 1757
1521720 1757
1521730 1761
1521740 1767
1521750 1767
1521760 1773
1521770 1778
1521780 1778
1521790 1782
1521800 1787
1521810 1787
1521820 1792
1521830 1796
1521840 1799
1521850 1799
1521860 1802
1521870 1801
1521880 1801
1521890 1798
1521900 1793
1521910 1793
1521920 1789
1521930 1785
1521940 1785
1521950 1781
1521960 1780
1521970 1780
1521980 1780
1521990 1780
1522000 1780
1522010 1780
1522020 1782
1522030 1782
1522040 1785
1522050 1788
1522060 1788
1522070 1792
1522080 1793
1522090 1793
1522100 1793
1522110 1791
1522120 1791
1522130 1788
1522140 1785
1522150 1785
1522160 1782
1522170 1778
1522180 1778
1522190 1774
1522200 1771
1522210 1771
1522220 1770
1522230 1766
1522240 1766
1522250 1758
1522260 1745
1522270 1745
1522280 1705
1522290 1666
1522300 1666
1522310 1652
1522320 1641
1522330 1641
1522340 1637
1522350 1635
1522360 1635
1522370 1629
1522380 1617
1522390 1617
1522400 1598
1522410 1574
1522420 1559
1522430 1559
1522440 1536
1522450 1516
1522460 1516
1522470 1495
1522480 1481
1522490 1481
1522500 1471
1522510 1462
1522520 1462
1522530 1455
1522540 1446
1522550 1446
1522560 1438
1522570 1431
1522580 1431
1522590 1425
1522600 1420
1522610 1420
1522620 1414
1522630 1405
1522640 1405
1522650 1396
1522660 1388
1522670 1388
1522680 1380
1522690 1373
1522700 1373
1522710 1360
1522720 1302
1522730 1302
1522740 1277
1522750 1273
1522760 1273
1522770 1266
1522780 1259
1522790 1259
1522800 1254
1522810 1238
1522820 1238
1522830 1225
1522840 1213
1522850 1213
1522860 1203
1522870 1196
1522880 1196
1522890 1192
1522900 1187
1522910 1187
1522920 1181
1522930 1176
1522940 1176
1522950 1172
1522960 1170
1522970 1171
1522980 1171
1522990 1170
1523000 1166
1523010 1166
1523020 1156
1523030 1143
1523040 1143
1523050 1135
1523060 1127
1523070 1127
1523080 1120
1523090 1116
1523100 1116
1523110 1111
1523120 1106
1523130 1106
1523140 1099
1523150 1094
1523160 1094
1523170 1090
1523180 1085
1523190 1085
1523200 1079
1523210 1074
1523220 1074
1523230 1068
1523240 1064
1523250 1064
1523260 1060
1523270 1056
1523280 1056
1523290 1048
1523300 1046
1523310 1046
1523320 1045
1523330 1044
1523340 1044
1523350 1042
1523360 1040
1523370 1040
1523380 1038
1523390 1036
1523400 1036
1523410 1032
1523420 1027
1523430 1027
1523440 1023
1523450 1022
1523460 1022
1523470 1022
1523480 1021
1523490 1021
1523500 1018
1523510 1015
1523520 1015
1523530 1011
1523540 1008
1523550 1005
1523560 1005
1523570 1002
1523580 1002
1523590 1002
1523600 1001
1523610 1002
1523620 1002
1523630 1004
1523640 1006
1523650 1006
1523660 1006
1523670 1006
1523680 1006
1523690 1005
1523700 1006
1523710 1006
1523720 1006
1523730 1005
1523740 1005
1523750 1005
1523760 1005
1523770 1005
1523780 1005
1523790 1007
1523800 1007
1523810 1009
1523820 1012
1523830 1012
1523840 1013
1523850 1015
1523860 1015
1523870 1017
1523880 1018
1523890 1018
1523900 1022
1523910 1026
1523920 1026
1523930 1028
1523940 1031
1523950 1031
1523960 1035
1523970 1039
1523980 1039
1523990 1044
1524000 1047
1524010 1047
1524020 1051
1524030 1059
1524040 1059
1524050 1071
1524060 1081
1524070 1081
1524080 1089
1524090 1096
1524100 1096
1524110 1104
1524120 1114
1524130 1127
1524140 1127
1524150 1154
1524160 1203
1524170 1203
1524180 1274
1524190 1299
1524200 1299
1524210 1315
1524220 1314
1524230 1314
1524240 1307
1524250 1301
1524260 1301
1524270 1295
1524280 1283
1524290 1283
1524300 1276
1524310 1267
1524320 1267
1524330 1270
1524340 1276
1524350 1276
1524360 1277
1524370 1275
1524380 1275
1524390 1274
1524400 1267
1524410 1267
1524420 1265
1524430 1257
1524440 1257
1524450 1244
1524460 1230
1524470 1230
1524480 1227
1524490 1234
1524500 1234
1524510 1247
1524520 1263
1524530 1263
1524540 1273
1524550 1283
1524560 1283
1524570 1292
1524580 1301
1524590 1301
1524600 1309
1524610 1319
1524620 1319
1524630 1331
1524640 1367
1524650 1367
1524660 1384
1524670 1415
1524680 1438
1524690 1438
1524700 1446
1524710 1450
1524720 1450
1524730 1452
1524740 1454
1524750 1454
1524760 1453
1524770 1450
1524780 1450
1524790 1451
1524800 1453
1524810 1453
1524820 1460
1524830 1462
1524840 1462
1524850 1448
1524860 1440
1524870 1440
1524880 1434
1524890 1432
1524900 1432
1524910 1431
1524920 1431
1524930 1431
1524940 1433
1524950 1436
1524960 1436
1524970 1443
1524980 1449
1524990 1449
1525000 1454
1525010 1458
1525020 1458
1525030 1462
1525040 1466
1525050 1466
1525060 1473
1525070 1479
1525080 1479
1525090 1486
1525100 1495
1525110 1495
1525120 1504
1525130 1511
1525140 1511
1525150 1517
1525160 1526
1525170 1526
1525180 1536
1525190 1547
1525200 1547
1525210 1557
1525220 1565
1525230 1565
1525240 1569
1525250 1572
1525260 1577
1525270 1577
1525280 1582
1525290 1589
1525300 1589
1525310 1596
1525320 1610
1525330 1610
1525340 1629
1525350 1642
1525360 1642
1525370 1648
1525380 1652
1525390 1652
1525400 1654
1525410 1657
1525420 1657
1525430 1660
1525440 1663
1525450 1663
1525460 1666
1525470 1669
1525480 1669
1525490 1672
1525500 1673
1525510 1673
1525520 1674
1525530 1675
1525540 1675
1525550 1675
1525560 1676
1525570 1676
1525580 1677
1525590 1677
1525600 1677
1525610 1678
1525620 1678
1525630 1678
1525640 1678
1525650 1678
1525660 1678
1525670 1679
1525680 1679
1525690 1679
1525700 1678
1525710 1678
1525720 1678
1525730 1677
1525740 1676
1525750 1676
1525760 1674
1525770 1673
1525780 1673
1525790 1671
1525800 1668
1525810 1668
1525820 1666
1525830 1663
1525840 1661
1525850 1661
1525860 1659
1525870 1657
1525880 1657
1525890 1654
1525900 1652
1525910 1652
1525920 1648
1525930 1642
1525940 1642
1525950 1636
1525960 1628
1525970 1628
1525980 1619
1525990 1612
1526000 1612
1526010 1606
1526020 1600
1526030 1600
1526040 1604
1526050 1605
1526060 1605
1526070 1597
1526080 1584
1526090 1584
1526100 1576
1526110 1573
1526120 1573
1526130 1569
1526140 1565
1526150 1565
1526160 1561
1526170 1557
1526180 1557
1526190 1557
1526200 1560
1526210 1560
1526220 1559
1526230 1562
1526240 1562
1526250 1564
1526260 1566
1526270 1566
1526280 1569
1526290 1571
1526300 1571
1526310 1575
1526320 1575
1526330 1575
1526340 1580
1526350 1588
1526360 1588
1526370 1594
1526380 1600
1526390 1605
1526400 1605
1526410 1608
1526420 1614
1526430 1614
1526440 1622
1526450 1628
1526460 1628
1526470 1627
1526480 1629
1526490 1619
1526500 1614
1526510 1612
1526520 1612
1526530 1615
1526540 1620
1526550 1620
1526560 1626
1526570 1634
1526580 1634
1526590 1643
1526600 1650
1526610 1650
1526620 1650
1526630 1646
1526640 1646
1526650 1642
1526660 1637
1526670 1637
1526680 1632
1526690 1628
1526700 1628
1526710 1623
1526720 1619
1526730 1619
1526740 1615
1526750 1611
1526760 1611
1526770 1608
1526780 1606
1526790 1606
1526800 1606
1526810 1606
1526820 1606
1526830 1606
1526840 1606
1526850 1606
1526860 1607
1526870 1607
1526880 1607
1526890 1608
1526900 1608
1526910 1608
1526920 1609
1526930 1609
1526940 1609
1526950 1610
1526960 1610
1526970 1611
1526980 1611
1526990 1612
1527000 1613
1527010 1613
1527020 1614
1527030 1615
1527040 1615
1527050 1615
1527060 1615
1527070 1615
1527080 1616
1527090 1616
1527100 1616
1527110 1616
1527120 1616
1527130 1616
1527140 1615
1527150 1614
1527160 1614
1527170 1614
1527180 1612
1527190 1612
1527200 1611
1527210 1609
1527220 1609
1527230 1608
1527240 1607
1527250 1607
1527260 1606
1527270 1606
1527280 1606
1527290 1605
1527300 1604
1527310 1604
1527320 1604
1527330 1603
1527340 1603
1527350 1602
1527360 1601
1527370 1601
1527380 1600
1527390 1599
1527400 1599
1527410 1597
1527420 1595
1527430 1595
1527440 1593
1527450 1592
1527460 1592
1527470 1592
1527480 1592
1527490 1592
1527500 1591
1527510 1590
1527520 1589
1527530 1589
1527540 1587
1527550 1585
1527560 1585
1527570 1582
1527580 1578
1527590 1578
1527600 1572
1527610 1565
1527620 1565
1527630 1559
1527640 1553
1527650 1553
1527660 1547
1527670 1541
1527680 1541
1527690 1533
1527700 1526
1527710 1526
1527720 1520
1527730 1514
1527740 1514
1527750 1508
1527760 1502
1527770 1502
1527780 1496
1527790 1490
1527800 1490
1527810 1484
1527820 1479
1527830 1479
1527840 1475
1527850 1470
1527860 1470
1527870 1464
1527880 1457
1527890 1457
1527900 1449
1527910 1444
1527920 1444
1527930 1437
1527940 1431
1527950 1431
1527960 1426
1527970 1421
1527980 1421
1527990 1416
1528000 1412
1528010 1412
1528020 1407
1528030 1400
1528040 1400
1528050 1395
1528060 1391
1528070 1391
1528080 1387
1528090 1381
1528100 1375
1528110 1375
1528120 1370
1528130 1366
1528140 1366
1528150 1362
1528160 1359
1528170 1359
1528180 1355
1528190 1351
1528200 1351
1528210 1347
1528220 1342
1528230 1342
1528240 1336
1528250 1333
1528260 1333
1528270 1333
1528280 1332
1528290 1332
1528300 1329
1528310 1327
1528320 1327
1528330 1324
1528340 1320
1528350 1320
1528360 1314
1528370 1305
1528380 1305
1528390 1304
1528400 1305
1528410 1305
1528420 1309
1528430 1314
1528440 1314
1528450 1314
1528460 1312
1528470 1312
1528480 1310
1528490 1303
1528500 1303
1528510 1292
1528520 1284
1528530 1284
1528540 1278
1528550 1272
1528560 1272
1528570 1268
1528580 1264
1528590 1264
1528600 1261
1528610 1258
1528620 1258
1528630 1255
1528640 1254
1528650 1254
1528660 1255
1528670 1257
1528680 1259
1528690 1259
1528700 1262
1528710 1266
1528720 1266
1528730 1271
1528740 1263
1528750 1263
1528760 1256
1528770 1249
1528780 1249
1528790 1243
1528800 1240
1528810 1240
1528820 1237
1528830 1232
1528840 1232
1528850 1225
1528860 1217
1528870 1217
1528880 1209
1528890 1199
1528900 1199
1528910 1189
1528920 1178
1528930 1178
1528940 1169
1528950 1159
1528960 1159
1528970 1150
1528980 1142
1528990 1142
1529000 1134
1529010 1129
1529020 1129
1529030 1125
1529040 1122
1529050 1122
1529060 1115
1529070 1108
1529080 1108
1529090 1098
1529100 1083
1529110 1083
1529120 1068
1529130 1055
1529140 1055
1529150 1042
1529160 1028
1529170 1028
1529180 1016
1529190 1004
1529200 1004
1529210 993
1529220 983
1529230 970
1529240 970
1529250 959
1529260 948
1529270 948
1529280 938
1529290 928
1529300 928
1529310 916
1529320 907
1529330 907
1529340 898
1529350 891
1529360 891
1529370 885
1529380 876
1529390 876
1529400 866
1529410 858
1529420 858
1529430 849
1529440 841
1529450 839
1529460 829
1529470 819
1529480 819
1529490 809
1529500 799
1529510 799
1529520 790
1529530 781
1529540 781
1529550 779
1529560 785
1529570 785
1529580 792
1529590 798
1529600 798
1529610 804
1529620 810
1529630 810
1529640 814
1529650 818
1529660 818
1529670 820
1529680 820
1529690 820
1529700 815
1529710 807
1529720 807
1529730 802
1529740 794
1529750 794
1529760 785
1529770 776
1529780 776
1529790 768
1529800 760
1529810 753
1529820 753
1529830 748
1529840 745
1529850 745
1529860 743
1529870 744
1529880 744
1529890 746
1529900 745
1529910 745
1529920 744
1529930 743
1529940 743
1529950 737
1529960 725
1529970 725
1529980 712
1529990 700
1530000 700
1530010 692
1530020 683
1530030 683
1530040 672
1530050 662
1530060 662
1530070 652
1530080 643
1530090 643
1530100 634
1530110 624
1530120 624
1530130 615
1530140 609
1530150 609
1530160 605
1530170 604
1530180 604
1530190 603
1530200 599
1530210 599
1530220 594
1530230 589
1530240 589
1530250 584
1530260 577
1530270 577
1530280 565
1530290 554
1530300 554
1530310 540
1530320 528
1530330 528
1530340 521
1530350 517
1530360 513
1530370 513
1530380 511
1530390 509
1530400 509
1530410 508
1530420 511
1530430 511
1530440 517
1530450 525
1530460 525
1530470 534
1530480 542
1530490 542
1530500 553
1530510 567
1530520 567
1530530 579
1530540 590
1530550 590
1530560 598
1530570 606
1530580 606
1530590 615
1530600 623
1530610 623
1530620 633
1530630 642
1530640 642
1530650 651
1530660 661
1530670 661
1530680 671
1530690 678
1530700 678
1530710 685
1530720 689
1530730 689
1530740 692
1530750 695
1530760 695
1530770 695
1530780 696
1530790 696
1530800 698
1530810 701
1530820 701
1530830 703
1530840 705
1530850 705
1530860 706
1530870 708
1530880 708
1530890 710
1530900 711
1530910 711
1530920 712
1530930 709
1530940 705
1530950 705
1530960 702
1530970 699
1530980 699
1530990 694
1531000 689
1531010 689
1531020 688
1531030 692
1531040 692
1531050 697
1531060 695
1531070 695
1531080 691
1531090 689
1531100 689
1531110 686
1531120 683
1531130 683
1531140 683
1531150 684
1531160 684
1531170 688
1531180 695
1531190 695
1531200 702
1531210 706
1531220 706
1531230 706
1531240 706
1531250 706
1531260 708
1531270 712
1531280 712
1531290 713
1531300 714
1531310 714
1531320 716
1531330 718
1531340 718
1531350 718
1531360 714
1531370 714
1531380 709
1531390 703
1531400 703
1531410 698
1531420 692
1531430 692
1531440 688
1531450 685
1531460 685
1531470 682
1531480 677
1531490 677
1531500 671
1531510 666
1531520 660
1531530 660
1531540 656
1531550 652
1531560 652
1531570 649
1531580 649
1531590 649
1531600 649
1531610 649
1531620 649
1531630 649
1531640 648
1531650 648
1531660 648
1531670 647
1531680 647
1531690 648
1531700 645
1531710 645
1531720 641
1531730 637
1531740 637
1531750 633
1531760 629
1531770 629
1531780 625
1531790 621
1531800 621
1531810 616
1531820 610
1531830 610
1531840 604
1531850 598
1531860 598
1531870 593
1531880 587
1531890 587
1531900 579
1531910 571
1531920 571
1531930 564
1531940 559
1531950 559
1531960 555
1531970 553
1531980 553
1531990 551
1532000 550
1532010 550
1532020 548
1532030 546
1532040 546
1532050 543
1532060 540
1532070 536
1532080 536
1532090 534
1532100 529
1532110 529
1532120 524
1532130 521
1532140 521
1532150 518
1532160 515
1532170 515
1532180 512
1532190 511
1532200 511
1532210 509
1532220 514
1532230 514
1532240 513
1532250 512
1532260 512
1532270 511
1532280 511
1532290 511
1532300 512
1532310 513
1532320 513
1532330 513
1532340 512
1532350 512
1532360 509
1532370 507
1532380 507
1532390 510
1532400 514
1532410 514
1532420 518
1532430 521
1532440 521
1532450 523
1532460 525
1532470 525
1532480 527
1532490 528
1532500 528
1532510 529
1532520 529
1532530 529
1532540 531
1532550 531
1532560 531
1532570 530
1532580 530
1532590 530
1532600 530
1532610 529
1532620 529
1532630 528
1532640 525
1532650 522
1532660 522
1532670 520
1532680 517
1532690 517
1532700 514
1532710 511
1532720 511
1532730 509
1532740 507
1532750 507
1532760 506
1532770 504
1532780 504
1532790 503
1532800 503
1532810 503
1532820 503
1532830 504
1532840 504
1532850 504
1532860 503
1532870 503
1532880 501
1532890 501
1532900 501
1532910 500
1532920 499
1532930 499
1532940 498
1532950 494
1532960 494
1532970 490
1532980 487
1532990 487
1533000 488
1533010 493
1533020 493
1533030 497
1533040 500
1533050 500
1533060 500
1533070 502
1533080 502
1533090 506
1533100 508
1533110 508
1533120 507
1533130 504
1533140 504
1533150 500
1533160 495
1533170 495
1533180 492
1533190 491
1533200 490
1533210 490
1533220 489
1533230 488
1533240 488
1533250 487
1533260 485
1533270 485
1533280 485
1533290 484
1533300 484
1533310 480
1533320 475
1533330 475
1533340 472
1533350 468
1533360 468
1533370 459
1533380 441
1533390 441
1533400 431
1533410 428
1533420 428
1533430 424
1533440 423
1533450 423
1533460 422
1533470 422
1533480 422
1533490 422
1533500 422
1533510 422
1533520 422
1533530 422
1533540 422
1533550 422
1533560 422
1533570 422
1533580 422
1533590 422
1533600 422
1533610 422
1533620 422
1533630 422
1533640 422
1533650 422
1533660 422
1533670 422
1533680 422
1533690 422
1533700 422
1533710 422
1533720 422
1533730 422
1533740 422
1533750 422
1533760 422
1533770 422
1533780 422
1533790 422
1533800 422
1533810 422
1533820 422
1533830 422
1533840 422
1533850 422
1533860 422
1533870 422
1533880 422
1533890 422
1533900 422
1533910 422
1533920 422
1533930 422
1533940 422
1533950 422
1533960 422
1533970 422
1533980 422
1533990 422
1534000 422
1534010 422
1534020 422
1534030 422
1534040 422
1534050 422
1534060 422
1534070 422
1534080 422
1534090 422
1534100 422
1534110 422
1534120 422
1534130 422
1534140 422
1534150 422
1534160 422
1534170 422
1534180 422
1534190 422
1534200 422
1534210 422
1534220 422
1534230 422
1534240 422
1534250 422
1534260 422
1534270 422
1534280 422
1534290 422
1534300 422
1534310 422
1534320 422
1534330 422
1534340 422
1534350 422
1534360 422
1534370 422
1534380 422
1534390 422
1534400 422
1534410 422
1534420 422
1534430 422
1534440 422
1534450 422
1534460 422
1534470 422
1534480 422
1534490 422
1534500 422
1534510 422
1534520 422
1534530 422
1534540 422
1534550 422
1534560 422
1534570 422
1534580 422
1534590 422
1534600 422
1534610 422
1534620 422
1534630 422
1534640 422
1534650 422
1534660 422
1534670 422
1534680 422
1534690 422
1534700 422
1534710 422
1534720 422
1534730 422
1534740 422
1534750 422
1534760 422
1534770 422
1534780 422
1534790 422
1534800 422
1534810 422
1534820 422
1534830 422
1534840 422
1534850 422
1534860 422
1534870 422
1534880 422
1534890 422
1534900 422
1534910 422
1534920 422
1534930 422
1534940 422
1534950 422
1534960 422
1534970 422
1534980 422
1534990 422
1535000 422
1535010 422
1535020 422
1535030 422
1535040 422
1535050 422
1535060 422
1535070 422
1535080 422
1535090 422
1535100 422
1535110 422
1535120 422
1535130 422
1535140 422
1535150 422
1535160 422
1535170 422
1535180 422
1535190 422
1535200 422
1535210 422
1535220 422
1535230 422
1535240 422
1535250 422
1535260 422
1535270 422
1535280 422
1535290 422
1535300 422
1535310 422
1535320 422
1535330 422
1535340 422
1535350 422
1535360 422
1535370 422
1535380 422
1535390 422
1535400 422
1535410 422
1535420 422
1535430 422
1535440 422
1535450 422
1535460 422
1535470 422
1535480 422
1535490 422
1535500 422
1535510 422
1535520 422
1535530 422
1535540 422
1535550 422
1535560 422
1535570 422
1535580 422
1535590 422
1535600 422
1535610 422
1535620 422
1535630 422
1535640 422
1535650 422
1535660 422
1535670 422
1535680 422
1535690 422
1535700 422
1535710 422
1535720 422
1535730 422
1535740 422
1535750 422
1535760 422
1535770 422
1535780 422
1535790 422
1535800 422
1535810 422
1535820 422
1535830 422
1535840 422
1535850 422
1535860 422
1535870 422
1535880 422
1535890 422
1535900 422
1535910 422
1535920 422
1535930 422
1535940 422
1535950 422
1535960 422
1535970 422
1535980 422
1535990 422
1536000 422
1536010 422
1536020 422
1536030 422
1536040 422
1536050 422
1536060 422
1536070 422
1536080 422
1536090 422
1536100 422
1536110 422
1536120 422
1536130 422
1536140 422
1536150 422
1536160 423
1536170 423
1536180 431
1536190 462
1536200 462
1536210 491
1536220 506
1536230 506
1536240 518
1536250 523
1536260 523
1536270 526
1536280 533
1536290 533
1536300 543
1536310 554
1536320 554
1536330 569
1536340 587
1536350 587
1536360 614
1536370 628
1536380 628
1536390 636
1536400 644
1536410 644
1536420 652
1536430 661
1536440 661
1536450 673
1536460 688
1536470 688
1536480 697
1536490 708
1536500 708
1536510 719
1536520 732
1536530 732
1536540 747
1536550 760
1536560 760
1536570 768
1536580 775
1536590 775
1536600 783
1536610 791
1536620 798
1536630 798
1536640 805
1536650 816
1536660 816
1536670 827
1536680 840
1536690 840
1536700 855
1536710 868
1536720 868
1536730 878
1536740 886
1536750 886
1536760 895
1536770 906
1536780 906
1536790 917
1536800 929
1536810 929
1536820 938
1536830 948
1536840 948
1536850 959
1536860 976
1536870 976
1536880 990
1536890 1000
1536900 1000
1536910 1006
1536920 1014
1536930 1014
1536940 1021
1536950 1030
1536960 1030
1536970 1037
1536980 1043
1536990 1043
1537000 1053
1537010 1067
1537020 1067
1537030 1076
1537040 1083
1537050 1083
1537060 1090
1537070 1095
1537080 1095
1537090 1101
1537100 1106
1537110 1106
1537120 1111
1537130 1115
1537140 1115
1537150 1118
1537160 1120
1537170 1120
1537180 1119
1537190 1115
1537200 1111
1537210 1111
1537220 1107
1537230 1103
1537240 1103
1537250 1098
1537260 1092
1537270 1092
1537280 1086
1537290 1080
1537300 1080
1537310 1073
1537320 1066
1537330 1066
1537340 1058
1537350 1051
1537360 1051
1537370 1044
1537380 1038
1537390 1038
1537400 1033
1537410 1031
1537420 1031
1537430 1030
1537440 1026
1537450 1026
1537460 1020
1537470 1016
1537480 1016
1537490 1021
1537500 1028
1537510 1028
1537520 1035
1537530 1042
1537540 1042
1537550 1052
1537560 1067
1537570 1067
1537580 1082
1537590 1098
1537600 1098
1537610 1110
1537620 1117
1537630 1117
1537640 1119
1537650 1123
1537660 1123
1537670 1126
1537680 1129
1537690 1129
1537700 1133
1537710 1136
1537720 1136
1537730 1138
1537740 1140
1537750 1143
1537760 1143
1537770 1146
1537780 1150
1537790 1150
1537800 1155
1537810 1161
1537820 1161
1537830 1166
1537840 1174
1537850 1174
1537860 1181
1537870 1185
1537880 1185
1537890 1191
1537900 1197
1537910 1197
1537920 1204
1537930 1210
1537940 1210
1537950 1215
1537960 1220
1537970 1220
1537980 1225
1537990 1230
1538000 1230
1538010 1235
1538020 1240
1538030 1240
1538040 1245
1538050 1250
1538060 1250
1538070 1255
1538080 1261
1538090 1261
1538100 1267
1538110 1274
1538120 1274
1538130 1280
1538140 1285
1538150 1285
1538160 1290
1538170 1296
1538180 1296
1538190 1302
1538200 1307
1538210 1307
1538220 1313
1538230 1319
1538240 1319
1538250 1324
1538260 1330
1538270 1330
1538280 1335
1538290 1341
1538300 1341
1538310 1347
1538320 1353
1538330 1358
1538340 1358
1538350 1361
1538360 1361
1538370 1361
1538380 1360
1538390 1358
1538400 1358
1538410 1355
1538420 1350
1538430 1350
1538440 1350
1538450 1348
1538460 1348
1538470 1344
1538480 1339
1538490 1339
1538500 1335
1538510 1333
1538520 1333
1538530 1332
1538540 1331
1538550 1331
1538560 1334
1538570 1339
1538580 1339
1538590 1346
1538600 1353
1538610 1353
1538620 1359
1538630 1364
1538640 1364
1538650 1370
1538660 1376
1538670 1376
1538680 1382
1538690 1385
1538700 1385
1538710 1388
1538720 1394
1538730 1394
1538740 1398
1538750 1402
1538760 1402
1538770 1407
1538780 1412
1538790 1412
1538800 1417
1538810 1421
1538820 1421
1538830 1422
1538840 1424
1538850 1424
1538860 1426
1538870 1428
1538880 1428
1538890 1432
1538900 1437
1538910 1442
1538920 1442
1538930 1447
1538940 1453
1538950 1453
1538960 1459
1538970 1465
1538980 1465
1538990 1471
1539000 1478
1539010 1478
1539020 1483
1539030 1489
1539040 1489
1539050 1496
1539060 1502
1539070 1502
1539080 1506
1539090 1509
1539100 1509
1539110 1509
1539120 1503
1539130 1503
1539140 1497
1539150 1491
1539160 1491
1539170 1480
1539180 1471
1539190 1471
1539200 1462
1539210 1453
1539220 1453
1539230 1446
1539240 1438
1539250 1438
1539260 1431
1539270 1424
1539280 1424
1539290 1416
1539300 1409
1539310 1409
1539320 1401
1539330 1393
1539340 1393
1539350 1384
1539360 1374
1539370 1374
1539380 1363
1539390 1351
1539400 1351
1539410 1345
1539420 1338
1539430 1338
1539440 1332
1539450 1326
1539460 1320
1539470 1320
1539480 1314
1539490 1310
1539500 1310
1539510 1306
1539520 1303
1539530 1303
1539540 1298
1539550 1293
1539560 1293
1539570 1288
1539580 1284
1539590 1284
1539600 1281
1539610 1277
1539620 1277
1539630 1273
1539640 1268
1539650 1268
1539660 1264
1539670 1259
1539680 1259
1539690 1254
1539700 1250
1539710 1250
1539720 1245
1539730 1244
1539740 1244
1539750 1239
1539760 1234
1539770 1234
1539780 1230
1539790 1226
1539800 1226
1539810 1223
1539820 1220
1539830 1220
1539840 1217
1539850 1213
1539860 1213
1539870 1209
1539880 1205
1539890 1205
1539900 1202
1539910 1199
1539920 1199
1539930 1198
1539940 1196
1539950 1196
1539960 1194
1539970 1191
1539980 1191
1539990 1188
