1520000 790
1520010 791
1520020 791
1520030 792
1520040 793
1520050 793
1520060 793
1520070 790
1520080 790
1520090 786
1520100 782
1520110 782
1520120 779
1520130 776
1520140 776
1520150 773
1520160 770
1520170 770
1520180 766
1520190 762
1520200 762
1520210 759
1520220 758
1520230 758
1520240 755
1520250 751
1520260 751
1520270 748
1520280 745
1520290 745
1520300 743
1520310 740
1520320 740
1520330 737
1520340 736
1520350 736
1520360 736
1520370 736
1520380 736
1520390 735
1520400 734
1520410 734
1520420 733
1520430 732
1520440 732
1520450 732
1520460 731
1520470 731
1520480 731
1520490 732
1520500 731
1520510 731
1520520 732
1520530 732
1520540 732
1520550 731
1520560 731
1520570 731
1520580 730
1520590 729
1520600 729
1520610 728
1520620 728
1520630 728
1520640 727
1520650 726
1520660 726
1520670 725
1520680 724
1520690 724
1520700 723
1520710 722
1520720 722
1520730 722
1520740 720
1520750 720
1520760 718
1520770 715
1520780 715
1520790 711
1520800 707
1520810 707
1520820 703
1520830 700
1520840 700
1520850 697
1520860 696
1520870 696
1520880 694
1520890 693
1520900 693
1520910 692
1520920 692
1520930 692
1520940 692
1520950 692
1520960 692
1520970 692
1520980 692
1520990 692
1521000 692
1521010 692
1521020 692
1521030 691
1521040 691
1521050 691
1521060 691
1521070 691
1521080 692
1521090 692
1521100 691
1521110 689
1521120 689
1521130 688
1521140 687
1521150 687
1521160 687
1521170 687
1521180 687
1521190 687
1521200 687
1521210 687
1521220 687
1521230 686
1521240 686
1521250 686
1521260 685
1521270 685
1521280 685
1521290 684
1521300 684
1521310 684
1521320 683
1521330 683
1521340 682
1521350 682
1521360 682
1521370 681
1521380 680
1521390 680
1521400 680
1521410 679
1521420 679
1521430 679
1521440 678
1521450 678
1521460 678
1521470 677
1521480 677
1521490 677
1521500 676
1521510 676
1521520 675
1521530 674
1521540 674
1521550 674
1521560 673
1521570 673
1521580 673
1521590 673
1521600 673
1521610 674
1521620 674
1521630 674
1521640 674
1521650 674
1521660 675
1521670 675
1521680 675
1521690 676
1521700 676
1521710 676
1521720 676
1521730 676
1521740 677
1521750 677
1521760 677
1521770 677
1521780 678
1521790 678
1521800 678
1521810 678
1521820 678
1521830 678
1521840 678
1521850 678
1521860 679
1521870 679
1521880 679
1521890 680
1521900 680
1521910 680
1521920 679
1521930 679
1521940 679
1521950 678
1521960 678
1521970 678
1521980 678
1521990 677
1522000 677
1522010 677
1522020 677
1522030 677
1522040 677
1522050 677
1522060 677
1522070 677
1522080 677
1522090 677
1522100 677
1522110 677
1522120 677
1522130 676
1522140 675
1522150 675
1522160 674
1522170 673
1522180 673
1522190 673
1522200 672
1522210 672
1522220 671
1522230 671
1522240 670
1522250 670
1522260 669
1522270 668
1522280 668
1522290 667
1522300 666
1522310 666
1522320 665
1522330 664
1522340 664
1522350 664
1522360 664
1522370 664
1522380 664
1522390 664
1522400 664
1522410 664
1522420 664
1522430 664
1522440 664
1522450 664
1522460 664
1522470 664
1522480 664
1522490 664
1522500 664
1522510 664
1522520 664
1522530 664
1522540 664
1522550 664
1522560 664
1522570 664
1522580 664
1522590 664
1522600 664
1522610 664
1522620 664
1522630 663
1522640 663
1522650 664
1522660 664
1522670 664
1522680 664
1522690 664
1522700 664
1522710 664
1522720 664
1522730 664
1522740 664
1522750 664
1522760 664
1522770 664
1522780 664
1522790 664
1522800 664
1522810 664
1522820 664
1522830 664
1522840 664
1522850 664
1522860 664
1522870 664
1522880 664
1522890 664
1522900 664
1522910 664
1522920 664
1522930 664
1522940 664
1522950 664
1522960 664
1522970 664
1522980 664
1522990 664
1523000 664
1523010 664
1523020 664
1523030 664
1523040 664
1523050 664
1523060 664
1523070 664
1523080 664
1523090 664
1523100 664
1523110 664
1523120 664
1523130 664
1523140 664
1523150 664
1523160 664
1523170 664
1523180 664
1523190 664
1523200 664
1523210 664
1523220 664
1523230 664
1523240 664
1523250 664
1523260 664
1523270 664
1523280 664
1523290 664
1523300 664
1523310 664
1523320 664
1523330 664
1523340 664
1523350 664
1523360 664
1523370 664
1523380 664
1523390 664
1523400 664
1523410 664
1523420 664
1523430 664
1523440 664
1523450 664
1523460 664
1523470 664
1523480 664
1523490 664
1523500 664
1523510 664
1523520 664
1523530 664
1523540 664
1523550 664
1523560 664
1523570 664
1523580 665
1523590 665
1523600 667
1523610 668
1523620 668
1523630 669
1523640 668
1523650 668
1523660 668
1523670 668
1523680 668
1523690 669
1523700 669
1523710 669
1523720 668
1523730 667
1523740 667
1523750 666
1523760 664
1523770 664
1523780 663
1523790 664
1523800 664
1523810 665
1523820 665
1523830 665
1523840 665
1523850 665
1523860 665
1523870 665
1523880 665
1523890 665
1523900 665
1523910 665
1523920 665
1523930 665
1523940 665
1523950 665
1523960 665
1523970 665
1523980 665
1523990 664
1524000 663
1524010 663
1524020 663
1524030 665
1524040 664
1524050 664
1524060 664
1524070 665
1524080 665
1524090 666
1524100 667
1524110 667
1524120 668
1524130 669
1524140 669
1524150 669
1524160 670
1524170 670
1524180 670
1524190 670
1524200 670
1524210 670
1524220 671
1524230 671
1524240 672
1524250 673
1524260 673
1524270 671
1524280 670
1524290 670
1524300 670
1524310 669
1524320 669
1524330 668
1524340 667
1524350 667
1524360 667
1524370 666
1524380 666
1524390 666
1524400 666
1524410 666
1524420 665
1524430 665
1524440 665
1524450 665
1524460 666
1524470 666
1524480 666
1524490 666
1524500 666
1524510 666
1524520 666
1524530 666
1524540 666
1524550 665
1524560 665
1524570 665
1524580 665
1524590 665
1524600 665
1524610 665
1524620 664
1524630 664
1524640 664
1524650 664
1524660 664
1524670 664
1524680 664
1524690 664
1524700 663
1524710 663
1524720 663
1524730 663
1524740 662
1524750 662
1524760 662
1524770 661
1524780 661
1524790 661
1524800 660
1524810 660
1524820 660
1524830 660
1524840 660
1524850 660
1524860 659
1524870 659
1524880 659
1524890 658
1524900 658
1524910 658
1524920 658
1524930 658
1524940 658
1524950 657
1524960 657
1524970 657
1524980 657
1524990 657
1525000 656
1525010 656
1525020 656
1525030 656
1525040 655
1525050 655
1525060 655
1525070 655
1525080 655
1525090 655
1525100 654
1525110 654
1525120 654
1525130 654
1525140 654
1525150 653
1525160 653
1525170 653
1525180 653
1525190 653
1525200 652
1525210 652
1525220 652
1525230 652
1525240 652
1525250 651
1525260 651
1525270 651
1525280 651
1525290 651
1525300 651
1525310 651
1525320 651
1525330 651
1525340 651
1525350 650
1525360 650
1525370 650
1525380 650
1525390 650
1525400 650
1525410 650
1525420 650
1525430 649
1525440 649
1525450 649
1525460 649
1525470 649
1525480 649
1525490 649
1525500 649
1525510 649
1525520 649
1525530 649
1525540 649
1525550 649
1525560 649
1525570 649
1525580 649
1525590 649
1525600 649
1525610 649
1525620 649
1525630 649
1525640 648
1525650 648
1525660 648
1525670 648
1525680 647
1525690 647
1525700 647
1525710 647
1525720 647
1525730 647
1525740 647
1525750 647
1525760 647
1525770 647
1525780 647
1525790 647
1525800 647
1525810 647
1525820 647
1525830 647
1525840 647
1525850 647
1525860 647
1525870 648
1525880 648
1525890 648
1525900 648
1525910 648
1525920 649
1525930 650
1525940 650
1525950 653
1525960 656
1525970 656
1525980 660
1525990 664
1526000 664
1526010 667
1526020 671
1526030 671
1526040 675
1526050 680
1526060 680
1526070 686
1526080 693
1526090 693
1526100 701
1526110 705
1526120 705
1526130 707
1526140 708
1526150 708
1526160 709
1526170 711
1526180 711
1526190 713
1526200 715
1526210 715
1526220 717
1526230 718
1526240 718
1526250 720
1526260 722
1526270 722
1526280 724
1526290 725
1526300 725
1526310 727
1526320 727
1526330 727
1526340 728
1526350 726
1526360 726
1526370 721
1526380 716
1526390 710
1526400 710
1526410 702
1526420 695
1526430 695
1526440 694
1526450 694
1526460 694
1526470 693
1526480 692
1526490 692
1526500 691
1526510 692
1526520 692
1526530 693
1526540 693
1526550 693
1526560 693
1526570 693
1526580 693
1526590 695
1526600 698
1526610 698
1526620 701
1526630 705
1526640 705
1526650 708
1526660 713
1526670 713
1526680 717
1526690 722
1526700 722
1526710 727
1526720 732
1526730 732
1526740 737
1526750 742
1526760 742
1526770 747
1526780 752
1526790 752
1526800 758
1526810 764
1526820 764
1526830 770
1526840 776
1526850 776
1526860 781
1526870 788
1526880 788
1526890 794
1526900 800
1526910 800
1526920 800
1526930 799
1526940 799
1526950 797
1526960 795
1526970 794
1526980 794
1526990 794
1527000 792
1527010 792
1527020 791
1527030 789
1527040 789
1527050 788
1527060 787
1527070 783
1527080 782
1527090 782
1527100 782
1527110 782
1527120 782
1527130 782
1527140 782
1527150 782
1527160 782
1527170 782
1527180 782
1527190 782
1527200 782
1527210 782
1527220 782
1527230 781
1527240 780
1527250 780
1527260 779
1527270 778
1527280 778
1527290 777
1527300 776
1527310 776
1527320 775
1527330 775
1527340 775
1527350 773
1527360 772
1527370 772
1527380 770
1527390 768
1527400 768
1527410 765
1527420 761
1527430 761
1527440 757
1527450 753
1527460 753
1527470 750
1527480 747
1527490 747
1527500 746
1527510 745
1527520 745
1527530 745
1527540 744
1527550 744
1527560 743
1527570 743
1527580 742
1527590 742
1527600 741
1527610 740
1527620 740
1527630 739
1527640 738
1527650 738
1527660 737
1527670 736
1527680 736
1527690 733
1527700 728
1527710 728
1527720 722
1527730 716
1527740 716
1527750 710
1527760 704
1527770 704
1527780 698
1527790 693
1527800 693
1527810 687
1527820 681
1527830 681
1527840 674
1527850 668
1527860 668
1527870 666
1527880 664
1527890 664
1527900 661
1527910 657
1527920 657
1527930 652
1527940 647
1527950 647
1527960 643
1527970 640
1527980 640
1527990 638
1528000 635
1528010 635
1528020 632
1528030 630
1528040 630
1528050 628
1528060 627
1528070 627
1528080 623
1528090 616
1528100 616
1528110 613
1528120 611
1528130 611
1528140 611
1528150 610
1528160 610
1528170 610
1528180 608
1528190 606
1528200 606
1528210 604
1528220 604
1528230 604
1528240 605
1528250 607
1528260 607
1528270 609
1528280 612
1528290 612
1528300 614
1528310 616
1528320 616
1528330 620
1528340 622
1528350 622
1528360 624
1528370 626
1528380 626
1528390 630
1528400 633
1528410 633
1528420 635
1528430 634
1528440 634
1528450 636
1528460 640
1528470 640
1528480 644
1528490 647
1528500 647
1528510 649
1528520 650
1528530 650
1528540 653
1528550 656
1528560 656
1528570 660
1528580 664
1528590 664
1528600 669
1528610 674
1528620 674
1528630 679
1528640 684
1528650 684
1528660 689
1528670 694
1528680 694
1528690 698
1528700 703
1528710 703
1528720 705
1528730 701
1528740 693
1528750 693
1528760 685
1528770 679
1528780 679
1528790 673
1528800 666
1528810 666
1528820 660
1528830 656
1528840 656
1528850 653
1528860 650
1528870 650
1528880 644
1528890 638
1528900 638
1528910 637
1528920 641
1528930 641
1528940 643
1528950 644
1528960 644
1528970 645
1528980 649
1528990 649
1529000 651
1529010 654
1529020 654
1529030 656
1529040 658
1529050 658
1529060 662
1529070 665
1529080 665
1529090 669
1529100 675
1529110 675
1529120 679
1529130 683
1529140 683
1529150 687
1529160 691
1529170 691
1529180 696
1529190 700
1529200 700
1529210 704
1529220 709
1529230 709
1529240 713
1529250 717
1529260 717
1529270 722
1529280 726
1529290 726
1529300 730
1529310 735
1529320 735
1529330 739
1529340 744
1529350 748
1529360 748
1529370 753
1529380 757
1529390 757
1529400 762
1529410 767
1529420 767
1529430 773
1529440 778
1529450 778
1529460 782
1529470 787
1529480 787
1529490 791
1529500 796
1529510 796
1529520 801
1529530 807
1529540 807
1529550 812
1529560 815
1529570 815
1529580 817
1529590 821
1529600 821
1529610 827
1529620 834
1529630 834
1529640 840
1529650 846
1529660 846
1529670 853
1529680 860
1529690 860
1529700 868
1529710 874
1529720 874
1529730 879
1529740 882
1529750 882
1529760 881
1529770 879
1529780 879
1529790 876
1529800 874
1529810 874
1529820 874
1529830 875
1529840 875
1529850 877
1529860 877
1529870 877
1529880 877
1529890 878
1529900 878
1529910 880
1529920 882
1529930 884
1529940 884
1529950 886
1529960 888
1529970 888
1529980 892
1529990 895
1530000 900
1530010 903
1530020 905
1530030 905
1530040 906
1530050 908
1530060 908
1530070 911
1530080 918
1530090 918
1530100 924
1530110 930
1530120 930
1530130 935
1530140 940
1530150 940
1530160 944
1530170 949
1530180 949
1530190 953
1530200 957
1530210 957
1530220 962
1530230 967
1530240 967
1530250 973
1530260 979
1530270 979
1530280 983
1530290 986
1530300 986
1530310 989
1530320 993
1530330 993
1530340 997
1530350 1000
1530360 1000
1530370 1004
1530380 1007
1530390 1007
1530400 1011
1530410 1012
1530420 1012
1530430 1012
1530440 1006
1530450 1006
1530460 999
1530470 993
1530480 993
1530490 987
1530500 984
1530510 984
1530520 982
1530530 980
1530540 978
1530550 978
1530560 975
1530570 972
1530580 972
1530590 968
1530600 965
1530610 965
1530620 964
1530630 963
1530640 963
1530650 961
1530660 961
1530670 961
1530680 964
1530690 968
1530700 968
1530710 971
1530720 972
1530730 972
1530740 973
1530750 973
1530760 973
1530770 971
1530780 966
1530790 966
1530800 960
1530810 955
1530820 955
1530830 953
1530840 953
1530850 953
1530860 954
1530870 952
1530880 952
1530890 952
1530900 954
1530910 954
1530920 955
1530930 954
1530940 954
1530950 953
1530960 952
1530970 952
1530980 950
1530990 948
1531000 948
1531010 945
1531020 943
1531030 943
1531040 942
1531050 941
1531060 941
1531070 938
1531080 935
1531090 935
1531100 933
1531110 931
1531120 930
1531130 930
1531140 929
1531150 927
1531160 927
1531170 926
1531180 925
1531190 925
1531200 924
1531210 922
1531220 922
1531230 920
1531240 919
1531250 919
1531260 918
1531270 917
1531280 917
1531290 916
1531300 917
1531310 917
1531320 917
1531330 918
1531340 918
1531350 919
1531360 920
1531370 920
1531380 922
1531390 923
1531400 923
1531410 923
1531420 924
1531430 924
1531440 925
1531450 925
1531460 925
1531470 925
1531480 926
1531490 926
1531500 928
1531510 930
1531520 930
1531530 931
1531540 932
1531550 932
1531560 935
1531570 939
1531580 939
1531590 943
1531600 947
1531610 947
1531620 952
1531630 955
1531640 955
1531650 960
1531660 964
1531670 964
1531680 967
1531690 969
1531700 972
1531710 972
1531720 973
1531730 975
1531740 975
1531750 975
1531760 974
1531770 974
1531780 971
1531790 967
1531800 967
1531810 963
1531820 960
1531830 960
1531840 957
1531850 955
1531860 955
1531870 953
1531880 950
1531890 950
1531900 946
1531910 943
1531920 943
1531930 941
1531940 938
1531950 938
1531960 933
1531970 929
1531980 929
1531990 926
1532000 923
1532010 923
1532020 921
1532030 919
1532040 919
1532050 917
1532060 916
1532070 916
1532080 915
1532090 912
1532100 912
1532110 909
1532120 905
1532130 905
1532140 901
1532150 898
1532160 898
1532170 894
1532180 891
1532190 891
1532200 890
1532210 888
1532220 888
1532230 886
1532240 886
1532250 886
1532260 885
1532270 885
1532280 885
1532290 885
1532300 884
1532310 883
1532320 883
1532330 881
1532340 879
1532350 879
1532360 876
1532370 871
1532380 871
1532390 867
1532400 861
1532410 861
1532420 856
1532430 853
1532440 853
1532450 850
1532460 848
1532470 848
1532480 845
1532490 840
1532500 840
1532510 834
1532520 829
1532530 829
1532540 823
1532550 819
1532560 819
1532570 813
1532580 806
1532590 806
1532600 803
1532610 797
1532620 797
1532630 793
1532640 790
1532650 790
1532660 786
1532670 782
1532680 782
1532690 780
1532700 777
1532710 777
1532720 776
1532730 774
1532740 778
1532750 778
1532760 779
1532770 779
1532780 780
1532790 780
1532800 780
1532810 779
1532820 776
1532830 776
1532840 774
1532850 771
1532860 771
1532870 768
1532880 765
1532890 761
1532900 761
1532910 757
1532920 754
1532930 754
1532940 751
1532950 748
1532960 748
1532970 744
1532980 741
1532990 741
1533000 739
1533010 736
1533020 736
1533030 732
1533040 728
1533050 728
1533060 725
1533070 723
1533080 723
1533090 720
1533100 717
1533110 717
1533120 714
1533130 710
1533140 710
1533150 707
1533160 703
1533170 703
1533180 700
1533190 696
1533200 696
1533210 693
1533220 690
1533230 690
1533240 686
1533250 682
1533260 682
1533270 676
1533280 671
1533290 671
1533300 667
1533310 664
1533320 664
1533330 660
1533340 656
1533350 656
1533360 652
1533370 649
1533380 649
1533390 647
1533400 645
1533410 645
1533420 642
1533430 641
1533440 641
1533450 640
1533460 640
1533470 640
1533480 640
1533490 639
1533500 639
1533510 639
1533520 638
1533530 636
1533540 636
1533550 631
1533560 621
1533570 621
1533580 609
1533590 602
1533600 602
1533610 597
1533620 593
1533630 593
1533640 589
1533650 585
1533660 585
1533670 581
1533680 577
1533690 577
1533700 573
1533710 568
1533720 568
1533730 563
1533740 557
1533750 557
1533760 554
1533770 551
1533780 551
1533790 550
1533800 548
1533810 548
1533820 547
1533830 546
1533840 546
1533850 545
1533860 544
1533870 544
1533880 541
1533890 536
1533900 536
1533910 529
1533920 523
1533930 523
1533940 518
1533950 513
1533960 513
1533970 509
1533980 507
1533990 507
1534000 509
1534010 516
1534020 516
1534030 519
1534040 519
1534050 519
1534060 518
1534070 518
1534080 517
1534090 517
1534100 518
1534110 520
1534120 520
1534130 521
1534140 523
1534150 523
1534160 524
1534170 524
1534180 524
1534190 525
1534200 524
1534210 524
1534220 521
1534230 519
1534240 519
1534250 517
1534260 514
1534270 514
1534280 512
1534290 514
1534300 514
1534310 519
1534320 524
1534330 524
1534340 525
1534350 524
1534360 524
1534370 523
1534380 519
1534390 519
1534400 515
1534410 510
1534420 510
1534430 508
1534440 507
1534450 507
1534460 505
1534470 501
1534480 501
1534490 498
1534500 495
1534510 495
1534520 485
1534530 456
1534540 456
1534550 448
1534560 441
1534570 441
1534580 437
1534590 434
1534600 434
1534610 430
1534620 429
1534630 429
1534640 430
1534650 430
1534660 430
1534670 429
1534680 424
1534690 422
1534700 422
1534710 422
1534720 422
1534730 422
1534740 422
1534750 422
1534760 422
1534770 422
1534780 422
1534790 422
1534800 422
1534810 422
1534820 422
1534830 422
1534840 422
1534850 422
1534860 422
1534870 422
1534880 422
1534890 422
1534900 422
1534910 422
1534920 422
1534930 422
1534940 422
1534950 422
1534960 422
1534970 422
1534980 422
1534990 422
1535000 422
1535010 422
1535020 422
1535030 422
1535040 422
1535050 422
1535060 422
1535070 422
1535080 422
1535090 422
1535100 422
1535110 422
1535120 422
1535130 422
1535140 422
1535150 422
1535160 422
1535170 422
1535180 422
1535190 422
1535200 422
1535210 422
1535220 422
1535230 422
1535240 422
1535250 422
1535260 422
1535270 422
1535280 422
1535290 422
1535300 422
1535310 422
1535320 422
1535330 422
1535340 422
1535350 422
1535360 422
1535370 422
1535380 422
1535390 422
1535400 422
1535410 422
1535420 422
1535430 422
1535440 422
1535450 422
1535460 422
1535470 422
1535480 422
1535490 422
1535500 422
1535510 422
1535520 422
1535530 422
1535540 422
1535550 422
1535560 422
1535570 422
1535580 422
1535590 422
1535600 422
1535610 422
1535620 422
1535630 422
1535640 422
1535650 422
1535660 422
1535670 422
1535680 422
1535690 422
1535700 422
1535710 422
1535720 422
1535730 422
1535740 422
1535750 422
1535760 422
1535770 422
1535780 422
1535790 422
1535800 422
1535810 422
1535820 422
1535830 422
1535840 422
1535850 422
1535860 422
1535870 422
1535880 422
1535890 422
1535900 422
1535910 422
1535920 422
1535930 422
1535940 422
1535950 422
1535960 422
1535970 422
1535980 422
1535990 422
1536000 422
1536010 422
1536020 422
1536030 422
1536040 422
1536050 422
1536060 422
1536070 422
1536080 422
1536090 422
1536100 422
1536110 422
1536120 422
1536130 422
1536140 422
1536150 422
1536160 422
1536170 422
1536180 422
1536190 422
1536200 422
1536210 422
1536220 422
1536230 422
1536240 422
1536250 422
1536260 422
1536270 422
1536280 422
1536290 422
1536300 422
1536310 422
1536320 422
1536330 422
1536340 422
1536350 422
1536360 422
1536370 422
1536380 422
1536390 422
1536400 422
1536410 422
1536420 422
1536430 422
1536440 422
1536450 422
1536460 422
1536470 422
1536480 422
1536490 422
1536500 422
1536510 422
1536520 422
1536530 422
1536540 422
1536550 422
1536560 422
1536570 422
1536580 422
1536590 422
1536600 422
1536610 422
1536620 422
1536630 422
1536640 422
1536650 422
1536660 422
1536670 422
1536680 422
1536690 422
1536700 422
1536710 422
1536720 422
1536730 422
1536740 422
1536750 422
1536760 422
1536770 422
1536780 422
1536790 422
1536800 422
1536810 422
1536820 422
1536830 422
1536840 422
1536850 422
1536860 422
1536870 422
1536880 422
1536890 422
1536900 422
1536910 422
1536920 422
1536930 422
1536940 422
1536950 422
1536960 422
1536970 422
1536980 422
1536990 422
1537000 422
1537010 422
1537020 422
1537030 422
1537040 422
1537050 422
1537060 422
1537070 422
1537080 422
1537090 422
1537100 422
1537110 422
1537120 422
1537130 422
1537140 422
1537150 422
1537160 422
1537170 422
1537180 423
1537190 426
1537200 426
1537210 427
1537220 427
1537230 427
1537240 427
1537250 428
1537260 428
1537270 429
1537280 432
1537290 432
1537300 441
1537310 467
1537320 467
1537330 488
1537340 501
1537350 501
1537360 511
1537370 524
1537380 524
1537390 541
1537400 551
1537410 551
1537420 567
1537430 580
1537440 580
1537450 594
1537460 603
1537470 603
1537480 612
1537490 624
1537500 624
1537510 639
1537520 653
1537530 653
1537540 660
1537550 660
1537560 660
1537570 660
1537580 659
1537590 659
1537600 658
1537610 656
1537620 656
1537630 654
1537640 653
1537650 651
1537660 651
1537670 644
1537680 631
1537690 631
1537700 628
1537710 627
1537720 627
1537730 627
1537740 628
1537750 628
1537760 628
1537770 627
1537780 627
1537790 625
1537800 618
1537810 618
1537820 613
1537830 612
1537840 612
1537850 612
1537860 612
1537870 612
1537880 613
1537890 613
1537900 613
1537910 613
1537920 613
1537930 613
1537940 613
1537950 614
1537960 614
1537970 619
1537980 628
1537990 628
1538000 633
1538010 641
1538020 641
1538030 640
1538040 639
1538050 639
1538060 637
1538070 627
1538080 627
1538090 616
1538100 613
1538110 613
1538120 605
1538130 606
1538140 606
1538150 615
1538160 622
1538170 622
1538180 624
1538190 623
1538200 623
1538210 621
1538220 621
1538230 625
1538240 625
1538250 628
1538260 630
1538270 630
1538280 630
1538290 632
1538300 632
1538310 630
1538320 621
1538330 621
1538340 617
1538350 613
1538360 613
1538370 610
1538380 607
1538390 607
1538400 602
1538410 597
1538420 597
1538430 591
1538440 586
1538450 586
1538460 581
1538470 574
1538480 574
1538490 569
1538500 565
1538510 565
1538520 560
1538530 556
1538540 556
1538550 551
1538560 547
1538570 547
1538580 542
1538590 538
1538600 538
1538610 534
1538620 533
1538630 533
1538640 533
1538650 532
1538660 532
1538670 534
1538680 542
1538690 542
1538700 552
1538710 558
1538720 558
1538730 564
1538740 570
1538750 570
1538760 576
1538770 580
1538780 580
1538790 586
1538800 592
1538810 595
1538820 595
1538830 596
1538840 596
1538850 596
1538860 596
1538870 595
1538880 595
1538890 592
1538900 588
1538910 588
1538920 586
1538930 584
1538940 584
1538950 583
1538960 583
1538970 583
1538980 585
1538990 589
1539000 589
1539010 592
1539020 594
1539030 594
1539040 596
1539050 601
1539060 601
1539070 605
1539080 610
1539090 610
1539100 615
1539110 620
1539120 620
1539130 624
1539140 628
1539150 628
1539160 630
1539170 631
1539180 631
1539190 633
1539200 634
1539210 634
1539220 634
1539230 635
1539240 635
1539250 637
1539260 638
1539270 638
1539280 640
1539290 641
1539300 641
1539310 643
1539320 644
1539330 644
1539340 644
1539350 645
1539360 645
1539370 647
1539380 649
1539390 649
1539400 650
1539410 651
1539420 649
1539430 649
1539440 644
1539450 638
1539460 638
1539470 632
1539480 626
1539490 626
1539500 620
1539510 613
1539520 613
1539530 608
1539540 611
1539550 611
1539560 618
1539570 624
1539580 624
1539590 627
1539600 632
1539610 632
1539620 639
1539630 646
1539640 646
1539650 653
1539660 659
1539670 659
1539680 666
1539690 672
1539700 672
1539710 679
1539720 685
1539730 685
1539740 692
1539750 698
1539760 698
1539770 704
1539780 711
1539790 711
1539800 718
1539810 726
1539820 726
1539830 733
1539840 740
1539850 740
1539860 747
1539870 754
1539880 754
1539890 761
1539900 768
1539910 768
1539920 774
1539930 778
1539940 778
1539950 781
1539960 781
1539970 781
1539980 782
1539990 782
