1520000 656
1520010 655
1520020 653
1520030 653
1520040 653
1520050 652
1520060 652
1520070 650
1520080 649
1520090 649
1520100 647
1520110 645
1520120 645
1520130 642
1520140 641
1520150 641
1520160 640
1520170 639
1520180 639
1520190 638
1520200 638
1520210 638
1520220 637
1520230 637
1520240 637
1520250 636
1520260 636
1520270 636
1520280 634
1520290 631
1520300 631
1520310 630
1520320 630
1520330 630
1520340 629
1520350 629
1520360 629
1520370 629
1520380 628
1520390 628
1520400 628
1520410 628
1520420 628
1520430 628
1520440 628
1520450 628
1520460 628
1520470 627
1520480 626
1520490 626
1520500 627
1520510 630
1520520 630
1520530 634
1520540 637
1520550 637
1520560 639
1520570 642
1520580 642
1520590 644
1520600 646
1520610 646
1520620 648
1520630 650
1520640 650
1520650 652
1520660 655
1520670 655
1520680 657
1520690 658
1520700 658
1520710 660
1520720 662
1520730 662
1520740 664
1520750 666
1520760 666
1520770 668
1520780 669
1520790 669
1520800 671
1520810 673
1520820 673
1520830 674
1520840 675
1520850 675
1520860 677
1520870 679
1520880 679
1520890 680
1520900 681
1520910 681
1520920 682
1520930 683
1520940 683
1520950 684
1520960 682
1520970 682
1520980 679
1520990 678
1521000 682
1521010 682
1521020 689
1521030 693
1521040 693
1521050 696
1521060 699
1521070 699
1521080 703
1521090 707
1521100 707
1521110 711
1521120 715
1521130 715
1521140 719
1521150 722
1521160 722
1521170 725
1521180 728
1521190 728
1521200 732
1521210 734
1521220 734
1521230 737
1521240 740
1521250 740
1521260 742
1521270 744
1521280 744
1521290 745
1521300 747
1521310 747
1521320 748
1521330 749
1521340 749
1521350 749
1521360 750
1521370 750
1521380 750
1521390 751
1521400 751
1521410 750
1521420 750
1521430 750
1521440 751
1521450 752
1521460 752
1521470 753
1521480 754
1521490 754
1521500 756
1521510 757
1521520 757
1521530 757
1521540 757
1521550 757
1521560 757
1521570 757
1521580 757
1521590 757
1521600 757
1521610 757
1521620 757
1521630 756
1521640 755
1521650 755
1521660 755
1521670 754
1521680 754
1521690 751
1521700 745
1521710 745
1521720 741
1521730 736
1521740 736
1521750 730
1521760 728
1521770 728
1521780 734
1521790 742
1521800 742
1521810 747
1521820 749
1521830 749
1521840 756
1521850 764
1521860 764
1521870 770
1521880 777
1521890 777
1521900 784
1521910 792
1521920 792
1521930 799
1521940 808
1521950 808
1521960 814
1521970 818
1521980 818
1521990 822
1522000 824
1522010 824
1522020 826
1522030 828
1522040 828
1522050 828
1522060 828
1522070 828
1522080 829
1522090 830
1522100 830
1522110 830
1522120 829
1522130 829
1522140 828
1522150 827
1522160 827
1522170 827
1522180 824
1522190 824
1522200 822
1522210 821
1522220 821
1522230 823
1522240 826
1522250 828
1522260 828
1522270 831
1522280 834
1522290 834
1522300 836
1522310 838
1522320 838
1522330 839
1522340 840
1522350 840
1522360 841
1522370 843
1522380 843
1522390 844
1522400 846
1522410 846
1522420 847
1522430 848
1522440 848
1522450 849
1522460 849
1522470 849
1522480 850
1522490 851
1522500 851
1522510 852
1522520 853
1522530 853
1522540 855
1522550 857
1522560 857
1522570 861
1522580 866
1522590 866
1522600 873
1522610 878
1522620 878
1522630 882
1522640 887
1522650 887
1522660 891
1522670 894
1522680 894
1522690 897
1522700 900
1522710 900
1522720 901
1522730 900
1522740 900
1522750 898
1522760 896
1522770 896
1522780 894
1522790 893
1522800 893
1522810 892
1522820 892
1522830 892
1522840 892
1522850 896
1522860 901
1522870 901
1522880 905
1522890 911
1522900 911
1522910 915
1522920 920
1522930 920
1522940 924
1522950 929
1522960 929
1522970 933
1522980 933
1522990 933
1523000 930
1523010 926
1523020 926
1523030 924
1523040 924
1523050 924
1523060 923
1523070 922
1523080 922
1523090 921
1523100 920
1523110 920
1523120 920
1523130 921
1523140 921
1523150 924
1523160 928
1523170 928
1523180 931
1523190 935
1523200 935
1523210 939
1523220 944
1523230 944
1523240 948
1523250 952
1523260 952
1523270 956
1523280 960
1523290 960
1523300 963
1523310 966
1523320 966
1523330 968
1523340 970
1523350 970
1523360 971
1523370 972
1523380 972
1523390 972
1523400 973
1523410 973
1523420 973
1523430 974
1523440 974
1523450 973
1523460 972
1523470 973
1523480 973
1523490 973
1523500 974
1523510 974
1523520 974
1523530 974
1523540 974
1523550 973
1523560 969
1523570 969
1523580 964
1523590 959
1523600 959
1523610 954
1523620 949
1523630 949
1523640 945
1523650 945
1523660 945
1523670 947
1523680 950
1523690 950
1523700 954
1523710 957
1523720 957
1523730 959
1523740 962
1523750 962
1523760 966
1523770 970
1523780 970
1523790 973
1523800 977
1523810 977
1523820 978
1523830 978
1523840 978
1523850 978
1523860 977
1523870 977
1523880 976
1523890 974
1523900 974
1523910 970
1523920 967
1523930 967
1523940 962
1523950 959
1523960 959
1523970 956
1523980 954
1523990 954
1524000 952
1524010 950
1524020 950
1524030 947
1524040 945
1524050 945
1524060 943
1524070 940
1524080 937
1524090 937
1524100 932
1524110 927
1524120 927
1524130 925
1524140 926
1524150 926
1524160 929
1524170 933
1524180 933
1524190 937
1524200 941
1524210 941
1524220 945
1524230 947
1524240 947
1524250 949
1524260 949
1524270 949
1524280 947
1524290 945
1524300 945
1524310 943
1524320 943
1524330 943
1524340 943
1524350 945
1524360 945
1524370 948
1524380 951
1524390 951
1524400 953
1524410 956
1524420 956
1524430 958
1524440 961
1524450 961
1524460 963
1524470 965
1524480 965
1524490 967
1524500 968
1524510 968
1524520 970
1524530 971
1524540 971
1524550 972
1524560 972
1524570 972
1524580 972
1524590 970
1524600 970
1524610 967
1524620 963
1524630 963
1524640 960
1524650 957
1524660 957
1524670 953
1524680 948
1524690 943
1524700 943
1524710 940
1524720 937
1524730 937
1524740 935
1524750 934
1524760 934
1524770 933
1524780 932
1524790 932
1524800 929
1524810 927
1524820 927
1524830 926
1524840 925
1524850 925
1524860 925
1524870 926
1524880 926
1524890 926
1524900 927
1524910 927
1524920 927
1524930 928
1524940 928
1524950 928
1524960 928
1524970 928
1524980 929
1524990 929
1525000 929
1525010 929
1525020 928
1525030 928
1525040 927
1525050 926
1525060 926
1525070 925
1525080 924
1525090 924
1525100 922
1525110 922
1525120 922
1525130 921
1525140 921
1525150 921
1525160 920
1525170 919
1525180 919
1525190 919
1525200 918
1525210 918
1525220 917
1525230 915
1525240 915
1525250 914
1525260 912
1525270 912
1525280 911
1525290 909
1525300 908
1525310 908
1525320 906
1525330 903
1525340 903
1525350 900
1525360 896
1525370 896
1525380 892
1525390 888
1525400 888
1525410 882
1525420 876
1525430 876
1525440 875
1525450 876
1525460 876
1525470 878
1525480 880
1525490 880
1525500 882
1525510 884
1525520 884
1525530 887
1525540 889
1525550 889
1525560 891
1525570 893
1525580 893
1525590 895
1525600 897
1525610 897
1525620 900
1525630 902
1525640 902
1525650 904
1525660 907
1525670 907
1525680 909
1525690 912
1525700 912
1525710 915
1525720 918
1525730 918
1525740 920
1525750 921
1525760 921
1525770 922
1525780 923
1525790 923
1525800 926
1525810 928
1525820 928
1525830 930
1525840 934
1525850 934
1525860 937
1525870 941
1525880 941
1525890 943
1525900 946
1525910 949
1525920 949
1525930 951
1525940 954
1525950 954
1525960 957
1525970 960
1525980 960
1525990 963
1526000 966
1526010 966
1526020 969
1526030 971
1526040 971
1526050 974
1526060 976
1526070 976
1526080 978
1526090 981
1526100 981
1526110 984
1526120 987
1526130 987
1526140 990
1526150 992
1526160 992
1526170 994
1526180 996
1526190 996
1526200 998
1526210 998
1526220 998
1526230 999
1526240 1002
1526250 1002
1526260 1004
1526270 1006
1526280 1006
1526290 1007
1526300 1007
1526310 1007
1526320 1007
1526330 1007
1526340 1007
1526350 1007
1526360 1007
1526370 1007
1526380 1005
1526390 1003
1526400 1003
1526410 1000
1526420 999
1526430 999
1526440 998
1526450 997
1526460 997
1526470 995
1526480 993
1526490 993
1526500 990
1526510 987
1526520 984
1526530 984
1526540 983
1526550 981
1526560 981
1526570 980
1526580 979
1526590 979
1526600 978
1526610 977
1526620 977
1526630 974
1526640 966
1526650 966
1526660 962
1526670 959
1526680 959
1526690 955
1526700 951
1526710 951
1526720 948
1526730 945
1526740 945
1526750 942
1526760 939
1526770 939
1526780 936
1526790 933
1526800 933
1526810 930
1526820 927
1526830 927
1526840 925
1526850 922
1526860 922
1526870 919
1526880 917
1526890 917
1526900 915
1526910 914
1526920 914
1526930 912
1526940 910
1526950 910
1526960 908
1526970 906
1526980 906
1526990 904
1527000 903
1527010 903
1527020 902
1527030 901
1527040 901
1527050 902
1527060 902
1527070 902
1527080 902
1527090 902
1527100 902
1527110 901
1527120 902
1527130 904
1527140 904
1527150 904
1527160 906
1527170 906
1527180 908
1527190 907
1527200 907
1527210 905
1527220 902
1527230 902
1527240 901
1527250 897
1527260 897
1527270 893
1527280 892
1527290 892
1527300 894
1527310 896
1527320 896
1527330 895
1527340 893
1527350 893
1527360 891
1527370 889
1527380 889
1527390 885
1527400 877
1527410 877
1527420 870
1527430 865
1527440 865
1527450 862
1527460 861
1527470 861
1527480 861
1527490 859
1527500 859
1527510 855
1527520 851
1527530 851
1527540 848
1527550 843
1527560 843
1527570 834
1527580 835
1527590 835
1527600 843
1527610 851
1527620 851
1527630 853
1527640 852
1527650 852
1527660 854
1527670 858
1527680 858
1527690 862
1527700 865
1527710 865
1527720 869
1527730 872
1527740 872
1527750 872
1527760 872
1527770 870
1527780 870
1527790 870
1527800 873
1527810 873
1527820 876
1527830 882
1527840 882
1527850 890
1527860 890
1527870 890
1527880 887
1527890 884
1527900 884
1527910 880
1527920 876
1527930 876
1527940 873
1527950 869
1527960 869
1527970 867
1527980 865
1527990 865
1528000 863
1528010 861
1528020 861
1528030 858
1528040 855
1528050 855
1528060 853
1528070 849
1528080 849
1528090 845
1528100 841
1528110 841
1528120 836
1528130 831
1528140 831
1528150 826
1528160 821
1528170 821
1528180 817
1528190 809
1528200 809
1528210 802
1528220 799
1528230 799
1528240 794
1528250 791
1528260 791
1528270 788
1528280 787
1528290 787
1528300 792
1528310 800
1528320 800
1528330 806
1528340 811
1528350 814
1528360 814
1528370 818
1528380 822
1528390 822
1528400 827
1528410 830
1528420 830
1528430 830
1528440 830
1528450 830
1528460 829
1528470 830
1528480 830
1528490 832
1528500 834
1528510 834
1528520 836
1528530 837
1528540 837
1528550 837
1528560 838
1528570 838
1528580 839
1528590 842
1528600 842
1528610 845
1528620 849
1528630 849
1528640 852
1528650 856
1528660 856
1528670 858
1528680 857
1528690 857
1528700 855
1528710 850
1528720 850
1528730 845
1528740 843
1528750 843
1528760 842
1528770 842
1528780 842
1528790 841
1528800 838
1528810 838
1528820 836
1528830 833
1528840 833
1528850 829
1528860 827
1528870 827
1528880 827
1528890 826
1528900 826
1528910 826
1528920 825
1528930 825
1528940 825
1528950 825
1528960 824
1528970 824
1528980 822
1528990 820
1529000 820
1529010 820
1529020 819
1529030 819
1529040 818
1529050 815
1529060 815
1529070 813
1529080 811
1529090 811
1529100 811
1529110 812
1529120 812
1529130 813
1529140 814
1529150 814
1529160 816
1529170 816
1529180 816
1529190 817
1529200 816
1529210 816
1529220 816
1529230 815
1529240 815
1529250 815
1529260 815
1529270 815
1529280 814
1529290 813
1529300 813
1529310 811
1529320 810
1529330 810
1529340 809
1529350 808
1529360 808
1529370 808
1529380 807
1529390 807
1529400 806
1529410 805
1529420 805
1529430 804
1529440 803
1529450 803
1529460 802
1529470 801
1529480 801
1529490 799
1529500 795
1529510 795
1529520 791
1529530 787
1529540 787
1529550 784
1529560 780
1529570 777
1529580 777
1529590 774
1529600 765
1529610 765
1529620 763
1529630 760
1529640 760
1529650 758
1529660 756
1529670 756
1529680 753
1529690 750
1529700 750
1529710 746
1529720 744
1529730 744
1529740 741
1529750 740
1529760 740
1529770 738
1529780 736
1529790 736
1529800 734
1529810 733
1529820 733
1529830 732
1529840 730
1529850 730
1529860 728
1529870 726
1529880 726
1529890 723
1529900 720
1529910 720
1529920 717
1529930 714
1529940 714
1529950 712
1529960 711
1529970 711
1529980 709
1529990 707
1530000 707
1530010 705
1530020 703
1530030 703
1530040 702
1530050 700
1530060 700
1530070 698
1530080 695
1530090 695
1530100 692
1530110 688
1530120 688
1530130 686
1530140 685
1530150 685
1530160 685
1530170 686
1530180 686
1530190 686
1530200 686
1530210 686
1530220 686
1530230 686
1530240 685
1530250 685
1530260 685
1530270 685
1530280 685
1530290 685
1530300 684
1530310 684
1530320 684
1530330 684
1530340 684
1530350 684
1530360 683
1530370 683
1530380 682
1530390 681
1530400 681
1530410 679
1530420 677
1530430 677
1530440 677
1530450 677
1530460 677
1530470 678
1530480 678
1530490 678
1530500 678
1530510 678
1530520 678
1530530 678
1530540 678
1530550 678
1530560 678
1530570 677
1530580 677
1530590 673
1530600 669
1530610 669
1530620 669
1530630 671
1530640 671
1530650 671
1530660 671
1530670 671
1530680 670
1530690 669
1530700 669
1530710 668
1530720 666
1530730 666
1530740 665
1530750 663
1530760 663
1530770 662
1530780 660
1530790 660
1530800 660
1530810 658
1530820 655
1530830 655
1530840 651
1530850 650
1530860 650
1530870 651
1530880 652
1530890 652
1530900 653
1530910 654
1530920 654
1530930 656
1530940 658
1530950 658
1530960 660
1530970 663
1530980 663
1530990 665
1531000 668
1531010 668
1531020 670
1531030 672
1531040 672
1531050 675
1531060 676
1531070 676
1531080 678
1531090 679
1531100 679
1531110 682
1531120 686
1531130 686
1531140 691
1531150 695
1531160 695
1531170 698
1531180 699
1531190 699
1531200 700
1531210 701
1531220 701
1531230 703
1531240 705
1531250 705
1531260 707
1531270 709
1531280 709
1531290 710
1531300 711
1531310 711
1531320 713
1531330 714
1531340 714
1531350 715
1531360 716
1531370 716
1531380 716
1531390 718
1531400 718
1531410 719
1531420 719
1531430 716
1531440 716
1531450 711
1531460 705
1531470 705
1531480 699
1531490 693
1531500 693
1531510 687
1531520 684
1531530 684
1531540 681
1531550 678
1531560 678
1531570 675
1531580 670
1531590 670
1531600 668
1531610 662
1531620 662
1531630 658
1531640 665
1531650 665
1531660 674
1531670 681
1531680 681
1531690 687
1531700 692
1531710 692
1531720 696
1531730 697
1531740 697
1531750 699
1531760 703
1531770 703
1531780 708
1531790 710
1531800 710
1531810 709
1531820 708
1531830 708
1531840 706
1531850 705
1531860 705
1531870 704
1531880 703
1531890 703
1531900 704
1531910 703
1531920 703
1531930 702
1531940 702
1531950 702
1531960 701
1531970 700
1531980 700
1531990 699
1532000 697
1532010 697
1532020 692
1532030 687
1532040 683
1532050 683
1532060 677
1532070 672
1532080 672
1532090 669
1532100 667
1532110 667
1532120 665
1532130 660
1532140 660
1532150 655
1532160 650
1532170 650
1532180 646
1532190 644
1532200 644
1532210 642
1532220 642
1532230 642
1532240 639
1532250 637
1532260 637
1532270 634
1532280 628
1532290 628
1532300 622
1532310 618
1532320 618
1532330 617
1532340 615
1532350 615
1532360 614
1532370 607
1532380 607
1532390 605
1532400 603
1532410 603
1532420 601
1532430 600
1532440 600
1532450 600
1532460 600
1532470 600
1532480 601
1532490 600
1532500 600
1532510 597
1532520 594
1532530 594
1532540 593
1532550 592
1532560 592
1532570 592
1532580 591
1532590 591
1532600 589
1532610 586
1532620 586
1532630 580
1532640 574
1532650 570
1532660 570
1532670 569
1532680 567
1532690 567
1532700 565
1532710 562
1532720 562
1532730 556
1532740 552
1532750 552
1532760 548
1532770 547
1532780 547
1532790 547
1532800 547
1532810 547
1532820 544
1532830 540
1532840 540
1532850 536
1532860 533
1532870 533
1532880 531
1532890 531
1532900 531
1532910 530
1532920 528
1532930 528
1532940 525
1532950 523
1532960 523
1532970 520
1532980 518
1532990 518
1533000 517
1533010 515
1533020 515
1533030 513
1533040 511
1533050 511
1533060 508
1533070 507
1533080 507
1533090 506
1533100 504
1533110 504
1533120 503
1533130 500
1533140 500
1533150 497
1533160 494
1533170 494
1533180 493
1533190 492
1533200 492
1533210 491
1533220 490
1533230 490
1533240 489
1533250 489
1533260 489
1533270 489
1533280 490
1533290 491
1533300 491
1533310 493
1533320 497
1533330 497
1533340 501
1533350 503
1533360 503
1533370 503
1533380 499
1533390 499
1533400 493
1533410 488
1533420 488
1533430 486
1533440 482
1533450 482
1533460 475
1533470 468
1533480 468
1533490 461
1533500 457
1533510 457
1533520 455
1533530 453
1533540 453
1533550 450
1533560 449
1533570 449
1533580 447
1533590 446
1533600 446
1533610 446
1533620 447
1533630 447
1533640 448
1533650 448
1533660 448
1533670 449
1533680 448
1533690 448
1533700 445
1533710 445
1533720 445
1533730 446
1533740 445
1533750 445
1533760 444
1533770 443
1533780 443
1533790 446
1533800 447
1533810 447
1533820 447
1533830 445
1533840 445
1533850 443
1533860 442
1533870 441
1533880 441
1533890 439
1533900 438
1533910 438
1533920 438
1533930 438
1533940 438
1533950 438
1533960 438
1533970 438
1533980 437
1533990 434
1534000 434
1534010 432
1534020 428
1534030 428
1534040 426
1534050 425
1534060 425
1534070 424
1534080 422
1534090 422
1534100 422
1534110 422
1534120 422
1534130 422
1534140 422
1534150 422
1534160 422
1534170 422
1534180 422
1534190 422
1534200 422
1534210 422
1534220 422
1534230 422
1534240 422
1534250 422
1534260 422
1534270 422
1534280 422
1534290 422
1534300 422
1534310 422
1534320 422
1534330 422
1534340 422
1534350 422
1534360 422
1534370 422
1534380 422
1534390 422
1534400 422
1534410 422
1534420 422
1534430 422
1534440 422
1534450 422
1534460 422
1534470 422
1534480 422
1534490 422
1534500 422
1534510 422
1534520 422
1534530 422
1534540 422
1534550 422
1534560 422
1534570 422
1534580 422
1534590 422
1534600 422
1534610 422
1534620 422
1534630 422
1534640 422
1534650 422
1534660 422
1534670 422
1534680 422
1534690 422
1534700 422
1534710 422
1534720 422
1534730 422
1534740 422
1534750 422
1534760 422
1534770 422
1534780 422
1534790 422
1534800 422
1534810 422
1534820 422
1534830 422
1534840 422
1534850 422
1534860 422
1534870 422
1534880 422
1534890 422
1534900 422
1534910 422
1534920 422
1534930 422
1534940 422
1534950 422
1534960 422
1534970 422
1534980 422
1534990 422
1535000 422
1535010 422
1535020 422
1535030 422
1535040 422
1535050 422
1535060 422
1535070 422
1535080 422
1535090 422
1535100 422
1535110 422
1535120 422
1535130 422
1535140 422
1535150 422
1535160 422
1535170 422
1535180 422
1535190 422
1535200 422
1535210 422
1535220 422
1535230 422
1535240 422
1535250 422
1535260 422
1535270 422
1535280 422
1535290 422
1535300 422
1535310 422
1535320 422
1535330 422
1535340 422
1535350 422
1535360 422
1535370 422
1535380 422
1535390 422
1535400 422
1535410 422
1535420 422
1535430 422
1535440 422
1535450 422
1535460 422
1535470 422
1535480 422
1535490 422
1535500 422
1535510 422
1535520 422
1535530 422
1535540 422
1535550 422
1535560 422
1535570 422
1535580 422
1535590 422
1535600 422
1535610 422
1535620 422
1535630 422
1535640 422
1535650 422
1535660 422
1535670 422
1535680 422
1535690 422
1535700 422
1535710 422
1535720 422
1535730 422
1535740 422
1535750 422
1535760 422
1535770 422
1535780 422
1535790 422
1535800 422
1535810 422
1535820 422
1535830 422
1535840 422
1535850 422
1535860 422
1535870 422
1535880 422
1535890 422
1535900 422
1535910 422
1535920 422
1535930 422
1535940 422
1535950 422
1535960 422
1535970 422
1535980 422
1535990 422
1536000 422
1536010 422
1536020 422
1536030 422
1536040 422
1536050 422
1536060 422
1536070 422
1536080 422
1536090 422
1536100 422
1536110 422
1536120 422
1536130 422
1536140 422
1536150 422
1536160 422
1536170 422
1536180 422
1536190 422
1536200 422
1536210 422
1536220 422
1536230 422
1536240 422
1536250 422
1536260 422
1536270 422
1536280 422
1536290 422
1536300 422
1536310 422
1536320 422
1536330 422
1536340 422
1536350 422
1536360 422
1536370 422
1536380 422
1536390 422
1536400 422
1536410 422
1536420 422
1536430 422
1536440 422
1536450 422
1536460 422
1536470 422
1536480 422
1536490 422
1536500 422
1536510 422
1536520 422
1536530 422
1536540 422
1536550 422
1536560 422
1536570 422
1536580 422
1536590 422
1536600 422
1536610 422
1536620 422
1536630 422
1536640 422
1536650 422
1536660 422
1536670 422
1536680 422
1536690 422
1536700 422
1536710 422
1536720 422
1536730 422
1536740 422
1536750 422
1536760 422
1536770 422
1536780 422
1536790 422
1536800 422
1536810 422
1536820 422
1536830 422
1536840 422
1536850 422
1536860 422
1536870 422
1536880 422
1536890 422
1536900 422
1536910 422
1536920 422
1536930 422
1536940 422
1536950 422
1536960 422
1536970 422
1536980 422
1536990 422
1537000 422
1537010 422
1537020 422
1537030 422
1537040 422
1537050 422
1537060 422
1537070 422
1537080 422
1537090 422
1537100 422
1537110 422
1537120 422
1537130 422
1537140 422
1537150 422
1537160 422
1537170 422
1537180 422
1537190 422
1537200 422
1537210 422
1537220 422
1537230 422
1537240 422
1537250 422
1537260 422
1537270 422
1537280 422
1537290 422
1537300 422
1537310 422
1537320 422
1537330 422
1537340 422
1537350 422
1537360 422
1537370 422
1537380 422
1537390 423
1537400 424
1537410 424
1537420 426
1537430 430
1537440 430
1537450 436
1537460 445
1537470 445
1537480 464
1537490 481
1537500 481
1537510 494
1537520 503
1537530 513
1537540 513
1537550 523
1537560 530
1537570 530
1537580 531
1537590 529
1537600 529
1537610 529
1537620 528
1537630 528
1537640 528
1537650 527
1537660 527
1537670 526
1537680 526
1537690 526
1537700 525
1537710 526
1537720 526
1537730 530
1537740 535
1537750 535
1537760 541
1537770 546
1537780 546
1537790 554
1537800 565
1537810 565
1537820 575
1537830 582
1537840 582
1537850 589
1537860 595
1537870 595
1537880 600
1537890 600
1537900 600
1537910 599
1537920 600
1537930 600
1537940 600
1537950 598
1537960 598
1537970 596
1537980 596
1537990 596
1538000 596
1538010 596
1538020 596
1538030 596
1538040 596
1538050 596
1538060 596
1538070 598
1538080 598
1538090 599
1538100 598
1538110 598
1538120 598
1538130 603
1538140 611
1538150 611
1538160 616
1538170 620
1538180 620
1538190 624
1538200 628
1538210 628
1538220 631
1538230 635
1538240 635
1538250 638
1538260 641
1538270 641
1538280 644
1538290 645
1538300 645
1538310 646
1538320 648
1538330 648
1538340 649
1538350 651
1538360 651
1538370 653
1538380 655
1538390 655
1538400 657
1538410 659
1538420 659
1538430 661
1538440 663
1538450 663
1538460 665
1538470 666
1538480 666
1538490 667
1538500 668
1538510 668
1538520 670
1538530 674
1538540 674
1538550 679
1538560 683
1538570 683
1538580 685
1538590 687
1538600 687
1538610 689
1538620 690
1538630 690
1538640 691
1538650 692
1538660 692
1538670 693
1538680 695
1538690 695
1538700 697
1538710 698
1538720 698
1538730 700
1538740 701
1538750 702
1538760 702
1538770 703
1538780 704
1538790 704
1538800 705
1538810 706
1538820 706
1538830 706
1538840 706
1538850 706
1538860 706
1538870 705
1538880 705
1538890 703
1538900 701
1538910 701
1538920 701
1538930 704
1538940 704
1538950 706
1538960 709
1538970 709
1538980 713
1538990 716
1539000 716
1539010 719
1539020 721
1539030 721
1539040 725
1539050 729
1539060 729
1539070 732
1539080 735
1539090 735
1539100 739
1539110 743
1539120 743
1539130 746
1539140 750
1539150 750
1539160 754
1539170 758
1539180 758
1539190 762
1539200 766
1539210 766
1539220 770
1539230 776
1539240 776
1539250 782
1539260 788
1539270 788
1539280 794
1539290 801
1539300 801
1539310 808
1539320 816
1539330 816
1539340 824
1539350 834
1539360 834
1539370 846
1539380 853
1539390 856
1539400 856
1539410 855
1539420 854
1539430 854
1539440 852
1539450 848
1539460 848
1539470 844
1539480 840
1539490 840
1539500 834
1539510 827
1539520 827
1539530 823
1539540 819
1539550 819
1539560 817
1539570 817
1539580 817
1539590 816
1539600 814
1539610 814
1539620 813
1539630 815
1539640 815
1539650 817
1539660 818
1539670 818
1539680 819
1539690 818
1539700 818
1539710 818
1539720 819
1539730 819
1539740 818
1539750 819
1539760 819
1539770 822
1539780 823
1539790 823
1539800 824
1539810 825
1539820 825
1539830 826
1539840 826
1539850 826
1539860 827
1539870 826
1539880 826
1539890 824
1539900 820
1539910 820
1539920 817
1539930 817
1539940 817
1539950 820
1539960 820
1539970 820
1539980 821
1539990 823
