1520000 804
1520010 804
1520020 804
1520030 805
1520040 805
1520050 805
1520060 805
1520070 805
1520080 805
1520090 805
1520100 805
1520110 805
1520120 804
1520130 804
1520140 804
1520150 803
1520160 803
1520170 802
1520180 802
1520190 802
1520200 801
1520210 800
1520220 800
1520230 799
1520240 798
1520250 798
1520260 797
1520270 797
1520280 797
1520290 796
1520300 795
1520310 795
1520320 794
1520330 793
1520340 793
1520350 793
1520360 792
1520370 792
1520380 792
1520390 792
1520400 791
1520410 791
1520420 791
1520430 790
1520440 790
1520450 790
1520460 789
1520470 789
1520480 788
1520490 787
1520500 787
1520510 786
1520520 785
1520530 785
1520540 784
1520550 784
1520560 784
1520570 783
1520580 782
1520590 782
1520600 781
1520610 778
1520620 778
1520630 776
1520640 774
1520650 774
1520660 771
1520670 767
1520680 767
1520690 762
1520700 757
1520710 757
1520720 755
1520730 752
1520740 752
1520750 750
1520760 748
1520770 748
1520780 744
1520790 740
1520800 740
1520810 736
1520820 732
1520830 732
1520840 728
1520850 725
1520860 725
1520870 722
1520880 719
1520890 719
1520900 715
1520910 712
1520920 712
1520930 709
1520940 707
1520950 707
1520960 704
1520970 700
1520980 700
1520990 697
1521000 694
1521010 694
1521020 690
1521030 687
1521040 683
1521050 683
1521060 681
1521070 678
1521080 678
1521090 675
1521100 672
1521110 672
1521120 671
1521130 671
1521140 671
1521150 671
1521160 669
1521170 669
1521180 668
1521190 665
1521200 665
1521210 659
1521220 653
1521230 653
1521240 648
1521250 647
1521260 647
1521270 647
1521280 648
1521290 648
1521300 652
1521310 656
1521320 656
1521330 660
1521340 664
1521350 664
1521360 667
1521370 671
1521380 671
1521390 674
1521400 677
1521410 677
1521420 679
1521430 682
1521440 682
1521450 685
1521460 686
1521470 686
1521480 689
1521490 692
1521500 692
1521510 694
1521520 696
1521530 696
1521540 699
1521550 701
1521560 701
1521570 703
1521580 705
1521590 705
1521600 707
1521610 709
1521620 709
1521630 710
1521640 711
1521650 711
1521660 713
1521670 714
1521680 715
1521690 715
1521700 716
1521710 717
1521720 717
1521730 717
1521740 717
1521750 717
1521760 718
1521770 718
1521780 718
1521790 718
1521800 718
1521810 718
1521820 718
1521830 717
1521840 717
1521850 716
1521860 716
1521870 716
1521880 715
1521890 718
1521900 718
1521910 717
1521920 717
1521930 717
1521940 716
1521950 715
1521960 715
1521970 714
1521980 713
1521990 713
1522000 713
1522010 712
1522020 712
1522030 711
1522040 710
1522050 710
1522060 709
1522070 707
1522080 707
1522090 706
1522100 704
1522110 704
1522120 703
1522130 702
1522140 702
1522150 700
1522160 699
1522170 699
1522180 698
1522190 697
1522200 697
1522210 696
1522220 694
1522230 694
1522240 693
1522250 692
1522260 692
1522270 690
1522280 688
1522290 688
1522300 686
1522310 681
1522320 677
1522330 677
1522340 672
1522350 668
1522360 668
1522370 665
1522380 662
1522390 662
1522400 660
1522410 658
1522420 658
1522430 655
1522440 653
1522450 653
1522460 656
1522470 661
1522480 661
1522490 665
1522500 667
1522510 667
1522520 667
1522530 668
1522540 668
1522550 668
1522560 668
1522570 668
1522580 669
1522590 669
1522600 669
1522610 669
1522620 669
1522630 669
1522640 669
1522650 669
1522660 669
1522670 668
1522680 667
1522690 667
1522700 666
1522710 666
1522720 666
1522730 665
1522740 664
1522750 664
1522760 663
1522770 662
1522780 662
1522790 661
1522800 660
1522810 660
1522820 660
1522830 659
1522840 659
1522850 658
1522860 656
1522870 656
1522880 654
1522890 649
1522900 649
1522910 644
1522920 646
1522930 648
1522940 648
1522950 649
1522960 648
1522970 648
1522980 649
1522990 649
1523000 649
1523010 648
1523020 648
1523030 648
1523040 647
1523050 646
1523060 646
1523070 646
1523080 646
1523090 646
1523100 645
1523110 645
1523120 645
1523130 644
1523140 644
1523150 644
1523160 643
1523170 643
1523180 643
1523190 643
1523200 642
1523210 642
1523220 642
1523230 641
1523240 641
1523250 640
1523260 640
1523270 640
1523280 639
1523290 638
1523300 638
1523310 637
1523320 636
1523330 636
1523340 634
1523350 633
1523360 633
1523370 631
1523380 630
1523390 630
1523400 628
1523410 626
1523420 626
1523430 623
1523440 619
1523450 619
1523460 617
1523470 615
1523480 615
1523490 612
1523500 610
1523510 610
1523520 608
1523530 606
1523540 606
1523550 604
1523560 603
1523570 602
1523580 602
1523590 600
1523600 598
1523610 598
1523620 596
1523630 595
1523640 595
1523650 592
1523660 591
1523670 591
1523680 591
1523690 590
1523700 590
1523710 589
1523720 587
1523730 587
1523740 587
1523750 585
1523760 585
1523770 583
1523780 583
1523790 583
1523800 582
1523810 582
1523820 582
1523830 582
1523840 580
1523850 580
1523860 580
1523870 579
1523880 579
1523890 579
1523900 579
1523910 579
1523920 578
1523930 577
1523940 577
1523950 577
1523960 576
1523970 576
1523980 576
1523990 575
1524000 575
1524010 575
1524020 575
1524030 575
1524040 574
1524050 574
1524060 574
1524070 574
1524080 574
1524090 574
1524100 574
1524110 573
1524120 573
1524130 572
1524140 571
1524150 571
1524160 572
1524170 572
1524180 572
1524190 572
1524200 572
1524210 573
1524220 573
1524230 573
1524240 574
1524250 574
1524260 575
1524270 577
1524280 577
1524290 581
1524300 583
1524310 583
1524320 587
1524330 588
1524340 588
1524350 586
1524360 583
1524370 583
1524380 579
1524390 579
1524400 579
1524410 581
1524420 583
1524430 583
1524440 586
1524450 589
1524460 589
1524470 592
1524480 594
1524490 594
1524500 596
1524510 598
1524520 598
1524530 601
1524540 602
1524550 602
1524560 604
1524570 605
1524580 605
1524590 606
1524600 607
1524610 607
1524620 607
1524630 607
1524640 607
1524650 607
1524660 607
1524670 607
1524680 607
1524690 607
1524700 607
1524710 606
1524720 605
1524730 605
1524740 605
1524750 604
1524760 604
1524770 602
1524780 596
1524790 596
1524800 592
1524810 590
1524820 590
1524830 591
1524840 593
1524850 596
1524860 596
1524870 599
1524880 602
1524890 602
1524900 605
1524910 607
1524920 607
1524930 610
1524940 612
1524950 612
1524960 614
1524970 616
1524980 616
1524990 618
1525000 620
1525010 620
1525020 622
1525030 623
1525040 623
1525050 623
1525060 621
1525070 621
1525080 622
1525090 623
1525100 623
1525110 624
1525120 625
1525130 625
1525140 625
1525150 625
1525160 625
1525170 625
1525180 625
1525190 623
1525200 623
1525210 622
1525220 622
1525230 621
1525240 619
1525250 619
1525260 616
1525270 618
1525280 618
1525290 624
1525300 629
1525310 629
1525320 633
1525330 636
1525340 636
1525350 640
1525360 643
1525370 643
1525380 647
1525390 650
1525400 650
1525410 653
1525420 656
1525430 656
1525440 660
1525450 663
1525460 666
1525470 666
1525480 670
1525490 673
1525500 673
1525510 676
1525520 680
1525530 680
1525540 683
1525550 686
1525560 686
1525570 690
1525580 694
1525590 694
1525600 698
1525610 703
1525620 703
1525630 707
1525640 711
1525650 711
1525660 715
1525670 719
1525680 719
1525690 723
1525700 727
1525710 727
1525720 731
1525730 735
1525740 735
1525750 739
1525760 743
1525770 743
1525780 747
1525790 751
1525800 751
1525810 755
1525820 758
1525830 758
1525840 762
1525850 765
1525860 765
1525870 769
1525880 772
1525890 772
1525900 776
1525910 779
1525920 779
1525930 782
1525940 785
1525950 785
1525960 788
1525970 791
1525980 791
1525990 795
1526000 798
1526010 798
1526020 801
1526030 803
1526040 803
1526050 806
1526060 808
1526070 808
1526080 809
1526090 811
1526100 812
1526110 812
1526120 815
1526130 816
1526140 816
1526150 819
1526160 821
1526170 821
1526180 824
1526190 827
1526200 827
1526210 830
1526220 833
1526230 833
1526240 836
1526250 839
1526260 839
1526270 841
1526280 844
1526290 844
1526300 847
1526310 850
1526320 850
1526330 854
1526340 858
1526350 858
1526360 862
1526370 866
1526380 866
1526390 870
1526400 874
1526410 874
1526420 876
1526430 880
1526440 880
1526450 883
1526460 886
1526470 886
1526480 889
1526490 891
1526500 891
1526510 894
1526520 896
1526530 896
1526540 899
1526550 901
1526560 901
1526570 904
1526580 906
1526590 906
1526600 909
1526610 911
1526620 911
1526630 913
1526640 914
1526650 914
1526660 916
1526670 917
1526680 917
1526690 919
1526700 920
1526710 920
1526720 921
1526730 923
1526740 925
1526750 925
1526760 927
1526770 929
1526780 929
1526790 930
1526800 932
1526810 932
1526820 934
1526830 935
1526840 935
1526850 936
1526860 938
1526870 938
1526880 939
1526890 941
1526900 941
1526910 943
1526920 944
1526930 944
1526940 946
1526950 947
1526960 947
1526970 948
1526980 949
1526990 949
1527000 950
1527010 951
1527020 951
1527030 952
1527040 953
1527050 953
1527060 953
1527070 953
1527080 953
1527090 953
1527100 953
1527110 953
1527120 952
1527130 951
1527140 951
1527150 950
1527160 949
1527170 949
1527180 948
1527190 946
1527200 946
1527210 945
1527220 943
1527230 943
1527240 941
1527250 939
1527260 939
1527270 937
1527280 935
1527290 935
1527300 933
1527310 932
1527320 932
1527330 930
1527340 928
1527350 928
1527360 926
1527370 925
1527380 923
1527390 923
1527400 921
1527410 920
1527420 920
1527430 919
1527440 918
1527450 918
1527460 916
1527470 915
1527480 915
1527490 914
1527500 912
1527510 912
1527520 910
1527530 909
1527540 909
1527550 907
1527560 905
1527570 905
1527580 904
1527590 902
1527600 902
1527610 900
1527620 898
1527630 898
1527640 896
1527650 894
1527660 894
1527670 892
1527680 891
1527690 891
1527700 888
1527710 887
1527720 887
1527730 885
1527740 884
1527750 884
1527760 883
1527770 882
1527780 882
1527790 881
1527800 880
1527810 880
1527820 879
1527830 878
1527840 878
1527850 877
1527860 877
1527870 877
1527880 876
1527890 875
1527900 875
1527910 875
1527920 875
1527930 875
1527940 874
1527950 873
1527960 873
1527970 873
1527980 872
1527990 872
1528000 871
1528010 870
1528020 868
1528030 868
1528040 867
1528050 865
1528060 865
1528070 863
1528080 861
1528090 861
1528100 859
1528110 857
1528120 857
1528130 854
1528140 852
1528150 852
1528160 849
1528170 847
1528180 847
1528190 845
1528200 842
1528210 842
1528220 839
1528230 837
1528240 839
1528250 837
1528260 834
1528270 834
1528280 832
1528290 829
1528300 829
1528310 826
1528320 823
1528330 823
1528340 821
1528350 818
1528360 818
1528370 816
1528380 813
1528390 813
1528400 810
1528410 807
1528420 807
1528430 804
1528440 800
1528450 800
1528460 795
1528470 789
1528480 789
1528490 785
1528500 781
1528510 781
1528520 778
1528530 774
1528540 774
1528550 771
1528560 768
1528570 768
1528580 765
1528590 761
1528600 761
1528610 757
1528620 754
1528630 750
1528640 750
1528650 748
1528660 747
1528670 747
1528680 745
1528690 743
1528700 743
1528710 740
1528720 738
1528730 738
1528740 735
1528750 733
1528760 733
1528770 730
1528780 727
1528790 727
1528800 724
1528810 720
1528820 720
1528830 717
1528840 713
1528850 713
1528860 709
1528870 703
1528880 703
1528890 699
1528900 696
1528910 696
1528920 693
1528930 690
1528940 690
1528950 686
1528960 683
1528970 683
1528980 679
1528990 674
1529000 674
1529010 668
1529020 664
1529030 664
1529040 660
1529050 656
1529060 656
1529070 652
1529080 648
1529090 648
1529100 642
1529110 637
1529120 637
1529130 631
1529140 624
1529150 624
1529160 618
1529170 610
1529180 610
1529190 602
1529200 595
1529210 595
1529220 590
1529230 587
1529240 587
1529250 585
1529260 583
1529270 583
1529280 583
1529290 582
1529300 581
1529310 581
1529320 581
1529330 581
1529340 581
1529350 581
1529360 582
1529370 582
1529380 583
1529390 584
1529400 584
1529410 585
1529420 585
1529430 585
1529440 584
1529450 583
1529460 583
1529470 582
1529480 581
1529490 581
1529500 580
1529510 578
1529520 578
1529530 576
1529540 575
1529550 575
1529560 574
1529570 572
1529580 572
1529590 571
1529600 570
1529610 570
1529620 569
1529630 567
1529640 567
1529650 566
1529660 565
1529670 565
1529680 565
1529690 564
1529700 564
1529710 564
1529720 564
1529730 564
1529740 564
1529750 563
1529760 563
1529770 563
1529780 563
1529790 563
1529800 562
1529810 562
1529820 562
1529830 561
1529840 560
1529850 560
1529860 559
1529870 558
1529880 558
1529890 557
1529900 555
1529910 555
1529920 555
1529930 554
1529940 553
1529950 553
1529960 552
1529970 552
1529980 552
1529990 552
1530000 552
1530010 552
1530020 551
1530030 551
1530040 551
1530050 550
1530060 550
1530070 550
1530080 549
1530090 549
1530100 549
1530110 549
1530120 549
1530130 549
1530140 548
1530150 548
1530160 548
1530170 548
1530180 547
1530190 547
1530200 547
1530210 546
1530220 546
1530230 546
1530240 545
1530250 545
1530260 545
1530270 544
1530280 544
1530290 544
1530300 543
1530310 543
1530320 542
1530330 541
1530340 541
1530350 539
1530360 538
1530370 538
1530380 536
1530390 534
1530400 534
1530410 532
1530420 529
1530430 529
1530440 527
1530450 525
1530460 525
1530470 524
1530480 523
1530490 523
1530500 522
1530510 522
1530520 522
1530530 521
1530540 520
1530550 519
1530560 519
1530570 518
1530580 517
1530590 517
1530600 516
1530610 515
1530620 515
1530630 514
1530640 513
1530650 513
1530660 512
1530670 512
1530680 512
1530690 511
1530700 511
1530710 511
1530720 510
1530730 510
1530740 510
1530750 509
1530760 508
1530770 508
1530780 508
1530790 507
1530800 507
1530810 506
1530820 506
1530830 506
1530840 505
1530850 504
1530860 504
1530870 503
1530880 503
1530890 503
1530900 502
1530910 501
1530920 501
1530930 500
1530940 499
1530950 499
1530960 499
1530970 498
1530980 498
1530990 498
1531000 497
1531010 497
1531020 497
1531030 497
1531040 497
1531050 496
1531060 495
1531070 495
1531080 495
1531090 494
1531100 493
1531110 493
1531120 492
1531130 492
1531140 491
1531150 490
1531160 490
1531170 490
1531180 489
1531190 488
1531200 488
1531210 487
1531220 486
1531230 486
1531240 485
1531250 485
1531260 485
1531270 484
1531280 484
1531290 484
1531300 483
1531310 483
1531320 483
1531330 483
1531340 482
1531350 482
1531360 482
1531370 482
1531380 482
1531390 481
1531400 481
1531410 481
1531420 480
1531430 480
1531440 480
1531450 480
1531460 479
1531470 479
1531480 479
1531490 479
1531500 479
1531510 478
1531520 478
1531530 478
1531540 477
1531550 477
1531560 477
1531570 476
1531580 476
1531590 476
1531600 475
1531610 475
1531620 475
1531630 475
1531640 474
1531650 474
1531660 474
1531670 474
1531680 474
1531690 473
1531700 473
1531710 473
1531720 473
1531730 472
1531740 472
1531750 472
1531760 472
1531770 472
1531780 471
1531790 471
1531800 471
1531810 471
1531820 470
1531830 470
1531840 470
1531850 470
1531860 470
1531870 470
1531880 470
1531890 469
1531900 469
1531910 469
1531920 469
1531930 469
1531940 469
1531950 469
1531960 469
1531970 469
1531980 468
1531990 468
1532000 468
1532010 468
1532020 468
1532030 468
1532040 467
1532050 467
1532060 467
1532070 466
1532080 466
1532090 466
1532100 466
1532110 466
1532120 466
1532130 466
1532140 466
1532150 466
1532160 466
1532170 466
1532180 466
1532190 466
1532200 466
1532210 465
1532220 465
1532230 465
1532240 465
1532250 465
1532260 465
1532270 465
1532280 465
1532290 465
1532300 464
1532310 464
1532320 464
1532330 464
1532340 464
1532350 464
1532360 464
1532370 464
1532380 464
1532390 463
1532400 463
1532410 463
1532420 463
1532430 463
1532440 462
1532450 462
1532460 462
1532470 462
1532480 462
1532490 462
1532500 461
1532510 461
1532520 461
1532530 461
1532540 461
1532550 461
1532560 461
1532570 461
1532580 460
1532590 460
1532600 460
1532610 460
1532620 460
1532630 460
1532640 459
1532650 459
1532660 459
1532670 459
1532680 459
1532690 459
1532700 458
1532710 458
1532720 458
1532730 458
1532740 458
1532750 458
1532760 458
1532770 458
1532780 458
1532790 458
1532800 458
1532810 458
1532820 458
1532830 457
1532840 457
1532850 457
1532860 457
1532870 457
1532880 457
1532890 457
1532900 457
1532910 457
1532920 456
1532930 456
1532940 456
1532950 456
1532960 456
1532970 456
1532980 455
1532990 455
1533000 455
1533010 455
1533020 455
1533030 455
1533040 455
1533050 455
1533060 454
1533070 454
1533080 454
1533090 454
1533100 454
1533110 454
1533120 454
1533130 453
1533140 453
1533150 453
1533160 453
1533170 453
1533180 453
1533190 452
1533200 452
1533210 452
1533220 452
1533230 452
1533240 452
1533250 452
1533260 451
1533270 451
1533280 451
1533290 451
1533300 451
1533310 451
1533320 450
1533330 450
1533340 450
1533350 450
1533360 450
1533370 450
1533380 449
1533390 449
1533400 449
1533410 449
1533420 449
1533430 449
1533440 448
1533450 448
1533460 447
1533470 445
1533480 445
1533490 443
1533500 441
1533510 441
1533520 441
1533530 440
1533540 440
1533550 439
1533560 438
1533570 438
1533580 438
1533590 437
1533600 437
1533610 436
1533620 436
1533630 436
1533640 435
1533650 435
1533660 435
1533670 435
1533680 433
1533690 433
1533700 433
1533710 430
1533720 428
1533730 428
1533740 426
1533750 424
1533760 424
1533770 424
1533780 424
1533790 423
1533800 422
1533810 421
1533820 421
1533830 422
1533840 422
1533850 422
1533860 422
1533870 422
1533880 422
1533890 422
1533900 422
1533910 422
1533920 422
1533930 422
1533940 422
1533950 422
1533960 422
1533970 422
1533980 422
1533990 422
1534000 422
1534010 422
1534020 422
1534030 422
1534040 422
1534050 422
1534060 422
1534070 422
1534080 422
1534090 422
1534100 422
1534110 422
1534120 422
1534130 422
1534140 422
1534150 422
1534160 422
1534170 422
1534180 422
1534190 422
1534200 422
1534210 422
1534220 422
1534230 422
1534240 422
1534250 422
1534260 422
1534270 422
1534280 422
1534290 422
1534300 422
1534310 422
1534320 422
1534330 422
1534340 422
1534350 422
1534360 422
1534370 422
1534380 422
1534390 422
1534400 422
1534410 422
1534420 422
1534430 422
1534440 422
1534450 422
1534460 422
1534470 422
1534480 422
1534490 422
1534500 422
1534510 422
1534520 422
1534530 422
1534540 422
1534550 422
1534560 422
1534570 422
1534580 422
1534590 422
1534600 422
1534610 422
1534620 422
1534630 422
1534640 422
1534650 422
1534660 422
1534670 422
1534680 422
1534690 422
1534700 422
1534710 422
1534720 422
1534730 422
1534740 422
1534750 422
1534760 422
1534770 422
1534780 422
1534790 422
1534800 422
1534810 422
1534820 422
1534830 422
1534840 422
1534850 422
1534860 422
1534870 422
1534880 422
1534890 422
1534900 422
1534910 422
1534920 422
1534930 422
1534940 422
1534950 422
1534960 422
1534970 422
1534980 422
1534990 422
1535000 422
1535010 422
1535020 422
1535030 422
1535040 422
1535050 422
1535060 422
1535070 422
1535080 422
1535090 422
1535100 422
1535110 422
1535120 422
1535130 422
1535140 422
1535150 422
1535160 422
1535170 422
1535180 422
1535190 422
1535200 422
1535210 422
1535220 422
1535230 422
1535240 422
1535250 422
1535260 422
1535270 422
1535280 422
1535290 422
1535300 422
1535310 422
1535320 422
1535330 422
1535340 422
1535350 422
1535360 422
1535370 422
1535380 422
1535390 422
1535400 422
1535410 422
1535420 422
1535430 422
1535440 422
1535450 422
1535460 422
1535470 422
1535480 422
1535490 422
1535500 422
1535510 422
1535520 422
1535530 422
1535540 422
1535550 422
1535560 422
1535570 422
1535580 422
1535590 422
1535600 422
1535610 422
1535620 422
1535630 422
1535640 422
1535650 422
1535660 422
1535670 422
1535680 422
1535690 422
1535700 422
1535710 422
1535720 422
1535730 422
1535740 422
1535750 422
1535760 422
1535770 422
1535780 422
1535790 422
1535800 422
1535810 422
1535820 422
1535830 422
1535840 422
1535850 422
1535860 422
1535870 422
1535880 422
1535890 422
1535900 422
1535910 422
1535920 422
1535930 422
1535940 422
1535950 422
1535960 422
1535970 422
1535980 422
1535990 422
1536000 422
1536010 422
1536020 422
1536030 422
1536040 422
1536050 422
1536060 422
1536070 422
1536080 422
1536090 422
1536100 422
1536110 422
1536120 422
1536130 422
1536140 422
1536150 422
1536160 422
1536170 422
1536180 422
1536190 422
1536200 422
1536210 422
1536220 422
1536230 422
1536240 422
1536250 422
1536260 422
1536270 422
1536280 422
1536290 422
1536300 422
1536310 422
1536320 422
1536330 422
1536340 422
1536350 422
1536360 422
1536370 422
1536380 422
1536390 422
1536400 422
1536410 422
1536420 422
1536430 422
1536440 422
1536450 422
1536460 422
1536470 422
1536480 422
1536490 422
1536500 422
1536510 422
1536520 422
1536530 422
1536540 422
1536550 422
1536560 422
1536570 422
1536580 422
1536590 422
1536600 422
1536610 422
1536620 422
1536630 422
1536640 422
1536650 422
1536660 422
1536670 422
1536680 422
1536690 422
1536700 422
1536710 422
1536720 422
1536730 422
1536740 422
1536750 422
1536760 422
1536770 422
1536780 422
1536790 422
1536800 422
1536810 422
1536820 422
1536830 422
1536840 422
1536850 422
1536860 422
1536870 422
1536880 422
1536890 422
1536900 422
1536910 422
1536920 422
1536930 422
1536940 422
1536950 422
1536960 422
1536970 422
1536980 422
1536990 422
1537000 422
1537010 422
1537020 422
1537030 422
1537040 422
1537050 422
1537060 422
1537070 422
1537080 422
1537090 422
1537100 422
1537110 422
1537120 422
1537130 422
1537140 422
1537150 422
1537160 422
1537170 422
1537180 422
1537190 422
1537200 422
1537210 422
1537220 422
1537230 422
1537240 422
1537250 422
1537260 422
1537270 422
1537280 422
1537290 422
1537300 422
1537310 422
1537320 422
1537330 422
1537340 422
1537350 422
1537360 422
1537370 422
1537380 422
1537390 422
1537400 422
1537410 422
1537420 422
1537430 422
1537440 422
1537450 422
1537460 422
1537470 422
1537480 422
1537490 422
1537500 422
1537510 422
1537520 422
1537530 422
1537540 422
1537550 422
1537560 422
1537570 422
1537580 422
1537590 422
1537600 422
1537610 422
1537620 422
1537630 422
1537640 422
1537650 422
1537660 422
1537670 422
1537680 422
1537690 422
1537700 422
1537710 422
1537720 422
1537730 422
1537740 422
1537750 422
1537760 422
1537770 422
1537780 422
1537790 422
1537800 422
1537810 422
1537820 422
1537830 422
1537840 422
1537850 423
1537860 426
1537870 426
1537880 434
1537890 447
1537900 447
1537910 459
1537920 467
1537930 467
1537940 476
1537950 484
1537960 484
1537970 491
1537980 497
1537990 497
1538000 504
1538010 521
1538020 521
1538030 533
1538040 543
1538050 543
1538060 553
1538070 562
1538080 562
1538090 572
1538100 582
1538110 582
1538120 596
1538130 608
1538140 615
1538150 615
1538160 625
1538170 636
1538180 636
1538190 645
1538200 652
1538210 652
1538220 659
1538230 665
1538240 665
1538250 679
1538260 708
1538270 708
1538280 730
1538290 754
1538300 754
1538310 787
1538320 814
1538330 814
1538340 841
1538350 870
1538360 870
1538370 887
1538380 898
1538390 898
1538400 907
1538410 914
1538420 914
1538430 920
1538440 922
1538450 922
1538460 917
1538470 911
1538480 911
1538490 903
1538500 897
1538510 897
1538520 900
1538530 909
1538540 909
1538550 919
1538560 922
1538570 922
1538580 925
1538590 929
1538600 929
1538610 927
1538620 926
1538630 926
1538640 933
1538650 939
1538660 939
1538670 946
1538680 954
1538690 954
1538700 960
1538710 966
1538720 966
1538730 973
1538740 978
1538750 978
1538760 984
1538770 995
1538780 1001
1538790 1001
1538800 1008
1538810 1015
1538820 1015
1538830 1022
1538840 1028
1538850 1028
1538860 1036
1538870 1043
1538880 1043
1538890 1051
1538900 1059
1538910 1059
1538920 1067
1538930 1075
1538940 1075
1538950 1082
1538960 1091
1538970 1091
1538980 1097
1538990 1098
1539000 1098
1539010 1093
1539020 1084
1539030 1084
1539040 1074
1539050 1065
1539060 1065
1539070 1057
1539080 1050
1539090 1050
1539100 1045
1539110 1038
1539120 1038
1539130 1028
1539140 1019
1539150 1019
1539160 1013
1539170 1007
1539180 1007
1539190 1002
1539200 1000
1539210 1000
1539220 997
1539230 995
1539240 995
1539250 992
1539260 993
1539270 993
1539280 996
1539290 1002
1539300 1002
1539310 1000
1539320 993
1539330 993
1539340 989
1539350 986
1539360 986
1539370 985
1539380 985
1539390 985
1539400 987
1539410 989
1539420 988
1539430 988
1539440 983
1539450 974
1539460 974
1539470 962
1539480 942
1539490 942
1539500 932
1539510 929
1539520 929
1539530 925
1539540 925
1539550 925
1539560 927
1539570 927
1539580 927
1539590 917
1539600 886
1539610 886
1539620 861
1539630 852
1539640 852
1539650 850
1539660 849
1539670 849
1539680 848
1539690 847
1539700 847
1539710 848
1539720 856
1539730 856
1539740 864
1539750 867
1539760 867
1539770 870
1539780 875
1539790 875
1539800 878
1539810 881
1539820 881
1539830 878
1539840 865
1539850 865
1539860 851
1539870 844
1539880 844
1539890 842
1539900 850
1539910 850
1539920 862
1539930 878
1539940 878
1539950 891
1539960 898
1539970 898
1539980 897
1539990 894
