1520000 860
1520010 860
1520020 863
1520030 866
1520040 866
1520050 869
1520060 872
1520070 872
1520080 874
1520090 877
1520100 877
1520110 879
1520120 880
1520130 880
1520140 882
1520150 883
1520160 883
1520170 883
1520180 884
1520190 884
1520200 885
1520210 885
1520220 885
1520230 885
1520240 886
1520250 886
1520260 886
1520270 886
1520280 885
1520290 885
1520300 885
1520310 884
1520320 884
1520330 884
1520340 884
1520350 884
1520360 884
1520370 885
1520380 885
1520390 885
1520400 886
1520410 886
1520420 887
1520430 888
1520440 888
1520450 888
1520460 889
1520470 889
1520480 890
1520490 890
1520500 890
1520510 890
1520520 893
1520530 893
1520540 894
1520550 895
1520560 895
1520570 895
1520580 896
1520590 896
1520600 896
1520610 896
1520620 896
1520630 896
1520640 896
1520650 896
1520660 896
1520670 895
1520680 895
1520690 895
1520700 894
1520710 894
1520720 893
1520730 892
1520740 892
1520750 890
1520760 888
1520770 888
1520780 886
1520790 884
1520800 884
1520810 880
1520820 875
1520830 875
1520840 868
1520850 864
1520860 864
1520870 860
1520880 857
1520890 857
1520900 853
1520910 849
1520920 849
1520930 848
1520940 846
1520950 843
1520960 843
1520970 840
1520980 838
1520990 838
1521000 837
1521010 835
1521020 835
1521030 831
1521040 829
1521050 829
1521060 826
1521070 823
1521080 823
1521090 820
1521100 817
1521110 817
1521120 815
1521130 813
1521140 813
1521150 810
1521160 808
1521170 808
1521180 807
1521190 805
1521200 805
1521210 803
1521220 800
1521230 800
1521240 798
1521250 795
1521260 795
1521270 793
1521280 791
1521290 791
1521300 788
1521310 786
1521320 786
1521330 783
1521340 781
1521350 781
1521360 778
1521370 776
1521380 776
1521390 773
1521400 770
1521410 770
1521420 766
1521430 760
1521440 760
1521450 755
1521460 750
1521470 750
1521480 744
1521490 739
1521500 739
1521510 736
1521520 734
1521530 734
1521540 732
1521550 729
1521560 729
1521570 726
1521580 724
1521590 724
1521600 721
1521610 718
1521620 716
1521630 716
1521640 716
1521650 716
1521660 716
1521670 717
1521680 718
1521690 718
1521700 717
1521710 716
1521720 716
1521730 714
1521740 713
1521750 713
1521760 712
1521770 712
1521780 712
1521790 713
1521800 715
1521810 715
1521820 715
1521830 716
1521840 716
1521850 715
1521860 714
1521870 714
1521880 712
1521890 710
1521900 710
1521910 705
1521920 700
1521930 700
1521940 693
1521950 688
1521960 688
1521970 683
1521980 678
1521990 678
1522000 670
1522010 664
1522020 664
1522030 659
1522040 657
1522050 657
1522060 659
1522070 664
1522080 664
1522090 669
1522100 674
1522110 674
1522120 678
1522130 683
1522140 683
1522150 687
1522160 690
1522170 690
1522180 694
1522190 697
1522200 697
1522210 702
1522220 705
1522230 705
1522240 709
1522250 712
1522260 712
1522270 715
1522280 718
1522290 721
1522300 721
1522310 724
1522320 727
1522330 727
1522340 730
1522350 733
1522360 733
1522370 735
1522380 737
1522390 737
1522400 740
1522410 743
1522420 743
1522430 746
1522440 750
1522450 750
1522460 753
1522470 756
1522480 756
1522490 759
1522500 762
1522510 762
1522520 765
1522530 768
1522540 768
1522550 771
1522560 773
1522570 773
1522580 776
1522590 778
1522600 778
1522610 781
1522620 783
1522630 783
1522640 785
1522650 787
1522660 787
1522670 788
1522680 790
1522690 790
1522700 791
1522710 793
1522720 793
1522730 794
1522740 795
1522750 795
1522760 796
1522770 797
1522780 797
1522790 797
1522800 797
1522810 797
1522820 797
1522830 797
1522840 797
1522850 797
1522860 796
1522870 796
1522880 795
1522890 795
1522900 795
1522910 793
1522920 792
1522930 792
1522940 791
1522950 789
1522960 788
1522970 788
1522980 786
1522990 784
1523000 784
1523010 781
1523020 778
1523030 778
1523040 777
1523050 777
1523060 777
1523070 776
1523080 774
1523090 774
1523100 771
1523110 771
1523120 771
1523130 771
1523140 770
1523150 770
1523160 769
1523170 769
1523180 769
1523190 769
1523200 768
1523210 768
1523220 767
1523230 766
1523240 766
1523250 764
1523260 763
1523270 763
1523280 761
1523290 758
1523300 758
1523310 753
1523320 747
1523330 747
1523340 742
1523350 739
1523360 739
1523370 737
1523380 735
1523390 735
1523400 733
1523410 730
1523420 730
1523430 727
1523440 724
1523450 724
1523460 721
1523470 718
1523480 718
1523490 713
1523500 709
1523510 709
1523520 704
1523530 699
1523540 699
1523550 694
1523560 689
1523570 689
1523580 683
1523590 678
1523600 678
1523610 675
1523620 677
1523630 681
1523640 681
1523650 682
1523660 683
1523670 683
1523680 683
1523690 682
1523700 682
1523710 681
1523720 677
1523730 677
1523740 672
1523750 675
1523760 675
1523770 679
1523780 681
1523790 681
1523800 683
1523810 684
1523820 684
1523830 685
1523840 686
1523850 686
1523860 686
1523870 687
1523880 687
1523890 689
1523900 690
1523910 690
1523920 692
1523930 693
1523940 689
1523950 690
1523960 691
1523970 691
1523980 692
1523990 693
1524000 693
1524010 694
1524020 695
1524030 695
1524040 697
1524050 698
1524060 698
1524070 696
1524080 692
1524090 692
1524100 686
1524110 686
1524120 686
1524130 691
1524140 696
1524150 696
1524160 699
1524170 703
1524180 703
1524190 706
1524200 709
1524210 709
1524220 712
1524230 714
1524240 714
1524250 717
1524260 718
1524270 718
1524280 719
1524290 720
1524300 720
1524310 720
1524320 720
1524330 720
1524340 720
1524350 717
1524360 712
1524370 712
1524380 706
1524390 700
1524400 700
1524410 694
1524420 688
1524430 688
1524440 681
1524450 675
1524460 675
1524470 676
1524480 680
1524490 680
1524500 684
1524510 686
1524520 686
1524530 689
1524540 692
1524550 692
1524560 695
1524570 698
1524580 698
1524590 702
1524600 706
1524610 706
1524620 709
1524630 713
1524640 713
1524650 717
1524660 721
1524670 721
1524680 724
1524690 728
1524700 728
1524710 731
1524720 734
1524730 734
1524740 737
1524750 740
1524760 740
1524770 742
1524780 744
1524790 744
1524800 746
1524810 748
1524820 748
1524830 751
1524840 753
1524850 753
1524860 755
1524870 757
1524880 757
1524890 760
1524900 762
1524910 762
1524920 764
1524930 765
1524940 765
1524950 767
1524960 769
1524970 770
1524980 770
1524990 771
1525000 772
1525010 772
1525020 773
1525030 774
1525040 774
1525050 775
1525060 775
1525070 775
1525080 776
1525090 776
1525100 776
1525110 777
1525120 778
1525130 778
1525140 778
1525150 778
1525160 778
1525170 779
1525180 779
1525190 779
1525200 779
1525210 779
1525220 779
1525230 779
1525240 778
1525250 778
1525260 777
1525270 776
1525280 776
1525290 775
1525300 774
1525310 774
1525320 772
1525330 771
1525340 771
1525350 769
1525360 767
1525370 767
1525380 765
1525390 762
1525400 762
1525410 756
1525420 750
1525430 750
1525440 743
1525450 738
1525460 738
1525470 733
1525480 728
1525490 728
1525500 723
1525510 717
1525520 717
1525530 712
1525540 707
1525550 707
1525560 702
1525570 696
1525580 696
1525590 691
1525600 686
1525610 682
1525620 682
1525630 677
1525640 673
1525650 673
1525660 669
1525670 664
1525680 664
1525690 659
1525700 655
1525710 655
1525720 650
1525730 645
1525740 645
1525750 641
1525760 636
1525770 636
1525780 633
1525790 628
1525800 628
1525810 625
1525820 624
1525830 624
1525840 621
1525850 619
1525860 619
1525870 618
1525880 615
1525890 615
1525900 613
1525910 610
1525920 610
1525930 608
1525940 606
1525950 606
1525960 603
1525970 601
1525980 601
1525990 599
1526000 598
1526010 598
1526020 596
1526030 594
1526040 594
1526050 592
1526060 590
1526070 590
1526080 588
1526090 586
1526100 586
1526110 583
1526120 581
1526130 581
1526140 580
1526150 580
1526160 580
1526170 579
1526180 578
1526190 578
1526200 577
1526210 576
1526220 576
1526230 575
1526240 574
1526250 574
1526260 572
1526270 571
1526280 570
1526290 570
1526300 568
1526310 566
1526320 566
1526330 565
1526340 563
1526350 563
1526360 561
1526370 556
1526380 556
1526390 550
1526400 541
1526410 541
1526420 539
1526430 538
1526440 538
1526450 536
1526460 537
1526470 537
1526480 537
1526490 538
1526500 538
1526510 538
1526520 538
1526530 538
1526540 540
1526550 546
1526560 546
1526570 552
1526580 559
1526590 559
1526600 564
1526610 569
1526620 569
1526630 572
1526640 574
1526650 574
1526660 575
1526670 577
1526680 577
1526690 578
1526700 579
1526710 579
1526720 580
1526730 581
1526740 581
1526750 583
1526760 584
1526770 584
1526780 585
1526790 587
1526800 587
1526810 588
1526820 589
1526830 589
1526840 590
1526850 592
1526860 592
1526870 593
1526880 595
1526890 595
1526900 596
1526910 598
1526920 598
1526930 599
1526940 601
1526950 602
1526960 602
1526970 603
1526980 605
1526990 605
1527000 607
1527010 610
1527020 610
1527030 612
1527040 614
1527050 614
1527060 617
1527070 619
1527080 619
1527090 620
1527100 622
1527110 622
1527120 625
1527130 627
1527140 627
1527150 630
1527160 632
1527170 632
1527180 635
1527190 638
1527200 638
1527210 640
1527220 642
1527230 642
1527240 644
1527250 645
1527260 645
1527270 647
1527280 649
1527290 649
1527300 651
1527310 652
1527320 652
1527330 653
1527340 653
1527350 653
1527360 654
1527370 654
1527380 654
1527390 655
1527400 655
1527410 655
1527420 655
1527430 656
1527440 656
1527450 656
1527460 656
1527470 656
1527480 655
1527490 654
1527500 654
1527510 653
1527520 652
1527530 652
1527540 649
1527550 646
1527560 646
1527570 643
1527580 642
1527590 642
1527600 642
1527610 642
1527620 642
1527630 642
1527640 644
1527650 644
1527660 644
1527670 645
1527680 647
1527690 647
1527700 647
1527710 648
1527720 648
1527730 649
1527740 650
1527750 650
1527760 651
1527770 652
1527780 652
1527790 653
1527800 654
1527810 654
1527820 655
1527830 656
1527840 656
1527850 656
1527860 657
1527870 657
1527880 658
1527890 658
1527900 658
1527910 658
1527920 658
1527930 658
1527940 658
1527950 656
1527960 656
1527970 652
1527980 649
1527990 649
1528000 647
1528010 644
1528020 644
1528030 643
1528040 642
1528050 642
1528060 640
1528070 638
1528080 638
1528090 642
1528100 647
1528110 647
1528120 652
1528130 656
1528140 656
1528150 661
1528160 664
1528170 664
1528180 667
1528190 670
1528200 670
1528210 672
1528220 674
1528230 674
1528240 676
1528250 678
1528260 678
1528270 679
1528280 680
1528290 681
1528300 681
1528310 682
1528320 682
1528330 682
1528340 683
1528350 683
1528360 683
1528370 683
1528380 682
1528390 682
1528400 682
1528410 681
1528420 681
1528430 679
1528440 677
1528450 677
1528460 674
1528470 672
1528480 672
1528490 669
1528500 666
1528510 666
1528520 663
1528530 660
1528540 660
1528550 658
1528560 656
1528570 656
1528580 654
1528590 652
1528600 652
1528610 651
1528620 650
1528630 650
1528640 653
1528650 657
1528660 657
1528670 661
1528680 665
1528690 665
1528700 670
1528710 674
1528720 674
1528730 679
1528740 684
1528750 684
1528760 688
1528770 693
1528780 693
1528790 696
1528800 699
1528810 699
1528820 702
1528830 704
1528840 704
1528850 705
1528860 707
1528870 707
1528880 708
1528890 709
1528900 709
1528910 709
1528920 710
1528930 710
1528940 711
1528950 711
1528960 712
1528970 712
1528980 712
1528990 712
1529000 712
1529010 713
1529020 713
1529030 713
1529040 714
1529050 714
1529060 714
1529070 715
1529080 716
1529090 716
1529100 717
1529110 718
1529120 718
1529130 717
1529140 717
1529150 717
1529160 718
1529170 718
1529180 718
1529190 719
1529200 719
1529210 719
1529220 720
1529230 720
1529240 720
1529250 721
1529260 722
1529270 722
1529280 722
1529290 723
1529300 723
1529310 723
1529320 724
1529330 724
1529340 724
1529350 725
1529360 725
1529370 725
1529380 726
1529390 726
1529400 726
1529410 726
1529420 726
1529430 727
1529440 727
1529450 727
1529460 728
1529470 728
1529480 728
1529490 729
1529500 729
1529510 729
1529520 730
1529530 731
1529540 731
1529550 731
1529560 732
1529570 732
1529580 732
1529590 733
1529600 733
1529610 733
1529620 734
1529630 734
1529640 734
1529650 735
1529660 735
1529670 735
1529680 736
1529690 737
1529700 737
1529710 737
1529720 738
1529730 738
1529740 738
1529750 739
1529760 739
1529770 739
1529780 740
1529790 740
1529800 741
1529810 741
1529820 741
1529830 742
1529840 742
1529850 742
1529860 743
1529870 743
1529880 743
1529890 744
1529900 744
1529910 744
1529920 744
1529930 745
1529940 745
1529950 745
1529960 745
1529970 745
1529980 745
1529990 745
1530000 745
1530010 746
1530020 745
1530030 745
1530040 745
1530050 745
1530060 745
1530070 745
1530080 745
1530090 745
1530100 745
1530110 744
1530120 744
1530130 744
1530140 744
1530150 744
1530160 744
1530170 743
1530180 743
1530190 743
1530200 743
1530210 743
1530220 743
1530230 742
1530240 742
1530250 742
1530260 742
1530270 742
1530280 741
1530290 741
1530300 740
1530310 740
1530320 740
1530330 739
1530340 739
1530350 739
1530360 739
1530370 739
1530380 739
1530390 739
1530400 739
1530410 739
1530420 738
1530430 738
1530440 738
1530450 737
1530460 737
1530470 737
1530480 737
1530490 737
1530500 737
1530510 736
1530520 736
1530530 736
1530540 735
1530550 735
1530560 735
1530570 734
1530580 734
1530590 733
1530600 732
1530610 732
1530620 731
1530630 729
1530640 729
1530650 722
1530660 717
1530670 717
1530680 712
1530690 707
1530700 707
1530710 702
1530720 701
1530730 701
1530740 702
1530750 706
1530760 706
1530770 708
1530780 707
1530790 707
1530800 706
1530810 703
1530820 703
1530830 700
1530840 697
1530850 697
1530860 693
1530870 689
1530880 689
1530890 684
1530900 680
1530910 680
1530920 675
1530930 671
1530940 671
1530950 667
1530960 663
1530970 658
1530980 658
1530990 654
1531000 649
1531010 649
1531020 643
1531030 638
1531040 638
1531050 632
1531060 626
1531070 626
1531080 620
1531090 614
1531100 614
1531110 608
1531120 601
1531130 601
1531140 594
1531150 588
1531160 588
1531170 581
1531180 574
1531190 574
1531200 568
1531210 561
1531220 561
1531230 556
1531240 549
1531250 549
1531260 543
1531270 537
1531280 537
1531290 532
1531300 528
1531310 528
1531320 524
1531330 519
1531340 519
1531350 515
1531360 512
1531370 512
1531380 510
1531390 508
1531400 508
1531410 506
1531420 503
1531430 503
1531440 502
1531450 500
1531460 500
1531470 498
1531480 496
1531490 496
1531500 494
1531510 492
1531520 492
1531530 490
1531540 488
1531550 488
1531560 486
1531570 484
1531580 484
1531590 483
1531600 481
1531610 481
1531620 480
1531630 478
1531640 477
1531650 477
1531660 475
1531670 474
1531680 474
1531690 472
1531700 471
1531710 471
1531720 470
1531730 469
1531740 469
1531750 469
1531760 470
1531770 470
1531780 469
1531790 469
1531800 469
1531810 467
1531820 467
1531830 467
1531840 466
1531850 465
1531860 465
1531870 465
1531880 464
1531890 464
1531900 464
1531910 463
1531920 463
1531930 463
1531940 463
1531950 463
1531960 463
1531970 462
1531980 462
1531990 462
1532000 462
1532010 462
1532020 462
1532030 462
1532040 462
1532050 462
1532060 461
1532070 461
1532080 461
1532090 461
1532100 461
1532110 461
1532120 461
1532130 461
1532140 461
1532150 461
1532160 461
1532170 461
1532180 461
1532190 461
1532200 462
1532210 462
1532220 462
1532230 462
1532240 462
1532250 462
1532260 462
1532270 463
1532280 463
1532290 463
1532300 463
1532310 463
1532320 463
1532330 464
1532340 464
1532350 464
1532360 464
1532370 464
1532380 464
1532390 464
1532400 465
1532410 465
1532420 465
1532430 465
1532440 465
1532450 465
1532460 464
1532470 464
1532480 464
1532490 464
1532500 464
1532510 464
1532520 464
1532530 464
1532540 463
1532550 463
1532560 463
1532570 462
1532580 460
1532590 460
1532600 459
1532610 457
1532620 457
1532630 456
1532640 455
1532650 455
1532660 454
1532670 453
1532680 453
1532690 452
1532700 452
1532710 452
1532720 451
1532730 451
1532740 451
1532750 450
1532760 450
1532770 450
1532780 450
1532790 450
1532800 450
1532810 449
1532820 449
1532830 449
1532840 448
1532850 448
1532860 448
1532870 447
1532880 447
1532890 447
1532900 446
1532910 445
1532920 445
1532930 444
1532940 441
1532950 439
1532960 439
1532970 438
1532980 437
1532990 437
1533000 435
1533010 434
1533020 434
1533030 432
1533040 432
1533050 432
1533060 431
1533070 430
1533080 430
1533090 429
1533100 428
1533110 428
1533120 427
1533130 426
1533140 426
1533150 425
1533160 424
1533170 424
1533180 424
1533190 424
1533200 424
1533210 423
1533220 423
1533230 423
1533240 423
1533250 423
1533260 423
1533270 423
1533280 423
1533290 423
1533300 423
1533310 423
1533320 423
1533330 423
1533340 422
1533350 422
1533360 423
1533370 423
1533380 423
1533390 423
1533400 422
1533410 422
1533420 422
1533430 422
1533440 422
1533450 422
1533460 422
1533470 422
1533480 422
1533490 422
1533500 422
1533510 422
1533520 422
1533530 422
1533540 422
1533550 422
1533560 422
1533570 422
1533580 422
1533590 422
1533600 422
1533610 422
1533620 422
1533630 422
1533640 422
1533650 422
1533660 422
1533670 422
1533680 422
1533690 422
1533700 422
1533710 422
1533720 422
1533730 422
1533740 422
1533750 422
1533760 422
1533770 422
1533780 422
1533790 422
1533800 422
1533810 422
1533820 422
1533830 422
1533840 422
1533850 422
1533860 422
1533870 422
1533880 422
1533890 422
1533900 422
1533910 422
1533920 422
1533930 422
1533940 422
1533950 422
1533960 422
1533970 422
1533980 422
1533990 422
1534000 422
1534010 422
1534020 422
1534030 422
1534040 422
1534050 422
1534060 422
1534070 422
1534080 422
1534090 422
1534100 422
1534110 422
1534120 422
1534130 422
1534140 422
1534150 422
1534160 422
1534170 422
1534180 422
1534190 422
1534200 422
1534210 422
1534220 422
1534230 422
1534240 422
1534250 422
1534260 422
1534270 422
1534280 422
1534290 422
1534300 422
1534310 422
1534320 422
1534330 422
1534340 422
1534350 422
1534360 422
1534370 422
1534380 422
1534390 422
1534400 422
1534410 422
1534420 422
1534430 422
1534440 422
1534450 422
1534460 422
1534470 422
1534480 422
1534490 422
1534500 422
1534510 422
1534520 422
1534530 422
1534540 422
1534550 422
1534560 422
1534570 422
1534580 422
1534590 422
1534600 422
1534610 422
1534620 422
1534630 422
1534640 422
1534650 422
1534660 422
1534670 422
1534680 422
1534690 422
1534700 422
1534710 422
1534720 422
1534730 422
1534740 422
1534750 422
1534760 422
1534770 422
1534780 422
1534790 422
1534800 422
1534810 422
1534820 422
1534830 422
1534840 422
1534850 422
1534860 422
1534870 422
1534880 422
1534890 422
1534900 422
1534910 422
1534920 422
1534930 422
1534940 422
1534950 422
1534960 422
1534970 422
1534980 422
1534990 422
1535000 422
1535010 422
1535020 422
1535030 422
1535040 422
1535050 422
1535060 422
1535070 422
1535080 422
1535090 422
1535100 422
1535110 422
1535120 422
1535130 422
1535140 422
1535150 422
1535160 422
1535170 422
1535180 422
1535190 422
1535200 422
1535210 422
1535220 422
1535230 422
1535240 422
1535250 422
1535260 422
1535270 422
1535280 422
1535290 422
1535300 422
1535310 422
1535320 422
1535330 422
1535340 422
1535350 422
1535360 422
1535370 422
1535380 422
1535390 422
1535400 422
1535410 422
1535420 422
1535430 422
1535440 422
1535450 422
1535460 422
1535470 422
1535480 422
1535490 422
1535500 422
1535510 422
1535520 422
1535530 422
1535540 422
1535550 422
1535560 422
1535570 422
1535580 422
1535590 422
1535600 422
1535610 422
1535620 422
1535630 422
1535640 422
1535650 422
1535660 422
1535670 422
1535680 422
1535690 422
1535700 422
1535710 422
1535720 422
1535730 422
1535740 422
1535750 422
1535760 422
1535770 422
1535780 422
1535790 422
1535800 422
1535810 422
1535820 422
1535830 422
1535840 422
1535850 422
1535860 422
1535870 422
1535880 422
1535890 422
1535900 422
1535910 422
1535920 422
1535930 422
1535940 422
1535950 422
1535960 422
1535970 422
1535980 422
1535990 422
1536000 422
1536010 422
1536020 422
1536030 422
1536040 422
1536050 422
1536060 422
1536070 422
1536080 422
1536090 422
1536100 422
1536110 422
1536120 422
1536130 422
1536140 422
1536150 422
1536160 422
1536170 422
1536180 422
1536190 422
1536200 422
1536210 422
1536220 422
1536230 422
1536240 422
1536250 422
1536260 422
1536270 422
1536280 422
1536290 422
1536300 422
1536310 422
1536320 422
1536330 422
1536340 422
1536350 422
1536360 422
1536370 422
1536380 422
1536390 422
1536400 422
1536410 422
1536420 422
1536430 422
1536440 422
1536450 422
1536460 422
1536470 422
1536480 422
1536490 422
1536500 422
1536510 422
1536520 422
1536530 422
1536540 422
1536550 422
1536560 422
1536570 422
1536580 422
1536590 422
1536600 422
1536610 422
1536620 422
1536630 422
1536640 422
1536650 422
1536660 422
1536670 422
1536680 422
1536690 422
1536700 422
1536710 422
1536720 422
1536730 422
1536740 422
1536750 422
1536760 422
1536770 422
1536780 422
1536790 422
1536800 422
1536810 422
1536820 422
1536830 422
1536840 422
1536850 422
1536860 422
1536870 422
1536880 422
1536890 422
1536900 422
1536910 422
1536920 422
1536930 422
1536940 422
1536950 422
1536960 422
1536970 422
1536980 422
1536990 422
1537000 422
1537010 422
1537020 422
1537030 423
1537040 423
1537050 423
1537060 424
1537070 424
1537080 424
1537090 425
1537100 425
1537110 425
1537120 426
1537130 426
1537140 428
1537150 430
1537160 430
1537170 432
1537180 434
1537190 434
1537200 437
1537210 438
1537220 438
1537230 438
1537240 440
1537250 440
1537260 443
1537270 446
1537280 446
1537290 449
1537300 452
1537310 452
1537320 453
1537330 454
1537340 454
1537350 455
1537360 455
1537370 455
1537380 455
1537390 456
1537400 456
1537410 455
1537420 457
1537430 457
1537440 458
1537450 461
1537460 461
1537470 464
1537480 465
1537490 465
1537500 466
1537510 466
1537520 466
1537530 468
1537540 470
1537550 470
1537560 472
1537570 474
1537580 474
1537590 475
1537600 477
1537610 477
1537620 479
1537630 479
1537640 479
1537650 479
1537660 480
1537670 481
1537680 481
1537690 482
1537700 483
1537710 483
1537720 485
1537730 487
1537740 487
1537750 488
1537760 491
1537770 491
1537780 493
1537790 494
1537800 494
1537810 496
1537820 497
1537830 497
1537840 499
1537850 503
1537860 503
1537870 505
1537880 506
1537890 506
1537900 508
1537910 510
1537920 510
1537930 512
1537940 513
1537950 513
1537960 514
1537970 515
1537980 515
1537990 515
1538000 515
1538010 515
1538020 514
1538030 515
1538040 515
1538050 516
1538060 517
1538070 517
1538080 519
1538090 521
1538100 521
1538110 521
1538120 523
1538130 523
1538140 525
1538150 527
1538160 527
1538170 529
1538180 531
1538190 531
1538200 533
1538210 535
1538220 535
1538230 538
1538240 539
1538250 539
1538260 540
1538270 541
1538280 541
1538290 543
1538300 546
1538310 548
1538320 548
1538330 548
1538340 548
1538350 548
1538360 549
1538370 549
1538380 549
1538390 550
1538400 550
1538410 550
1538420 552
1538430 554
1538440 554
1538450 555
1538460 556
1538470 556
1538480 558
1538490 560
1538500 560
1538510 561
1538520 562
1538530 562
1538540 563
1538550 565
1538560 565
1538570 566
1538580 569
1538590 569
1538600 571
1538610 573
1538620 573
1538630 574
1538640 578
1538650 578
1538660 584
1538670 589
1538680 589
1538690 592
1538700 595
1538710 595
1538720 599
1538730 602
1538740 602
1538750 604
1538760 606
1538770 606
1538780 607
1538790 609
1538800 609
1538810 610
1538820 611
1538830 611
1538840 611
1538850 611
1538860 611
1538870 612
1538880 613
1538890 613
1538900 616
1538910 620
1538920 620
1538930 623
1538940 626
1538950 626
1538960 629
1538970 631
1538980 633
1538990 633
1539000 638
1539010 642
1539020 642
1539030 647
1539040 651
1539050 651
1539060 655
1539070 659
1539080 659
1539090 660
1539100 660
1539110 660
1539120 657
1539130 654
1539140 654
1539150 653
1539160 655
1539170 655
1539180 658
1539190 662
1539200 662
1539210 665
1539220 668
1539230 668
1539240 671
1539250 675
1539260 675
1539270 679
1539280 682
1539290 682
1539300 686
1539310 689
1539320 689
1539330 694
1539340 699
1539350 699
1539360 703
1539370 710
1539380 710
1539390 715
1539400 725
1539410 725
1539420 733
1539430 738
1539440 738
1539450 742
1539460 747
1539470 747
1539480 754
1539490 761
1539500 761
1539510 768
1539520 775
1539530 775
1539540 780
1539550 783
1539560 783
1539570 785
1539580 787
1539590 787
1539600 792
1539610 796
1539620 796
1539630 799
1539640 801
1539650 804
1539660 804
1539670 809
1539680 816
1539690 816
1539700 823
1539710 830
1539720 830
1539730 837
1539740 846
1539750 846
1539760 853
1539770 859
1539780 859
1539790 866
1539800 872
1539810 872
1539820 875
1539830 877
1539840 877
1539850 881
1539860 884
1539870 884
1539880 885
1539890 889
1539900 889
1539910 891
1539920 896
1539930 896
1539940 902
1539950 906
1539960 906
1539970 906
1539980 905
1539990 905
