1520000 746
1520010 742
1520020 742
1520030 738
1520040 735
1520050 735
1520060 731
1520070 726
1520080 726
1520090 719
1520100 718
1520110 718
1520120 724
1520130 729
1520140 729
1520150 732
1520160 736
1520170 736
1520180 740
1520190 744
1520200 744
1520210 748
1520220 752
1520230 752
1520240 756
1520250 760
1520260 760
1520270 764
1520280 768
1520290 768
1520300 772
1520310 776
1520320 776
1520330 780
1520340 784
1520350 784
1520360 788
1520370 792
1520380 792
1520390 796
1520400 800
1520410 800
1520420 804
1520430 807
1520440 807
1520450 811
1520460 815
1520470 815
1520480 819
1520490 822
1520500 822
1520510 825
1520520 829
1520530 829
1520540 833
1520550 836
1520560 836
1520570 840
1520580 844
1520590 844
1520600 848
1520610 851
1520620 856
1520630 856
1520640 860
1520650 865
1520660 865
1520670 870
1520680 875
1520690 875
1520700 879
1520710 883
1520720 883
1520730 887
1520740 890
1520750 890
1520760 894
1520770 897
1520780 897
1520790 901
1520800 904
1520810 904
1520820 907
1520830 909
1520840 909
1520850 912
1520860 913
1520870 913
1520880 915
1520890 916
1520900 916
1520910 917
1520920 917
1520930 917
1520940 917
1520950 915
1520960 915
1520970 914
1520980 912
1520990 912
1521000 910
1521010 907
1521020 907
1521030 903
1521040 900
1521050 900
1521060 895
1521070 889
1521080 889
1521090 882
1521100 876
1521110 876
1521120 869
1521130 862
1521140 862
1521150 855
1521160 848
1521170 848
1521180 842
1521190 836
1521200 836
1521210 829
1521220 823
1521230 823
1521240 818
1521250 813
1521260 813
1521270 809
1521280 804
1521290 804
1521300 800
1521310 795
1521320 791
1521330 791
1521340 786
1521350 781
1521360 781
1521370 776
1521380 772
1521390 772
1521400 775
1521410 777
1521420 777
1521430 776
1521440 776
1521450 776
1521460 776
1521470 774
1521480 774
1521490 771
1521500 773
1521510 773
1521520 778
1521530 783
1521540 783
1521550 786
1521560 790
1521570 790
1521580 793
1521590 796
1521600 796
1521610 800
1521620 803
1521630 803
1521640 807
1521650 810
1521660 810
1521670 814
1521680 817
1521690 817
1521700 821
1521710 824
1521720 824
1521730 828
1521740 831
1521750 831
1521760 834
1521770 837
1521780 837
1521790 840
1521800 842
1521810 842
1521820 845
1521830 847
1521840 847
1521850 849
1521860 850
1521870 850
1521880 851
1521890 852
1521900 852
1521910 853
1521920 852
1521930 852
1521940 851
1521950 850
1521960 850
1521970 849
1521980 848
1521990 848
1522000 847
1522010 845
1522020 843
1522030 843
1522040 840
1522050 837
1522060 837
1522070 832
1522080 827
1522090 827
1522100 823
1522110 817
1522120 817
1522130 812
1522140 810
1522150 810
1522160 807
1522170 802
1522180 802
1522190 800
1522200 798
1522210 798
1522220 798
1522230 801
1522240 801
1522250 805
1522260 808
1522270 808
1522280 811
1522290 813
1522300 813
1522310 815
1522320 817
1522330 817
1522340 818
1522350 820
1522360 820
1522370 821
1522380 821
1522390 821
1522400 821
1522410 820
1522420 820
1522430 820
1522440 818
1522450 818
1522460 816
1522470 814
1522480 814
1522490 811
1522500 806
1522510 806
1522520 800
1522530 796
1522540 796
1522550 793
1522560 790
1522570 790
1522580 787
1522590 785
1522600 785
1522610 783
1522620 781
1522630 781
1522640 779
1522650 778
1522660 778
1522670 778
1522680 783
1522690 783
1522700 788
1522710 791
1522720 795
1522730 795
1522740 798
1522750 801
1522760 801
1522770 805
1522780 808
1522790 808
1522800 810
1522810 812
1522820 812
1522830 814
1522840 815
1522850 815
1522860 816
1522870 817
1522880 817
1522890 818
1522900 818
1522910 818
1522920 818
1522930 819
1522940 819
1522950 819
1522960 819
1522970 819
1522980 820
1522990 820
1523000 820
1523010 821
1523020 822
1523030 822
1523040 823
1523050 824
1523060 824
1523070 825
1523080 825
1523090 825
1523100 826
1523110 826
1523120 826
1523130 825
1523140 825
1523150 825
1523160 825
1523170 824
1523180 824
1523190 823
1523200 823
1523210 823
1523220 822
1523230 821
1523240 821
1523250 820
1523260 819
1523270 819
1523280 818
1523290 817
1523300 817
1523310 815
1523320 814
1523330 814
1523340 813
1523350 812
1523360 812
1523370 811
1523380 809
1523390 809
1523400 807
1523410 805
1523420 802
1523430 802
1523440 800
1523450 797
1523460 797
1523470 793
1523480 789
1523490 789
1523500 785
1523510 780
1523520 780
1523530 776
1523540 772
1523550 772
1523560 769
1523570 765
1523580 765
1523590 761
1523600 757
1523610 757
1523620 754
1523630 750
1523640 750
1523650 747
1523660 744
1523670 744
1523680 741
1523690 738
1523700 738
1523710 736
1523720 733
1523730 733
1523740 730
1523750 728
1523760 728
1523770 725
1523780 722
1523790 722
1523800 721
1523810 719
1523820 719
1523830 718
1523840 715
1523850 715
1523860 714
1523870 712
1523880 712
1523890 710
1523900 707
1523910 707
1523920 705
1523930 703
1523940 703
1523950 701
1523960 700
1523970 700
1523980 698
1523990 694
1524000 694
1524010 692
1524020 688
1524030 688
1524040 685
1524050 682
1524060 682
1524070 678
1524080 674
1524090 674
1524100 671
1524110 668
1524120 666
1524130 666
1524140 665
1524150 662
1524160 662
1524170 659
1524180 654
1524190 654
1524200 651
1524210 649
1524220 649
1524230 648
1524240 645
1524250 645
1524260 642
1524270 639
1524280 639
1524290 637
1524300 633
1524310 633
1524320 630
1524330 627
1524340 627
1524350 625
1524360 622
1524370 622
1524380 618
1524390 613
1524400 613
1524410 608
1524420 602
1524430 602
1524440 596
1524450 592
1524460 592
1524470 588
1524480 583
1524490 583
1524500 577
1524510 569
1524520 569
1524530 561
1524540 553
1524550 553
1524560 549
1524570 547
1524580 547
1524590 547
1524600 545
1524610 545
1524620 546
1524630 548
1524640 548
1524650 551
1524660 555
1524670 555
1524680 559
1524690 561
1524700 561
1524710 565
1524720 571
1524730 571
1524740 576
1524750 581
1524760 581
1524770 587
1524780 594
1524790 594
1524800 599
1524810 603
1524820 605
1524830 605
1524840 607
1524850 608
1524860 608
1524870 609
1524880 611
1524890 611
1524900 612
1524910 613
1524920 613
1524930 613
1524940 615
1524950 615
1524960 617
1524970 619
1524980 619
1524990 621
1525000 622
1525010 622
1525020 623
1525030 624
1525040 624
1525050 625
1525060 626
1525070 626
1525080 628
1525090 630
1525100 630
1525110 632
1525120 633
1525130 633
1525140 635
1525150 636
1525160 636
1525170 636
1525180 637
1525190 637
1525200 638
1525210 639
1525220 639
1525230 639
1525240 639
1525250 639
1525260 637
1525270 635
1525280 635
1525290 634
1525300 633
1525310 633
1525320 633
1525330 632
1525340 632
1525350 632
1525360 632
1525370 632
1525380 632
1525390 632
1525400 632
1525410 632
1525420 631
1525430 631
1525440 630
1525450 627
1525460 627
1525470 625
1525480 623
1525490 623
1525500 621
1525510 618
1525520 616
1525530 616
1525540 612
1525550 607
1525560 607
1525570 603
1525580 599
1525590 599
1525600 596
1525610 593
1525620 593
1525630 590
1525640 587
1525650 587
1525660 584
1525670 582
1525680 582
1525690 578
1525700 575
1525710 575
1525720 572
1525730 570
1525740 570
1525750 569
1525760 567
1525770 567
1525780 566
1525790 565
1525800 565
1525810 563
1525820 561
1525830 561
1525840 560
1525850 559
1525860 559
1525870 558
1525880 557
1525890 557
1525900 555
1525910 553
1525920 553
1525930 551
1525940 548
1525950 548
1525960 546
1525970 544
1525980 544
1525990 544
1526000 544
1526010 544
1526020 543
1526030 542
1526040 542
1526050 541
1526060 541
1526070 541
1526080 540
1526090 539
1526100 539
1526110 538
1526120 534
1526130 534
1526140 530
1526150 527
1526160 527
1526170 525
1526180 524
1526190 524
1526200 524
1526210 525
1526220 527
1526230 527
1526240 527
1526250 527
1526260 527
1526270 526
1526280 523
1526290 523
1526300 520
1526310 520
1526320 520
1526330 519
1526340 518
1526350 518
1526360 518
1526370 517
1526380 517
1526390 517
1526400 517
1526410 517
1526420 517
1526430 517
1526440 517
1526450 517
1526460 516
1526470 516
1526480 515
1526490 516
1526500 516
1526510 524
1526520 532
1526530 532
1526540 538
1526550 543
1526560 543
1526570 548
1526580 553
1526590 553
1526600 558
1526610 563
1526620 563
1526630 567
1526640 572
1526650 572
1526660 576
1526670 579
1526680 579
1526690 581
1526700 583
1526710 583
1526720 585
1526730 586
1526740 586
1526750 588
1526760 589
1526770 589
1526780 591
1526790 593
1526800 593
1526810 595
1526820 597
1526830 597
1526840 601
1526850 605
1526860 605
1526870 608
1526880 610
1526890 610
1526900 610
1526910 614
1526920 618
1526930 618
1526940 621
1526950 623
1526960 623
1526970 625
1526980 627
1526990 627
1527000 629
1527010 630
1527020 630
1527030 631
1527040 634
1527050 634
1527060 636
1527070 638
1527080 638
1527090 639
1527100 641
1527110 641
1527120 643
1527130 644
1527140 644
1527150 646
1527160 648
1527170 648
1527180 649
1527190 651
1527200 651
1527210 653
1527220 655
1527230 655
1527240 657
1527250 660
1527260 660
1527270 662
1527280 665
1527290 665
1527300 668
1527310 670
1527320 670
1527330 674
1527340 677
1527350 677
1527360 679
1527370 682
1527380 682
1527390 686
1527400 689
1527410 689
1527420 693
1527430 697
1527440 697
1527450 700
1527460 703
1527470 703
1527480 705
1527490 708
1527500 708
1527510 710
1527520 711
1527530 707
1527540 709
1527550 711
1527560 711
1527570 713
1527580 714
1527590 714
1527600 716
1527610 718
1527620 720
1527630 720
1527640 722
1527650 725
1527660 725
1527670 726
1527680 729
1527690 729
1527700 733
1527710 735
1527720 735
1527730 739
1527740 743
1527750 743
1527760 747
1527770 751
1527780 751
1527790 755
1527800 759
1527810 759
1527820 763
1527830 767
1527840 767
1527850 770
1527860 773
1527870 773
1527880 776
1527890 779
1527900 779
1527910 781
1527920 783
1527930 783
1527940 785
1527950 786
1527960 786
1527970 788
1527980 789
1527990 789
1528000 790
1528010 790
1528020 790
1528030 791
1528040 791
1528050 791
1528060 791
1528070 791
1528080 791
1528090 791
1528100 791
1528110 791
1528120 790
1528130 790
1528140 790
1528150 789
1528160 788
1528170 788
1528180 786
1528190 783
1528200 783
1528210 780
1528220 778
1528230 778
1528240 777
1528250 776
1528260 776
1528270 775
1528280 774
1528290 774
1528300 773
1528310 774
1528320 776
1528330 776
1528340 775
1528350 774
1528360 774
1528370 773
1528380 772
1528390 772
1528400 771
1528410 771
1528420 771
1528430 771
1528440 771
1528450 771
1528460 771
1528470 771
1528480 771
1528490 771
1528500 771
1528510 771
1528520 771
1528530 772
1528540 772
1528550 772
1528560 771
1528570 771
1528580 772
1528590 771
1528600 771
1528610 771
1528620 771
1528630 771
1528640 770
1528650 770
1528660 770
1528670 769
1528680 769
1528690 769
1528700 768
1528710 767
1528720 767
1528730 766
1528740 765
1528750 765
1528760 764
1528770 763
1528780 763
1528790 763
1528800 762
1528810 762
1528820 762
1528830 761
1528840 761
1528850 760
1528860 759
1528870 759
1528880 757
1528890 756
1528900 756
1528910 755
1528920 753
1528930 753
1528940 752
1528950 751
1528960 751
1528970 749
1528980 748
1528990 748
1529000 746
1529010 744
1529020 742
1529030 742
1529040 740
1529050 738
1529060 738
1529070 736
1529080 733
1529090 733
1529100 727
1529110 724
1529120 724
1529130 720
1529140 715
1529150 715
1529160 710
1529170 711
1529180 711
1529190 710
1529200 709
1529210 709
1529220 707
1529230 705
1529240 705
1529250 702
1529260 699
1529270 699
1529280 698
1529290 697
1529300 697
1529310 696
1529320 694
1529330 694
1529340 690
1529350 684
1529360 684
1529370 678
1529380 672
1529390 672
1529400 667
1529410 662
1529420 662
1529430 660
1529440 660
1529450 660
1529460 666
1529470 672
1529480 672
1529490 676
1529500 680
1529510 680
1529520 683
1529530 686
1529540 686
1529550 687
1529560 689
1529570 689
1529580 690
1529590 690
1529600 690
1529610 690
1529620 690
1529630 690
1529640 689
1529650 688
1529660 688
1529670 686
1529680 685
1529690 685
1529700 683
1529710 682
1529720 680
1529730 680
1529740 679
1529750 677
1529760 677
1529770 676
1529780 674
1529790 674
1529800 672
1529810 670
1529820 670
1529830 669
1529840 669
1529850 669
1529860 669
1529870 669
1529880 669
1529890 668
1529900 667
1529910 667
1529920 667
1529930 666
1529940 666
1529950 665
1529960 663
1529970 663
1529980 662
1529990 660
1530000 660
1530010 659
1530020 657
1530030 657
1530040 655
1530050 653
1530060 653
1530070 651
1530080 649
1530090 649
1530100 647
1530110 645
1530120 645
1530130 642
1530140 639
1530150 639
1530160 635
1530170 630
1530180 630
1530190 626
1530200 621
1530210 621
1530220 615
1530230 610
1530240 610
1530250 604
1530260 599
1530270 599
1530280 593
1530290 588
1530300 588
1530310 583
1530320 579
1530330 579
1530340 576
1530350 573
1530360 573
1530370 570
1530380 566
1530390 566
1530400 564
1530410 564
1530420 565
1530430 570
1530440 571
1530450 573
1530460 573
1530470 574
1530480 574
1530490 574
1530500 575
1530510 576
1530520 576
1530530 577
1530540 578
1530550 578
1530560 579
1530570 579
1530580 579
1530590 580
1530600 580
1530610 580
1530620 578
1530630 576
1530640 576
1530650 573
1530660 570
1530670 570
1530680 566
1530690 560
1530700 560
1530710 554
1530720 548
1530730 548
1530740 541
1530750 536
1530760 536
1530770 531
1530780 527
1530790 527
1530800 526
1530810 524
1530820 524
1530830 522
1530840 520
1530850 520
1530860 518
1530870 515
1530880 515
1530890 512
1530900 510
1530910 510
1530920 508
1530930 507
1530940 507
1530950 506
1530960 506
1530970 506
1530980 506
1530990 505
1531000 505
1531010 504
1531020 504
1531030 504
1531040 504
1531050 503
1531060 503
1531070 502
1531080 501
1531090 501
1531100 501
1531110 500
1531120 497
1531130 497
1531140 496
1531150 496
1531160 496
1531170 495
1531180 494
1531190 494
1531200 493
1531210 492
1531220 492
1531230 492
1531240 491
1531250 491
1531260 490
1531270 490
1531280 490
1531290 491
1531300 491
1531310 491
1531320 490
1531330 490
1531340 490
1531350 489
1531360 488
1531370 488
1531380 487
1531390 487
1531400 487
1531410 486
1531420 485
1531430 485
1531440 484
1531450 482
1531460 482
1531470 482
1531480 481
1531490 481
1531500 479
1531510 477
1531520 477
1531530 477
1531540 477
1531550 477
1531560 476
1531570 476
1531580 476
1531590 475
1531600 474
1531610 474
1531620 474
1531630 473
1531640 473
1531650 472
1531660 472
1531670 472
1531680 472
1531690 472
1531700 472
1531710 472
1531720 472
1531730 472
1531740 471
1531750 470
1531760 470
1531770 470
1531780 470
1531790 470
1531800 470
1531810 470
1531820 470
1531830 470
1531840 470
1531850 469
1531860 469
1531870 468
1531880 467
1531890 467
1531900 467
1531910 465
1531920 465
1531930 464
1531940 462
1531950 462
1531960 459
1531970 456
1531980 456
1531990 455
1532000 454
1532010 454
1532020 453
1532030 452
1532040 452
1532050 452
1532060 450
1532070 450
1532080 449
1532090 448
1532100 448
1532110 448
1532120 447
1532130 447
1532140 446
1532150 445
1532160 445
1532170 443
1532180 442
1532190 442
1532200 442
1532210 441
1532220 441
1532230 440
1532240 439
1532250 439
1532260 441
1532270 442
1532280 442
1532290 443
1532300 442
1532310 442
1532320 442
1532330 442
1532340 442
1532350 441
1532360 440
1532370 440
1532380 439
1532390 438
1532400 438
1532410 436
1532420 434
1532430 434
1532440 433
1532450 432
1532460 432
1532470 432
1532480 432
1532490 432
1532500 431
1532510 430
1532520 428
1532530 428
1532540 429
1532550 429
1532560 429
1532570 429
1532580 428
1532590 428
1532600 427
1532610 426
1532620 426
1532630 426
1532640 425
1532650 425
1532660 425
1532670 424
1532680 424
1532690 424
1532700 423
1532710 423
1532720 423
1532730 422
1532740 422
1532750 422
1532760 422
1532770 422
1532780 422
1532790 422
1532800 422
1532810 422
1532820 422
1532830 422
1532840 422
1532850 422
1532860 422
1532870 422
1532880 422
1532890 422
1532900 422
1532910 422
1532920 422
1532930 422
1532940 422
1532950 422
1532960 422
1532970 422
1532980 422
1532990 422
1533000 422
1533010 422
1533020 422
1533030 422
1533040 422
1533050 422
1533060 422
1533070 422
1533080 422
1533090 422
1533100 422
1533110 422
1533120 422
1533130 422
1533140 422
1533150 422
1533160 422
1533170 422
1533180 422
1533190 422
1533200 422
1533210 422
1533220 422
1533230 422
1533240 422
1533250 422
1533260 422
1533270 422
1533280 422
1533290 422
1533300 422
1533310 422
1533320 422
1533330 422
1533340 422
1533350 422
1533360 422
1533370 422
1533380 422
1533390 422
1533400 422
1533410 422
1533420 422
1533430 422
1533440 422
1533450 422
1533460 422
1533470 422
1533480 422
1533490 422
1533500 422
1533510 422
1533520 422
1533530 422
1533540 422
1533550 422
1533560 422
1533570 422
1533580 422
1533590 422
1533600 422
1533610 422
1533620 422
1533630 422
1533640 422
1533650 422
1533660 422
1533670 422
1533680 422
1533690 422
1533700 422
1533710 422
1533720 422
1533730 422
1533740 422
1533750 422
1533760 422
1533770 422
1533780 422
1533790 422
1533800 422
1533810 422
1533820 422
1533830 422
1533840 422
1533850 422
1533860 422
1533870 422
1533880 422
1533890 422
1533900 422
1533910 422
1533920 422
1533930 422
1533940 422
1533950 422
1533960 422
1533970 422
1533980 422
1533990 422
1534000 422
1534010 422
1534020 422
1534030 422
1534040 422
1534050 422
1534060 422
1534070 422
1534080 422
1534090 422
1534100 422
1534110 422
1534120 422
1534130 422
1534140 422
1534150 422
1534160 422
1534170 422
1534180 422
1534190 422
1534200 422
1534210 422
1534220 422
1534230 422
1534240 422
1534250 422
1534260 422
1534270 422
1534280 422
1534290 422
1534300 422
1534310 422
1534320 422
1534330 422
1534340 422
1534350 422
1534360 422
1534370 422
1534380 422
1534390 422
1534400 422
1534410 422
1534420 422
1534430 422
1534440 422
1534450 422
1534460 422
1534470 422
1534480 422
1534490 422
1534500 422
1534510 422
1534520 422
1534530 422
1534540 422
1534550 422
1534560 422
1534570 422
1534580 422
1534590 422
1534600 422
1534610 422
1534620 422
1534630 422
1534640 422
1534650 422
1534660 422
1534670 422
1534680 422
1534690 422
1534700 422
1534710 422
1534720 422
1534730 422
1534740 422
1534750 422
1534760 422
1534770 422
1534780 422
1534790 422
1534800 422
1534810 422
1534820 422
1534830 422
1534840 422
1534850 422
1534860 422
1534870 422
1534880 422
1534890 422
1534900 422
1534910 422
1534920 422
1534930 422
1534940 422
1534950 422
1534960 422
1534970 422
1534980 422
1534990 422
1535000 422
1535010 422
1535020 422
1535030 422
1535040 422
1535050 422
1535060 422
1535070 422
1535080 422
1535090 422
1535100 422
1535110 422
1535120 422
1535130 422
1535140 422
1535150 422
1535160 422
1535170 422
1535180 422
1535190 422
1535200 422
1535210 422
1535220 422
1535230 422
1535240 422
1535250 422
1535260 422
1535270 422
1535280 422
1535290 422
1535300 422
1535310 422
1535320 422
1535330 422
1535340 422
1535350 422
1535360 422
1535370 422
1535380 422
1535390 422
1535400 422
1535410 422
1535420 422
1535430 422
1535440 422
1535450 422
1535460 422
1535470 422
1535480 422
1535490 422
1535500 422
1535510 422
1535520 422
1535530 422
1535540 422
1535550 422
1535560 422
1535570 422
1535580 422
1535590 422
1535600 422
1535610 422
1535620 422
1535630 422
1535640 422
1535650 422
1535660 422
1535670 422
1535680 422
1535690 422
1535700 422
1535710 422
1535720 422
1535730 422
1535740 422
1535750 422
1535760 422
1535770 422
1535780 422
1535790 422
1535800 422
1535810 422
1535820 422
1535830 422
1535840 422
1535850 422
1535860 422
1535870 422
1535880 422
1535890 422
1535900 422
1535910 422
1535920 422
1535930 422
1535940 422
1535950 422
1535960 422
1535970 422
1535980 422
1535990 422
1536000 422
1536010 422
1536020 422
1536030 422
1536040 422
1536050 422
1536060 422
1536070 422
1536080 422
1536090 422
1536100 422
1536110 422
1536120 422
1536130 422
1536140 422
1536150 422
1536160 422
1536170 422
1536180 422
1536190 422
1536200 422
1536210 422
1536220 422
1536230 422
1536240 422
1536250 422
1536260 422
1536270 422
1536280 422
1536290 422
1536300 422
1536310 422
1536320 422
1536330 422
1536340 422
1536350 422
1536360 422
1536370 422
1536380 422
1536390 422
1536400 422
1536410 422
1536420 422
1536430 422
1536440 422
1536450 422
1536460 422
1536470 422
1536480 422
1536490 422
1536500 422
1536510 422
1536520 422
1536530 422
1536540 422
1536550 422
1536560 422
1536570 422
1536580 422
1536590 422
1536600 422
1536610 422
1536620 422
1536630 422
1536640 422
1536650 422
1536660 422
1536670 422
1536680 422
1536690 422
1536700 423
1536710 426
1536720 428
1536730 428
1536740 432
1536750 436
1536760 436
1536770 439
1536780 443
1536790 443
1536800 449
1536810 456
1536820 456
1536830 464
1536840 470
1536850 470
1536860 475
1536870 480
1536880 480
1536890 485
1536900 490
1536910 490
1536920 495
1536930 500
1536940 500
1536950 506
1536960 511
1536970 511
1536980 516
1536990 521
1537000 521
1537010 526
1537020 531
1537030 531
1537040 537
1537050 541
1537060 541
1537070 546
1537080 551
1537090 551
1537100 557
1537110 563
1537120 563
1537130 570
1537140 576
1537150 576
1537160 582
1537170 588
1537180 588
1537190 594
1537200 600
1537210 600
1537220 606
1537230 612
1537240 612
1537250 618
1537260 625
1537270 625
1537280 629
1537290 632
1537300 632
1537310 635
1537320 639
1537330 639
1537340 644
1537350 648
1537360 648
1537370 652
1537380 657
1537390 657
1537400 662
1537410 667
1537420 672
1537430 672
1537440 677
1537450 682
1537460 682
1537470 688
1537480 695
1537490 695
1537500 702
1537510 709
1537520 709
1537530 716
1537540 724
1537550 724
1537560 732
1537570 740
1537580 740
1537590 748
1537600 755
1537610 755
1537620 762
1537630 770
1537640 770
1537650 778
1537660 786
1537670 786
1537680 793
1537690 800
1537700 800
1537710 808
1537720 814
1537730 814
1537740 819
1537750 824
1537760 824
1537770 826
1537780 826
1537790 826
1537800 824
1537810 823
1537820 823
1537830 822
1537840 822
1537850 822
1537860 822
1537870 823
1537880 823
1537890 822
1537900 822
1537910 822
1537920 821
1537930 820
1537940 820
1537950 820
1537960 820
1537970 820
1537980 820
1537990 820
1538000 820
1538010 822
1538020 822
1538030 822
1538040 824
1538050 828
1538060 828
1538070 835
1538080 841
1538090 841
1538100 846
1538110 852
1538120 857
1538130 857
1538140 862
1538150 867
1538160 867
1538170 871
1538180 877
1538190 877
1538200 882
1538210 886
1538220 886
1538230 891
1538240 895
1538250 895
1538260 899
1538270 903
1538280 903
1538290 906
1538300 907
1538310 907
1538320 908
1538330 908
1538340 908
1538350 908
1538360 906
1538370 906
1538380 905
1538390 903
1538400 903
1538410 901
1538420 899
1538430 899
1538440 898
1538450 896
1538460 896
1538470 894
1538480 893
1538490 893
1538500 891
1538510 889
1538520 889
1538530 887
1538540 885
1538550 885
1538560 884
1538570 883
1538580 883
1538590 881
1538600 879
1538610 879
1538620 877
1538630 877
1538640 877
1538650 876
1538660 876
1538670 876
1538680 875
1538690 874
1538700 874
1538710 872
1538720 871
1538730 871
1538740 870
1538750 869
1538760 869
1538770 866
1538780 860
1538790 860
1538800 858
1538810 858
1538820 855
1538830 855
1538840 853
1538850 851
1538860 851
1538870 848
1538880 845
1538890 845
1538900 843
1538910 840
1538920 840
1538930 838
1538940 834
1538950 834
1538960 830
1538970 828
1538980 828
1538990 826
1539000 824
1539010 824
1539020 820
1539030 817
1539040 817
1539050 814
1539060 812
1539070 812
1539080 809
1539090 805
1539100 805
1539110 801
1539120 798
1539130 798
1539140 795
1539150 792
1539160 792
1539170 791
1539180 789
1539190 789
1539200 787
1539210 784
1539220 784
1539230 781
1539240 777
1539250 777
1539260 774
1539270 770
1539280 770
1539290 765
1539300 760
1539310 760
1539320 755
1539330 751
1539340 751
1539350 746
1539360 742
1539370 742
1539380 739
1539390 738
1539400 738
1539410 738
1539420 738
1539430 738
1539440 737
1539450 737
1539460 737
1539470 741
1539480 744
1539490 744
1539500 747
1539510 751
1539520 755
1539530 755
1539540 759
1539550 763
1539560 763
1539570 767
1539580 770
1539590 770
1539600 773
1539610 776
1539620 776
1539630 779
1539640 781
1539650 781
1539660 782
1539670 780
1539680 780
1539690 776
1539700 773
1539710 773
1539720 769
1539730 766
1539740 766
1539750 763
1539760 761
1539770 761
1539780 761
1539790 761
1539800 761
1539810 763
1539820 768
1539830 768
1539840 771
1539850 773
1539860 773
1539870 776
1539880 779
1539890 779
1539900 783
1539910 787
1539920 787
1539930 791
1539940 794
1539950 794
1539960 797
1539970 800
1539980 800
1539990 802
