1520000 889
1520010 891
1520020 891
1520030 894
1520040 896
1520050 896
1520060 898
1520070 900
1520080 900
1520090 903
1520100 905
1520110 905
1520120 908
1520130 910
1520140 910
1520150 913
1520160 915
1520170 915
1520180 917
1520190 919
1520200 919
1520210 922
1520220 923
1520230 923
1520240 925
1520250 927
1520260 927
1520270 929
1520280 931
1520290 931
1520300 934
1520310 936
1520320 936
1520330 938
1520340 940
1520350 940
1520360 941
1520370 943
1520380 943
1520390 945
1520400 947
1520410 947
1520420 948
1520430 949
1520440 950
1520450 950
1520460 950
1520470 950
1520480 950
1520490 950
1520500 949
1520510 949
1520520 948
1520530 947
1520540 947
1520550 945
1520560 943
1520570 943
1520580 941
1520590 939
1520600 939
1520610 938
1520620 938
1520630 938
1520640 937
1520650 937
1520660 937
1520670 938
1520680 938
1520690 938
1520700 939
1520710 939
1520720 939
1520730 940
1520740 941
1520750 941
1520760 942
1520770 943
1520780 943
1520790 943
1520800 944
1520810 944
1520820 944
1520830 944
1520840 944
1520850 943
1520860 941
1520870 941
1520880 939
1520890 936
1520900 936
1520910 933
1520920 930
1520930 930
1520940 925
1520950 920
1520960 920
1520970 915
1520980 911
1520990 911
1521000 907
1521010 903
1521020 903
1521030 899
1521040 896
1521050 896
1521060 893
1521070 891
1521080 891
1521090 890
1521100 889
1521110 889
1521120 888
1521130 887
1521140 887
1521150 886
1521160 885
1521170 884
1521180 884
1521190 884
1521200 883
1521210 883
1521220 881
1521230 880
1521240 880
1521250 880
1521260 879
1521270 879
1521280 876
1521290 871
1521300 871
1521310 873
1521320 875
1521330 875
1521340 874
1521350 873
1521360 873
1521370 871
1521380 870
1521390 870
1521400 869
1521410 868
1521420 868
1521430 868
1521440 869
1521450 869
1521460 870
1521470 869
1521480 869
1521490 871
1521500 872
1521510 872
1521520 873
1521530 874
1521540 874
1521550 874
1521560 874
1521570 874
1521580 873
1521590 873
1521600 873
1521610 873
1521620 872
1521630 872
1521640 873
1521650 873
1521660 873
1521670 874
1521680 873
1521690 873
1521700 873
1521710 872
1521720 872
1521730 872
1521740 872
1521750 872
1521760 871
1521770 871
1521780 871
1521790 870
1521800 870
1521810 870
1521820 868
1521830 868
1521840 868
1521850 868
1521860 867
1521870 867
1521880 868
1521890 868
1521900 867
1521910 867
1521920 868
1521930 868
1521940 868
1521950 869
1521960 871
1521970 871
1521980 873
1521990 875
1522000 875
1522010 876
1522020 878
1522030 878
1522040 879
1522050 880
1522060 880
1522070 881
1522080 882
1522090 882
1522100 882
1522110 882
1522120 882
1522130 882
1522140 882
1522150 882
1522160 882
1522170 882
1522180 882
1522190 882
1522200 882
1522210 882
1522220 882
1522230 881
1522240 881
1522250 881
1522260 880
1522270 880
1522280 879
1522290 878
1522300 878
1522310 877
1522320 876
1522330 876
1522340 874
1522350 872
1522360 872
1522370 870
1522380 868
1522390 868
1522400 865
1522410 863
1522420 863
1522430 861
1522440 859
1522450 859
1522460 857
1522470 855
1522480 855
1522490 854
1522500 853
1522510 853
1522520 852
1522530 852
1522540 852
1522550 851
1522560 849
1522570 849
1522580 847
1522590 844
1522600 844
1522610 841
1522620 841
1522630 841
1522640 844
1522650 847
1522660 850
1522670 850
1522680 852
1522690 858
1522700 858
1522710 860
1522720 862
1522730 862
1522740 864
1522750 866
1522760 866
1522770 868
1522780 870
1522790 870
1522800 872
1522810 874
1522820 874
1522830 875
1522840 876
1522850 876
1522860 877
1522870 878
1522880 878
1522890 877
1522900 877
1522910 877
1522920 877
1522930 877
1522940 877
1522950 877
1522960 876
1522970 876
1522980 875
1522990 875
1523000 875
1523010 873
1523020 869
1523030 869
1523040 865
1523050 864
1523060 864
1523070 864
1523080 864
1523090 864
1523100 866
1523110 868
1523120 868
1523130 869
1523140 871
1523150 871
1523160 872
1523170 873
1523180 873
1523190 874
1523200 874
1523210 874
1523220 874
1523230 873
1523240 873
1523250 873
1523260 872
1523270 872
1523280 872
1523290 871
1523300 871
1523310 871
1523320 870
1523330 870
1523340 869
1523350 869
1523360 869
1523370 869
1523380 868
1523390 868
1523400 868
1523410 867
1523420 867
1523430 867
1523440 868
1523450 869
1523460 869
1523470 870
1523480 872
1523490 872
1523500 872
1523510 874
1523520 874
1523530 877
1523540 879
1523550 879
1523560 880
1523570 880
1523580 880
1523590 880
1523600 880
1523610 880
1523620 880
1523630 880
1523640 880
1523650 881
1523660 882
1523670 882
1523680 883
1523690 885
1523700 885
1523710 887
1523720 890
1523730 890
1523740 892
1523750 894
1523760 894
1523770 895
1523780 896
1523790 896
1523800 897
1523810 897
1523820 897
1523830 898
1523840 899
1523850 899
1523860 900
1523870 902
1523880 902
1523890 903
1523900 904
1523910 904
1523920 905
1523930 905
1523940 905
1523950 905
1523960 905
1523970 905
1523980 906
1523990 906
1524000 906
1524010 907
1524020 907
1524030 907
1524040 908
1524050 909
1524060 909
1524070 909
1524080 910
1524090 910
1524100 911
1524110 911
1524120 911
1524130 911
1524140 911
1524150 911
1524160 911
1524170 911
1524180 910
1524190 910
1524200 911
1524210 911
1524220 911
1524230 912
1524240 912
1524250 912
1524260 912
1524270 911
1524280 911
1524290 911
1524300 910
1524310 910
1524320 910
1524330 909
1524340 909
1524350 909
1524360 909
1524370 909
1524380 909
1524390 908
1524400 908
1524410 907
1524420 906
1524430 906
1524440 906
1524450 905
1524460 905
1524470 905
1524480 904
1524490 904
1524500 902
1524510 901
1524520 901
1524530 900
1524540 900
1524550 900
1524560 900
1524570 899
1524580 899
1524590 899
1524600 899
1524610 899
1524620 899
1524630 898
1524640 898
1524650 898
1524660 898
1524670 898
1524680 898
1524690 898
1524700 898
1524710 898
1524720 899
1524730 899
1524740 899
1524750 900
1524760 900
1524770 900
1524780 901
1524790 901
1524800 901
1524810 901
1524820 901
1524830 901
1524840 900
1524850 899
1524860 899
1524870 897
1524880 894
1524890 894
1524900 892
1524910 890
1524920 890
1524930 888
1524940 886
1524950 886
1524960 883
1524970 881
1524980 881
1524990 878
1525000 875
1525010 875
1525020 873
1525030 871
1525040 871
1525050 868
1525060 866
1525070 866
1525080 865
1525090 862
1525100 862
1525110 860
1525120 858
1525130 858
1525140 856
1525150 854
1525160 854
1525170 852
1525180 849
1525190 849
1525200 847
1525210 844
1525220 844
1525230 841
1525240 840
1525250 840
1525260 838
1525270 836
1525280 836
1525290 833
1525300 829
1525310 829
1525320 826
1525330 824
1525340 824
1525350 821
1525360 819
1525370 819
1525380 818
1525390 816
1525400 816
1525410 814
1525420 812
1525430 812
1525440 810
1525450 808
1525460 808
1525470 806
1525480 804
1525490 804
1525500 803
1525510 801
1525520 801
1525530 798
1525540 796
1525550 796
1525560 793
1525570 791
1525580 791
1525590 790
1525600 788
1525610 786
1525620 786
1525630 783
1525640 779
1525650 779
1525660 775
1525670 771
1525680 771
1525690 768
1525700 766
1525710 766
1525720 764
1525730 761
1525740 761
1525750 759
1525760 756
1525770 756
1525780 753
1525790 750
1525800 750
1525810 746
1525820 740
1525830 740
1525840 734
1525850 728
1525860 728
1525870 723
1525880 719
1525890 719
1525900 715
1525910 711
1525920 711
1525930 707
1525940 706
1525950 706
1525960 699
1525970 690
1525980 690
1525990 681
1526000 674
1526010 674
1526020 669
1526030 663
1526040 663
1526050 664
1526060 672
1526070 672
1526080 678
1526090 683
1526100 683
1526110 688
1526120 693
1526130 693
1526140 697
1526150 702
1526160 702
1526170 706
1526180 709
1526190 709
1526200 711
1526210 714
1526220 714
1526230 716
1526240 718
1526250 718
1526260 720
1526270 723
1526280 723
1526290 725
1526300 726
1526310 726
1526320 728
1526330 729
1526340 730
1526350 730
1526360 731
1526370 732
1526380 732
1526390 733
1526400 733
1526410 733
1526420 734
1526430 734
1526440 734
1526450 735
1526460 736
1526470 736
1526480 737
1526490 737
1526500 737
1526510 737
1526520 738
1526530 738
1526540 738
1526550 738
1526560 738
1526570 738
1526580 738
1526590 738
1526600 738
1526610 739
1526620 739
1526630 739
1526640 739
1526650 739
1526660 739
1526670 739
1526680 739
1526690 739
1526700 740
1526710 740
1526720 741
1526730 741
1526740 741
1526750 742
1526760 743
1526770 743
1526780 744
1526790 745
1526800 745
1526810 746
1526820 747
1526830 747
1526840 747
1526850 748
1526860 748
1526870 749
1526880 749
1526890 749
1526900 750
1526910 750
1526920 750
1526930 749
1526940 749
1526950 749
1526960 748
1526970 748
1526980 748
1526990 746
1527000 745
1527010 745
1527020 743
1527030 741
1527040 741
1527050 739
1527060 735
1527070 732
1527080 732
1527090 730
1527100 728
1527110 728
1527120 726
1527130 723
1527140 723
1527150 721
1527160 718
1527170 718
1527180 715
1527190 713
1527200 713
1527210 710
1527220 708
1527230 708
1527240 706
1527250 704
1527260 704
1527270 702
1527280 700
1527290 700
1527300 696
1527310 693
1527320 693
1527330 692
1527340 691
1527350 691
1527360 689
1527370 687
1527380 687
1527390 685
1527400 683
1527410 683
1527420 681
1527430 678
1527440 678
1527450 676
1527460 673
1527470 673
1527480 669
1527490 666
1527500 666
1527510 661
1527520 657
1527530 657
1527540 653
1527550 650
1527560 650
1527570 649
1527580 650
1527590 650
1527600 648
1527610 646
1527620 646
1527630 644
1527640 641
1527650 641
1527660 639
1527670 636
1527680 636
1527690 634
1527700 632
1527710 632
1527720 630
1527730 627
1527740 627
1527750 623
1527760 617
1527770 617
1527780 612
1527790 606
1527800 606
1527810 601
1527820 596
1527830 592
1527840 592
1527850 588
1527860 585
1527870 585
1527880 583
1527890 580
1527900 580
1527910 577
1527920 575
1527930 575
1527940 573
1527950 572
1527960 572
1527970 571
1527980 570
1527990 570
1528000 571
1528010 571
1528020 571
1528030 571
1528040 572
1528050 572
1528060 573
1528070 572
1528080 572
1528090 572
1528100 571
1528110 571
1528120 570
1528130 568
1528140 568
1528150 566
1528160 564
1528170 564
1528180 561
1528190 558
1528200 558
1528210 556
1528220 555
1528230 555
1528240 553
1528250 549
1528260 549
1528270 545
1528280 542
1528290 542
1528300 542
1528310 542
1528320 542
1528330 542
1528340 541
1528350 541
1528360 541
1528370 541
1528380 541
1528390 540
1528400 538
1528410 538
1528420 536
1528430 534
1528440 534
1528450 532
1528460 529
1528470 529
1528480 527
1528490 524
1528500 524
1528510 522
1528520 521
1528530 521
1528540 520
1528550 519
1528560 517
1528570 517
1528580 514
1528590 511
1528600 511
1528610 510
1528620 508
1528630 508
1528640 508
1528650 508
1528660 508
1528670 509
1528680 509
1528690 509
1528700 508
1528710 507
1528720 507
1528730 504
1528740 502
1528750 502
1528760 500
1528770 497
1528780 497
1528790 495
1528800 494
1528810 494
1528820 493
1528830 492
1528840 492
1528850 492
1528860 492
1528870 492
1528880 491
1528890 491
1528900 491
1528910 491
1528920 490
1528930 490
1528940 489
1528950 489
1528960 489
1528970 487
1528980 485
1528990 485
1529000 484
1529010 485
1529020 485
1529030 485
1529040 486
1529050 486
1529060 486
1529070 486
1529080 486
1529090 486
1529100 486
1529110 486
1529120 487
1529130 488
1529140 488
1529150 487
1529160 486
1529170 486
1529180 486
1529190 486
1529200 486
1529210 485
1529220 485
1529230 485
1529240 485
1529250 485
1529260 485
1529270 485
1529280 485
1529290 485
1529300 485
1529310 484
1529320 484
1529330 484
1529340 484
1529350 484
1529360 484
1529370 484
1529380 484
1529390 484
1529400 484
1529410 484
1529420 484
1529430 484
1529440 484
1529450 484
1529460 483
1529470 483
1529480 483
1529490 483
1529500 483
1529510 483
1529520 483
1529530 483
1529540 483
1529550 484
1529560 486
1529570 486
1529580 491
1529590 496
1529600 496
1529610 499
1529620 502
1529630 502
1529640 505
1529650 506
1529660 506
1529670 507
1529680 507
1529690 507
1529700 506
1529710 508
1529720 508
1529730 510
1529740 510
1529750 510
1529760 510
1529770 508
1529780 508
1529790 511
1529800 513
1529810 513
1529820 514
1529830 515
1529840 515
1529850 516
1529860 516
1529870 516
1529880 517
1529890 517
1529900 517
1529910 518
1529920 518
1529930 518
1529940 518
1529950 518
1529960 518
1529970 519
1529980 517
1529990 517
1530000 517
1530010 518
1530020 518
1530030 518
1530040 518
1530050 517
1530060 517
1530070 514
1530080 514
1530090 514
1530100 516
1530110 516
1530120 516
1530130 515
1530140 515
1530150 515
1530160 515
1530170 513
1530180 513
1530190 510
1530200 506
1530210 506
1530220 501
1530230 497
1530240 497
1530250 499
1530260 504
1530270 504
1530280 510
1530290 514
1530300 514
1530310 517
1530320 520
1530330 520
1530340 523
1530350 524
1530360 524
1530370 526
1530380 528
1530390 528
1530400 530
1530410 532
1530420 532
1530430 534
1530440 535
1530450 535
1530460 537
1530470 539
1530480 539
1530490 541
1530500 544
1530510 544
1530520 546
1530530 548
1530540 548
1530550 550
1530560 552
1530570 552
1530580 554
1530590 556
1530600 556
1530610 559
1530620 561
1530630 561
1530640 563
1530650 565
1530660 565
1530670 566
1530680 568
1530690 568
1530700 569
1530710 570
1530720 570
1530730 570
1530740 568
1530750 568
1530760 565
1530770 561
1530780 557
1530790 557
1530800 554
1530810 554
1530820 554
1530830 554
1530840 553
1530850 553
1530860 553
1530870 553
1530880 553
1530890 554
1530900 555
1530910 555
1530920 555
1530930 556
1530940 556
1530950 556
1530960 557
1530970 557
1530980 558
1530990 559
1531000 559
1531010 559
1531020 560
1531030 560
1531040 560
1531050 561
1531060 561
1531070 561
1531080 562
1531090 562
1531100 562
1531110 564
1531120 564
1531130 565
1531140 566
1531150 566
1531160 566
1531170 567
1531180 567
1531190 569
1531200 570
1531210 570
1531220 570
1531230 572
1531240 572
1531250 574
1531260 575
1531270 575
1531280 577
1531290 579
1531300 579
1531310 584
1531320 590
1531330 590
1531340 594
1531350 599
1531360 599
1531370 603
1531380 607
1531390 607
1531400 610
1531410 613
1531420 613
1531430 616
1531440 619
1531450 619
1531460 621
1531470 623
1531480 623
1531490 624
1531500 625
1531510 624
1531520 624
1531530 622
1531540 622
1531550 622
1531560 622
1531570 621
1531580 621
1531590 620
1531600 619
1531610 619
1531620 618
1531630 619
1531640 619
1531650 618
1531660 618
1531670 618
1531680 618
1531690 618
1531700 618
1531710 618
1531720 618
1531730 618
1531740 620
1531750 620
1531760 617
1531770 618
1531780 619
1531790 619
1531800 619
1531810 620
1531820 620
1531830 621
1531840 622
1531850 622
1531860 622
1531870 623
1531880 623
1531890 623
1531900 624
1531910 624
1531920 626
1531930 628
1531940 628
1531950 630
1531960 632
1531970 632
1531980 634
1531990 636
1532000 636
1532010 638
1532020 641
1532030 641
1532040 644
1532050 647
1532060 647
1532070 650
1532080 653
1532090 653
1532100 656
1532110 658
1532120 658
1532130 662
1532140 663
1532150 663
1532160 656
1532170 645
1532180 645
1532190 647
1532200 649
1532210 649
1532220 647
1532230 647
1532240 649
1532250 649
1532260 650
1532270 649
1532280 649
1532290 647
1532300 647
1532310 647
1532320 647
1532330 648
1532340 648
1532350 649
1532360 649
1532370 649
1532380 650
1532390 653
1532400 653
1532410 655
1532420 658
1532430 658
1532440 659
1532450 664
1532460 664
1532470 668
1532480 670
1532490 670
1532500 669
1532510 668
1532520 668
1532530 665
1532540 661
1532550 661
1532560 658
1532570 655
1532580 655
1532590 652
1532600 646
1532610 646
1532620 643
1532630 639
1532640 639
1532650 637
1532660 633
1532670 633
1532680 629
1532690 624
1532700 624
1532710 617
1532720 609
1532730 609
1532740 603
1532750 597
1532760 597
1532770 591
1532780 582
1532790 582
1532800 574
1532810 571
1532820 571
1532830 571
1532840 573
1532850 573
1532860 574
1532870 573
1532880 573
1532890 575
1532900 576
1532910 576
1532920 576
1532930 574
1532940 574
1532950 573
1532960 571
1532970 571
1532980 569
1532990 565
1533000 559
1533010 559
1533020 554
1533030 549
1533040 549
1533050 542
1533060 535
1533070 535
1533080 531
1533090 527
1533100 527
1533110 524
1533120 520
1533130 520
1533140 516
1533150 513
1533160 513
1533170 510
1533180 506
1533190 506
1533200 502
1533210 499
1533220 499
1533230 497
1533240 496
1533250 496
1533260 494
1533270 493
1533280 493
1533290 493
1533300 493
1533310 493
1533320 492
1533330 488
1533340 488
1533350 485
1533360 482
1533370 482
1533380 481
1533390 480
1533400 480
1533410 480
1533420 479
1533430 479
1533440 479
1533450 479
1533460 479
1533470 479
1533480 479
1533490 479
1533500 479
1533510 479
1533520 479
1533530 479
1533540 479
1533550 479
1533560 479
1533570 479
1533580 479
1533590 479
1533600 479
1533610 479
1533620 480
1533630 481
1533640 481
1533650 481
1533660 481
1533670 481
1533680 482
1533690 483
1533700 483
1533710 485
1533720 487
1533730 489
1533740 489
1533750 492
1533760 494
1533770 494
1533780 496
1533790 498
1533800 498
1533810 500
1533820 501
1533830 501
1533840 503
1533850 506
1533860 506
1533870 507
1533880 508
1533890 508
1533900 508
1533910 509
1533920 509
1533930 510
1533940 511
1533950 511
1533960 512
1533970 513
1533980 513
1533990 513
1534000 513
1534010 513
1534020 513
1534030 514
1534040 514
1534050 516
1534060 517
1534070 517
1534080 517
1534090 517
1534100 517
1534110 516
1534120 516
1534130 516
1534140 516
1534150 516
1534160 516
1534170 515
1534180 515
1534190 515
1534200 515
1534210 514
1534220 514
1534230 514
1534240 513
1534250 513
1534260 512
1534270 512
1534280 512
1534290 511
1534300 511
1534310 511
1534320 511
1534330 511
1534340 511
1534350 511
1534360 511
1534370 511
1534380 510
1534390 509
1534400 509
1534410 510
1534420 508
1534430 508
1534440 508
1534450 507
1534460 506
1534470 506
1534480 506
1534490 504
1534500 504
1534510 501
1534520 499
1534530 499
1534540 495
1534550 491
1534560 491
1534570 489
1534580 488
1534590 488
1534600 486
1534610 485
1534620 485
1534630 484
1534640 483
1534650 483
1534660 482
1534670 481
1534680 481
1534690 480
1534700 479
1534710 479
1534720 479
1534730 478
1534740 478
1534750 478
1534760 478
1534770 478
1534780 478
1534790 477
1534800 477
1534810 477
1534820 477
1534830 477
1534840 477
1534850 477
1534860 477
1534870 475
1534880 471
1534890 471
1534900 468
1534910 465
1534920 465
1534930 463
1534940 462
1534950 462
1534960 461
1534970 460
1534980 460
1534990 460
1535000 461
1535010 461
1535020 461
1535030 460
1535040 460
1535050 460
1535060 460
1535070 460
1535080 460
1535090 461
1535100 461
1535110 461
1535120 461
1535130 461
1535140 462
1535150 462
1535160 462
1535170 463
1535180 464
1535190 464
1535200 465
1535210 468
1535220 471
1535230 471
1535240 474
1535250 477
1535260 477
1535270 478
1535280 479
1535290 479
1535300 479
1535310 478
1535320 478
1535330 478
1535340 478
1535350 478
1535360 479
1535370 479
1535380 479
1535390 478
1535400 479
1535410 479
1535420 479
1535430 479
1535440 479
1535450 479
1535460 480
1535470 480
1535480 481
1535490 481
1535500 481
1535510 481
1535520 479
1535530 479
1535540 474
1535550 469
1535560 469
1535570 463
1535580 457
1535590 457
1535600 454
1535610 455
1535620 455
1535630 456
1535640 456
1535650 456
1535660 456
1535670 455
1535680 455
1535690 454
1535700 453
1535710 453
1535720 453
1535730 453
1535740 453
1535750 453
1535760 453
1535770 453
1535780 452
1535790 451
1535800 451
1535810 450
1535820 448
1535830 448
1535840 448
1535850 447
1535860 447
1535870 447
1535880 447
1535890 447
1535900 447
1535910 446
1535920 446
1535930 445
1535940 444
1535950 443
1535960 443
1535970 442
1535980 442
1535990 442
1536000 442
1536010 442
1536020 442
1536030 441
1536040 441
1536050 441
1536060 441
1536070 441
1536080 441
1536090 441
1536100 441
1536110 441
1536120 442
1536130 442
1536140 442
1536150 443
1536160 445
1536170 445
1536180 446
1536190 446
1536200 446
1536210 448
1536220 450
1536230 450
1536240 450
1536250 451
1536260 451
1536270 451
1536280 453
1536290 453
1536300 455
1536310 458
1536320 458
1536330 460
1536340 458
1536350 458
1536360 454
1536370 451
1536380 451
1536390 450
1536400 449
1536410 449
1536420 446
1536430 442
1536440 442
1536450 435
1536460 429
1536470 429
1536480 424
1536490 423
1536500 423
1536510 422
1536520 422
1536530 422
1536540 422
1536550 422
1536560 422
1536570 422
1536580 422
1536590 422
1536600 423
1536610 429
1536620 429
1536630 431
1536640 433
1536650 433
1536660 436
1536670 439
1536680 441
1536690 441
1536700 442
1536710 442
1536720 442
1536730 442
1536740 442
1536750 442
1536760 442
1536770 442
1536780 442
1536790 441
1536800 442
1536810 442
1536820 442
1536830 442
1536840 442
1536850 442
1536860 443
1536870 443
1536880 444
1536890 445
1536900 445
1536910 445
1536920 445
1536930 445
1536940 445
1536950 446
1536960 446
1536970 449
1536980 449
1536990 449
1537000 449
1537010 449
1537020 449
1537030 449
1537040 450
1537050 450
1537060 450
1537070 451
1537080 451
1537090 451
1537100 451
1537110 451
1537120 451
1537130 451
1537140 451
1537150 451
1537160 451
1537170 451
1537180 451
1537190 452
1537200 452
1537210 452
1537220 453
1537230 453
1537240 453
1537250 454
1537260 454
1537270 455
1537280 456
1537290 456
1537300 456
1537310 456
1537320 456
1537330 456
1537340 458
1537350 458
1537360 460
1537370 460
1537380 460
1537390 461
1537400 464
1537410 464
1537420 469
1537430 472
1537440 475
1537450 475
1537460 478
1537470 481
1537480 481
1537490 483
1537500 483
1537510 483
1537520 483
1537530 482
1537540 482
1537550 481
1537560 479
1537570 479
1537580 479
1537590 479
1537600 479
1537610 479
1537620 479
1537630 479
1537640 480
1537650 480
1537660 480
1537670 482
1537680 483
1537690 483
1537700 484
1537710 485
1537720 485
1537730 484
1537740 484
1537750 484
1537760 485
1537770 487
1537780 487
1537790 490
1537800 495
1537810 495
1537820 499
1537830 503
1537840 503
1537850 506
1537860 510
1537870 510
1537880 513
1537890 515
1537900 515
1537910 516
1537920 516
1537930 516
1537940 513
1537950 510
1537960 510
1537970 507
1537980 504
1537990 504
1538000 502
1538010 500
1538020 500
1538030 498
1538040 496
1538050 496
1538060 494
1538070 493
1538080 493
1538090 492
1538100 491
1538110 491
1538120 490
1538130 490
1538140 490
1538150 489
1538160 488
1538170 488
1538180 488
1538190 487
1538200 486
1538210 486
1538220 486
1538230 484
1538240 484
1538250 479
1538260 476
1538270 476
1538280 474
1538290 474
1538300 474
1538310 474
1538320 474
1538330 474
1538340 474
1538350 474
1538360 474
1538370 474
1538380 474
1538390 474
1538400 474
1538410 474
1538420 474
1538430 474
1538440 474
1538450 474
1538460 475
1538470 475
1538480 475
1538490 476
1538500 477
1538510 477
1538520 478
1538530 478
1538540 478
1538550 479
1538560 479
1538570 479
1538580 479
1538590 479
1538600 479
1538610 480
1538620 480
1538630 480
1538640 480
1538650 480
1538660 480
1538670 481
1538680 480
1538690 480
1538700 480
1538710 481
1538720 481
1538730 481
1538740 481
1538750 481
1538760 481
1538770 481
1538780 481
1538790 481
1538800 481
1538810 481
1538820 482
1538830 482
1538840 482
1538850 482
1538860 482
1538870 482
1538880 482
1538890 482
1538900 482
1538910 483
1538920 483
1538930 483
1538940 483
1538950 484
1538960 484
1538970 484
1538980 484
1538990 485
1539000 485
1539010 485
1539020 485
1539030 485
1539040 486
1539050 486
1539060 486
1539070 486
1539080 486
1539090 486
1539100 486
1539110 487
1539120 487
1539130 487
1539140 487
1539150 487
1539160 487
1539170 488
1539180 488
1539190 488
1539200 489
1539210 489
1539220 489
1539230 489
1539240 489
1539250 490
1539260 490
1539270 490
1539280 490
1539290 490
1539300 490
1539310 490
1539320 490
1539330 490
1539340 491
1539350 491
1539360 491
1539370 491
1539380 491
1539390 491
1539400 492
1539410 492
1539420 492
1539430 492
1539440 493
1539450 493
1539460 493
1539470 494
1539480 494
1539490 494
1539500 494
1539510 494
1539520 494
1539530 495
1539540 495
1539550 495
1539560 495
1539570 495
1539580 495
1539590 496
1539600 496
1539610 495
1539620 495
1539630 495
1539640 496
1539650 496
1539660 496
1539670 496
1539680 496
1539690 496
1539700 496
1539710 497
1539720 497
1539730 497
1539740 498
1539750 500
1539760 500
1539770 502
1539780 504
1539790 504
1539800 506
1539810 508
1539820 508
1539830 511
1539840 513
1539850 513
1539860 516
1539870 518
1539880 518
1539890 521
1539900 524
1539910 524
1539920 526
1539930 529
1539940 529
1539950 532
1539960 534
1539970 534
1539980 537
1539990 540
