1520000 732
1520010 732
1520020 730
1520030 727
1520040 727
1520050 725
1520060 723
1520070 723
1520080 721
1520090 719
1520100 719
1520110 717
1520120 715
1520130 715
1520140 713
1520150 710
1520160 710
1520170 708
1520180 706
1520190 706
1520200 705
1520210 703
1520220 703
1520230 701
1520240 699
1520250 699
1520260 698
1520270 697
1520280 697
1520290 697
1520300 696
1520310 696
1520320 695
1520330 694
1520340 694
1520350 692
1520360 690
1520370 690
1520380 689
1520390 687
1520400 687
1520410 686
1520420 684
1520430 684
1520440 683
1520450 682
1520460 682
1520470 680
1520480 677
1520490 677
1520500 673
1520510 669
1520520 669
1520530 666
1520540 665
1520550 665
1520560 664
1520570 663
1520580 663
1520590 664
1520600 663
1520610 663
1520620 662
1520630 662
1520640 662
1520650 663
1520660 663
1520670 662
1520680 662
1520690 661
1520700 661
1520710 661
1520720 661
1520730 660
1520740 660
1520750 660
1520760 661
1520770 661
1520780 662
1520790 667
1520800 667
1520810 671
1520820 675
1520830 675
1520840 679
1520850 682
1520860 682
1520870 685
1520880 689
1520890 689
1520900 691
1520910 693
1520920 693
1520930 695
1520940 698
1520950 698
1520960 702
1520970 704
1520980 704
1520990 706
1521000 708
1521010 708
1521020 708
1521030 709
1521040 709
1521050 709
1521060 710
1521070 710
1521080 710
1521090 711
1521100 711
1521110 712
1521120 712
1521130 712
1521140 712
1521150 713
1521160 713
1521170 713
1521180 713
1521190 713
1521200 713
1521210 714
1521220 714
1521230 714
1521240 715
1521250 715
1521260 716
1521270 717
1521280 717
1521290 717
1521300 717
1521310 717
1521320 718
1521330 719
1521340 719
1521350 721
1521360 719
1521370 719
1521380 720
1521390 720
1521400 720
1521410 721
1521420 722
1521430 723
1521440 723
1521450 724
1521460 724
1521470 724
1521480 725
1521490 725
1521500 725
1521510 725
1521520 725
1521530 725
1521540 725
1521550 724
1521560 724
1521570 724
1521580 722
1521590 722
1521600 718
1521610 713
1521620 713
1521630 707
1521640 702
1521650 702
1521660 697
1521670 693
1521680 693
1521690 688
1521700 685
1521710 685
1521720 681
1521730 676
1521740 676
1521750 673
1521760 669
1521770 669
1521780 665
1521790 662
1521800 662
1521810 658
1521820 654
1521830 654
1521840 650
1521850 647
1521860 647
1521870 643
1521880 639
1521890 639
1521900 635
1521910 632
1521920 632
1521930 631
1521940 630
1521950 630
1521960 629
1521970 627
1521980 627
1521990 626
1522000 623
1522010 623
1522020 619
1522030 616
1522040 616
1522050 621
1522060 625
1522070 625
1522080 627
1522090 628
1522100 628
1522110 630
1522120 632
1522130 632
1522140 634
1522150 636
1522160 636
1522170 638
1522180 640
1522190 641
1522200 641
1522210 643
1522220 646
1522230 646
1522240 648
1522250 650
1522260 650
1522270 653
1522280 655
1522290 655
1522300 656
1522310 658
1522320 658
1522330 659
1522340 660
1522350 660
1522360 662
1522370 663
1522380 663
1522390 664
1522400 664
1522410 664
1522420 665
1522430 666
1522440 666
1522450 666
1522460 666
1522470 666
1522480 665
1522490 665
1522500 665
1522510 665
1522520 665
1522530 665
1522540 664
1522550 663
1522560 663
1522570 661
1522580 659
1522590 659
1522600 657
1522610 654
1522620 654
1522630 650
1522640 645
1522650 645
1522660 641
1522670 638
1522680 638
1522690 635
1522700 633
1522710 633
1522720 630
1522730 628
1522740 628
1522750 625
1522760 622
1522770 622
1522780 617
1522790 613
1522800 613
1522810 609
1522820 606
1522830 606
1522840 603
1522850 599
1522860 599
1522870 594
1522880 590
1522890 590
1522900 593
1522910 599
1522920 599
1522930 604
1522940 607
1522950 609
1522960 609
1522970 613
1522980 617
1522990 617
1523000 620
1523010 623
1523020 623
1523030 626
1523040 627
1523050 627
1523060 630
1523070 633
1523080 633
1523090 636
1523100 639
1523110 639
1523120 641
1523130 642
1523140 642
1523150 644
1523160 645
1523170 645
1523180 645
1523190 646
1523200 646
1523210 645
1523220 645
1523230 645
1523240 644
1523250 643
1523260 643
1523270 641
1523280 639
1523290 639
1523300 637
1523310 635
1523320 635
1523330 632
1523340 629
1523350 629
1523360 625
1523370 620
1523380 620
1523390 615
1523400 610
1523410 610
1523420 606
1523430 604
1523440 604
1523450 604
1523460 602
1523470 602
1523480 600
1523490 596
1523500 596
1523510 592
1523520 594
1523530 594
1523540 600
1523550 603
1523560 603
1523570 604
1523580 605
1523590 605
1523600 605
1523610 604
1523620 604
1523630 603
1523640 601
1523650 601
1523660 600
1523670 598
1523680 598
1523690 596
1523700 594
1523710 592
1523720 592
1523730 590
1523740 588
1523750 588
1523760 587
1523770 587
1523780 587
1523790 588
1523800 588
1523810 588
1523820 588
1523830 589
1523840 589
1523850 591
1523860 592
1523870 592
1523880 591
1523890 592
1523900 592
1523910 593
1523920 595
1523930 595
1523940 598
1523950 600
1523960 600
1523970 601
1523980 603
1523990 603
1524000 605
1524010 606
1524020 606
1524030 608
1524040 610
1524050 610
1524060 612
1524070 615
1524080 615
1524090 616
1524100 617
1524110 617
1524120 617
1524130 618
1524140 618
1524150 618
1524160 619
1524170 619
1524180 619
1524190 619
1524200 619
1524210 619
1524220 619
1524230 619
1524240 620
1524250 623
1524260 623
1524270 625
1524280 628
1524290 628
1524300 631
1524310 636
1524320 636
1524330 640
1524340 643
1524350 643
1524360 647
1524370 650
1524380 650
1524390 654
1524400 657
1524410 657
1524420 659
1524430 662
1524440 662
1524450 665
1524460 666
1524470 668
1524480 668
1524490 671
1524500 674
1524510 674
1524520 675
1524530 675
1524540 675
1524550 677
1524560 678
1524570 678
1524580 680
1524590 682
1524600 682
1524610 685
1524620 686
1524630 686
1524640 687
1524650 688
1524660 688
1524670 690
1524680 692
1524690 692
1524700 692
1524710 695
1524720 692
1524730 695
1524740 697
1524750 697
1524760 698
1524770 700
1524780 700
1524790 702
1524800 704
1524810 704
1524820 705
1524830 707
1524840 707
1524850 709
1524860 712
1524870 712
1524880 715
1524890 719
1524900 719
1524910 722
1524920 725
1524930 725
1524940 728
1524950 730
1524960 730
1524970 731
1524980 732
1524990 732
1525000 730
1525010 727
1525020 727
1525030 724
1525040 726
1525050 726
1525060 732
1525070 738
1525080 738
1525090 742
1525100 746
1525110 746
1525120 750
1525130 754
1525140 754
1525150 757
1525160 761
1525170 761
1525180 765
1525190 770
1525200 770
1525210 775
1525220 780
1525230 784
1525240 784
1525250 789
1525260 794
1525270 794
1525280 798
1525290 803
1525300 803
1525310 807
1525320 811
1525330 811
1525340 816
1525350 821
1525360 821
1525370 825
1525380 830
1525390 830
1525400 835
1525410 839
1525420 839
1525430 844
1525440 849
1525450 849
1525460 853
1525470 858
1525480 858
1525490 862
1525500 867
1525510 867
1525520 872
1525530 875
1525540 875
1525550 879
1525560 882
1525570 882
1525580 885
1525590 887
1525600 887
1525610 889
1525620 891
1525630 891
1525640 893
1525650 894
1525660 894
1525670 895
1525680 895
1525690 895
1525700 896
1525710 895
1525720 895
1525730 893
1525740 890
1525750 890
1525760 887
1525770 884
1525780 884
1525790 880
1525800 877
1525810 877
1525820 875
1525830 872
1525840 872
1525850 869
1525860 866
1525870 866
1525880 863
1525890 861
1525900 861
1525910 859
1525920 857
1525930 857
1525940 856
1525950 856
1525960 856
1525970 856
1525980 857
1525990 858
1526000 858
1526010 859
1526020 860
1526030 860
1526040 861
1526050 862
1526060 862
1526070 863
1526080 864
1526090 864
1526100 865
1526110 866
1526120 866
1526130 867
1526140 868
1526150 868
1526160 869
1526170 871
1526180 871
1526190 872
1526200 873
1526210 873
1526220 874
1526230 876
1526240 876
1526250 877
1526260 879
1526270 879
1526280 880
1526290 880
1526300 880
1526310 879
1526320 878
1526330 878
1526340 876
1526350 874
1526360 874
1526370 872
1526380 870
1526390 870
1526400 867
1526410 865
1526420 865
1526430 862
1526440 859
1526450 859
1526460 857
1526470 854
1526480 854
1526490 852
1526500 849
1526510 849
1526520 846
1526530 844
1526540 844
1526550 842
1526560 839
1526570 839
1526580 836
1526590 833
1526600 833
1526610 831
1526620 828
1526630 828
1526640 826
1526650 823
1526660 823
1526670 821
1526680 818
1526690 818
1526700 816
1526710 815
1526720 815
1526730 812
1526740 810
1526750 808
1526760 808
1526770 806
1526780 804
1526790 804
1526800 802
1526810 799
1526820 799
1526830 797
1526840 796
1526850 796
1526860 793
1526870 791
1526880 791
1526890 789
1526900 787
1526910 787
1526920 785
1526930 783
1526940 783
1526950 781
1526960 779
1526970 779
1526980 778
1526990 779
1527000 779
1527010 778
1527020 777
1527030 777
1527040 776
1527050 774
1527060 774
1527070 772
1527080 772
1527090 772
1527100 771
1527110 770
1527120 770
1527130 767
1527140 764
1527150 764
1527160 761
1527170 759
1527180 759
1527190 759
1527200 757
1527210 757
1527220 755
1527230 755
1527240 755
1527250 755
1527260 754
1527270 754
1527280 753
1527290 752
1527300 752
1527310 751
1527320 751
1527330 751
1527340 750
1527350 749
1527360 749
1527370 748
1527380 747
1527390 747
1527400 744
1527410 744
1527420 744
1527430 744
1527440 743
1527450 743
1527460 743
1527470 742
1527480 742
1527490 741
1527500 740
1527510 739
1527520 739
1527530 737
1527540 735
1527550 735
1527560 735
1527570 736
1527580 736
1527590 735
1527600 736
1527610 736
1527620 736
1527630 736
1527640 736
1527650 736
1527660 735
1527670 735
1527680 735
1527690 735
1527700 735
1527710 736
1527720 736
1527730 736
1527740 737
1527750 737
1527760 737
1527770 737
1527780 737
1527790 737
1527800 737
1527810 740
1527820 740
1527830 739
1527840 738
1527850 738
1527860 737
1527870 736
1527880 736
1527890 734
1527900 732
1527910 732
1527920 730
1527930 728
1527940 728
1527950 726
1527960 723
1527970 723
1527980 720
1527990 715
1528000 715
1528010 710
1528020 706
1528030 706
1528040 704
1528050 704
1528060 704
1528070 702
1528080 700
1528090 700
1528100 698
1528110 696
1528120 696
1528130 693
1528140 691
1528150 691
1528160 691
1528170 691
1528180 691
1528190 691
1528200 690
1528210 690
1528220 689
1528230 689
1528240 689
1528250 689
1528260 689
1528270 687
1528280 687
1528290 685
1528300 683
1528310 683
1528320 681
1528330 682
1528340 682
1528350 684
1528360 688
1528370 688
1528380 695
1528390 699
1528400 699
1528410 701
1528420 705
1528430 705
1528440 707
1528450 710
1528460 710
1528470 712
1528480 714
1528490 714
1528500 715
1528510 716
1528520 716
1528530 716
1528540 716
1528550 716
1528560 716
1528570 716
1528580 716
1528590 717
1528600 718
1528610 718
1528620 719
1528630 720
1528640 720
1528650 722
1528660 724
1528670 724
1528680 726
1528690 727
1528700 727
1528710 728
1528720 731
1528730 731
1528740 733
1528750 735
1528760 735
1528770 738
1528780 741
1528790 741
1528800 744
1528810 746
1528820 746
1528830 748
1528840 750
1528850 750
1528860 752
1528870 754
1528880 754
1528890 755
1528900 756
1528910 756
1528920 756
1528930 756
1528940 756
1528950 755
1528960 754
1528970 754
1528980 753
1528990 752
1529000 752
1529010 750
1529020 748
1529030 746
1529040 746
1529050 744
1529060 742
1529070 742
1529080 739
1529090 736
1529100 736
1529110 734
1529120 731
1529130 731
1529140 731
1529150 729
1529160 729
1529170 727
1529180 725
1529190 725
1529200 723
1529210 719
1529220 719
1529230 717
1529240 712
1529250 712
1529260 711
1529270 710
1529280 710
1529290 707
1529300 706
1529310 706
1529320 704
1529330 702
1529340 702
1529350 700
1529360 698
1529370 698
1529380 695
1529390 694
1529400 694
1529410 692
1529420 690
1529430 690
1529440 688
1529450 686
1529460 686
1529470 685
1529480 684
1529490 684
1529500 681
1529510 679
1529520 679
1529530 679
1529540 678
1529550 678
1529560 677
1529570 676
1529580 676
1529590 675
1529600 673
1529610 673
1529620 672
1529630 671
1529640 671
1529650 669
1529660 667
1529670 667
1529680 666
1529690 665
1529700 665
1529710 663
1529720 662
1529730 662
1529740 661
1529750 660
1529760 660
1529770 658
1529780 657
1529790 656
1529800 656
1529810 654
1529820 652
1529830 652
1529840 650
1529850 648
1529860 648
1529870 646
1529880 643
1529890 643
1529900 640
1529910 636
1529920 636
1529930 633
1529940 630
1529950 630
1529960 625
1529970 620
1529980 620
1529990 616
1530000 611
1530010 611
1530020 605
1530030 601
1530040 601
1530050 597
1530060 593
1530070 593
1530080 590
1530090 588
1530100 588
1530110 589
1530120 590
1530130 590
1530140 590
1530150 591
1530160 591
1530170 590
1530180 590
1530190 590
1530200 590
1530210 589
1530220 589
1530230 588
1530240 587
1530250 587
1530260 586
1530270 585
1530280 585
1530290 584
1530300 583
1530310 583
1530320 582
1530330 581
1530340 581
1530350 580
1530360 578
1530370 578
1530380 577
1530390 576
1530400 576
1530410 575
1530420 573
1530430 573
1530440 572
1530450 570
1530460 570
1530470 568
1530480 567
1530490 567
1530500 565
1530510 563
1530520 563
1530530 562
1530540 560
1530550 559
1530560 559
1530570 558
1530580 557
1530590 557
1530600 556
1530610 554
1530620 554
1530630 552
1530640 551
1530650 551
1530660 550
1530670 549
1530680 549
1530690 547
1530700 548
1530710 548
1530720 546
1530730 543
1530740 543
1530750 540
1530760 535
1530770 535
1530780 528
1530790 522
1530800 522
1530810 518
1530820 514
1530830 514
1530840 509
1530850 502
1530860 502
1530870 494
1530880 487
1530890 487
1530900 478
1530910 471
1530920 471
1530930 468
1530940 468
1530950 468
1530960 468
1530970 467
1530980 467
1530990 465
1531000 466
1531010 466
1531020 468
1531030 468
1531040 468
1531050 468
1531060 469
1531070 469
1531080 469
1531090 473
1531100 473
1531110 478
1531120 483
1531130 483
1531140 489
1531150 493
1531160 493
1531170 496
1531180 497
1531190 497
1531200 498
1531210 498
1531220 498
1531230 499
1531240 500
1531250 500
1531260 500
1531270 501
1531280 501
1531290 502
1531300 502
1531310 503
1531320 503
1531330 503
1531340 503
1531350 503
1531360 503
1531370 503
1531380 503
1531390 504
1531400 504
1531410 504
1531420 504
1531430 504
1531440 504
1531450 504
1531460 504
1531470 504
1531480 504
1531490 504
1531500 504
1531510 505
1531520 505
1531530 505
1531540 505
1531550 505
1531560 505
1531570 505
1531580 505
1531590 505
1531600 506
1531610 506
1531620 506
1531630 506
1531640 506
1531650 506
1531660 506
1531670 507
1531680 507
1531690 507
1531700 507
1531710 507
1531720 507
1531730 507
1531740 507
1531750 507
1531760 507
1531770 507
1531780 507
1531790 507
1531800 507
1531810 506
1531820 506
1531830 506
1531840 506
1531850 506
1531860 506
1531870 506
1531880 505
1531890 505
1531900 505
1531910 505
1531920 505
1531930 505
1531940 504
1531950 504
1531960 504
1531970 504
1531980 504
1531990 503
1532000 503
1532010 503
1532020 504
1532030 504
1532040 504
1532050 504
1532060 504
1532070 503
1532080 503
1532090 503
1532100 503
1532110 503
1532120 503
1532130 503
1532140 503
1532150 503
1532160 502
1532170 502
1532180 502
1532190 502
1532200 502
1532210 502
1532220 502
1532230 502
1532240 502
1532250 502
1532260 502
1532270 501
1532280 501
1532290 501
1532300 500
1532310 500
1532320 500
1532330 500
1532340 500
1532350 500
1532360 500
1532370 499
1532380 499
1532390 499
1532400 499
1532410 499
1532420 499
1532430 499
1532440 499
1532450 498
1532460 498
1532470 498
1532480 498
1532490 498
1532500 498
1532510 498
1532520 498
1532530 498
1532540 498
1532550 498
1532560 498
1532570 498
1532580 498
1532590 498
1532600 499
1532610 499
1532620 499
1532630 499
1532640 499
1532650 499
1532660 498
1532670 498
1532680 498
1532690 498
1532700 498
1532710 498
1532720 497
1532730 496
1532740 496
1532750 497
1532760 497
1532770 497
1532780 497
1532790 497
1532800 497
1532810 496
1532820 495
1532830 495
1532840 495
1532850 494
1532860 493
1532870 493
1532880 493
1532890 492
1532900 492
1532910 492
1532920 492
1532930 492
1532940 492
1532950 491
1532960 491
1532970 491
1532980 491
1532990 491
1533000 490
1533010 490
1533020 490
1533030 489
1533040 489
1533050 489
1533060 488
1533070 488
1533080 488
1533090 488
1533100 488
1533110 488
1533120 487
1533130 487
1533140 487
1533150 487
1533160 487
1533170 487
1533180 487
1533190 487
1533200 487
1533210 487
1533220 487
1533230 487
1533240 487
1533250 487
1533260 487
1533270 487
1533280 487
1533290 487
1533300 487
1533310 487
1533320 487
1533330 487
1533340 486
1533350 486
1533360 486
1533370 486
1533380 486
1533390 486
1533400 486
1533410 486
1533420 486
1533430 486
1533440 486
1533450 486
1533460 486
1533470 486
1533480 486
1533490 486
1533500 486
1533510 486
1533520 486
1533530 486
1533540 486
1533550 485
1533560 485
1533570 485
1533580 485
1533590 485
1533600 485
1533610 485
1533620 485
1533630 485
1533640 486
1533650 486
1533660 486
1533670 486
1533680 486
1533690 486
1533700 486
1533710 484
1533720 484
1533730 485
1533740 485
1533750 485
1533760 485
1533770 485
1533780 485
1533790 486
1533800 486
1533810 486
1533820 486
1533830 487
1533840 487
1533850 487
1533860 487
1533870 487
1533880 488
1533890 488
1533900 488
1533910 488
1533920 488
1533930 488
1533940 488
1533950 488
1533960 488
1533970 488
1533980 488
1533990 488
1534000 488
1534010 487
1534020 487
1534030 487
1534040 486
1534050 486
1534060 485
1534070 484
1534080 484
1534090 484
1534100 483
1534110 483
1534120 483
1534130 482
1534140 482
1534150 482
1534160 481
1534170 481
1534180 481
1534190 481
1534200 481
1534210 481
1534220 482
1534230 482
1534240 482
1534250 482
1534260 482
1534270 482
1534280 480
1534290 480
1534300 479
1534310 479
1534320 479
1534330 479
1534340 479
1534350 479
1534360 479
1534370 479
1534380 479
1534390 479
1534400 479
1534410 479
1534420 479
1534430 479
1534440 478
1534450 478
1534460 477
1534470 476
1534480 476
1534490 475
1534500 475
1534510 475
1534520 475
1534530 475
1534540 475
1534550 474
1534560 474
1534570 474
1534580 475
1534590 477
1534600 477
1534610 476
1534620 474
1534630 474
1534640 473
1534650 473
1534660 473
1534670 473
1534680 473
1534690 473
1534700 473
1534710 473
1534720 473
1534730 473
1534740 473
1534750 473
1534760 473
1534770 473
1534780 473
1534790 473
1534800 473
1534810 473
1534820 474
1534830 475
1534840 475
1534850 474
1534860 476
1534870 476
1534880 478
1534890 479
1534900 479
1534910 479
1534920 479
1534930 479
1534940 478
1534950 478
1534960 478
1534970 479
1534980 479
1534990 479
1535000 478
1535010 478
1535020 478
1535030 478
1535040 478
1535050 478
1535060 478
1535070 478
1535080 478
1535090 478
1535100 478
1535110 478
1535120 478
1535130 478
1535140 479
1535150 479
1535160 479
1535170 479
1535180 479
1535190 479
1535200 479
1535210 479
1535220 479
1535230 479
1535240 479
1535250 479
1535260 478
1535270 478
1535280 478
1535290 478
1535300 478
1535310 478
1535320 478
1535330 478
1535340 478
1535350 478
1535360 478
1535370 477
1535380 475
1535390 475
1535400 475
1535410 475
1535420 475
1535430 475
1535440 475
1535450 475
1535460 475
1535470 475
1535480 475
1535490 475
1535500 475
1535510 475
1535520 475
1535530 475
1535540 475
1535550 475
1535560 474
1535570 474
1535580 474
1535590 474
1535600 474
1535610 474
1535620 474
1535630 474
1535640 474
1535650 473
1535660 473
1535670 468
1535680 461
1535690 461
1535700 454
1535710 448
1535720 448
1535730 441
1535740 434
1535750 434
1535760 427
1535770 423
1535780 423
1535790 422
1535800 422
1535810 422
1535820 422
1535830 422
1535840 422
1535850 422
1535860 422
1535870 422
1535880 422
1535890 422
1535900 422
1535910 422
1535920 423
1535930 427
1535940 427
1535950 431
1535960 435
1535970 435
1535980 436
1535990 436
1536000 436
1536010 436
1536020 436
1536030 436
1536040 437
1536050 437
1536060 437
1536070 438
1536080 440
1536090 440
1536100 441
1536110 441
1536120 441
1536130 441
1536140 441
1536150 441
1536160 442
1536170 442
1536180 442
1536190 443
1536200 443
1536210 443
1536220 444
1536230 445
1536240 445
1536250 445
1536260 445
1536270 445
1536280 446
1536290 448
1536300 448
1536310 448
1536320 449
1536330 449
1536340 450
1536350 451
1536360 451
1536370 452
1536380 454
1536390 454
1536400 455
1536410 456
1536420 456
1536430 459
1536440 460
1536450 460
1536460 461
1536470 465
1536480 465
1536490 469
1536500 473
1536510 473
1536520 476
1536530 477
1536540 477
1536550 477
1536560 477
1536570 477
1536580 476
1536590 476
1536600 476
1536610 476
1536620 476
1536630 476
1536640 476
1536650 476
1536660 476
1536670 476
1536680 477
1536690 477
1536700 477
1536710 477
1536720 476
1536730 476
1536740 476
1536750 476
1536760 476
1536770 476
1536780 476
1536790 476
1536800 476
1536810 476
1536820 476
1536830 476
1536840 476
1536850 476
1536860 476
1536870 476
1536880 476
1536890 476
1536900 476
1536910 476
1536920 475
1536930 473
1536940 473
1536950 472
1536960 472
1536970 472
1536980 471
1536990 471
1537000 471
1537010 471
1537020 471
1537030 471
1537040 471
1537050 471
1537060 471
1537070 471
1537080 471
1537090 471
1537100 472
1537110 472
1537120 472
1537130 472
1537140 472
1537150 472
1537160 472
1537170 472
1537180 472
1537190 472
1537200 471
1537210 471
1537220 471
1537230 471
1537240 471
1537250 471
1537260 471
1537270 471
1537280 471
1537290 471
1537300 471
1537310 471
1537320 471
1537330 471
1537340 471
1537350 471
1537360 471
1537370 471
1537380 471
1537390 471
1537400 471
1537410 471
1537420 471
1537430 471
1537440 471
1537450 471
1537460 471
1537470 471
1537480 471
1537490 471
1537500 471
1537510 471
1537520 471
1537530 471
1537540 471
1537550 471
1537560 471
1537570 471
1537580 471
1537590 470
1537600 470
1537610 470
1537620 470
1537630 470
1537640 470
1537650 470
1537660 470
1537670 470
1537680 470
1537690 470
1537700 470
1537710 470
1537720 470
1537730 470
1537740 470
1537750 470
1537760 470
1537770 470
1537780 471
1537790 471
1537800 471
1537810 471
1537820 471
1537830 471
1537840 472
1537850 472
1537860 472
1537870 472
1537880 472
1537890 472
1537900 472
1537910 472
1537920 472
1537930 472
1537940 472
1537950 472
1537960 472
1537970 472
1537980 471
1537990 471
1538000 471
1538010 471
1538020 470
1538030 470
1538040 470
1538050 469
1538060 469
1538070 468
1538080 467
1538090 467
1538100 466
1538110 466
1538120 466
1538130 466
1538140 467
1538150 467
1538160 467
1538170 466
1538180 466
1538190 466
1538200 467
1538210 467
1538220 467
1538230 467
1538240 467
1538250 467
1538260 467
1538270 468
1538280 468
1538290 468
1538300 468
1538310 468
1538320 468
1538330 468
1538340 468
1538350 468
1538360 469
1538370 469
1538380 471
1538390 472
1538400 472
1538410 474
1538420 475
1538430 478
1538440 479
1538450 480
1538460 480
1538470 481
1538480 482
1538490 482
1538500 483
1538510 483
1538520 483
1538530 483
1538540 483
1538550 483
1538560 483
1538570 483
1538580 483
1538590 484
1538600 484
1538610 484
1538620 484
1538630 484
1538640 484
1538650 484
1538660 484
1538670 484
1538680 483
1538690 483
1538700 483
1538710 482
1538720 481
1538730 481
1538740 481
1538750 481
1538760 481
1538770 482
1538780 482
1538790 482
1538800 482
1538810 481
1538820 481
1538830 481
1538840 480
1538850 480
1538860 480
1538870 480
1538880 480
1538890 480
1538900 480
1538910 480
1538920 480
1538930 481
1538940 481
1538950 481
1538960 482
1538970 482
1538980 482
1538990 482
1539000 482
1539010 482
1539020 483
1539030 483
1539040 483
1539050 483
1539060 484
1539070 484
1539080 484
1539090 485
1539100 485
1539110 485
1539120 486
1539130 486
1539140 486
1539150 486
1539160 486
1539170 487
1539180 487
1539190 487
1539200 488
1539210 488
1539220 488
1539230 489
1539240 490
1539250 490
1539260 490
1539270 491
1539280 491
1539290 492
1539300 493
1539310 493
1539320 494
1539330 494
1539340 494
1539350 495
1539360 495
1539370 495
1539380 496
1539390 497
1539400 497
1539410 497
1539420 498
1539430 498
1539440 498
1539450 499
1539460 499
1539470 500
1539480 500
1539490 500
1539500 501
1539510 502
1539520 502
1539530 502
1539540 503
1539550 503
1539560 504
1539570 504
1539580 504
1539590 505
1539600 505
1539610 505
1539620 506
1539630 506
1539640 506
1539650 507
1539660 507
1539670 508
1539680 508
1539690 508
1539700 508
1539710 508
1539720 509
1539730 509
1539740 509
1539750 509
1539760 509
1539770 509
1539780 509
1539790 509
1539800 509
1539810 508
1539820 508
1539830 508
1539840 507
1539850 507
1539860 507
1539870 507
1539880 506
1539890 506
1539900 506
1539910 505
1539920 505
1539930 505
1539940 504
1539950 504
1539960 504
1539970 504
1539980 504
1539990 503
