1520000 500
1520010 500
1520020 500
1520030 500
1520040 500
1520050 499
1520060 499
1520070 499
1520080 498
1520090 498
1520100 498
1520110 497
1520120 495
1520130 495
1520140 493
1520150 491
1520160 491
1520170 490
1520180 489
1520190 489
1520200 488
1520210 488
1520220 488
1520230 488
1520240 487
1520250 487
1520260 487
1520270 486
1520280 486
1520290 485
1520300 485
1520310 485
1520320 484
1520330 484
1520340 484
1520350 484
1520360 484
1520370 484
1520380 484
1520390 484
1520400 484
1520410 484
1520420 485
1520430 485
1520440 485
1520450 485
1520460 485
1520470 484
1520480 484
1520490 484
1520500 484
1520510 485
1520520 485
1520530 485
1520540 485
1520550 485
1520560 485
1520570 485
1520580 485
1520590 485
1520600 486
1520610 486
1520620 486
1520630 486
1520640 486
1520650 486
1520660 486
1520670 486
1520680 486
1520690 487
1520700 487
1520710 487
1520720 487
1520730 488
1520740 488
1520750 488
1520760 488
1520770 488
1520780 489
1520790 489
1520800 489
1520810 489
1520820 489
1520830 489
1520840 490
1520850 490
1520860 490
1520870 491
1520880 491
1520890 491
1520900 491
1520910 491
1520920 491
1520930 491
1520940 491
1520950 491
1520960 492
1520970 492
1520980 492
1520990 491
1521000 491
1521010 491
1521020 491
1521030 490
1521040 490
1521050 490
1521060 490
1521070 490
1521080 489
1521090 489
1521100 489
1521110 489
1521120 489
1521130 489
1521140 489
1521150 488
1521160 488
1521170 487
1521180 487
1521190 487
1521200 486
1521210 486
1521220 486
1521230 486
1521240 486
1521250 486
1521260 486
1521270 486
1521280 486
1521290 486
1521300 486
1521310 486
1521320 486
1521330 486
1521340 486
1521350 486
1521360 486
1521370 486
1521380 486
1521390 485
1521400 485
1521410 485
1521420 484
1521430 484
1521440 484
1521450 483
1521460 483
1521470 483
1521480 483
1521490 484
1521500 484
1521510 483
1521520 483
1521530 483
1521540 481
1521550 479
1521560 479
1521570 478
1521580 478
1521590 478
1521600 478
1521610 478
1521620 478
1521630 478
1521640 478
1521650 478
1521660 478
1521670 478
1521680 478
1521690 477
1521700 478
1521710 478
1521720 478
1521730 478
1521740 478
1521750 478
1521760 478
1521770 478
1521780 478
1521790 476
1521800 476
1521810 477
1521820 478
1521830 478
1521840 478
1521850 478
1521860 478
1521870 478
1521880 478
1521890 478
1521900 478
1521910 478
1521920 478
1521930 480
1521940 481
1521950 481
1521960 486
1521970 492
1521980 492
1521990 493
1522000 493
1522010 493
1522020 494
1522030 494
1522040 494
1522050 494
1522060 495
1522070 495
1522080 495
1522090 495
1522100 495
1522110 496
1522120 496
1522130 496
1522140 497
1522150 497
1522160 496
1522170 496
1522180 496
1522190 496
1522200 497
1522210 497
1522220 497
1522230 497
1522240 497
1522250 497
1522260 497
1522270 497
1522280 497
1522290 497
1522300 497
1522310 497
1522320 497
1522330 498
1522340 498
1522350 498
1522360 498
1522370 498
1522380 498
1522390 499
1522400 499
1522410 499
1522420 499
1522430 499
1522440 499
1522450 500
1522460 500
1522470 500
1522480 500
1522490 500
1522500 500
1522510 500
1522520 500
1522530 500
1522540 500
1522550 500
1522560 500
1522570 500
1522580 500
1522590 500
1522600 500
1522610 499
1522620 499
1522630 499
1522640 499
1522650 499
1522660 499
1522670 498
1522680 498
1522690 498
1522700 498
1522710 498
1522720 497
1522730 497
1522740 497
1522750 497
1522760 496
1522770 496
1522780 496
1522790 496
1522800 496
1522810 495
1522820 495
1522830 495
1522840 495
1522850 494
1522860 494
1522870 494
1522880 493
1522890 493
1522900 493
1522910 493
1522920 493
1522930 492
1522940 492
1522950 492
1522960 492
1522970 491
1522980 491
1522990 490
1523000 490
1523010 490
1523020 490
1523030 489
1523040 489
1523050 489
1523060 488
1523070 488
1523080 488
1523090 487
1523100 486
1523110 486
1523120 486
1523130 485
1523140 485
1523150 484
1523160 483
1523170 483
1523180 483
1523190 482
1523200 482
1523210 481
1523220 481
1523230 481
1523240 480
1523250 480
1523260 480
1523270 479
1523280 478
1523290 478
1523300 478
1523310 477
1523320 477
1523330 477
1523340 476
1523350 476
1523360 476
1523370 475
1523380 475
1523390 474
1523400 473
1523410 473
1523420 472
1523430 471
1523440 471
1523450 471
1523460 471
1523470 471
1523480 470
1523490 470
1523500 470
1523510 469
1523520 468
1523530 468
1523540 468
1523550 468
1523560 468
1523570 467
1523580 467
1523590 467
1523600 467
1523610 467
1523620 467
1523630 467
1523640 468
1523650 468
1523660 469
1523670 470
1523680 470
1523690 471
1523700 471
1523710 471
1523720 471
1523730 471
1523740 471
1523750 470
1523760 469
1523770 469
1523780 468
1523790 468
1523800 468
1523810 468
1523820 468
1523830 469
1523840 469
1523850 471
1523860 473
1523870 473
1523880 474
1523890 475
1523900 475
1523910 475
1523920 476
1523930 476
1523940 476
1523950 477
1523960 477
1523970 478
1523980 478
1523990 478
1524000 479
1524010 479
1524020 479
1524030 479
1524040 480
1524050 480
1524060 480
1524070 481
1524080 481
1524090 481
1524100 481
1524110 481
1524120 481
1524130 481
1524140 481
1524150 481
1524160 480
1524170 480
1524180 480
1524190 480
1524200 480
1524210 479
1524220 478
1524230 478
1524240 477
1524250 476
1524260 476
1524270 475
1524280 474
1524290 474
1524300 474
1524310 476
1524320 476
1524330 478
1524340 479
1524350 479
1524360 480
1524370 480
1524380 480
1524390 481
1524400 481
1524410 481
1524420 481
1524430 482
1524440 482
1524450 481
1524460 481
1524470 481
1524480 479
1524490 480
1524500 480
1524510 482
1524520 483
1524530 483
1524540 484
1524550 485
1524560 485
1524570 486
1524580 487
1524590 487
1524600 488
1524610 489
1524620 490
1524630 490
1524640 491
1524650 492
1524660 492
1524670 493
1524680 494
1524690 494
1524700 495
1524710 495
1524720 495
1524730 496
1524740 496
1524750 496
1524760 497
1524770 497
1524780 497
1524790 497
1524800 496
1524810 496
1524820 496
1524830 497
1524840 497
1524850 497
1524860 497
1524870 497
1524880 497
1524890 497
1524900 497
1524910 497
1524920 497
1524930 497
1524940 497
1524950 497
1524960 497
1524970 497
1524980 497
1524990 497
1525000 497
1525010 497
1525020 497
1525030 497
1525040 497
1525050 497
1525060 498
1525070 498
1525080 498
1525090 498
1525100 498
1525110 498
1525120 498
1525130 498
1525140 498
1525150 498
1525160 498
1525170 498
1525180 499
1525190 499
1525200 499
1525210 499
1525220 500
1525230 500
1525240 500
1525250 500
1525260 500
1525270 500
1525280 501
1525290 501
1525300 501
1525310 501
1525320 501
1525330 502
1525340 502
1525350 502
1525360 502
1525370 502
1525380 502
1525390 502
1525400 502
1525410 502
1525420 503
1525430 503
1525440 503
1525450 501
1525460 501
1525470 501
1525480 501
1525490 501
1525500 501
1525510 501
1525520 500
1525530 500
1525540 500
1525550 500
1525560 499
1525570 499
1525580 499
1525590 498
1525600 498
1525610 496
1525620 494
1525630 494
1525640 492
1525650 490
1525660 490
1525670 489
1525680 487
1525690 487
1525700 486
1525710 486
1525720 486
1525730 485
1525740 484
1525750 484
1525760 484
1525770 484
1525780 484
1525790 485
1525800 485
1525810 485
1525820 486
1525830 487
1525840 487
1525850 487
1525860 488
1525870 488
1525880 489
1525890 489
1525900 489
1525910 490
1525920 490
1525930 490
1525940 490
1525950 491
1525960 491
1525970 491
1525980 491
1525990 491
1526000 491
1526010 491
1526020 491
1526030 489
1526040 486
1526050 486
1526060 485
1526070 484
1526080 484
1526090 484
1526100 484
1526110 484
1526120 484
1526130 484
1526140 484
1526150 484
1526160 484
1526170 484
1526180 485
1526190 486
1526200 486
1526210 486
1526220 487
1526230 487
1526240 487
1526250 487
1526260 488
1526270 488
1526280 488
1526290 489
1526300 489
1526310 489
1526320 490
1526330 490
1526340 490
1526350 491
1526360 491
1526370 492
1526380 493
1526390 493
1526400 494
1526410 495
1526420 495
1526430 496
1526440 497
1526450 497
1526460 498
1526470 498
1526480 498
1526490 499
1526500 500
1526510 500
1526520 501
1526530 501
1526540 501
1526550 502
1526560 503
1526570 503
1526580 503
1526590 504
1526600 504
1526610 505
1526620 505
1526630 505
1526640 506
1526650 508
1526660 508
1526670 508
1526680 509
1526690 509
1526700 509
1526710 509
1526720 509
1526730 509
1526740 508
1526750 508
1526760 507
1526770 506
1526780 506
1526790 506
1526800 505
1526810 505
1526820 505
1526830 505
1526840 505
1526850 505
1526860 505
1526870 505
1526880 505
1526890 505
1526900 505
1526910 506
1526920 507
1526930 507
1526940 507
1526950 508
1526960 508
1526970 510
1526980 511
1526990 511
1527000 512
1527010 514
1527020 514
1527030 515
1527040 516
1527050 517
1527060 517
1527070 518
1527080 519
1527090 519
1527100 519
1527110 520
1527120 520
1527130 520
1527140 520
1527150 520
1527160 521
1527170 520
1527180 520
1527190 519
1527200 519
1527210 519
1527220 519
1527230 519
1527240 519
1527250 518
1527260 518
1527270 518
1527280 515
1527290 517
1527300 517
1527310 518
1527320 518
1527330 518
1527340 517
1527350 517
1527360 517
1527370 517
1527380 517
1527390 517
1527400 517
1527410 516
1527420 516
1527430 516
1527440 516
1527450 516
1527460 515
1527470 515
1527480 515
1527490 514
1527500 514
1527510 514
1527520 513
1527530 513
1527540 513
1527550 513
1527560 514
1527570 514
1527580 515
1527590 516
1527600 516
1527610 517
1527620 516
1527630 516
1527640 518
1527650 520
1527660 520
1527670 520
1527680 520
1527690 520
1527700 522
1527710 523
1527720 523
1527730 524
1527740 524
1527750 524
1527760 525
1527770 526
1527780 526
1527790 527
1527800 527
1527810 527
1527820 528
1527830 528
1527840 528
1527850 529
1527860 529
1527870 530
1527880 530
1527890 531
1527900 532
1527910 532
1527920 533
1527930 534
1527940 534
1527950 534
1527960 535
1527970 535
1527980 535
1527990 535
1528000 535
1528010 535
1528020 535
1528030 535
1528040 534
1528050 531
1528060 531
1528070 528
1528080 528
1528090 528
1528100 529
1528110 531
1528120 531
1528130 532
1528140 532
1528150 532
1528160 532
1528170 532
1528180 532
1528190 532
1528200 531
1528210 531
1528220 530
1528230 530
1528240 530
1528250 528
1528260 526
1528270 526
1528280 525
1528290 524
1528300 524
1528310 521
1528320 520
1528330 520
1528340 519
1528350 517
1528360 517
1528370 515
1528380 513
1528390 513
1528400 512
1528410 511
1528420 511
1528430 510
1528440 508
1528450 508
1528460 507
1528470 506
1528480 506
1528490 507
1528500 506
1528510 506
1528520 505
1528530 505
1528540 505
1528550 504
1528560 504
1528570 504
1528580 503
1528590 503
1528600 503
1528610 502
1528620 502
1528630 502
1528640 501
1528650 500
1528660 500
1528670 500
1528680 499
1528690 496
1528700 496
1528710 494
1528720 491
1528730 491
1528740 490
1528750 489
1528760 489
1528770 489
1528780 488
1528790 488
1528800 489
1528810 490
1528820 490
1528830 491
1528840 492
1528850 492
1528860 492
1528870 492
1528880 492
1528890 491
1528900 491
1528910 491
1528920 489
1528930 488
1528940 488
1528950 486
1528960 485
1528970 485
1528980 483
1528990 483
1529000 483
1529010 483
1529020 482
1529030 482
1529040 482
1529050 482
1529060 482
1529070 481
1529080 481
1529090 481
1529100 483
1529110 485
1529120 485
1529130 485
1529140 487
1529150 487
1529160 490
1529170 493
1529180 493
1529190 494
1529200 496
1529210 496
1529220 497
1529230 498
1529240 498
1529250 499
1529260 500
1529270 500
1529280 501
1529290 501
1529300 501
1529310 502
1529320 503
1529330 503
1529340 504
1529350 504
1529360 504
1529370 505
1529380 505
1529390 505
1529400 506
1529410 506
1529420 506
1529430 507
1529440 507
1529450 507
1529460 507
1529470 508
1529480 508
1529490 508
1529500 508
1529510 508
1529520 508
1529530 508
1529540 508
1529550 508
1529560 508
1529570 508
1529580 508
1529590 507
1529600 507
1529610 507
1529620 506
1529630 505
1529640 505
1529650 505
1529660 504
1529670 504
1529680 503
1529690 502
1529700 502
1529710 501
1529720 500
1529730 500
1529740 499
1529750 498
1529760 498
1529770 496
1529780 495
1529790 495
1529800 493
1529810 492
1529820 492
1529830 491
1529840 490
1529850 490
1529860 489
1529870 488
1529880 488
1529890 487
1529900 486
1529910 486
1529920 485
1529930 484
1529940 484
1529950 484
1529960 483
1529970 483
1529980 483
1529990 483
1530000 483
1530010 482
1530020 482
1530030 482
1530040 481
1530050 480
1530060 480
1530070 478
1530080 475
1530090 475
1530100 473
1530110 475
1530120 475
1530130 476
1530140 477
1530150 477
1530160 478
1530170 478
1530180 478
1530190 478
1530200 478
1530210 478
1530220 478
1530230 478
1530240 478
1530250 478
1530260 478
1530270 478
1530280 478
1530290 478
1530300 478
1530310 478
1530320 478
1530330 477
1530340 477
1530350 477
1530360 477
1530370 477
1530380 476
1530390 475
1530400 475
1530410 473
1530420 469
1530430 469
1530440 465
1530450 462
1530460 462
1530470 460
1530480 458
1530490 458
1530500 455
1530510 452
1530520 452
1530530 450
1530540 449
1530550 449
1530560 449
1530570 448
1530580 448
1530590 448
1530600 448
1530610 448
1530620 448
1530630 448
1530640 448
1530650 448
1530660 448
1530670 448
1530680 448
1530690 448
1530700 448
1530710 446
1530720 444
1530730 444
1530740 445
1530750 446
1530760 446
1530770 447
1530780 447
1530790 447
1530800 447
1530810 447
1530820 447
1530830 447
1530840 447
1530850 447
1530860 448
1530870 452
1530880 452
1530890 456
1530900 461
1530910 461
1530920 466
1530930 469
1530940 469
1530950 473
1530960 476
1530970 476
1530980 477
1530990 478
1531000 478
1531010 479
1531020 481
1531030 481
1531040 481
1531050 481
1531060 481
1531070 481
1531080 483
1531090 484
1531100 484
1531110 485
1531120 486
1531130 486
1531140 487
1531150 489
1531160 489
1531170 490
1531180 492
1531190 492
1531200 493
1531210 495
1531220 495
1531230 496
1531240 498
1531250 498
1531260 499
1531270 500
1531280 500
1531290 501
1531300 502
1531310 502
1531320 504
1531330 505
1531340 505
1531350 506
1531360 507
1531370 507
1531380 508
1531390 509
1531400 509
1531410 509
1531420 510
1531430 510
1531440 511
1531450 512
1531460 512
1531470 512
1531480 513
1531490 513
1531500 514
1531510 514
1531520 514
1531530 514
1531540 515
1531550 515
1531560 515
1531570 516
1531580 516
1531590 516
1531600 516
1531610 516
1531620 516
1531630 515
1531640 515
1531650 515
1531660 515
1531670 515
1531680 514
1531690 514
1531700 514
1531710 514
1531720 513
1531730 513
1531740 512
1531750 512
1531760 512
1531770 511
1531780 511
1531790 511
1531800 510
1531810 510
1531820 510
1531830 509
1531840 509
1531850 509
1531860 509
1531870 508
1531880 508
1531890 508
1531900 508
1531910 508
1531920 508
1531930 507
1531940 507
1531950 507
1531960 506
1531970 506
1531980 506
1531990 505
1532000 504
1532010 504
1532020 504
1532030 503
1532040 503
1532050 503
1532060 503
1532070 503
1532080 503
1532090 503
1532100 503
1532110 503
1532120 503
1532130 503
1532140 503
1532150 503
1532160 503
1532170 503
1532180 503
1532190 503
1532200 502
1532210 502
1532220 502
1532230 502
1532240 503
1532250 503
1532260 503
1532270 503
1532280 503
1532290 503
1532300 503
1532310 503
1532320 503
1532330 504
1532340 504
1532350 504
1532360 504
1532370 504
1532380 504
1532390 504
1532400 504
1532410 504
1532420 504
1532430 504
1532440 504
1532450 504
1532460 504
1532470 504
1532480 503
1532490 503
1532500 503
1532510 503
1532520 503
1532530 503
1532540 503
1532550 503
1532560 503
1532570 503
1532580 503
1532590 503
1532600 503
1532610 503
1532620 503
1532630 503
1532640 503
1532650 504
1532660 504
1532670 504
1532680 504
1532690 504
1532700 504
1532710 504
1532720 505
1532730 505
1532740 505
1532750 505
1532760 505
1532770 505
1532780 505
1532790 506
1532800 506
1532810 506
1532820 506
1532830 506
1532840 506
1532850 506
1532860 506
1532870 506
1532880 506
1532890 506
1532900 506
1532910 506
1532920 506
1532930 506
1532940 506
1532950 506
1532960 505
1532970 505
1532980 505
1532990 505
1533000 505
1533010 505
1533020 504
1533030 504
1533040 504
1533050 504
1533060 503
1533070 503
1533080 503
1533090 502
1533100 502
1533110 502
1533120 502
1533130 502
1533140 502
1533150 502
1533160 502
1533170 502
1533180 502
1533190 502
1533200 502
1533210 502
1533220 502
1533230 502
1533240 502
1533250 502
1533260 503
1533270 503
1533280 503
1533290 503
1533300 503
1533310 503
1533320 504
1533330 504
1533340 504
1533350 504
1533360 504
1533370 504
1533380 505
1533390 505
1533400 505
1533410 505
1533420 505
1533430 505
1533440 505
1533450 506
1533460 506
1533470 506
1533480 506
1533490 506
1533500 506
1533510 507
1533520 507
1533530 507
1533540 507
1533550 507
1533560 507
1533570 508
1533580 508
1533590 508
1533600 508
1533610 508
1533620 508
1533630 508
1533640 509
1533650 509
1533660 509
1533670 509
1533680 509
1533690 509
1533700 509
1533710 509
1533720 509
1533730 509
1533740 509
1533750 509
1533760 509
1533770 509
1533780 509
1533790 509
1533800 509
1533810 508
1533820 508
1533830 508
1533840 508
1533850 508
1533860 508
1533870 507
1533880 507
1533890 507
1533900 506
1533910 506
1533920 506
1533930 506
1533940 506
1533950 506
1533960 506
1533970 507
1533980 507
1533990 507
1534000 507
1534010 507
1534020 507
1534030 507
1534040 507
1534050 507
1534060 507
1534070 507
1534080 507
1534090 507
1534100 507
1534110 507
1534120 507
1534130 507
1534140 507
1534150 507
1534160 507
1534170 508
1534180 508
1534190 508
1534200 508
1534210 508
1534220 508
1534230 508
1534240 508
1534250 508
1534260 508
1534270 508
1534280 508
1534290 508
1534300 509
1534310 509
1534320 509
1534330 509
1534340 509
1534350 509
1534360 509
1534370 509
1534380 509
1534390 509
1534400 509
1534410 509
1534420 509
1534430 509
1534440 509
1534450 509
1534460 509
1534470 509
1534480 510
1534490 510
1534500 510
1534510 510
1534520 510
1534530 510
1534540 510
1534550 510
1534560 510
1534570 511
1534580 511
1534590 511
1534600 511
1534610 511
1534620 511
1534630 511
1534640 512
1534650 512
1534660 512
1534670 512
1534680 512
1534690 513
1534700 513
1534710 513
1534720 514
1534730 514
1534740 514
1534750 514
1534760 515
1534770 515
1534780 515
1534790 516
1534800 516
1534810 516
1534820 517
1534830 517
1534840 517
1534850 518
1534860 518
1534870 518
1534880 518
1534890 518
1534900 518
1534910 518
1534920 518
1534930 519
1534940 519
1534950 519
1534960 519
1534970 519
1534980 519
1534990 519
1535000 519
1535010 519
1535020 520
1535030 520
1535040 520
1535050 520
1535060 521
1535070 521
1535080 521
1535090 520
1535100 520
1535110 520
1535120 520
1535130 521
1535140 521
1535150 521
1535160 521
1535170 521
1535180 520
1535190 520
1535200 520
1535210 520
1535220 520
1535230 520
1535240 519
1535250 519
1535260 519
1535270 519
1535280 519
1535290 519
1535300 518
1535310 517
1535320 517
1535330 516
1535340 516
1535350 516
1535360 515
1535370 514
1535380 514
1535390 513
1535400 511
1535410 511
1535420 510
1535430 508
1535440 508
1535450 507
1535460 506
1535470 506
1535480 506
1535490 505
1535500 505
1535510 504
1535520 503
1535530 503
1535540 502
1535550 501
1535560 501
1535570 500
1535580 499
1535590 499
1535600 498
1535610 496
1535620 496
1535630 495
1535640 494
1535650 494
1535660 493
1535670 492
1535680 492
1535690 491
1535700 490
1535710 490
1535720 489
1535730 489
1535740 489
1535750 488
1535760 488
1535770 488
1535780 487
1535790 487
1535800 487
1535810 486
1535820 486
1535830 486
1535840 485
1535850 485
1535860 485
1535870 484
1535880 483
1535890 483
1535900 483
1535910 483
1535920 483
1535930 482
1535940 482
1535950 481
1535960 481
1535970 480
1535980 479
1535990 479
1536000 478
1536010 477
1536020 477
1536030 476
1536040 475
1536050 475
1536060 475
1536070 474
1536080 474
1536090 473
1536100 472
1536110 472
1536120 471
1536130 471
1536140 471
1536150 470
1536160 470
1536170 470
1536180 469
1536190 469
1536200 469
1536210 468
1536220 468
1536230 468
1536240 467
1536250 467
1536260 467
1536270 466
1536280 466
1536290 466
1536300 465
1536310 465
1536320 465
1536330 464
1536340 463
1536350 463
1536360 462
1536370 462
1536380 462
1536390 461
1536400 461
1536410 461
1536420 461
1536430 461
1536440 461
1536450 462
1536460 462
1536470 462
1536480 462
1536490 462
1536500 462
1536510 462
1536520 462
1536530 462
1536540 462
1536550 461
1536560 461
1536570 463
1536580 463
1536590 463
1536600 462
1536610 462
1536620 462
1536630 461
1536640 460
1536650 460
1536660 459
1536670 458
1536680 458
1536690 457
1536700 455
1536710 455
1536720 453
1536730 452
1536740 452
1536750 452
1536760 451
1536770 451
1536780 451
1536790 451
1536800 451
1536810 451
1536820 450
1536830 450
1536840 450
1536850 450
1536860 449
1536870 449
1536880 449
1536890 448
1536900 448
1536910 448
1536920 447
1536930 447
1536940 447
1536950 447
1536960 447
1536970 447
1536980 447
1536990 447
1537000 447
1537010 447
1537020 447
1537030 446
1537040 446
1537050 446
1537060 446
1537070 446
1537080 446
1537090 446
1537100 446
1537110 446
1537120 446
1537130 446
1537140 446
1537150 445
1537160 445
1537170 445
1537180 445
1537190 445
1537200 445
1537210 444
1537220 444
1537230 444
1537240 444
1537250 444
1537260 444
1537270 444
1537280 444
1537290 444
1537300 444
1537310 444
1537320 444
1537330 444
1537340 444
1537350 444
1537360 444
1537370 444
1537380 444
1537390 443
1537400 441
1537410 441
1537420 435
1537430 429
1537440 429
1537450 426
1537460 426
1537470 426
1537480 426
1537490 426
1537500 426
1537510 426
1537520 426
1537530 426
1537540 426
1537550 426
1537560 426
1537570 426
1537580 426
1537590 426
1537600 426
1537610 427
1537620 427
1537630 427
1537640 427
1537650 427
1537660 427
1537670 429
1537680 432
1537690 432
1537700 433
1537710 432
1537720 432
1537730 432
1537740 431
1537750 431
1537760 428
1537770 429
1537780 429
1537790 434
1537800 436
1537810 436
1537820 434
1537830 425
1537840 425
1537850 417
1537860 413
1537870 413
1537880 412
1537890 411
1537900 411
1537910 410
1537920 410
1537930 410
1537940 410
1537950 410
1537960 410
1537970 410
1537980 410
1537990 410
1538000 410
1538010 411
1538020 411
1538030 418
1538040 425
1538050 425
1538060 430
1538070 437
1538080 437
1538090 444
1538100 450
1538110 450
1538120 454
1538130 455
1538140 455
1538150 455
1538160 455
1538170 455
1538180 455
1538190 456
1538200 456
1538210 456
1538220 456
1538230 456
1538240 456
1538250 456
1538260 456
1538270 456
1538280 456
1538290 456
1538300 456
1538310 456
1538320 456
1538330 456
1538340 456
1538350 456
1538360 456
1538370 456
1538380 455
1538390 455
1538400 455
1538410 455
1538420 455
1538430 455
1538440 455
1538450 455
1538460 455
1538470 455
1538480 455
1538490 455
1538500 455
1538510 455
1538520 455
1538530 455
1538540 455
1538550 455
1538560 455
1538570 455
1538580 455
1538590 455
1538600 455
1538610 455
1538620 455
1538630 455
1538640 455
1538650 455
1538660 455
1538670 455
1538680 456
1538690 456
1538700 458
1538710 460
1538720 460
1538730 464
1538740 467
1538750 467
1538760 469
1538770 472
1538780 472
1538790 473
1538800 473
1538810 473
1538820 474
1538830 474
1538840 474
1538850 474
1538860 474
1538870 474
1538880 474
1538890 475
1538900 475
1538910 475
1538920 475
1538930 475
1538940 475
1538950 475
1538960 475
1538970 475
1538980 475
1538990 475
1539000 475
1539010 475
1539020 475
1539030 475
1539040 475
1539050 475
1539060 475
1539070 475
1539080 475
1539090 475
1539100 475
1539110 475
1539120 475
1539130 475
1539140 475
1539150 475
1539160 475
1539170 475
1539180 475
1539190 475
1539200 475
1539210 475
1539220 475
1539230 475
1539240 475
1539250 475
1539260 475
1539270 475
1539280 475
1539290 475
1539300 475
1539310 475
1539320 475
1539330 475
1539340 475
1539350 475
1539360 475
1539370 475
1539380 475
1539390 475
1539400 475
1539410 475
1539420 475
1539430 475
1539440 475
1539450 475
1539460 475
1539470 475
1539480 475
1539490 475
1539500 475
1539510 475
1539520 475
1539530 475
1539540 475
1539550 475
1539560 475
1539570 475
1539580 475
1539590 475
1539600 475
1539610 475
1539620 475
1539630 475
1539640 475
1539650 475
1539660 475
1539670 475
1539680 475
1539690 475
1539700 475
1539710 475
1539720 475
1539730 475
1539740 476
1539750 476
1539760 476
1539770 476
1539780 476
1539790 476
1539800 476
1539810 476
1539820 476
1539830 476
1539840 476
1539850 476
1539860 476
1539870 476
1539880 476
1539890 475
1539900 475
1539910 475
1539920 475
1539930 475
1539940 475
1539950 475
1539960 475
1539970 475
1539980 475
1539990 475
