1520000 479
1520010 478
1520020 478
1520030 478
1520040 478
1520050 478
1520060 478
1520070 478
1520080 478
1520090 478
1520100 478
1520110 478
1520120 478
1520130 478
1520140 477
1520150 477
1520160 477
1520170 477
1520180 477
1520190 477
1520200 477
1520210 477
1520220 477
1520230 477
1520240 477
1520250 477
1520260 476
1520270 476
1520280 476
1520290 476
1520300 476
1520310 477
1520320 477
1520330 477
1520340 477
1520350 477
1520360 477
1520370 476
1520380 476
1520390 476
1520400 477
1520410 477
1520420 477
1520430 477
1520440 477
1520450 477
1520460 477
1520470 477
1520480 477
1520490 477
1520500 477
1520510 477
1520520 477
1520530 477
1520540 477
1520550 477
1520560 477
1520570 477
1520580 477
1520590 477
1520600 477
1520610 477
1520620 476
1520630 476
1520640 476
1520650 476
1520660 476
1520670 476
1520680 476
1520690 476
1520700 475
1520710 475
1520720 475
1520730 475
1520740 475
1520750 475
1520760 474
1520770 474
1520780 474
1520790 474
1520800 473
1520810 473
1520820 473
1520830 472
1520840 472
1520850 472
1520860 470
1520870 469
1520880 469
1520890 467
1520900 466
1520910 466
1520920 464
1520930 463
1520940 463
1520950 463
1520960 463
1520970 463
1520980 463
1520990 463
1521000 463
1521010 464
1521020 465
1521030 465
1521040 465
1521050 465
1521060 465
1521070 467
1521080 467
1521090 467
1521100 468
1521110 470
1521120 470
1521130 472
1521140 473
1521150 473
1521160 473
1521170 472
1521180 472
1521190 471
1521200 470
1521210 470
1521220 466
1521230 463
1521240 463
1521250 464
1521260 468
1521270 468
1521280 471
1521290 472
1521300 472
1521310 473
1521320 474
1521330 474
1521340 474
1521350 474
1521360 474
1521370 475
1521380 475
1521390 475
1521400 475
1521410 476
1521420 476
1521430 476
1521440 476
1521450 476
1521460 476
1521470 476
1521480 476
1521490 476
1521500 476
1521510 476
1521520 476
1521530 476
1521540 476
1521550 476
1521560 476
1521570 476
1521580 476
1521590 476
1521600 476
1521610 475
1521620 475
1521630 475
1521640 475
1521650 475
1521660 474
1521670 474
1521680 474
1521690 473
1521700 473
1521710 473
1521720 473
1521730 473
1521740 472
1521750 472
1521760 472
1521770 471
1521780 471
1521790 471
1521800 470
1521810 470
1521820 470
1521830 471
1521840 471
1521850 471
1521860 471
1521870 472
1521880 472
1521890 472
1521900 472
1521910 472
1521920 473
1521930 473
1521940 473
1521950 474
1521960 474
1521970 474
1521980 474
1521990 474
1522000 474
1522010 475
1522020 475
1522030 475
1522040 475
1522050 475
1522060 475
1522070 475
1522080 475
1522090 475
1522100 475
1522110 476
1522120 476
1522130 476
1522140 476
1522150 476
1522160 476
1522170 476
1522180 476
1522190 476
1522200 476
1522210 476
1522220 476
1522230 476
1522240 476
1522250 476
1522260 476
1522270 476
1522280 476
1522290 476
1522300 476
1522310 476
1522320 476
1522330 476
1522340 476
1522350 476
1522360 476
1522370 476
1522380 476
1522390 476
1522400 476
1522410 476
1522420 476
1522430 476
1522440 476
1522450 476
1522460 476
1522470 476
1522480 476
1522490 476
1522500 476
1522510 476
1522520 476
1522530 476
1522540 476
1522550 476
1522560 476
1522570 476
1522580 476
1522590 476
1522600 476
1522610 476
1522620 476
1522630 476
1522640 476
1522650 476
1522660 476
1522670 476
1522680 476
1522690 475
1522700 475
1522710 475
1522720 475
1522730 475
1522740 475
1522750 475
1522760 475
1522770 475
1522780 475
1522790 475
1522800 475
1522810 475
1522820 475
1522830 475
1522840 475
1522850 475
1522860 475
1522870 475
1522880 475
1522890 475
1522900 475
1522910 475
1522920 474
1522930 474
1522940 474
1522950 474
1522960 474
1522970 474
1522980 474
1522990 474
1523000 474
1523010 473
1523020 473
1523030 473
1523040 471
1523050 470
1523060 470
1523070 469
1523080 469
1523090 469
1523100 468
1523110 467
1523120 467
1523130 466
1523140 464
1523150 464
1523160 461
1523170 457
1523180 457
1523190 456
1523200 455
1523210 455
1523220 455
1523230 455
1523240 455
1523250 454
1523260 454
1523270 454
1523280 454
1523290 454
1523300 453
1523310 453
1523320 453
1523330 453
1523340 453
1523350 453
1523360 453
1523370 453
1523380 453
1523390 453
1523400 453
1523410 453
1523420 453
1523430 453
1523440 453
1523450 454
1523460 454
1523470 456
1523480 460
1523490 460
1523500 465
1523510 471
1523520 471
1523530 474
1523540 477
1523550 477
1523560 479
1523570 480
1523580 480
1523590 481
1523600 481
1523610 481
1523620 481
1523630 481
1523640 481
1523650 481
1523660 480
1523670 480
1523680 480
1523690 480
1523700 480
1523710 479
1523720 479
1523730 479
1523740 479
1523750 478
1523760 478
1523770 478
1523780 477
1523790 477
1523800 476
1523810 476
1523820 476
1523830 476
1523840 475
1523850 475
1523860 474
1523870 474
1523880 474
1523890 473
1523900 472
1523910 472
1523920 472
1523930 471
1523940 471
1523950 470
1523960 469
1523970 469
1523980 468
1523990 467
1524000 467
1524010 466
1524020 466
1524030 466
1524040 465
1524050 465
1524060 465
1524070 464
1524080 464
1524090 464
1524100 463
1524110 463
1524120 462
1524130 462
1524140 461
1524150 460
1524160 460
1524170 460
1524180 460
1524190 460
1524200 459
1524210 459
1524220 459
1524230 458
1524240 458
1524250 458
1524260 457
1524270 456
1524280 456
1524290 455
1524300 454
1524310 454
1524320 454
1524330 453
1524340 453
1524350 453
1524360 452
1524370 452
1524380 452
1524390 451
1524400 451
1524410 450
1524420 448
1524430 448
1524440 448
1524450 448
1524460 448
1524470 448
1524480 447
1524490 447
1524500 448
1524510 448
1524520 448
1524530 448
1524540 448
1524550 448
1524560 448
1524570 448
1524580 448
1524590 449
1524600 450
1524610 450
1524620 451
1524630 452
1524640 452
1524650 453
1524660 453
1524670 453
1524680 454
1524690 454
1524700 454
1524710 454
1524720 454
1524730 454
1524740 454
1524750 455
1524760 455
1524770 455
1524780 455
1524790 455
1524800 455
1524810 456
1524820 456
1524830 456
1524840 456
1524850 456
1524860 457
1524870 457
1524880 457
1524890 458
1524900 457
1524910 457
1524920 456
1524930 454
1524940 454
1524950 453
1524960 452
1524970 452
1524980 452
1524990 452
1525000 452
1525010 452
1525020 452
1525030 453
1525040 453
1525050 453
1525060 455
1525070 455
1525080 456
1525090 460
1525100 460
1525110 462
1525120 463
1525130 463
1525140 464
1525150 464
1525160 464
1525170 465
1525180 466
1525190 466
1525200 467
1525210 468
1525220 468
1525230 469
1525240 470
1525250 470
1525260 471
1525270 473
1525280 473
1525290 474
1525300 476
1525310 476
1525320 477
1525330 479
1525340 479
1525350 480
1525360 481
1525370 481
1525380 482
1525390 483
1525400 483
1525410 484
1525420 484
1525430 484
1525440 485
1525450 485
1525460 485
1525470 486
1525480 487
1525490 487
1525500 487
1525510 488
1525520 488
1525530 489
1525540 489
1525550 489
1525560 489
1525570 489
1525580 489
1525590 490
1525600 490
1525610 490
1525620 490
1525630 491
1525640 491
1525650 491
1525660 491
1525670 491
1525680 491
1525690 492
1525700 492
1525710 492
1525720 492
1525730 492
1525740 492
1525750 492
1525760 492
1525770 493
1525780 493
1525790 493
1525800 493
1525810 493
1525820 493
1525830 493
1525840 493
1525850 493
1525860 493
1525870 493
1525880 493
1525890 493
1525900 493
1525910 493
1525920 493
1525930 493
1525940 493
1525950 493
1525960 493
1525970 492
1525980 492
1525990 492
1526000 492
1526010 492
1526020 491
1526030 491
1526040 491
1526050 490
1526060 488
1526070 488
1526080 486
1526090 483
1526100 483
1526110 480
1526120 478
1526130 478
1526140 477
1526150 476
1526160 476
1526170 476
1526180 476
1526190 476
1526200 476
1526210 476
1526220 476
1526230 476
1526240 477
1526250 477
1526260 477
1526270 477
1526280 477
1526290 477
1526300 476
1526310 476
1526320 475
1526330 474
1526340 474
1526350 472
1526360 472
1526370 472
1526380 471
1526390 471
1526400 471
1526410 471
1526420 471
1526430 471
1526440 472
1526450 473
1526460 473
1526470 474
1526480 474
1526490 474
1526500 474
1526510 474
1526520 474
1526530 474
1526540 473
1526550 473
1526560 472
1526570 472
1526580 472
1526590 471
1526600 470
1526610 470
1526620 469
1526630 469
1526640 469
1526650 469
1526660 469
1526670 469
1526680 469
1526690 468
1526700 468
1526710 468
1526720 468
1526730 467
1526740 467
1526750 467
1526760 467
1526770 467
1526780 466
1526790 466
1526800 466
1526810 467
1526820 467
1526830 467
1526840 467
1526850 467
1526860 467
1526870 468
1526880 468
1526890 468
1526900 469
1526910 470
1526920 470
1526930 472
1526940 474
1526950 474
1526960 476
1526970 479
1526980 479
1526990 480
1527000 482
1527010 482
1527020 483
1527030 484
1527040 484
1527050 485
1527060 485
1527070 485
1527080 486
1527090 487
1527100 487
1527110 488
1527120 488
1527130 488
1527140 489
1527150 489
1527160 489
1527170 490
1527180 490
1527190 490
1527200 491
1527210 491
1527220 491
1527230 491
1527240 492
1527250 492
1527260 492
1527270 492
1527280 492
1527290 493
1527300 493
1527310 493
1527320 493
1527330 493
1527340 493
1527350 494
1527360 494
1527370 494
1527380 494
1527390 495
1527400 495
1527410 495
1527420 495
1527430 495
1527440 495
1527450 495
1527460 496
1527470 496
1527480 496
1527490 496
1527500 496
1527510 496
1527520 497
1527530 497
1527540 497
1527550 497
1527560 497
1527570 497
1527580 497
1527590 497
1527600 498
1527610 498
1527620 498
1527630 498
1527640 498
1527650 498
1527660 498
1527670 499
1527680 499
1527690 499
1527700 499
1527710 499
1527720 500
1527730 500
1527740 500
1527750 500
1527760 500
1527770 500
1527780 501
1527790 501
1527800 501
1527810 501
1527820 502
1527830 502
1527840 502
1527850 502
1527860 502
1527870 502
1527880 502
1527890 502
1527900 502
1527910 503
1527920 503
1527930 503
1527940 503
1527950 503
1527960 503
1527970 503
1527980 503
1527990 502
1528000 502
1528010 502
1528020 502
1528030 502
1528040 502
1528050 502
1528060 501
1528070 501
1528080 501
1528090 500
1528100 500
1528110 499
1528120 498
1528130 498
1528140 497
1528150 495
1528160 495
1528170 492
1528180 488
1528190 488
1528200 486
1528210 485
1528220 485
1528230 484
1528240 484
1528250 484
1528260 484
1528270 483
1528280 483
1528290 483
1528300 483
1528310 483
1528320 483
1528330 483
1528340 483
1528350 483
1528360 483
1528370 484
1528380 484
1528390 484
1528400 484
1528410 484
1528420 485
1528430 485
1528440 485
1528450 486
1528460 487
1528470 487
1528480 489
1528490 490
1528500 490
1528510 491
1528520 492
1528530 492
1528540 492
1528550 493
1528560 494
1528570 495
1528580 496
1528590 496
1528600 496
1528610 497
1528620 497
1528630 498
1528640 499
1528650 499
1528660 499
1528670 500
1528680 500
1528690 500
1528700 501
1528710 501
1528720 501
1528730 502
1528740 502
1528750 502
1528760 503
1528770 503
1528780 503
1528790 504
1528800 504
1528810 504
1528820 505
1528830 505
1528840 505
1528850 506
1528860 506
1528870 506
1528880 506
1528890 506
1528900 507
1528910 507
1528920 507
1528930 507
1528940 507
1528950 507
1528960 507
1528970 507
1528980 507
1528990 507
1529000 507
1529010 507
1529020 507
1529030 507
1529040 507
1529050 507
1529060 507
1529070 507
1529080 507
1529090 506
1529100 506
1529110 506
1529120 506
1529130 506
1529140 506
1529150 506
1529160 506
1529170 506
1529180 505
1529190 505
1529200 505
1529210 505
1529220 505
1529230 505
1529240 504
1529250 504
1529260 504
1529270 504
1529280 503
1529290 503
1529300 503
1529310 503
1529320 503
1529330 502
1529340 502
1529350 502
1529360 501
1529370 501
1529380 501
1529390 500
1529400 499
1529410 499
1529420 499
1529430 498
1529440 498
1529450 497
1529460 497
1529470 497
1529480 496
1529490 495
1529500 495
1529510 494
1529520 494
1529530 494
1529540 493
1529550 492
1529560 492
1529570 491
1529580 488
1529590 488
1529600 483
1529610 480
1529620 480
1529630 478
1529640 477
1529650 477
1529660 477
1529670 477
1529680 477
1529690 478
1529700 480
1529710 480
1529720 482
1529730 483
1529740 483
1529750 485
1529760 486
1529770 486
1529780 488
1529790 489
1529800 489
1529810 490
1529820 491
1529830 491
1529840 492
1529850 492
1529860 492
1529870 491
1529880 491
1529890 491
1529900 491
1529910 490
1529920 490
1529930 490
1529940 486
1529950 481
1529960 481
1529970 474
1529980 469
1529990 469
1530000 464
1530010 461
1530020 461
1530030 460
1530040 459
1530050 459
1530060 458
1530070 456
1530080 456
1530090 451
1530100 444
1530110 444
1530120 440
1530130 439
1530140 439
1530150 439
1530160 439
1530170 439
1530180 439
1530190 440
1530200 440
1530210 440
1530220 439
1530230 439
1530240 438
1530250 438
1530260 438
1530270 438
1530280 438
1530290 438
1530300 438
1530310 438
1530320 438
1530330 438
1530340 437
1530350 437
1530360 437
1530370 437
1530380 437
1530390 437
1530400 437
1530410 437
1530420 437
1530430 436
1530440 436
1530450 436
1530460 435
1530470 435
1530480 435
1530490 437
1530500 437
1530510 439
1530520 439
1530530 439
1530540 439
1530550 440
1530560 440
1530570 441
1530580 446
1530590 446
1530600 451
1530610 451
1530620 451
1530630 454
1530640 461
1530650 461
1530660 466
1530670 467
1530680 467
1530690 468
1530700 469
1530710 469
1530720 469
1530730 470
1530740 470
1530750 471
1530760 472
1530770 473
1530780 473
1530790 474
1530800 474
1530810 474
1530820 474
1530830 475
1530840 475
1530850 475
1530860 475
1530870 475
1530880 475
1530890 475
1530900 475
1530910 476
1530920 476
1530930 476
1530940 477
1530950 477
1530960 477
1530970 477
1530980 478
1530990 478
1531000 478
1531010 478
1531020 478
1531030 479
1531040 479
1531050 479
1531060 479
1531070 479
1531080 479
1531090 480
1531100 480
1531110 480
1531120 480
1531130 480
1531140 480
1531150 481
1531160 481
1531170 481
1531180 481
1531190 481
1531200 481
1531210 481
1531220 482
1531230 482
1531240 482
1531250 482
1531260 482
1531270 483
1531280 483
1531290 483
1531300 483
1531310 483
1531320 483
1531330 483
1531340 483
1531350 483
1531360 483
1531370 484
1531380 484
1531390 484
1531400 484
1531410 484
1531420 484
1531430 484
1531440 484
1531450 484
1531460 484
1531470 484
1531480 484
1531490 485
1531500 485
1531510 485
1531520 485
1531530 485
1531540 485
1531550 486
1531560 486
1531570 486
1531580 486
1531590 486
1531600 486
1531610 486
1531620 486
1531630 486
1531640 486
1531650 486
1531660 486
1531670 486
1531680 486
1531690 486
1531700 486
1531710 487
1531720 487
1531730 487
1531740 487
1531750 487
1531760 487
1531770 487
1531780 487
1531790 487
1531800 487
1531810 487
1531820 487
1531830 487
1531840 487
1531850 487
1531860 487
1531870 487
1531880 487
1531890 487
1531900 487
1531910 486
1531920 486
1531930 486
1531940 485
1531950 484
1531960 484
1531970 483
1531980 483
1531990 483
1532000 483
1532010 482
1532020 482
1532030 482
1532040 482
1532050 482
1532060 482
1532070 482
1532080 482
1532090 482
1532100 484
1532110 484
1532120 487
1532130 491
1532140 491
1532150 496
1532160 499
1532170 499
1532180 502
1532190 504
1532200 504
1532210 505
1532220 505
1532230 505
1532240 506
1532250 506
1532260 506
1532270 506
1532280 506
1532290 506
1532300 505
1532310 504
1532320 504
1532330 502
1532340 501
1532350 501
1532360 499
1532370 498
1532380 498
1532390 496
1532400 494
1532410 494
1532420 493
1532430 492
1532440 490
1532450 490
1532460 489
1532470 489
1532480 489
1532490 488
1532500 488
1532510 488
1532520 488
1532530 488
1532540 488
1532550 488
1532560 488
1532570 488
1532580 488
1532590 489
1532600 489
1532610 489
1532620 490
1532630 490
1532640 491
1532650 492
1532660 492
1532670 492
1532680 493
1532690 493
1532700 493
1532710 493
1532720 493
1532730 493
1532740 493
1532750 493
1532760 493
1532770 493
1532780 493
1532790 493
1532800 494
1532810 494
1532820 493
1532830 493
1532840 493
1532850 493
1532860 493
1532870 493
1532880 492
1532890 492
1532900 492
1532910 492
1532920 492
1532930 492
1532940 491
1532950 491
1532960 491
1532970 491
1532980 491
1532990 491
1533000 491
1533010 491
1533020 491
1533030 491
1533040 491
1533050 491
1533060 491
1533070 492
1533080 492
1533090 492
1533100 492
1533110 492
1533120 492
1533130 492
1533140 492
1533150 492
1533160 492
1533170 492
1533180 492
1533190 492
1533200 492
1533210 492
1533220 493
1533230 493
1533240 493
1533250 493
1533260 493
1533270 493
1533280 493
1533290 493
1533300 493
1533310 493
1533320 493
1533330 493
1533340 493
1533350 493
1533360 493
1533370 493
1533380 493
1533390 493
1533400 493
1533410 493
1533420 493
1533430 493
1533440 493
1533450 493
1533460 493
1533470 493
1533480 493
1533490 493
1533500 493
1533510 493
1533520 493
1533530 493
1533540 493
1533550 493
1533560 493
1533570 493
1533580 493
1533590 494
1533600 494
1533610 494
1533620 494
1533630 494
1533640 494
1533650 494
1533660 494
1533670 494
1533680 494
1533690 494
1533700 494
1533710 495
1533720 495
1533730 495
1533740 495
1533750 495
1533760 496
1533770 496
1533780 496
1533790 497
1533800 497
1533810 497
1533820 497
1533830 498
1533840 498
1533850 498
1533860 499
1533870 499
1533880 499
1533890 499
1533900 499
1533910 500
1533920 500
1533930 500
1533940 501
1533950 501
1533960 501
1533970 502
1533980 502
1533990 502
1534000 502
1534010 503
1534020 503
1534030 503
1534040 503
1534050 503
1534060 503
1534070 503
1534080 503
1534090 503
1534100 503
1534110 502
1534120 502
1534130 502
1534140 501
1534150 501
1534160 501
1534170 500
1534180 500
1534190 499
1534200 499
1534210 499
1534220 498
1534230 498
1534240 498
1534250 497
1534260 497
1534270 497
1534280 497
1534290 496
1534300 496
1534310 496
1534320 496
1534330 496
1534340 496
1534350 496
1534360 496
1534370 496
1534380 497
1534390 497
1534400 497
1534410 497
1534420 497
1534430 498
1534440 498
1534450 498
1534460 498
1534470 498
1534480 498
1534490 499
1534500 499
1534510 499
1534520 500
1534530 501
1534540 501
1534550 501
1534560 502
1534570 502
1534580 502
1534590 503
1534600 503
1534610 504
1534620 504
1534630 504
1534640 505
1534650 506
1534660 506
1534670 506
1534680 507
1534690 507
1534700 507
1534710 508
1534720 508
1534730 509
1534740 510
1534750 510
1534760 511
1534770 511
1534780 511
1534790 512
1534800 513
1534810 513
1534820 514
1534830 515
1534840 515
1534850 516
1534860 517
1534870 517
1534880 518
1534890 518
1534900 518
1534910 519
1534920 520
1534930 520
1534940 521
1534950 522
1534960 523
1534970 523
1534980 524
1534990 524
1535000 524
1535010 525
1535020 526
1535030 526
1535040 527
1535050 528
1535060 528
1535070 529
1535080 529
1535090 529
1535100 530
1535110 531
1535120 531
1535130 531
1535140 532
1535150 532
1535160 533
1535170 533
1535180 533
1535190 534
1535200 534
1535210 534
1535220 535
1535230 535
1535240 535
1535250 535
1535260 536
1535270 536
1535280 536
1535290 536
1535300 536
1535310 536
1535320 536
1535330 536
1535340 536
1535350 537
1535360 537
1535370 537
1535380 537
1535390 537
1535400 535
1535410 532
1535420 532
1535430 530
1535440 527
1535450 527
1535460 526
1535470 525
1535480 525
1535490 523
1535500 522
1535510 522
1535520 521
1535530 520
1535540 520
1535550 519
1535560 519
1535570 519
1535580 518
1535590 517
1535600 517
1535610 516
1535620 516
1535630 516
1535640 515
1535650 514
1535660 514
1535670 513
1535680 512
1535690 512
1535700 511
1535710 511
1535720 511
1535730 510
1535740 510
1535750 510
1535760 508
1535770 508
1535780 507
1535790 507
1535800 506
1535810 505
1535820 505
1535830 505
1535840 504
1535850 504
1535860 504
1535870 503
1535880 503
1535890 503
1535900 503
1535910 503
1535920 502
1535930 502
1535940 502
1535950 502
1535960 502
1535970 502
1535980 502
1535990 502
1536000 502
1536010 502
1536020 502
1536030 502
1536040 501
1536050 501
1536060 501
1536070 501
1536080 502
1536090 502
1536100 502
1536110 502
1536120 502
1536130 502
1536140 501
1536150 501
1536160 501
1536170 501
1536180 501
1536190 501
1536200 500
1536210 500
1536220 500
1536230 500
1536240 500
1536250 499
1536260 499
1536270 499
1536280 498
1536290 498
1536300 498
1536310 497
1536320 495
1536330 495
1536340 494
1536350 492
1536360 492
1536370 491
1536380 490
1536390 490
1536400 489
1536410 487
1536420 487
1536430 485
1536440 485
1536450 485
1536460 484
1536470 483
1536480 483
1536490 482
1536500 481
1536510 481
1536520 480
1536530 478
1536540 478
1536550 475
1536560 471
1536570 471
1536580 463
1536590 457
1536600 457
1536610 454
1536620 453
1536630 454
1536640 454
1536650 453
1536660 451
1536670 451
1536680 447
1536690 443
1536700 443
1536710 438
1536720 433
1536730 433
1536740 430
1536750 428
1536760 428
1536770 427
1536780 428
1536790 428
1536800 427
1536810 426
1536820 426
1536830 425
1536840 425
1536850 425
1536860 423
1536870 422
1536880 422
1536890 421
1536900 419
1536910 419
1536920 418
1536930 416
1536940 416
1536950 415
1536960 414
1536970 414
1536980 413
1536990 412
1537000 412
1537010 412
1537020 412
1537030 412
1537040 410
1537050 408
1537060 408
1537070 407
1537080 407
1537090 407
1537100 407
1537110 407
1537120 407
1537130 407
1537140 407
1537150 407
1537160 407
1537170 407
1537180 407
1537190 407
1537200 408
1537210 408
1537220 409
1537230 409
1537240 409
1537250 410
1537260 410
1537270 410
1537280 411
1537290 413
1537300 413
1537310 415
1537320 415
1537330 415
1537340 414
1537350 413
1537360 413
1537370 413
1537380 413
1537390 413
1537400 414
1537410 414
1537420 414
1537430 414
1537440 414
1537450 413
1537460 413
1537470 414
1537480 414
1537490 414
1537500 414
1537510 416
1537520 416
1537530 419
1537540 422
1537550 422
1537560 424
1537570 427
1537580 427
1537590 429
1537600 433
1537610 433
1537620 436
1537630 439
1537640 439
1537650 442
1537660 444
1537670 444
1537680 446
1537690 450
1537700 450
1537710 451
1537720 452
1537730 452
1537740 452
1537750 452
1537760 452
1537770 451
1537780 451
1537790 451
1537800 451
1537810 451
1537820 451
1537830 451
1537840 451
1537850 451
1537860 451
1537870 451
1537880 451
1537890 451
1537900 451
1537910 451
1537920 451
1537930 451
1537940 451
1537950 451
1537960 451
1537970 451
1537980 451
1537990 451
1538000 451
1538010 451
1538020 451
1538030 451
1538040 451
1538050 451
1538060 451
1538070 451
1538080 451
1538090 451
1538100 451
1538110 451
1538120 451
1538130 451
1538140 450
1538150 450
1538160 450
1538170 450
1538180 450
1538190 450
1538200 450
1538210 450
1538220 450
1538230 450
1538240 450
1538250 450
1538260 450
1538270 450
1538280 450
1538290 450
1538300 450
1538310 450
1538320 450
1538330 450
1538340 450
1538350 450
1538360 450
1538370 450
1538380 450
1538390 450
1538400 450
1538410 450
1538420 450
1538430 450
1538440 450
1538450 450
1538460 450
1538470 450
1538480 450
1538490 450
1538500 450
1538510 450
1538520 450
1538530 450
1538540 450
1538550 450
1538560 450
1538570 450
1538580 450
1538590 450
1538600 450
1538610 450
1538620 450
1538630 450
1538640 450
1538650 450
1538660 450
1538670 450
1538680 450
1538690 450
1538700 450
1538710 450
1538720 450
1538730 450
1538740 450
1538750 450
1538760 450
1538770 450
1538780 450
1538790 450
1538800 450
1538810 450
1538820 450
1538830 450
1538840 450
1538850 450
1538860 450
1538870 451
1538880 451
1538890 454
1538900 457
1538910 457
1538920 462
1538930 465
1538940 465
1538950 466
1538960 466
1538970 466
1538980 466
1538990 466
1539000 466
1539010 466
1539020 466
1539030 466
1539040 465
1539050 465
1539060 465
1539070 465
1539080 464
1539090 464
1539100 464
1539110 463
1539120 462
1539130 462
1539140 460
1539150 457
1539160 457
1539170 455
1539180 453
1539190 453
1539200 452
1539210 451
1539220 451
1539230 451
1539240 451
1539250 451
1539260 451
1539270 451
1539280 451
1539290 451
1539300 452
1539310 452
1539320 453
1539330 455
1539340 455
1539350 458
1539360 460
1539370 460
1539380 464
1539390 466
1539400 466
1539410 466
1539420 466
1539430 466
1539440 466
1539450 466
1539460 466
1539470 467
1539480 467
1539490 467
1539500 467
1539510 467
1539520 467
1539530 467
1539540 467
1539550 467
1539560 467
1539570 467
1539580 467
1539590 467
1539600 467
1539610 467
1539620 467
1539630 467
1539640 467
1539650 467
1539660 467
1539670 467
1539680 467
1539690 467
1539700 467
1539710 467
1539720 467
1539730 467
1539740 467
1539750 467
1539760 467
1539770 467
1539780 466
1539790 466
1539800 466
1539810 466
1539820 466
1539830 465
1539840 465
1539850 465
1539860 465
1539870 465
1539880 465
1539890 465
1539900 465
1539910 465
1539920 465
1539930 465
1539940 465
1539950 466
1539960 466
1539970 466
1539980 466
1539990 466
