1520000 495
1520010 495
1520020 497
1520030 499
1520040 501
1520050 501
1520060 502
1520070 502
1520080 502
1520090 502
1520100 503
1520110 503
1520120 503
1520130 503
1520140 503
1520150 503
1520160 503
1520170 503
1520180 503
1520190 503
1520200 503
1520210 503
1520220 503
1520230 503
1520240 504
1520250 504
1520260 504
1520270 504
1520280 503
1520290 503
1520300 503
1520310 503
1520320 503
1520330 503
1520340 503
1520350 503
1520360 502
1520370 502
1520380 502
1520390 502
1520400 502
1520410 502
1520420 501
1520430 501
1520440 501
1520450 501
1520460 501
1520470 501
1520480 501
1520490 501
1520500 501
1520510 501
1520520 501
1520530 501
1520540 500
1520550 500
1520560 500
1520570 500
1520580 500
1520590 500
1520600 499
1520610 499
1520620 499
1520630 498
1520640 498
1520650 498
1520660 498
1520670 497
1520680 497
1520690 497
1520700 497
1520710 497
1520720 496
1520730 496
1520740 496
1520750 496
1520760 495
1520770 495
1520780 495
1520790 494
1520800 494
1520810 493
1520820 492
1520830 492
1520840 490
1520850 486
1520860 486
1520870 483
1520880 480
1520890 479
1520900 479
1520910 478
1520920 478
1520930 478
1520940 477
1520950 477
1520960 477
1520970 476
1520980 475
1520990 475
1521000 475
1521010 474
1521020 474
1521030 474
1521040 473
1521050 473
1521060 473
1521070 473
1521080 473
1521090 472
1521100 472
1521110 472
1521120 472
1521130 471
1521140 471
1521150 471
1521160 471
1521170 471
1521180 471
1521190 471
1521200 471
1521210 471
1521220 471
1521230 471
1521240 471
1521250 471
1521260 471
1521270 471
1521280 470
1521290 470
1521300 470
1521310 470
1521320 470
1521330 470
1521340 470
1521350 470
1521360 470
1521370 470
1521380 470
1521390 469
1521400 469
1521410 469
1521420 469
1521430 469
1521440 469
1521450 469
1521460 469
1521470 469
1521480 468
1521490 468
1521500 468
1521510 468
1521520 468
1521530 468
1521540 468
1521550 468
1521560 468
1521570 468
1521580 468
1521590 468
1521600 468
1521610 468
1521620 468
1521630 468
1521640 468
1521650 468
1521660 468
1521670 468
1521680 468
1521690 468
1521700 468
1521710 468
1521720 468
1521730 468
1521740 468
1521750 468
1521760 468
1521770 468
1521780 468
1521790 468
1521800 468
1521810 468
1521820 467
1521830 467
1521840 467
1521850 467
1521860 467
1521870 467
1521880 467
1521890 467
1521900 467
1521910 467
1521920 466
1521930 466
1521940 466
1521950 466
1521960 466
1521970 466
1521980 465
1521990 465
1522000 465
1522010 465
1522020 465
1522030 464
1522040 464
1522050 464
1522060 463
1522070 463
1522080 463
1522090 462
1522100 462
1522110 462
1522120 461
1522130 461
1522140 461
1522150 460
1522160 458
1522170 458
1522180 457
1522190 455
1522200 455
1522210 454
1522220 452
1522230 452
1522240 451
1522250 450
1522260 450
1522270 448
1522280 447
1522290 447
1522300 445
1522310 443
1522320 443
1522330 441
1522340 441
1522350 441
1522360 441
1522370 441
1522380 441
1522390 441
1522400 441
1522410 441
1522420 441
1522430 441
1522440 441
1522450 440
1522460 440
1522470 440
1522480 440
1522490 441
1522500 441
1522510 441
1522520 441
1522530 441
1522540 441
1522550 441
1522560 441
1522570 441
1522580 441
1522590 441
1522600 441
1522610 441
1522620 441
1522630 441
1522640 441
1522650 441
1522660 441
1522670 442
1522680 442
1522690 442
1522700 441
1522710 441
1522720 441
1522730 441
1522740 440
1522750 440
1522760 440
1522770 440
1522780 440
1522790 440
1522800 440
1522810 440
1522820 439
1522830 439
1522840 439
1522850 440
1522860 441
1522870 441
1522880 441
1522890 443
1522900 443
1522910 444
1522920 445
1522930 445
1522940 446
1522950 448
1522960 448
1522970 450
1522980 452
1522990 452
1523000 454
1523010 455
1523020 455
1523030 457
1523040 457
1523050 457
1523060 458
1523070 460
1523080 460
1523090 460
1523100 461
1523110 461
1523120 462
1523130 462
1523140 462
1523150 462
1523160 463
1523170 463
1523180 463
1523190 463
1523200 463
1523210 463
1523220 464
1523230 464
1523240 464
1523250 464
1523260 464
1523270 464
1523280 464
1523290 464
1523300 464
1523310 464
1523320 464
1523330 464
1523340 464
1523350 464
1523360 464
1523370 464
1523380 464
1523390 464
1523400 464
1523410 464
1523420 463
1523430 463
1523440 463
1523450 463
1523460 463
1523470 462
1523480 462
1523490 462
1523500 462
1523510 462
1523520 461
1523530 461
1523540 461
1523550 460
1523560 460
1523570 460
1523580 458
1523590 457
1523600 457
1523610 454
1523620 452
1523630 452
1523640 451
1523650 451
1523660 451
1523670 453
1523680 455
1523690 455
1523700 457
1523710 458
1523720 458
1523730 459
1523740 459
1523750 459
1523760 459
1523770 460
1523780 460
1523790 460
1523800 460
1523810 460
1523820 460
1523830 460
1523840 460
1523850 461
1523860 460
1523870 460
1523880 460
1523890 460
1523900 460
1523910 460
1523920 460
1523930 460
1523940 458
1523950 451
1523960 451
1523970 444
1523980 441
1523990 441
1524000 441
1524010 441
1524020 441
1524030 441
1524040 441
1524050 441
1524060 440
1524070 441
1524080 441
1524090 441
1524100 441
1524110 441
1524120 441
1524130 441
1524140 441
1524150 441
1524160 441
1524170 441
1524180 443
1524190 447
1524200 447
1524210 451
1524220 455
1524230 455
1524240 458
1524250 458
1524260 458
1524270 458
1524280 459
1524290 459
1524300 459
1524310 460
1524320 460
1524330 460
1524340 460
1524350 461
1524360 461
1524370 461
1524380 461
1524390 461
1524400 461
1524410 461
1524420 461
1524430 461
1524440 460
1524450 460
1524460 460
1524470 460
1524480 460
1524490 460
1524500 460
1524510 460
1524520 459
1524530 459
1524540 459
1524550 459
1524560 458
1524570 458
1524580 458
1524590 457
1524600 457
1524610 457
1524620 456
1524630 456
1524640 455
1524650 453
1524660 453
1524670 447
1524680 440
1524690 440
1524700 437
1524710 435
1524720 435
1524730 436
1524740 437
1524750 437
1524760 437
1524770 437
1524780 437
1524790 437
1524800 437
1524810 437
1524820 437
1524830 437
1524840 437
1524850 437
1524860 437
1524870 437
1524880 437
1524890 437
1524900 437
1524910 437
1524920 438
1524930 438
1524940 439
1524950 441
1524960 441
1524970 443
1524980 445
1524990 445
1525000 447
1525010 449
1525020 449
1525030 450
1525040 452
1525050 452
1525060 453
1525070 454
1525080 454
1525090 455
1525100 456
1525110 456
1525120 456
1525130 457
1525140 457
1525150 457
1525160 457
1525170 458
1525180 458
1525190 458
1525200 459
1525210 459
1525220 459
1525230 459
1525240 459
1525250 459
1525260 459
1525270 459
1525280 459
1525290 460
1525300 460
1525310 460
1525320 460
1525330 460
1525340 460
1525350 460
1525360 460
1525370 461
1525380 461
1525390 461
1525400 461
1525410 461
1525420 461
1525430 461
1525440 461
1525450 461
1525460 461
1525470 461
1525480 461
1525490 461
1525500 461
1525510 461
1525520 461
1525530 461
1525540 461
1525550 461
1525560 461
1525570 461
1525580 461
1525590 461
1525600 461
1525610 461
1525620 461
1525630 461
1525640 460
1525650 460
1525660 460
1525670 460
1525680 460
1525690 460
1525700 460
1525710 459
1525720 459
1525730 459
1525740 458
1525750 458
1525760 458
1525770 458
1525780 458
1525790 457
1525800 457
1525810 457
1525820 456
1525830 456
1525840 456
1525850 455
1525860 455
1525870 455
1525880 453
1525890 453
1525900 453
1525910 452
1525920 452
1525930 452
1525940 452
1525950 454
1525960 454
1525970 458
1525980 463
1525990 463
1526000 465
1526010 467
1526020 468
1526030 468
1526040 470
1526050 471
1526060 471
1526070 472
1526080 473
1526090 473
1526100 473
1526110 474
1526120 474
1526130 474
1526140 475
1526150 475
1526160 475
1526170 476
1526180 476
1526190 476
1526200 476
1526210 476
1526220 476
1526230 475
1526240 475
1526250 475
1526260 475
1526270 475
1526280 474
1526290 473
1526300 473
1526310 472
1526320 472
1526330 472
1526340 471
1526350 470
1526360 470
1526370 470
1526380 470
1526390 470
1526400 469
1526410 469
1526420 469
1526430 468
1526440 468
1526450 468
1526460 467
1526470 467
1526480 467
1526490 466
1526500 466
1526510 466
1526520 465
1526530 464
1526540 464
1526550 463
1526560 463
1526570 463
1526580 462
1526590 462
1526600 462
1526610 461
1526620 461
1526630 461
1526640 461
1526650 461
1526660 461
1526670 462
1526680 463
1526690 463
1526700 463
1526710 464
1526720 464
1526730 466
1526740 467
1526750 467
1526760 469
1526770 470
1526780 470
1526790 471
1526800 472
1526810 472
1526820 473
1526830 474
1526840 474
1526850 475
1526860 476
1526870 477
1526880 477
1526890 478
1526900 479
1526910 479
1526920 479
1526930 480
1526940 480
1526950 480
1526960 481
1526970 481
1526980 481
1526990 482
1527000 482
1527010 482
1527020 482
1527030 482
1527040 482
1527050 482
1527060 482
1527070 481
1527080 481
1527090 481
1527100 480
1527110 477
1527120 477
1527130 473
1527140 469
1527150 469
1527160 466
1527170 466
1527180 466
1527190 465
1527200 465
1527210 465
1527220 466
1527230 468
1527240 468
1527250 471
1527260 473
1527270 473
1527280 474
1527290 474
1527300 474
1527310 475
1527320 475
1527330 475
1527340 475
1527350 475
1527360 475
1527370 475
1527380 475
1527390 475
1527400 475
1527410 475
1527420 475
1527430 474
1527440 474
1527450 474
1527460 474
1527470 473
1527480 473
1527490 472
1527500 471
1527510 471
1527520 470
1527530 469
1527540 469
1527550 468
1527560 466
1527570 466
1527580 465
1527590 464
1527600 464
1527610 462
1527620 461
1527630 461
1527640 461
1527650 460
1527660 460
1527670 460
1527680 459
1527690 459
1527700 458
1527710 458
1527720 458
1527730 458
1527740 457
1527750 458
1527760 458
1527770 458
1527780 459
1527790 459
1527800 459
1527810 460
1527820 460
1527830 461
1527840 462
1527850 462
1527860 464
1527870 465
1527880 465
1527890 466
1527900 467
1527910 467
1527920 468
1527930 469
1527940 469
1527950 470
1527960 471
1527970 471
1527980 472
1527990 473
1528000 473
1528010 474
1528020 475
1528030 475
1528040 476
1528050 477
1528060 477
1528070 478
1528080 479
1528090 479
1528100 479
1528110 480
1528120 480
1528130 481
1528140 482
1528150 482
1528160 483
1528170 484
1528180 484
1528190 485
1528200 486
1528210 486
1528220 487
1528230 487
1528240 487
1528250 488
1528260 489
1528270 489
1528280 489
1528290 490
1528300 490
1528310 490
1528320 491
1528330 491
1528340 491
1528350 492
1528360 492
1528370 492
1528380 492
1528390 492
1528400 492
1528410 492
1528420 492
1528430 492
1528440 493
1528450 493
1528460 493
1528470 493
1528480 493
1528490 492
1528500 491
1528510 491
1528520 491
1528530 490
1528540 490
1528550 490
1528560 489
1528570 488
1528580 488
1528590 487
1528600 486
1528610 486
1528620 486
1528630 485
1528640 485
1528650 484
1528660 483
1528670 483
1528680 482
1528690 481
1528700 481
1528710 479
1528720 476
1528730 476
1528740 474
1528750 473
1528760 473
1528770 473
1528780 475
1528790 475
1528800 476
1528810 479
1528820 479
1528830 481
1528840 482
1528850 482
1528860 484
1528870 484
1528880 484
1528890 485
1528900 486
1528910 486
1528920 487
1528930 487
1528940 487
1528950 488
1528960 488
1528970 488
1528980 488
1528990 488
1529000 488
1529010 489
1529020 489
1529030 489
1529040 488
1529050 488
1529060 488
1529070 488
1529080 487
1529090 487
1529100 487
1529110 486
1529120 486
1529130 485
1529140 484
1529150 484
1529160 483
1529170 482
1529180 482
1529190 479
1529200 477
1529210 477
1529220 474
1529230 471
1529240 471
1529250 469
1529260 468
1529270 468
1529280 465
1529290 468
1529300 468
1529310 471
1529320 473
1529330 473
1529340 475
1529350 476
1529360 476
1529370 477
1529380 477
1529390 477
1529400 478
1529410 478
1529420 478
1529430 478
1529440 478
1529450 478
1529460 478
1529470 477
1529480 476
1529490 476
1529500 475
1529510 473
1529520 473
1529530 471
1529540 468
1529550 468
1529560 465
1529570 462
1529580 462
1529590 458
1529600 450
1529610 450
1529620 443
1529630 436
1529640 436
1529650 430
1529660 427
1529670 427
1529680 427
1529690 428
1529700 428
1529710 429
1529720 430
1529730 430
1529740 430
1529750 430
1529760 430
1529770 430
1529780 430
1529790 430
1529800 430
1529810 430
1529820 430
1529830 430
1529840 430
1529850 430
1529860 431
1529870 431
1529880 431
1529890 431
1529900 431
1529910 431
1529920 433
1529930 434
1529940 434
1529950 435
1529960 436
1529970 436
1529980 436
1529990 436
1530000 436
1530010 437
1530020 437
1530030 437
1530040 437
1530050 437
1530060 437
1530070 438
1530080 439
1530090 439
1530100 440
1530110 441
1530120 441
1530130 441
1530140 441
1530150 441
1530160 442
1530170 442
1530180 442
1530190 442
1530200 448
1530210 448
1530220 455
1530230 460
1530240 460
1530250 462
1530260 464
1530270 464
1530280 464
1530290 465
1530300 465
1530310 465
1530320 465
1530330 466
1530340 466
1530350 466
1530360 467
1530370 467
1530380 467
1530390 468
1530400 468
1530410 468
1530420 469
1530430 469
1530440 469
1530450 470
1530460 470
1530470 470
1530480 471
1530490 471
1530500 471
1530510 471
1530520 471
1530530 472
1530540 472
1530550 472
1530560 472
1530570 473
1530580 473
1530590 473
1530600 473
1530610 473
1530620 473
1530630 474
1530640 474
1530650 474
1530660 474
1530670 474
1530680 474
1530690 474
1530700 474
1530710 474
1530720 474
1530730 474
1530740 474
1530750 474
1530760 474
1530770 474
1530780 474
1530790 474
1530800 474
1530810 474
1530820 474
1530830 474
1530840 474
1530850 474
1530860 474
1530870 474
1530880 474
1530890 474
1530900 473
1530910 473
1530920 473
1530930 473
1530940 473
1530950 473
1530960 472
1530970 472
1530980 472
1530990 471
1531000 471
1531010 470
1531020 470
1531030 470
1531040 469
1531050 469
1531060 469
1531070 469
1531080 468
1531090 468
1531100 468
1531110 468
1531120 468
1531130 468
1531140 468
1531150 469
1531160 469
1531170 469
1531180 470
1531190 470
1531200 470
1531210 471
1531220 471
1531230 471
1531240 471
1531250 471
1531260 472
1531270 472
1531280 472
1531290 472
1531300 472
1531310 472
1531320 473
1531330 473
1531340 473
1531350 473
1531360 473
1531370 473
1531380 473
1531390 473
1531400 473
1531410 473
1531420 473
1531430 473
1531440 473
1531450 473
1531460 473
1531470 473
1531480 473
1531490 473
1531500 473
1531510 473
1531520 473
1531530 473
1531540 473
1531550 473
1531560 473
1531570 473
1531580 473
1531590 473
1531600 472
1531610 472
1531620 472
1531630 472
1531640 472
1531650 472
1531660 471
1531670 471
1531680 471
1531690 471
1531700 471
1531710 471
1531720 471
1531730 471
1531740 471
1531750 471
1531760 471
1531770 471
1531780 471
1531790 471
1531800 471
1531810 471
1531820 471
1531830 471
1531840 471
1531850 471
1531860 472
1531870 472
1531880 472
1531890 472
1531900 472
1531910 472
1531920 472
1531930 472
1531940 472
1531950 472
1531960 472
1531970 472
1531980 472
1531990 472
1532000 472
1532010 472
1532020 472
1532030 472
1532040 472
1532050 472
1532060 472
1532070 472
1532080 473
1532090 473
1532100 473
1532110 472
1532120 472
1532130 472
1532140 472
1532150 472
1532160 472
1532170 472
1532180 474
1532190 474
1532200 476
1532210 476
1532220 476
1532230 476
1532240 476
1532250 476
1532260 472
1532270 471
1532280 471
1532290 471
1532300 471
1532310 471
1532320 470
1532330 470
1532340 470
1532350 470
1532360 471
1532370 471
1532380 471
1532390 471
1532400 471
1532410 472
1532420 472
1532430 472
1532440 473
1532450 474
1532460 474
1532470 474
1532480 475
1532490 475
1532500 475
1532510 476
1532520 476
1532530 476
1532540 477
1532550 477
1532560 477
1532570 478
1532580 478
1532590 478
1532600 479
1532610 479
1532620 479
1532630 480
1532640 480
1532650 480
1532660 481
1532670 481
1532680 481
1532690 481
1532700 481
1532710 482
1532720 482
1532730 482
1532740 482
1532750 482
1532760 482
1532770 482
1532780 482
1532790 482
1532800 482
1532810 482
1532820 482
1532830 482
1532840 482
1532850 482
1532860 482
1532870 482
1532880 481
1532890 481
1532900 481
1532910 480
1532920 480
1532930 480
1532940 479
1532950 479
1532960 478
1532970 477
1532980 477
1532990 476
1533000 475
1533010 475
1533020 474
1533030 473
1533040 473
1533050 472
1533060 472
1533070 472
1533080 471
1533090 471
1533100 471
1533110 471
1533120 472
1533130 472
1533140 472
1533150 472
1533160 472
1533170 472
1533180 472
1533190 472
1533200 471
1533210 471
1533220 471
1533230 471
1533240 472
1533250 472
1533260 472
1533270 473
1533280 473
1533290 473
1533300 474
1533310 474
1533320 475
1533330 475
1533340 475
1533350 476
1533360 477
1533370 477
1533380 477
1533390 478
1533400 478
1533410 479
1533420 479
1533430 479
1533440 480
1533450 480
1533460 480
1533470 481
1533480 481
1533490 481
1533500 482
1533510 482
1533520 482
1533530 483
1533540 483
1533550 483
1533560 484
1533570 484
1533580 484
1533590 484
1533600 484
1533610 484
1533620 484
1533630 484
1533640 484
1533650 484
1533660 484
1533670 484
1533680 484
1533690 484
1533700 484
1533710 484
1533720 483
1533730 483
1533740 483
1533750 482
1533760 481
1533770 481
1533780 480
1533790 479
1533800 479
1533810 478
1533820 477
1533830 477
1533840 476
1533850 476
1533860 476
1533870 475
1533880 475
1533890 475
1533900 476
1533910 476
1533920 476
1533930 477
1533940 477
1533950 477
1533960 477
1533970 477
1533980 477
1533990 477
1534000 477
1534010 477
1534020 476
1534030 474
1534040 474
1534050 473
1534060 471
1534070 471
1534080 470
1534090 469
1534100 469
1534110 470
1534120 472
1534130 472
1534140 474
1534150 475
1534160 475
1534170 477
1534180 478
1534190 478
1534200 479
1534210 480
1534220 480
1534230 481
1534240 481
1534250 481
1534260 482
1534270 483
1534280 483
1534290 483
1534300 483
1534310 482
1534320 483
1534330 483
1534340 483
1534350 482
1534360 482
1534370 482
1534380 482
1534390 481
1534400 481
1534410 481
1534420 481
1534430 481
1534440 480
1534450 480
1534460 480
1534470 480
1534480 480
1534490 480
1534500 480
1534510 480
1534520 480
1534530 480
1534540 480
1534550 480
1534560 480
1534570 480
1534580 479
1534590 479
1534600 479
1534610 478
1534620 478
1534630 476
1534640 474
1534650 474
1534660 473
1534670 473
1534680 473
1534690 473
1534700 474
1534710 474
1534720 474
1534730 475
1534740 475
1534750 477
1534760 478
1534770 478
1534780 479
1534790 481
1534800 481
1534810 482
1534820 483
1534830 483
1534840 484
1534850 486
1534860 486
1534870 487
1534880 488
1534890 488
1534900 489
1534910 490
1534920 490
1534930 491
1534940 491
1534950 491
1534960 492
1534970 493
1534980 493
1534990 493
1535000 494
1535010 494
1535020 495
1535030 495
1535040 495
1535050 495
1535060 496
1535070 496
1535080 496
1535090 497
1535100 497
1535110 497
1535120 497
1535130 497
1535140 497
1535150 497
1535160 497
1535170 497
1535180 497
1535190 497
1535200 496
1535210 495
1535220 495
1535230 495
1535240 494
1535250 494
1535260 492
1535270 487
1535280 487
1535290 483
1535300 482
1535310 482
1535320 481
1535330 481
1535340 481
1535350 481
1535360 481
1535370 481
1535380 482
1535390 482
1535400 483
1535410 483
1535420 484
1535430 486
1535440 486
1535450 487
1535460 488
1535470 488
1535480 489
1535490 490
1535500 490
1535510 490
1535520 491
1535530 491
1535540 492
1535550 492
1535560 492
1535570 493
1535580 494
1535590 494
1535600 494
1535610 495
1535620 495
1535630 495
1535640 496
1535650 496
1535660 497
1535670 497
1535680 497
1535690 498
1535700 499
1535710 499
1535720 500
1535730 500
1535740 500
1535750 501
1535760 502
1535770 502
1535780 503
1535790 504
1535800 504
1535810 505
1535820 506
1535830 506
1535840 506
1535850 506
1535860 506
1535870 506
1535880 506
1535890 506
1535900 506
1535910 506
1535920 506
1535930 506
1535940 506
1535950 506
1535960 505
1535970 505
1535980 505
1535990 504
1536000 504
1536010 504
1536020 503
1536030 502
1536040 502
1536050 502
1536060 501
1536070 501
1536080 500
1536090 500
1536100 500
1536110 499
1536120 498
1536130 498
1536140 497
1536150 497
1536160 497
1536170 496
1536180 495
1536190 495
1536200 495
1536210 494
1536220 494
1536230 493
1536240 492
1536250 491
1536260 491
1536270 490
1536280 488
1536290 488
1536300 487
1536310 486
1536320 486
1536330 484
1536340 483
1536350 483
1536360 481
1536370 480
1536380 480
1536390 479
1536400 476
1536410 476
1536420 475
1536430 473
1536440 473
1536450 468
1536460 462
1536470 462
1536480 457
1536490 454
1536500 454
1536510 452
1536520 451
1536530 451
1536540 449
1536550 447
1536560 447
1536570 446
1536580 445
1536590 445
1536600 444
1536610 443
1536620 443
1536630 439
1536640 435
1536650 435
1536660 433
1536670 431
1536680 431
1536690 430
1536700 430
1536710 430
1536720 429
1536730 426
1536740 426
1536750 417
1536760 409
1536770 409
1536780 407
1536790 407
1536800 407
1536810 407
1536820 407
1536830 407
1536840 407
1536850 407
1536860 407
1536870 408
1536880 410
1536890 410
1536900 415
1536910 425
1536920 425
1536930 431
1536940 432
1536950 432
1536960 432
1536970 432
1536980 432
1536990 431
1537000 431
1537010 431
1537020 431
1537030 431
1537040 431
1537050 432
1537060 432
1537070 432
1537080 432
1537090 432
1537100 432
1537110 432
1537120 432
1537130 432
1537140 432
1537150 432
1537160 432
1537170 432
1537180 432
1537190 433
1537200 433
1537210 433
1537220 433
1537230 433
1537240 434
1537250 434
1537260 434
1537270 434
1537280 435
1537290 435
1537300 435
1537310 435
1537320 435
1537330 436
1537340 436
1537350 436
1537360 436
1537370 436
1537380 436
1537390 437
1537400 437
1537410 437
1537420 437
1537430 437
1537440 437
1537450 437
1537460 437
1537470 437
1537480 437
1537490 437
1537500 437
1537510 437
1537520 437
1537530 437
1537540 438
1537550 439
1537560 439
1537570 439
1537580 440
1537590 440
1537600 440
1537610 440
1537620 440
1537630 440
1537640 441
1537650 441
1537660 441
1537670 441
1537680 441
1537690 441
1537700 441
1537710 441
1537720 441
1537730 442
1537740 442
1537750 442
1537760 442
1537770 442
1537780 442
1537790 442
1537800 442
1537810 441
1537820 441
1537830 441
1537840 441
1537850 441
1537860 441
1537870 441
1537880 441
1537890 441
1537900 441
1537910 441
1537920 441
1537930 441
1537940 441
1537950 441
1537960 441
1537970 441
1537980 441
1537990 441
1538000 441
1538010 442
1538020 442
1538030 442
1538040 442
1538050 442
1538060 444
1538070 445
1538080 445
1538090 446
1538100 446
1538110 446
1538120 446
1538130 445
1538140 445
1538150 445
1538160 445
1538170 445
1538180 445
1538190 445
1538200 445
1538210 445
1538220 445
1538230 445
1538240 445
1538250 445
1538260 445
1538270 446
1538280 446
1538290 446
1538300 446
1538310 445
1538320 445
1538330 445
1538340 445
1538350 445
1538360 445
1538370 445
1538380 445
1538390 445
1538400 445
1538410 445
1538420 445
1538430 445
1538440 445
1538450 445
1538460 445
1538470 445
1538480 445
1538490 445
1538500 445
1538510 445
1538520 445
1538530 445
1538540 445
1538550 445
1538560 445
1538570 445
1538580 445
1538590 445
1538600 445
1538610 445
1538620 445
1538630 445
1538640 445
1538650 445
1538660 445
1538670 445
1538680 445
1538690 445
1538700 445
1538710 445
1538720 445
1538730 445
1538740 445
1538750 445
1538760 445
1538770 445
1538780 445
1538790 445
1538800 445
1538810 445
1538820 445
1538830 446
1538840 446
1538850 446
1538860 446
1538870 446
1538880 446
1538890 446
1538900 446
1538910 447
1538920 447
1538930 447
1538940 447
1538950 447
1538960 447
1538970 447
1538980 447
1538990 447
1539000 447
1539010 447
1539020 447
1539030 446
1539040 446
1539050 446
1539060 446
1539070 446
1539080 446
1539090 446
1539100 446
1539110 446
1539120 446
1539130 446
1539140 446
1539150 446
1539160 446
1539170 446
1539180 446
1539190 448
1539200 448
1539210 452
1539220 455
1539230 455
1539240 459
1539250 460
1539260 460
1539270 460
1539280 460
1539290 460
1539300 460
1539310 460
1539320 460
1539330 460
1539340 460
1539350 460
1539360 460
1539370 460
1539380 460
1539390 460
1539400 460
1539410 460
1539420 460
1539430 460
1539440 460
1539450 460
1539460 460
1539470 460
1539480 460
1539490 460
1539500 460
1539510 460
1539520 460
1539530 460
1539540 460
1539550 460
1539560 460
1539570 460
1539580 460
1539590 460
1539600 460
1539610 460
1539620 460
1539630 461
1539640 460
1539650 460
1539660 460
1539670 460
1539680 460
1539690 460
1539700 460
1539710 460
1539720 460
1539730 459
1539740 459
1539750 459
1539760 459
1539770 459
1539780 459
1539790 459
1539800 459
1539810 459
1539820 458
1539830 458
1539840 458
1539850 458
1539860 458
1539870 458
1539880 459
1539890 459
1539900 459
1539910 459
1539920 459
1539930 459
1539940 459
1539950 459
1539960 459
1539970 459
1539980 459
1539990 459
