1520000 509
1520010 508
1520020 508
1520030 508
1520040 507
1520050 507
1520060 507
1520070 506
1520080 506
1520090 506
1520100 505
1520110 505
1520120 504
1520130 504
1520140 504
1520150 503
1520160 502
1520170 502
1520180 502
1520190 501
1520200 501
1520210 501
1520220 501
1520230 501
1520240 500
1520250 500
1520260 500
1520270 499
1520280 499
1520290 499
1520300 499
1520310 498
1520320 498
1520330 498
1520340 497
1520350 497
1520360 497
1520370 497
1520380 497
1520390 496
1520400 496
1520410 495
1520420 495
1520430 495
1520440 495
1520450 495
1520460 495
1520470 495
1520480 495
1520490 495
1520500 495
1520510 495
1520520 495
1520530 495
1520540 495
1520550 495
1520560 496
1520570 496
1520580 496
1520590 496
1520600 496
1520610 496
1520620 496
1520630 496
1520640 497
1520650 497
1520660 497
1520670 497
1520680 497
1520690 497
1520700 497
1520710 498
1520720 498
1520730 498
1520740 498
1520750 498
1520760 498
1520770 499
1520780 499
1520790 499
1520800 499
1520810 499
1520820 500
1520830 500
1520840 500
1520850 500
1520860 500
1520870 500
1520880 500
1520890 500
1520900 500
1520910 500
1520920 501
1520930 501
1520940 501
1520950 501
1520960 501
1520970 501
1520980 501
1520990 501
1521000 500
1521010 500
1521020 500
1521030 500
1521040 499
1521050 499
1521060 499
1521070 498
1521080 498
1521090 498
1521100 497
1521110 497
1521120 496
1521130 495
1521140 495
1521150 495
1521160 494
1521170 494
1521180 493
1521190 493
1521200 493
1521210 492
1521220 491
1521230 491
1521240 491
1521250 490
1521260 490
1521270 489
1521280 489
1521290 489
1521300 488
1521310 487
1521320 487
1521330 486
1521340 485
1521350 485
1521360 485
1521370 484
1521380 484
1521390 483
1521400 482
1521410 482
1521420 481
1521430 480
1521440 480
1521450 480
1521460 479
1521470 479
1521480 479
1521490 478
1521500 478
1521510 478
1521520 478
1521530 478
1521540 478
1521550 478
1521560 478
1521570 478
1521580 477
1521590 477
1521600 477
1521610 477
1521620 477
1521630 477
1521640 476
1521650 476
1521660 476
1521670 476
1521680 476
1521690 476
1521700 475
1521710 475
1521720 475
1521730 475
1521740 474
1521750 474
1521760 474
1521770 474
1521780 474
1521790 473
1521800 473
1521810 473
1521820 473
1521830 473
1521840 473
1521850 472
1521860 472
1521870 472
1521880 472
1521890 472
1521900 472
1521910 471
1521920 471
1521930 471
1521940 471
1521950 470
1521960 470
1521970 470
1521980 470
1521990 470
1522000 469
1522010 469
1522020 469
1522030 468
1522040 468
1522050 468
1522060 468
1522070 467
1522080 467
1522090 467
1522100 466
1522110 466
1522120 466
1522130 465
1522140 465
1522150 464
1522160 463
1522170 463
1522180 463
1522190 462
1522200 462
1522210 461
1522220 461
1522230 461
1522240 460
1522250 460
1522260 460
1522270 459
1522280 458
1522290 458
1522300 458
1522310 458
1522320 458
1522330 457
1522340 456
1522350 456
1522360 455
1522370 455
1522380 455
1522390 454
1522400 454
1522410 454
1522420 454
1522430 453
1522440 453
1522450 453
1522460 453
1522470 453
1522480 453
1522490 453
1522500 453
1522510 454
1522520 454
1522530 454
1522540 455
1522550 455
1522560 455
1522570 455
1522580 455
1522590 455
1522600 455
1522610 456
1522620 456
1522630 456
1522640 460
1522650 462
1522660 462
1522670 462
1522680 463
1522690 463
1522700 464
1522710 466
1522720 466
1522730 467
1522740 468
1522750 468
1522760 469
1522770 470
1522780 470
1522790 470
1522800 470
1522810 470
1522820 471
1522830 471
1522840 471
1522850 471
1522860 472
1522870 472
1522880 473
1522890 473
1522900 473
1522910 473
1522920 474
1522930 474
1522940 474
1522950 474
1522960 474
1522970 474
1522980 474
1522990 474
1523000 475
1523010 475
1523020 475
1523030 475
1523040 475
1523050 475
1523060 475
1523070 475
1523080 475
1523090 475
1523100 475
1523110 475
1523120 474
1523130 474
1523140 474
1523150 473
1523160 473
1523170 473
1523180 472
1523190 471
1523200 471
1523210 470
1523220 469
1523230 469
1523240 468
1523250 468
1523260 468
1523270 467
1523280 465
1523290 465
1523300 464
1523310 463
1523320 463
1523330 463
1523340 462
1523350 462
1523360 461
1523370 460
1523380 460
1523390 459
1523400 457
1523410 457
1523420 456
1523430 455
1523440 455
1523450 454
1523460 453
1523470 453
1523480 452
1523490 452
1523500 452
1523510 451
1523520 450
1523530 450
1523540 450
1523550 449
1523560 449
1523570 448
1523580 448
1523590 448
1523600 447
1523610 447
1523620 447
1523630 447
1523640 447
1523650 447
1523660 447
1523670 447
1523680 447
1523690 447
1523700 447
1523710 447
1523720 447
1523730 448
1523740 448
1523750 448
1523760 448
1523770 448
1523780 448
1523790 447
1523800 447
1523810 447
1523820 447
1523830 447
1523840 447
1523850 447
1523860 447
1523870 447
1523880 447
1523890 447
1523900 447
1523910 447
1523920 447
1523930 447
1523940 447
1523950 446
1523960 446
1523970 446
1523980 446
1523990 446
1524000 446
1524010 446
1524020 446
1524030 445
1524040 445
1524050 445
1524060 445
1524070 445
1524080 445
1524090 444
1524100 444
1524110 444
1524120 444
1524130 443
1524140 443
1524150 443
1524160 443
1524170 443
1524180 443
1524190 442
1524200 442
1524210 442
1524220 441
1524230 441
1524240 440
1524250 440
1524260 440
1524270 439
1524280 439
1524290 439
1524300 438
1524310 437
1524320 437
1524330 436
1524340 435
1524350 435
1524360 434
1524370 434
1524380 434
1524390 434
1524400 433
1524410 433
1524420 433
1524430 434
1524440 434
1524450 435
1524460 436
1524470 436
1524480 437
1524490 439
1524500 439
1524510 440
1524520 442
1524530 442
1524540 444
1524550 446
1524560 446
1524570 448
1524580 449
1524590 449
1524600 451
1524610 453
1524620 453
1524630 455
1524640 456
1524650 456
1524660 457
1524670 457
1524680 457
1524690 457
1524700 456
1524710 455
1524720 455
1524730 454
1524740 452
1524750 452
1524760 451
1524770 449
1524780 449
1524790 448
1524800 446
1524810 446
1524820 444
1524830 439
1524840 439
1524850 434
1524860 429
1524870 429
1524880 429
1524890 429
1524900 429
1524910 429
1524920 429
1524930 429
1524940 429
1524950 429
1524960 429
1524970 429
1524980 429
1524990 429
1525000 429
1525010 430
1525020 430
1525030 430
1525040 429
1525050 429
1525060 429
1525070 429
1525080 429
1525090 428
1525100 428
1525110 428
1525120 428
1525130 427
1525140 427
1525150 427
1525160 427
1525170 427
1525180 427
1525190 427
1525200 427
1525210 426
1525220 426
1525230 426
1525240 425
1525250 426
1525260 426
1525270 426
1525280 426
1525290 426
1525300 425
1525310 425
1525320 425
1525330 426
1525340 427
1525350 427
1525360 426
1525370 426
1525380 426
1525390 426
1525400 426
1525410 426
1525420 426
1525430 426
1525440 426
1525450 426
1525460 426
1525470 426
1525480 426
1525490 426
1525500 426
1525510 426
1525520 427
1525530 427
1525540 428
1525550 428
1525560 428
1525570 428
1525580 430
1525590 430
1525600 434
1525610 438
1525620 438
1525630 440
1525640 441
1525650 441
1525660 441
1525670 442
1525680 442
1525690 441
1525700 441
1525710 441
1525720 441
1525730 441
1525740 442
1525750 442
1525760 442
1525770 442
1525780 442
1525790 442
1525800 442
1525810 442
1525820 443
1525830 443
1525840 443
1525850 443
1525860 443
1525870 443
1525880 444
1525890 444
1525900 444
1525910 444
1525920 445
1525930 445
1525940 446
1525950 446
1525960 446
1525970 447
1525980 448
1525990 448
1526000 448
1526010 449
1526020 449
1526030 449
1526040 450
1526050 450
1526060 450
1526070 450
1526080 450
1526090 451
1526100 451
1526110 451
1526120 451
1526130 452
1526140 452
1526150 452
1526160 452
1526170 452
1526180 453
1526190 453
1526200 453
1526210 453
1526220 455
1526230 455
1526240 455
1526250 456
1526260 456
1526270 456
1526280 457
1526290 457
1526300 457
1526310 458
1526320 458
1526330 458
1526340 459
1526350 459
1526360 460
1526370 460
1526380 460
1526390 461
1526400 462
1526410 462
1526420 463
1526430 463
1526440 463
1526450 464
1526460 464
1526470 464
1526480 464
1526490 465
1526500 465
1526510 465
1526520 466
1526530 466
1526540 466
1526550 466
1526560 466
1526570 467
1526580 467
1526590 467
1526600 468
1526610 469
1526620 469
1526630 470
1526640 471
1526650 471
1526660 472
1526670 473
1526680 473
1526690 473
1526700 474
1526710 474
1526720 475
1526730 476
1526740 476
1526750 476
1526760 477
1526770 477
1526780 478
1526790 478
1526800 478
1526810 479
1526820 479
1526830 479
1526840 479
1526850 480
1526860 480
1526870 480
1526880 480
1526890 480
1526900 480
1526910 480
1526920 479
1526930 479
1526940 476
1526950 472
1526960 472
1526970 470
1526980 470
1526990 470
1527000 468
1527010 466
1527020 466
1527030 464
1527040 464
1527050 464
1527060 464
1527070 465
1527080 465
1527090 466
1527100 467
1527110 467
1527120 469
1527130 468
1527140 468
1527150 470
1527160 472
1527170 472
1527180 474
1527190 475
1527200 475
1527210 475
1527220 475
1527230 475
1527240 475
1527250 475
1527260 475
1527270 474
1527280 474
1527290 474
1527300 474
1527310 473
1527320 473
1527330 473
1527340 472
1527350 472
1527360 472
1527370 471
1527380 471
1527390 470
1527400 470
1527410 470
1527420 469
1527430 468
1527440 468
1527450 467
1527460 465
1527470 465
1527480 464
1527490 463
1527500 463
1527510 462
1527520 461
1527530 461
1527540 460
1527550 459
1527560 459
1527570 458
1527580 458
1527590 458
1527600 457
1527610 456
1527620 456
1527630 455
1527640 454
1527650 454
1527660 454
1527670 453
1527680 453
1527690 453
1527700 452
1527710 452
1527720 451
1527730 451
1527740 451
1527750 450
1527760 450
1527770 450
1527780 449
1527790 449
1527800 449
1527810 448
1527820 447
1527830 447
1527840 446
1527850 445
1527860 445
1527870 445
1527880 444
1527890 443
1527900 443
1527910 443
1527920 442
1527930 442
1527940 441
1527950 441
1527960 441
1527970 440
1527980 439
1527990 439
1528000 438
1528010 437
1528020 437
1528030 437
1528040 436
1528050 436
1528060 435
1528070 434
1528080 434
1528090 433
1528100 432
1528110 432
1528120 432
1528130 431
1528140 431
1528150 430
1528160 428
1528170 428
1528180 427
1528190 426
1528200 426
1528210 425
1528220 424
1528230 424
1528240 423
1528250 422
1528260 422
1528270 421
1528280 420
1528290 420
1528300 419
1528310 418
1528320 418
1528330 417
1528340 416
1528350 416
1528360 416
1528370 414
1528380 414
1528390 413
1528400 412
1528410 412
1528420 411
1528430 410
1528440 410
1528450 410
1528460 408
1528470 408
1528480 407
1528490 407
1528500 407
1528510 406
1528520 406
1528530 406
1528540 405
1528550 405
1528560 405
1528570 405
1528580 404
1528590 404
1528600 403
1528610 402
1528620 402
1528630 403
1528640 404
1528650 404
1528660 404
1528670 404
1528680 404
1528690 404
1528700 404
1528710 404
1528720 405
1528730 405
1528740 405
1528750 405
1528760 405
1528770 405
1528780 405
1528790 404
1528800 404
1528810 404
1528820 404
1528830 404
1528840 404
1528850 404
1528860 404
1528870 404
1528880 404
1528890 404
1528900 404
1528910 404
1528920 404
1528930 404
1528940 405
1528950 405
1528960 405
1528970 405
1528980 404
1528990 404
1529000 404
1529010 404
1529020 404
1529030 404
1529040 404
1529050 404
1529060 404
1529070 404
1529080 404
1529090 404
1529100 405
1529110 405
1529120 405
1529130 405
1529140 405
1529150 405
1529160 405
1529170 405
1529180 405
1529190 405
1529200 405
1529210 404
1529220 404
1529230 404
1529240 404
1529250 403
1529260 403
1529270 403
1529280 403
1529290 403
1529300 403
1529310 403
1529320 403
1529330 403
1529340 403
1529350 403
1529360 403
1529370 403
1529380 403
1529390 403
1529400 403
1529410 403
1529420 403
1529430 403
1529440 403
1529450 403
1529460 403
1529470 403
1529480 403
1529490 403
1529500 403
1529510 403
1529520 403
1529530 403
1529540 403
1529550 403
1529560 403
1529570 403
1529580 403
1529590 403
1529600 403
1529610 403
1529620 403
1529630 403
1529640 403
1529650 403
1529660 403
1529670 403
1529680 403
1529690 403
1529700 403
1529710 403
1529720 403
1529730 403
1529740 403
1529750 403
1529760 403
1529770 403
1529780 403
1529790 402
1529800 402
1529810 402
1529820 401
1529830 401
1529840 401
1529850 401
1529860 401
1529870 401
1529880 401
1529890 401
1529900 401
1529910 401
1529920 401
1529930 401
1529940 401
1529950 401
1529960 401
1529970 401
1529980 401
1529990 401
1530000 401
1530010 401
1530020 401
1530030 401
1530040 401
1530050 401
1530060 401
1530070 401
1530080 401
1530090 401
1530100 401
1530110 401
1530120 401
1530130 401
1530140 401
1530150 401
1530160 401
1530170 401
1530180 401
1530190 401
1530200 401
1530210 401
1530220 401
1530230 401
1530240 401
1530250 401
1530260 401
1530270 401
1530280 401
1530290 401
1530300 401
1530310 401
1530320 401
1530330 401
1530340 401
1530350 401
1530360 401
1530370 401
1530380 401
1530390 401
1530400 401
1530410 401
1530420 401
1530430 401
1530440 401
1530450 398
1530460 395
1530470 395
1530480 392
1530490 389
1530500 389
1530510 386
1530520 383
1530530 383
1530540 382
1530550 382
1530560 382
1530570 382
1530580 382
1530590 382
1530600 382
1530610 382
1530620 382
1530630 383
1530640 386
1530650 386
1530660 388
1530670 393
1530680 393
1530690 396
1530700 396
1530710 396
1530720 397
1530730 397
1530740 397
1530750 395
1530760 393
1530770 393
1530780 394
1530790 393
1530800 393
1530810 393
1530820 393
1530830 393
1530840 392
1530850 391
1530860 391
1530870 391
1530880 389
1530890 389
1530900 388
1530910 388
1530920 388
1530930 388
1530940 388
1530950 388
1530960 388
1530970 388
1530980 388
1530990 388
1531000 388
1531010 388
1531020 386
1531030 385
1531040 385
1531050 385
1531060 388
1531070 388
1531080 390
1531090 390
1531100 386
1531110 386
1531120 383
1531130 383
1531140 383
1531150 384
1531160 382
1531170 382
1531180 383
1531190 385
1531200 385
1531210 387
1531220 388
1531230 388
1531240 388
1531250 388
1531260 388
1531270 388
1531280 388
1531290 388
1531300 387
1531310 385
1531320 385
1531330 381
1531340 378
1531350 378
1531360 378
1531370 378
1531380 378
1531390 379
1531400 380
1531410 380
1531420 380
1531430 380
1531440 380
1531450 381
1531460 381
1531470 381
1531480 381
1531490 381
1531500 381
1531510 380
1531520 379
1531530 379
1531540 379
1531550 379
1531560 379
1531570 380
1531580 380
1531590 380
1531600 380
1531610 380
1531620 380
1531630 380
1531640 382
1531650 382
1531660 382
1531670 382
1531680 382
1531690 382
1531700 382
1531710 382
1531720 382
1531730 382
1531740 382
1531750 382
1531760 383
1531770 383
1531780 383
1531790 383
1531800 383
1531810 382
1531820 379
1531830 379
1531840 378
1531850 378
1531860 378
1531870 379
1531880 381
1531890 381
1531900 382
1531910 382
1531920 382
1531930 382
1531940 382
1531950 382
1531960 379
1531970 379
1531980 379
1531990 379
1532000 379
1532010 379
1532020 381
1532030 381
1532040 381
1532050 384
1532060 390
1532070 390
1532080 398
1532090 409
1532100 409
1532110 418
1532120 420
1532130 420
1532140 420
1532150 420
1532160 420
1532170 420
1532180 420
1532190 420
1532200 420
1532210 419
1532220 419
1532230 419
1532240 419
1532250 419
1532260 419
1532270 419
1532280 419
1532290 419
1532300 419
1532310 419
1532320 419
1532330 419
1532340 418
1532350 418
1532360 418
1532370 418
1532380 418
1532390 418
1532400 418
1532410 418
1532420 418
1532430 418
1532440 418
1532450 418
1532460 418
1532470 418
1532480 418
1532490 418
1532500 418
1532510 418
1532520 417
1532530 417
1532540 417
1532550 417
1532560 417
1532570 417
1532580 416
1532590 416
1532600 416
1532610 415
1532620 415
1532630 414
1532640 413
1532650 413
1532660 411
1532670 409
1532680 409
1532690 409
1532700 409
1532710 409
1532720 410
1532730 412
1532740 412
1532750 413
1532760 415
1532770 415
1532780 416
1532790 416
1532800 416
1532810 417
1532820 417
1532830 417
1532840 417
1532850 417
1532860 417
1532870 417
1532880 417
1532890 417
1532900 417
1532910 417
1532920 417
1532930 416
1532940 416
1532950 416
1532960 416
1532970 416
1532980 416
1532990 416
1533000 415
1533010 415
1533020 415
1533030 415
1533040 415
1533050 414
1533060 414
1533070 414
1533080 410
1533090 406
1533100 406
1533110 401
1533120 398
1533130 398
1533140 396
1533150 395
1533160 395
1533170 394
1533180 394
1533190 394
1533200 394
1533210 394
1533220 394
1533230 394
1533240 394
1533250 394
1533260 394
1533270 394
1533280 394
1533290 394
1533300 394
1533310 395
1533320 395
1533330 396
1533340 396
1533350 396
1533360 398
1533370 402
1533380 402
1533390 408
1533400 411
1533410 411
1533420 413
1533430 414
1533440 414
1533450 415
1533460 415
1533470 415
1533480 415
1533490 415
1533500 415
1533510 416
1533520 416
1533530 416
1533540 416
1533550 416
1533560 416
1533570 416
1533580 416
1533590 416
1533600 416
1533610 416
1533620 416
1533630 416
1533640 416
1533650 416
1533660 416
1533670 416
1533680 416
1533690 415
1533700 414
1533710 414
1533720 414
1533730 413
1533740 413
1533750 412
1533760 412
1533770 412
1533780 412
1533790 413
1533800 413
1533810 415
1533820 417
1533830 417
1533840 417
1533850 417
1533860 417
1533870 417
1533880 417
1533890 417
1533900 417
1533910 417
1533920 417
1533930 417
1533940 418
1533950 418
1533960 418
1533970 418
1533980 418
1533990 418
1534000 418
1534010 418
1534020 418
1534030 418
1534040 418
1534050 418
1534060 418
1534070 418
1534080 418
1534090 418
1534100 418
1534110 418
1534120 417
1534130 417
1534140 417
1534150 417
1534160 417
1534170 417
1534180 417
1534190 417
1534200 417
1534210 417
1534220 417
1534230 417
1534240 417
1534250 417
1534260 418
1534270 417
1534280 417
1534290 417
1534300 418
1534310 418
1534320 418
1534330 418
1534340 417
1534350 417
1534360 417
1534370 417
1534380 417
1534390 418
1534400 418
1534410 418
1534420 418
1534430 418
1534440 418
1534450 418
1534460 418
1534470 418
1534480 418
1534490 419
1534500 419
1534510 419
1534520 419
1534530 419
1534540 419
1534550 419
1534560 419
1534570 420
1534580 420
1534590 420
1534600 420
1534610 419
1534620 419
1534630 419
1534640 419
1534650 419
1534660 418
1534670 418
1534680 418
1534690 417
1534700 417
1534710 417
1534720 417
1534730 416
1534740 416
1534750 416
1534760 415
1534770 415
1534780 414
1534790 414
1534800 414
1534810 416
1534820 416
1534830 416
1534840 417
1534850 417
1534860 417
1534870 417
1534880 417
1534890 417
1534900 418
1534910 418
1534920 418
1534930 418
1534940 418
1534950 418
1534960 418
1534970 418
1534980 418
1534990 418
1535000 418
1535010 418
1535020 418
1535030 418
1535040 418
1535050 418
1535060 418
1535070 418
1535080 419
1535090 419
1535100 419
1535110 418
1535120 418
1535130 418
1535140 418
1535150 418
1535160 418
1535170 418
1535180 418
1535190 418
1535200 419
1535210 419
1535220 419
1535230 419
1535240 418
1535250 418
1535260 418
1535270 418
1535280 418
1535290 418
1535300 418
1535310 418
1535320 418
1535330 418
1535340 418
1535350 419
1535360 419
1535370 419
1535380 419
1535390 419
1535400 419
1535410 419
1535420 419
1535430 419
1535440 419
1535450 419
1535460 419
1535470 419
1535480 419
1535490 419
1535500 419
1535510 419
1535520 419
1535530 419
1535540 419
1535550 419
1535560 419
1535570 419
1535580 418
1535590 418
1535600 418
1535610 418
1535620 418
1535630 418
1535640 418
1535650 418
1535660 418
1535670 418
1535680 418
1535690 418
1535700 418
1535710 418
1535720 417
1535730 417
1535740 417
1535750 417
1535760 417
1535770 417
1535780 417
1535790 418
1535800 418
1535810 418
1535820 418
1535830 418
1535840 418
1535850 418
1535860 418
1535870 418
1535880 418
1535890 418
1535900 418
1535910 419
1535920 419
1535930 419
1535940 419
1535950 419
1535960 419
1535970 419
1535980 419
1535990 419
1536000 419
1536010 419
1536020 418
1536030 418
1536040 418
1536050 418
1536060 418
1536070 418
1536080 418
1536090 418
1536100 418
1536110 418
1536120 418
1536130 418
1536140 418
1536150 418
1536160 418
1536170 418
1536180 418
1536190 418
1536200 418
1536210 418
1536220 418
1536230 419
1536240 419
1536250 419
1536260 419
1536270 418
1536280 418
1536290 418
1536300 416
1536310 416
1536320 414
1536330 412
1536340 412
1536350 411
1536360 411
1536370 411
1536380 411
1536390 411
1536400 411
1536410 411
1536420 411
1536430 411
1536440 412
1536450 412
1536460 412
1536470 412
1536480 412
1536490 412
1536500 412
1536510 412
1536520 412
1536530 412
1536540 412
1536550 412
1536560 412
1536570 412
1536580 411
1536590 411
1536600 411
1536610 410
1536620 410
1536630 409
1536640 409
1536650 409
1536660 409
1536670 409
1536680 409
1536690 410
1536700 410
1536710 410
1536720 409
1536730 409
1536740 409
1536750 409
1536760 408
1536770 408
1536780 408
1536790 408
1536800 408
1536810 408
1536820 408
1536830 408
1536840 408
1536850 408
1536860 408
1536870 408
1536880 408
1536890 408
1536900 408
1536910 407
1536920 407
1536930 407
1536940 407
1536950 407
1536960 407
1536970 408
1536980 408
1536990 409
1537000 409
1537010 409
1537020 409
1537030 409
1537040 409
1537050 409
1537060 409
1537070 409
1537080 409
1537090 409
1537100 409
1537110 409
1537120 409
1537130 409
1537140 409
1537150 409
1537160 409
1537170 409
1537180 409
1537190 409
1537200 408
1537210 408
1537220 408
1537230 408
1537240 408
1537250 408
1537260 408
1537270 407
1537280 407
1537290 407
1537300 407
1537310 407
1537320 407
1537330 407
1537340 407
1537350 407
1537360 407
1537370 407
1537380 407
1537390 407
1537400 407
1537410 407
1537420 407
1537430 407
1537440 407
1537450 407
1537460 407
1537470 407
1537480 407
1537490 407
1537500 407
1537510 407
1537520 407
1537530 407
1537540 407
1537550 406
1537560 406
1537570 406
1537580 406
1537590 406
1537600 406
1537610 406
1537620 406
1537630 406
1537640 406
1537650 406
1537660 406
1537670 406
1537680 406
1537690 406
1537700 406
1537710 406
1537720 406
1537730 405
1537740 405
1537750 405
1537760 405
1537770 405
1537780 405
1537790 404
1537800 404
1537810 403
1537820 401
1537830 401
1537840 399
1537850 398
1537860 398
1537870 398
1537880 398
1537890 398
1537900 398
1537910 398
1537920 398
1537930 398
1537940 398
1537950 398
1537960 398
1537970 398
1537980 398
1537990 397
1538000 397
1538010 397
1538020 396
1538030 396
1538040 396
1538050 395
1538060 395
1538070 395
1538080 393
1538090 390
1538100 390
1538110 387
1538120 385
1538130 385
1538140 385
1538150 385
1538160 385
1538170 385
1538180 385
1538190 385
1538200 384
1538210 382
1538220 382
1538230 382
1538240 382
1538250 382
1538260 382
1538270 382
1538280 382
1538290 383
1538300 383
1538310 383
1538320 383
1538330 383
1538340 383
1538350 384
1538360 383
1538370 383
1538380 379
1538390 373
1538400 373
1538410 368
1538420 365
1538430 365
1538440 364
1538450 363
1538460 363
1538470 363
1538480 364
1538490 364
1538500 363
1538510 363
1538520 363
1538530 364
1538540 367
1538550 367
1538560 372
1538570 377
1538580 377
1538590 383
1538600 388
1538610 395
1538620 395
1538630 397
1538640 397
1538650 397
1538660 397
1538670 398
1538680 398
1538690 400
1538700 403
1538710 403
1538720 407
1538730 409
1538740 409
1538750 411
1538760 413
1538770 413
1538780 414
1538790 415
1538800 415
1538810 415
1538820 416
1538830 416
1538840 416
1538850 415
1538860 415
1538870 415
1538880 415
1538890 415
1538900 415
1538910 415
1538920 415
1538930 415
1538940 415
1538950 415
1538960 415
1538970 415
1538980 415
1538990 415
1539000 415
1539010 415
1539020 414
1539030 414
1539040 414
1539050 414
1539060 414
1539070 414
1539080 414
1539090 414
1539100 414
1539110 414
1539120 414
1539130 414
1539140 414
1539150 414
1539160 414
1539170 414
1539180 414
1539190 414
1539200 414
1539210 414
1539220 414
1539230 414
1539240 414
1539250 414
1539260 414
1539270 414
1539280 414
1539290 414
1539300 414
1539310 414
1539320 414
1539330 414
1539340 414
1539350 414
1539360 414
1539370 414
1539380 414
1539390 414
1539400 414
1539410 414
1539420 414
1539430 414
1539440 414
1539450 414
1539460 414
1539470 414
1539480 414
1539490 414
1539500 414
1539510 414
1539520 414
1539530 414
1539540 414
1539550 414
1539560 414
1539570 414
1539580 414
1539590 414
1539600 414
1539610 414
1539620 415
1539630 415
1539640 415
1539650 415
1539660 415
1539670 415
1539680 415
1539690 415
1539700 415
1539710 415
1539720 415
1539730 415
1539740 415
1539750 415
1539760 414
1539770 414
1539780 414
1539790 414
1539800 414
1539810 413
1539820 413
1539830 413
1539840 413
1539850 412
1539860 412
1539870 413
1539880 414
1539890 414
1539900 414
1539910 415
1539920 415
1539930 416
1539940 416
1539950 416
1539960 417
1539970 417
1539980 417
1539990 417
