1520000 486
1520010 486
1520020 487
1520030 487
1520040 487
1520050 488
1520060 488
1520070 488
1520080 488
1520090 488
1520100 489
1520110 489
1520120 489
1520130 490
1520140 490
1520150 490
1520160 491
1520170 491
1520180 491
1520190 491
1520200 492
1520210 492
1520220 492
1520230 492
1520240 492
1520250 492
1520260 492
1520270 492
1520280 492
1520290 492
1520300 492
1520310 492
1520320 492
1520330 492
1520340 493
1520350 493
1520360 493
1520370 493
1520380 492
1520390 492
1520400 492
1520410 491
1520420 491
1520430 490
1520440 489
1520450 489
1520460 488
1520470 487
1520480 487
1520490 486
1520500 485
1520510 485
1520520 484
1520530 484
1520540 484
1520550 484
1520560 484
1520570 484
1520580 484
1520590 485
1520600 485
1520610 485
1520620 486
1520630 486
1520640 486
1520650 487
1520660 487
1520670 487
1520680 487
1520690 487
1520700 487
1520710 488
1520720 488
1520730 488
1520740 488
1520750 488
1520760 488
1520770 488
1520780 488
1520790 488
1520800 488
1520810 488
1520820 488
1520830 488
1520840 488
1520850 487
1520860 487
1520870 487
1520880 487
1520890 487
1520900 487
1520910 487
1520920 487
1520930 487
1520940 487
1520950 487
1520960 487
1520970 487
1520980 487
1520990 487
1521000 486
1521010 486
1521020 486
1521030 486
1521040 486
1521050 486
1521060 486
1521070 485
1521080 485
1521090 485
1521100 484
1521110 485
1521120 485
1521130 485
1521140 485
1521150 485
1521160 486
1521170 486
1521180 486
1521190 486
1521200 486
1521210 486
1521220 486
1521230 486
1521240 486
1521250 485
1521260 485
1521270 485
1521280 486
1521290 487
1521300 487
1521310 487
1521320 487
1521330 487
1521340 487
1521350 486
1521360 486
1521370 486
1521380 486
1521390 486
1521400 486
1521410 487
1521420 487
1521430 487
1521440 487
1521450 487
1521460 486
1521470 486
1521480 486
1521490 487
1521500 488
1521510 488
1521520 489
1521530 489
1521540 489
1521550 490
1521560 491
1521570 491
1521580 491
1521590 492
1521600 492
1521610 493
1521620 495
1521630 495
1521640 496
1521650 497
1521660 497
1521670 498
1521680 498
1521690 498
1521700 499
1521710 499
1521720 499
1521730 499
1521740 499
1521750 499
1521760 499
1521770 498
1521780 498
1521790 498
1521800 498
1521810 498
1521820 497
1521830 497
1521840 497
1521850 498
1521860 498
1521870 498
1521880 499
1521890 499
1521900 499
1521910 500
1521920 500
1521930 500
1521940 500
1521950 500
1521960 500
1521970 499
1521980 499
1521990 499
1522000 500
1522010 500
1522020 500
1522030 500
1522040 500
1522050 500
1522060 500
1522070 500
1522080 500
1522090 500
1522100 500
1522110 500
1522120 500
1522130 500
1522140 500
1522150 500
1522160 499
1522170 499
1522180 499
1522190 498
1522200 497
1522210 497
1522220 496
1522230 495
1522240 495
1522250 494
1522260 493
1522270 493
1522280 491
1522290 490
1522300 490
1522310 489
1522320 488
1522330 488
1522340 487
1522350 487
1522360 487
1522370 486
1522380 485
1522390 485
1522400 484
1522410 484
1522420 484
1522430 483
1522440 483
1522450 483
1522460 482
1522470 482
1522480 482
1522490 481
1522500 480
1522510 480
1522520 480
1522530 476
1522540 476
1522550 474
1522560 473
1522570 473
1522580 471
1522590 470
1522600 470
1522610 470
1522620 469
1522630 469
1522640 467
1522650 464
1522660 464
1522670 461
1522680 459
1522690 459
1522700 457
1522710 454
1522720 454
1522730 450
1522740 447
1522750 447
1522760 447
1522770 446
1522780 446
1522790 447
1522800 447
1522810 447
1522820 447
1522830 447
1522840 447
1522850 447
1522860 446
1522870 446
1522880 446
1522890 446
1522900 446
1522910 446
1522920 446
1522930 446
1522940 446
1522950 446
1522960 446
1522970 446
1522980 446
1522990 446
1523000 446
1523010 446
1523020 446
1523030 446
1523040 446
1523050 446
1523060 446
1523070 446
1523080 446
1523090 446
1523100 446
1523110 446
1523120 446
1523130 446
1523140 446
1523150 446
1523160 446
1523170 446
1523180 446
1523190 446
1523200 446
1523210 446
1523220 446
1523230 446
1523240 446
1523250 446
1523260 446
1523270 446
1523280 446
1523290 446
1523300 446
1523310 446
1523320 446
1523330 446
1523340 446
1523350 446
1523360 446
1523370 446
1523380 446
1523390 446
1523400 446
1523410 446
1523420 446
1523430 446
1523440 446
1523450 446
1523460 446
1523470 446
1523480 446
1523490 446
1523500 446
1523510 446
1523520 446
1523530 446
1523540 446
1523550 445
1523560 445
1523570 445
1523580 445
1523590 445
1523600 445
1523610 445
1523620 446
1523630 446
1523640 446
1523650 446
1523660 446
1523670 447
1523680 448
1523690 448
1523700 448
1523710 448
1523720 448
1523730 449
1523740 450
1523750 450
1523760 451
1523770 451
1523780 451
1523790 452
1523800 454
1523810 454
1523820 456
1523830 458
1523840 458
1523850 460
1523860 460
1523870 460
1523880 460
1523890 461
1523900 461
1523910 461
1523920 461
1523930 461
1523940 461
1523950 461
1523960 461
1523970 462
1523980 462
1523990 462
1524000 462
1524010 462
1524020 462
1524030 462
1524040 462
1524050 462
1524060 462
1524070 462
1524080 462
1524090 462
1524100 462
1524110 462
1524120 461
1524130 461
1524140 461
1524150 461
1524160 461
1524170 461
1524180 460
1524190 459
1524200 459
1524210 457
1524220 456
1524230 456
1524240 455
1524250 454
1524260 454
1524270 453
1524280 452
1524290 452
1524300 452
1524310 452
1524320 452
1524330 452
1524340 452
1524350 452
1524360 451
1524370 451
1524380 451
1524390 450
1524400 450
1524410 450
1524420 449
1524430 448
1524440 448
1524450 447
1524460 446
1524470 446
1524480 446
1524490 447
1524500 449
1524510 449
1524520 450
1524530 451
1524540 451
1524550 452
1524560 453
1524570 453
1524580 454
1524590 455
1524600 455
1524610 455
1524620 455
1524630 455
1524640 455
1524650 454
1524660 454
1524670 453
1524680 451
1524690 451
1524700 447
1524710 442
1524720 442
1524730 439
1524740 438
1524750 438
1524760 439
1524770 440
1524780 440
1524790 441
1524800 443
1524810 443
1524820 445
1524830 447
1524840 447
1524850 450
1524860 452
1524870 452
1524880 454
1524890 456
1524900 456
1524910 457
1524920 459
1524930 459
1524940 460
1524950 462
1524960 462
1524970 463
1524980 464
1524990 464
1525000 464
1525010 465
1525020 465
1525030 466
1525040 467
1525050 467
1525060 468
1525070 469
1525080 469
1525090 469
1525100 470
1525110 470
1525120 471
1525130 471
1525140 471
1525150 472
1525160 473
1525170 473
1525180 474
1525190 474
1525200 474
1525210 474
1525220 475
1525230 475
1525240 475
1525250 475
1525260 475
1525270 473
1525280 473
1525290 473
1525300 473
1525310 473
1525320 473
1525330 473
1525340 472
1525350 472
1525360 472
1525370 472
1525380 472
1525390 472
1525400 471
1525410 471
1525420 471
1525430 471
1525440 471
1525450 471
1525460 470
1525470 470
1525480 470
1525490 470
1525500 470
1525510 469
1525520 469
1525530 469
1525540 468
1525550 468
1525560 468
1525570 467
1525580 467
1525590 467
1525600 466
1525610 466
1525620 466
1525630 466
1525640 465
1525650 465
1525660 465
1525670 464
1525680 464
1525690 464
1525700 463
1525710 463
1525720 463
1525730 462
1525740 462
1525750 462
1525760 461
1525770 460
1525780 460
1525790 460
1525800 459
1525810 459
1525820 458
1525830 458
1525840 458
1525850 457
1525860 456
1525870 456
1525880 456
1525890 455
1525900 455
1525910 455
1525920 454
1525930 454
1525940 454
1525950 453
1525960 453
1525970 452
1525980 452
1525990 452
1526000 451
1526010 451
1526020 451
1526030 450
1526040 450
1526050 450
1526060 449
1526070 449
1526080 449
1526090 448
1526100 447
1526110 447
1526120 443
1526130 438
1526140 438
1526150 434
1526160 431
1526170 431
1526180 428
1526190 427
1526200 427
1526210 428
1526220 429
1526230 429
1526240 430
1526250 432
1526260 432
1526270 433
1526280 435
1526290 435
1526300 438
1526310 441
1526320 441
1526330 443
1526340 445
1526350 445
1526360 446
1526370 447
1526380 447
1526390 448
1526400 448
1526410 448
1526420 449
1526430 449
1526440 449
1526450 449
1526460 449
1526470 449
1526480 447
1526490 442
1526500 442
1526510 438
1526520 436
1526530 436
1526540 434
1526550 432
1526560 432
1526570 432
1526580 432
1526590 432
1526600 432
1526610 433
1526620 433
1526630 434
1526640 434
1526650 434
1526660 434
1526670 434
1526680 434
1526690 434
1526700 434
1526710 434
1526720 435
1526730 435
1526740 435
1526750 436
1526760 437
1526770 438
1526780 438
1526790 439
1526800 440
1526810 440
1526820 441
1526830 442
1526840 442
1526850 443
1526860 443
1526870 443
1526880 444
1526890 444
1526900 444
1526910 445
1526920 445
1526930 445
1526940 446
1526950 446
1526960 446
1526970 446
1526980 445
1526990 445
1527000 444
1527010 442
1527020 442
1527030 441
1527040 439
1527050 439
1527060 438
1527070 438
1527080 438
1527090 439
1527100 440
1527110 440
1527120 441
1527130 442
1527140 442
1527150 443
1527160 444
1527170 444
1527180 445
1527190 446
1527200 446
1527210 447
1527220 447
1527230 447
1527240 448
1527250 449
1527260 449
1527270 449
1527280 450
1527290 450
1527300 451
1527310 452
1527320 452
1527330 452
1527340 453
1527350 453
1527360 454
1527370 455
1527380 455
1527390 456
1527400 456
1527410 456
1527420 456
1527430 457
1527440 457
1527450 457
1527460 458
1527470 458
1527480 458
1527490 458
1527500 458
1527510 459
1527520 459
1527530 459
1527540 459
1527550 459
1527560 459
1527570 459
1527580 459
1527590 459
1527600 459
1527610 459
1527620 459
1527630 459
1527640 459
1527650 459
1527660 459
1527670 459
1527680 459
1527690 458
1527700 458
1527710 458
1527720 458
1527730 457
1527740 457
1527750 457
1527760 456
1527770 456
1527780 456
1527790 455
1527800 455
1527810 455
1527820 454
1527830 454
1527840 453
1527850 452
1527860 452
1527870 452
1527880 451
1527890 451
1527900 450
1527910 450
1527920 449
1527930 449
1527940 449
1527950 448
1527960 448
1527970 448
1527980 447
1527990 447
1528000 447
1528010 447
1528020 447
1528030 446
1528040 446
1528050 446
1528060 446
1528070 445
1528080 445
1528090 445
1528100 445
1528110 445
1528120 444
1528130 444
1528140 444
1528150 443
1528160 443
1528170 443
1528180 443
1528190 442
1528200 442
1528210 442
1528220 442
1528230 442
1528240 441
1528250 440
1528260 440
1528270 440
1528280 439
1528290 439
1528300 438
1528310 437
1528320 437
1528330 435
1528340 433
1528350 433
1528360 429
1528370 427
1528380 427
1528390 425
1528400 424
1528410 424
1528420 423
1528430 422
1528440 422
1528450 422
1528460 421
1528470 421
1528480 421
1528490 421
1528500 421
1528510 421
1528520 421
1528530 421
1528540 421
1528550 421
1528560 421
1528570 420
1528580 419
1528590 419
1528600 418
1528610 417
1528620 417
1528630 416
1528640 414
1528650 414
1528660 413
1528670 411
1528680 411
1528690 410
1528700 409
1528710 409
1528720 408
1528730 408
1528740 408
1528750 407
1528760 407
1528770 407
1528780 408
1528790 408
1528800 408
1528810 409
1528820 410
1528830 410
1528840 411
1528850 413
1528860 413
1528870 414
1528880 415
1528890 415
1528900 416
1528910 417
1528920 417
1528930 417
1528940 417
1528950 417
1528960 418
1528970 418
1528980 418
1528990 419
1529000 419
1529010 419
1529020 419
1529030 420
1529040 420
1529050 420
1529060 420
1529070 420
1529080 421
1529090 421
1529100 421
1529110 421
1529120 421
1529130 421
1529140 421
1529150 421
1529160 421
1529170 421
1529180 420
1529190 420
1529200 420
1529210 419
1529220 418
1529230 418
1529240 417
1529250 416
1529260 416
1529270 415
1529280 413
1529290 413
1529300 412
1529310 411
1529320 411
1529330 410
1529340 408
1529350 408
1529360 408
1529370 408
1529380 408
1529390 408
1529400 407
1529410 407
1529420 407
1529430 406
1529440 406
1529450 405
1529460 404
1529470 404
1529480 404
1529490 403
1529500 403
1529510 402
1529520 400
1529530 400
1529540 399
1529550 398
1529560 398
1529570 398
1529580 398
1529590 398
1529600 398
1529610 398
1529620 398
1529630 398
1529640 398
1529650 398
1529660 398
1529670 398
1529680 398
1529690 398
1529700 398
1529710 398
1529720 398
1529730 398
1529740 398
1529750 398
1529760 398
1529770 398
1529780 398
1529790 398
1529800 398
1529810 397
1529820 397
1529830 397
1529840 397
1529850 397
1529860 397
1529870 397
1529880 397
1529890 397
1529900 397
1529910 397
1529920 397
1529930 397
1529940 397
1529950 397
1529960 397
1529970 397
1529980 397
1529990 397
1530000 397
1530010 397
1530020 397
1530030 397
1530040 397
1530050 397
1530060 397
1530070 397
1530080 397
1530090 397
1530100 397
1530110 397
1530120 397
1530130 397
1530140 397
1530150 397
1530160 397
1530170 397
1530180 397
1530190 397
1530200 397
1530210 397
1530220 397
1530230 397
1530240 397
1530250 397
1530260 397
1530270 397
1530280 397
1530290 397
1530300 397
1530310 397
1530320 397
1530330 397
1530340 396
1530350 396
1530360 397
1530370 397
1530380 397
1530390 397
1530400 397
1530410 397
1530420 397
1530430 397
1530440 397
1530450 397
1530460 397
1530470 397
1530480 397
1530490 397
1530500 397
1530510 397
1530520 397
1530530 397
1530540 397
1530550 397
1530560 397
1530570 397
1530580 397
1530590 397
1530600 396
1530610 396
1530620 396
1530630 397
1530640 397
1530650 397
1530660 397
1530670 397
1530680 397
1530690 396
1530700 396
1530710 396
1530720 396
1530730 396
1530740 396
1530750 396
1530760 396
1530770 396
1530780 396
1530790 396
1530800 396
1530810 395
1530820 396
1530830 396
1530840 396
1530850 396
1530860 396
1530870 396
1530880 396
1530890 396
1530900 396
1530910 396
1530920 396
1530930 396
1530940 396
1530950 396
1530960 395
1530970 395
1530980 395
1530990 395
1531000 395
1531010 395
1531020 395
1531030 395
1531040 395
1531050 395
1531060 395
1531070 395
1531080 395
1531090 395
1531100 395
1531110 395
1531120 395
1531130 395
1531140 395
1531150 395
1531160 395
1531170 395
1531180 395
1531190 395
1531200 395
1531210 395
1531220 395
1531230 395
1531240 395
1531250 395
1531260 395
1531270 395
1531280 395
1531290 395
1531300 395
1531310 395
1531320 395
1531330 395
1531340 395
1531350 395
1531360 395
1531370 395
1531380 395
1531390 394
1531400 394
1531410 394
1531420 394
1531430 394
1531440 394
1531450 394
1531460 394
1531470 394
1531480 394
1531490 394
1531500 394
1531510 394
1531520 394
1531530 394
1531540 394
1531550 394
1531560 394
1531570 394
1531580 394
1531590 394
1531600 394
1531610 394
1531620 394
1531630 393
1531640 393
1531650 393
1531660 393
1531670 393
1531680 393
1531690 393
1531700 393
1531710 393
1531720 393
1531730 393
1531740 393
1531750 393
1531760 393
1531770 393
1531780 393
1531790 393
1531800 393
1531810 393
1531820 393
1531830 393
1531840 393
1531850 393
1531860 393
1531870 393
1531880 393
1531890 393
1531900 393
1531910 393
1531920 393
1531930 393
1531940 393
1531950 393
1531960 393
1531970 393
1531980 393
1531990 393
1532000 392
1532010 392
1532020 392
1532030 392
1532040 392
1532050 392
1532060 392
1532070 392
1532080 392
1532090 392
1532100 392
1532110 392
1532120 392
1532130 392
1532140 392
1532150 392
1532160 392
1532170 392
1532180 392
1532190 392
1532200 392
1532210 392
1532220 392
1532230 392
1532240 392
1532250 392
1532260 392
1532270 392
1532280 392
1532290 392
1532300 392
1532310 392
1532320 392
1532330 392
1532340 392
1532350 392
1532360 391
1532370 391
1532380 391
1532390 391
1532400 391
1532410 391
1532420 391
1532430 391
1532440 390
1532450 390
1532460 390
1532470 389
1532480 389
1532490 389
1532500 389
1532510 389
1532520 389
1532530 389
1532540 389
1532550 389
1532560 389
1532570 389
1532580 389
1532590 389
1532600 389
1532610 389
1532620 389
1532630 389
1532640 389
1532650 389
1532660 389
1532670 389
1532680 389
1532690 389
1532700 389
1532710 389
1532720 388
1532730 388
1532740 388
1532750 388
1532760 388
1532770 388
1532780 388
1532790 388
1532800 388
1532810 388
1532820 388
1532830 388
1532840 387
1532850 387
1532860 387
1532870 387
1532880 387
1532890 387
1532900 387
1532910 387
1532920 387
1532930 387
1532940 387
1532950 387
1532960 387
1532970 387
1532980 387
1532990 387
1533000 387
1533010 387
1533020 386
1533030 386
1533040 386
1533050 386
1533060 386
1533070 386
1533080 386
1533090 386
1533100 386
1533110 386
1533120 386
1533130 386
1533140 386
1533150 386
1533160 386
1533170 385
1533180 385
1533190 385
1533200 385
1533210 384
1533220 384
1533230 382
1533240 377
1533250 377
1533260 375
1533270 374
1533280 374
1533290 374
1533300 374
1533310 374
1533320 374
1533330 374
1533340 374
1533350 374
1533360 374
1533370 374
1533380 373
1533390 373
1533400 373
1533410 373
1533420 373
1533430 373
1533440 373
1533450 373
1533460 373
1533470 373
1533480 373
1533490 373
1533500 373
1533510 373
1533520 373
1533530 373
1533540 373
1533550 373
1533560 373
1533570 373
1533580 373
1533590 373
1533600 373
1533610 373
1533620 373
1533630 373
1533640 373
1533650 373
1533660 373
1533670 373
1533680 373
1533690 373
1533700 373
1533710 373
1533720 373
1533730 373
1533740 373
1533750 373
1533760 373
1533770 373
1533780 373
1533790 373
1533800 373
1533810 373
1533820 373
1533830 373
1533840 373
1533850 373
1533860 373
1533870 373
1533880 373
1533890 373
1533900 373
1533910 373
1533920 373
1533930 373
1533940 373
1533950 373
1533960 374
1533970 373
1533980 373
1533990 372
1534000 373
1534010 373
1534020 374
1534030 373
1534040 373
1534050 373
1534060 372
1534070 372
1534080 372
1534090 372
1534100 372
1534110 372
1534120 372
1534130 372
1534140 372
1534150 372
1534160 372
1534170 372
1534180 372
1534190 372
1534200 372
1534210 372
1534220 372
1534230 372
1534240 372
1534250 372
1534260 372
1534270 372
1534280 372
1534290 372
1534300 372
1534310 372
1534320 372
1534330 371
1534340 371
1534350 371
1534360 371
1534370 371
1534380 371
1534390 371
1534400 371
1534410 371
1534420 371
1534430 371
1534440 371
1534450 371
1534460 371
1534470 370
1534480 367
1534490 367
1534500 366
1534510 366
1534520 366
1534530 367
1534540 369
1534550 369
1534560 371
1534570 371
1534580 371
1534590 371
1534600 372
1534610 372
1534620 372
1534630 372
1534640 372
1534650 372
1534660 372
1534670 372
1534680 372
1534690 372
1534700 372
1534710 371
1534720 371
1534730 371
1534740 371
1534750 371
1534760 371
1534770 371
1534780 371
1534790 371
1534800 371
1534810 371
1534820 371
1534830 371
1534840 371
1534850 371
1534860 371
1534870 371
1534880 371
1534890 371
1534900 371
1534910 371
1534920 371
1534930 371
1534940 371
1534950 371
1534960 371
1534970 371
1534980 371
1534990 371
1535000 370
1535010 370
1535020 370
1535030 370
1535040 370
1535050 370
1535060 370
1535070 370
1535080 370
1535090 370
1535100 370
1535110 370
1535120 370
1535130 370
1535140 370
1535150 370
1535160 370
1535170 370
1535180 370
1535190 370
1535200 369
1535210 370
1535220 370
1535230 370
1535240 370
1535250 370
1535260 371
1535270 370
1535280 370
1535290 370
1535300 371
1535310 371
1535320 371
1535330 371
1535340 371
1535350 372
1535360 372
1535370 372
1535380 373
1535390 373
1535400 373
1535410 374
1535420 374
1535430 374
1535440 373
1535450 373
1535460 373
1535470 374
1535480 374
1535490 374
1535500 374
1535510 374
1535520 374
1535530 374
1535540 374
1535550 374
1535560 374
1535570 374
1535580 374
1535590 374
1535600 374
1535610 374
1535620 374
1535630 374
1535640 374
1535650 374
1535660 374
1535670 374
1535680 374
1535690 374
1535700 374
1535710 374
1535720 376
1535730 376
1535740 378
1535750 379
1535760 379
1535770 382
1535780 384
1535790 384
1535800 384
1535810 384
1535820 384
1535830 384
1535840 384
1535850 384
1535860 384
1535870 384
1535880 384
1535890 384
1535900 384
1535910 384
1535920 384
1535930 384
1535940 384
1535950 383
1535960 383
1535970 383
1535980 383
1535990 383
1536000 383
1536010 383
1536020 383
1536030 383
1536040 383
1536050 383
1536060 383
1536070 383
1536080 383
1536090 383
1536100 383
1536110 383
1536120 383
1536130 383
1536140 383
1536150 383
1536160 383
1536170 383
1536180 383
1536190 383
1536200 384
1536210 385
1536220 385
1536230 386
1536240 386
1536250 386
1536260 386
1536270 386
1536280 386
1536290 386
1536300 386
1536310 386
1536320 386
1536330 386
1536340 386
1536350 386
1536360 386
1536370 386
1536380 386
1536390 386
1536400 386
1536410 386
1536420 386
1536430 386
1536440 386
1536450 386
1536460 386
1536470 386
1536480 386
1536490 386
1536500 386
1536510 386
1536520 386
1536530 386
1536540 387
1536550 387
1536560 387
1536570 387
1536580 387
1536590 387
1536600 388
1536610 388
1536620 390
1536630 395
1536640 395
1536650 400
1536660 405
1536670 405
1536680 407
1536690 408
1536700 408
1536710 409
1536720 409
1536730 409
1536740 409
1536750 409
1536760 409
1536770 410
1536780 410
1536790 410
1536800 410
1536810 409
1536820 409
1536830 409
1536840 409
1536850 409
1536860 409
1536870 408
1536880 408
1536890 408
1536900 408
1536910 408
1536920 408
1536930 407
1536940 407
1536950 407
1536960 407
1536970 407
1536980 407
1536990 407
1537000 407
1537010 407
1537020 407
1537030 407
1537040 407
1537050 407
1537060 407
1537070 407
1537080 407
1537090 407
1537100 407
1537110 407
1537120 407
1537130 407
1537140 407
1537150 407
1537160 407
1537170 407
1537180 407
1537190 407
1537200 407
1537210 406
1537220 406
1537230 406
1537240 406
1537250 406
1537260 405
1537270 405
1537280 405
1537290 405
1537300 405
1537310 405
1537320 405
1537330 405
1537340 405
1537350 405
1537360 405
1537370 405
1537380 405
1537390 405
1537400 405
1537410 405
1537420 405
1537430 405
1537440 404
1537450 403
1537460 403
1537470 402
1537480 401
1537490 401
1537500 401
1537510 400
1537520 400
1537530 400
1537540 400
1537550 400
1537560 400
1537570 400
1537580 400
1537590 400
1537600 400
1537610 400
1537620 401
1537630 401
1537640 401
1537650 401
1537660 400
1537670 400
1537680 400
1537690 400
1537700 400
1537710 400
1537720 400
1537730 400
1537740 400
1537750 400
1537760 400
1537770 400
1537780 401
1537790 401
1537800 401
1537810 401
1537820 401
1537830 401
1537840 401
1537850 401
1537860 401
1537870 401
1537880 401
1537890 401
1537900 401
1537910 401
1537920 400
1537930 400
1537940 400
1537950 400
1537960 400
1537970 400
1537980 400
1537990 400
1538000 400
1538010 400
1538020 400
1538030 400
1538040 400
1538050 400
1538060 400
1538070 400
1538080 400
1538090 400
1538100 400
1538110 400
1538120 400
1538130 400
1538140 399
1538150 399
1538160 399
1538170 399
1538180 399
1538190 399
1538200 399
1538210 399
1538220 398
1538230 398
1538240 398
1538250 398
1538260 397
1538270 397
1538280 397
1538290 397
1538300 397
1538310 397
1538320 397
1538330 397
1538340 397
1538350 396
1538360 396
1538370 396
1538380 396
1538390 396
1538400 396
1538410 396
1538420 396
1538430 396
1538440 395
1538450 395
1538460 395
1538470 395
1538480 395
1538490 395
1538500 395
1538510 395
1538520 395
1538530 396
1538540 396
1538550 396
1538560 396
1538570 396
1538580 396
1538590 396
1538600 396
1538610 396
1538620 395
1538630 395
1538640 395
1538650 394
1538660 394
1538670 394
1538680 394
1538690 394
1538700 394
1538710 393
1538720 393
1538730 393
1538740 393
1538750 393
1538760 393
1538770 393
1538780 393
1538790 393
1538800 393
1538810 393
1538820 393
1538830 393
1538840 393
1538850 393
1538860 393
1538870 393
1538880 393
1538890 393
1538900 393
1538910 393
1538920 394
1538930 394
1538940 394
1538950 394
1538960 394
1538970 394
1538980 394
1538990 394
1539000 394
1539010 394
1539020 393
1539030 393
1539040 392
1539050 392
1539060 392
1539070 392
1539080 393
1539090 393
1539100 393
1539110 393
1539120 393
1539130 393
1539140 393
1539150 393
1539160 393
1539170 393
1539180 393
1539190 394
1539200 394
1539210 394
1539220 394
1539230 394
1539240 394
1539250 393
1539260 393
1539270 393
1539280 393
1539290 393
1539300 393
1539310 393
1539320 394
1539330 394
1539340 394
1539350 394
1539360 394
1539370 394
1539380 394
1539390 394
1539400 394
1539410 394
1539420 394
1539430 394
1539440 394
1539450 394
1539460 394
1539470 394
1539480 394
1539490 394
1539500 394
1539510 394
1539520 394
1539530 394
1539540 394
1539550 394
1539560 394
1539570 394
1539580 394
1539590 394
1539600 393
1539610 393
1539620 393
1539630 393
1539640 393
1539650 393
1539660 393
1539670 393
1539680 393
1539690 393
1539700 393
1539710 393
1539720 392
1539730 392
1539740 391
1539750 392
1539760 392
1539770 393
1539780 393
1539790 393
1539800 393
1539810 393
1539820 393
1539830 393
1539840 393
1539850 393
1539860 394
1539870 394
1539880 394
1539890 394
1539900 394
1539910 394
1539920 394
1539930 393
1539940 393
1539950 393
1539960 393
1539970 393
1539980 394
1539990 393
