1520000 501
1520010 500
1520020 500
1520030 499
1520040 498
1520050 498
1520060 497
1520070 496
1520080 496
1520090 495
1520100 493
1520110 493
1520120 489
1520130 486
1520140 486
1520150 484
1520160 483
1520170 483
1520180 481
1520190 481
1520200 481
1520210 483
1520220 485
1520230 485
1520240 486
1520250 487
1520260 487
1520270 487
1520280 487
1520290 487
1520300 488
1520310 489
1520320 489
1520330 490
1520340 491
1520350 491
1520360 491
1520370 491
1520380 491
1520390 491
1520400 492
1520410 492
1520420 492
1520430 493
1520440 493
1520450 493
1520460 493
1520470 493
1520480 492
1520490 492
1520500 492
1520510 491
1520520 490
1520530 490
1520540 489
1520550 488
1520560 488
1520570 487
1520580 487
1520590 487
1520600 486
1520610 485
1520620 485
1520630 485
1520640 484
1520650 484
1520660 483
1520670 483
1520680 483
1520690 482
1520700 482
1520710 482
1520720 481
1520730 480
1520740 480
1520750 480
1520760 479
1520770 479
1520780 478
1520790 477
1520800 476
1520810 476
1520820 475
1520830 474
1520840 474
1520850 473
1520860 473
1520870 473
1520880 472
1520890 471
1520900 471
1520910 471
1520920 470
1520930 470
1520940 469
1520950 469
1520960 469
1520970 469
1520980 469
1520990 469
1521000 469
1521010 468
1521020 468
1521030 468
1521040 468
1521050 468
1521060 467
1521070 467
1521080 467
1521090 466
1521100 466
1521110 466
1521120 467
1521130 467
1521140 467
1521150 467
1521160 466
1521170 466
1521180 466
1521190 466
1521200 466
1521210 466
1521220 466
1521230 466
1521240 466
1521250 467
1521260 467
1521270 467
1521280 467
1521290 467
1521300 468
1521310 469
1521320 469
1521330 469
1521340 470
1521350 470
1521360 471
1521370 472
1521380 472
1521390 473
1521400 475
1521410 475
1521420 477
1521430 478
1521440 478
1521450 479
1521460 480
1521470 480
1521480 481
1521490 481
1521500 481
1521510 480
1521520 480
1521530 480
1521540 480
1521550 480
1521560 480
1521570 480
1521580 480
1521590 480
1521600 480
1521610 480
1521620 480
1521630 481
1521640 480
1521650 480
1521660 480
1521670 479
1521680 479
1521690 478
1521700 478
1521710 478
1521720 478
1521730 478
1521740 478
1521750 478
1521760 477
1521770 477
1521780 476
1521790 476
1521800 476
1521810 475
1521820 475
1521830 475
1521840 474
1521850 474
1521860 474
1521870 473
1521880 473
1521890 473
1521900 472
1521910 472
1521920 472
1521930 472
1521940 471
1521950 471
1521960 470
1521970 470
1521980 470
1521990 470
1522000 470
1522010 470
1522020 470
1522030 469
1522040 469
1522050 469
1522060 469
1522070 469
1522080 469
1522090 466
1522100 461
1522110 461
1522120 457
1522130 455
1522140 455
1522150 454
1522160 454
1522170 454
1522180 454
1522190 455
1522200 455
1522210 455
1522220 454
1522230 454
1522240 454
1522250 454
1522260 454
1522270 454
1522280 454
1522290 454
1522300 454
1522310 454
1522320 454
1522330 454
1522340 454
1522350 454
1522360 454
1522370 454
1522380 454
1522390 453
1522400 453
1522410 453
1522420 453
1522430 453
1522440 453
1522450 453
1522460 453
1522470 453
1522480 453
1522490 453
1522500 453
1522510 453
1522520 453
1522530 453
1522540 453
1522550 453
1522560 453
1522570 453
1522580 453
1522590 453
1522600 453
1522610 453
1522620 453
1522630 453
1522640 453
1522650 453
1522660 453
1522670 453
1522680 453
1522690 453
1522700 453
1522710 453
1522720 452
1522730 452
1522740 452
1522750 452
1522760 452
1522770 452
1522780 452
1522790 452
1522800 452
1522810 452
1522820 453
1522830 453
1522840 452
1522850 452
1522860 452
1522870 452
1522880 452
1522890 452
1522900 452
1522910 451
1522920 451
1522930 452
1522940 453
1522950 453
1522960 454
1522970 454
1522980 454
1522990 455
1523000 456
1523010 456
1523020 457
1523030 458
1523040 458
1523050 459
1523060 460
1523070 460
1523080 461
1523090 461
1523100 461
1523110 462
1523120 463
1523130 463
1523140 464
1523150 465
1523160 466
1523170 466
1523180 466
1523190 467
1523200 467
1523210 467
1523220 468
1523230 468
1523240 469
1523250 469
1523260 469
1523270 470
1523280 471
1523290 471
1523300 471
1523310 472
1523320 472
1523330 473
1523340 473
1523350 473
1523360 474
1523370 475
1523380 475
1523390 475
1523400 476
1523410 476
1523420 477
1523430 477
1523440 477
1523450 478
1523460 478
1523470 478
1523480 479
1523490 480
1523500 480
1523510 481
1523520 481
1523530 481
1523540 482
1523550 482
1523560 482
1523570 484
1523580 485
1523590 485
1523600 486
1523610 487
1523620 487
1523630 488
1523640 489
1523650 489
1523660 490
1523670 491
1523680 491
1523690 492
1523700 494
1523710 494
1523720 495
1523730 496
1523740 496
1523750 497
1523760 498
1523770 498
1523780 498
1523790 499
1523800 499
1523810 499
1523820 500
1523830 500
1523840 499
1523850 496
1523860 496
1523870 493
1523880 488
1523890 488
1523900 485
1523910 482
1523920 482
1523930 479
1523940 477
1523950 477
1523960 475
1523970 473
1523980 473
1523990 471
1524000 469
1524010 469
1524020 467
1524030 465
1524040 465
1524050 464
1524060 462
1524070 462
1524080 461
1524090 459
1524100 459
1524110 458
1524120 457
1524130 457
1524140 456
1524150 455
1524160 455
1524170 455
1524180 454
1524190 454
1524200 453
1524210 452
1524220 452
1524230 451
1524240 451
1524250 451
1524260 450
1524270 449
1524280 449
1524290 449
1524300 448
1524310 448
1524320 448
1524330 447
1524340 446
1524350 446
1524360 446
1524370 446
1524380 446
1524390 445
1524400 445
1524410 445
1524420 444
1524430 444
1524440 444
1524450 445
1524460 444
1524470 444
1524480 444
1524490 444
1524500 444
1524510 444
1524520 444
1524530 444
1524540 444
1524550 444
1524560 444
1524570 445
1524580 445
1524590 445
1524600 446
1524610 446
1524620 446
1524630 447
1524640 447
1524650 447
1524660 448
1524670 448
1524680 448
1524690 449
1524700 448
1524710 448
1524720 448
1524730 449
1524740 449
1524750 449
1524760 450
1524770 450
1524780 450
1524790 451
1524800 451
1524810 451
1524820 450
1524830 450
1524840 450
1524850 450
1524860 450
1524870 449
1524880 449
1524890 449
1524900 448
1524910 448
1524920 448
1524930 447
1524940 446
1524950 446
1524960 446
1524970 445
1524980 445
1524990 444
1525000 443
1525010 443
1525020 443
1525030 442
1525040 442
1525050 442
1525060 441
1525070 441
1525080 441
1525090 440
1525100 440
1525110 439
1525120 439
1525130 439
1525140 438
1525150 437
1525160 437
1525170 436
1525180 436
1525190 436
1525200 435
1525210 434
1525220 434
1525230 429
1525240 427
1525250 427
1525260 426
1525270 426
1525280 426
1525290 426
1525300 426
1525310 426
1525320 428
1525330 429
1525340 429
1525350 429
1525360 428
1525370 428
1525380 428
1525390 428
1525400 428
1525410 427
1525420 428
1525430 428
1525440 427
1525450 427
1525460 427
1525470 427
1525480 427
1525490 427
1525500 427
1525510 427
1525520 427
1525530 427
1525540 426
1525550 426
1525560 426
1525570 425
1525580 425
1525590 425
1525600 425
1525610 424
1525620 424
1525630 423
1525640 423
1525650 423
1525660 424
1525670 423
1525680 423
1525690 422
1525700 422
1525710 422
1525720 421
1525730 421
1525740 421
1525750 421
1525760 421
1525770 421
1525780 421
1525790 421
1525800 421
1525810 422
1525820 422
1525830 422
1525840 422
1525850 422
1525860 422
1525870 422
1525880 422
1525890 422
1525900 422
1525910 422
1525920 422
1525930 422
1525940 422
1525950 422
1525960 422
1525970 422
1525980 422
1525990 423
1526000 423
1526010 423
1526020 423
1526030 424
1526040 424
1526050 424
1526060 424
1526070 424
1526080 424
1526090 424
1526100 424
1526110 423
1526120 422
1526130 422
1526140 422
1526150 422
1526160 422
1526170 422
1526180 423
1526190 423
1526200 423
1526210 423
1526220 423
1526230 423
1526240 422
1526250 422
1526260 422
1526270 422
1526280 422
1526290 421
1526300 421
1526310 421
1526320 421
1526330 421
1526340 421
1526350 420
1526360 420
1526370 420
1526380 420
1526390 419
1526400 419
1526410 419
1526420 418
1526430 418
1526440 418
1526450 417
1526460 417
1526470 417
1526480 417
1526490 417
1526500 416
1526510 416
1526520 416
1526530 415
1526540 415
1526550 415
1526560 415
1526570 415
1526580 415
1526590 414
1526600 414
1526610 414
1526620 414
1526630 414
1526640 414
1526650 414
1526660 413
1526670 413
1526680 413
1526690 412
1526700 412
1526710 412
1526720 412
1526730 412
1526740 412
1526750 412
1526760 411
1526770 411
1526780 411
1526790 411
1526800 411
1526810 411
1526820 410
1526830 410
1526840 410
1526850 410
1526860 410
1526870 409
1526880 409
1526890 409
1526900 409
1526910 408
1526920 408
1526930 407
1526940 406
1526950 406
1526960 404
1526970 404
1526980 404
1526990 404
1527000 404
1527010 404
1527020 403
1527030 403
1527040 403
1527050 403
1527060 403
1527070 403
1527080 403
1527090 403
1527100 403
1527110 403
1527120 403
1527130 403
1527140 403
1527150 403
1527160 403
1527170 403
1527180 403
1527190 403
1527200 403
1527210 403
1527220 403
1527230 403
1527240 403
1527250 403
1527260 403
1527270 403
1527280 403
1527290 403
1527300 403
1527310 403
1527320 404
1527330 404
1527340 404
1527350 404
1527360 404
1527370 404
1527380 405
1527390 404
1527400 404
1527410 404
1527420 405
1527430 405
1527440 405
1527450 405
1527460 405
1527470 405
1527480 405
1527490 405
1527500 405
1527510 404
1527520 404
1527530 404
1527540 404
1527550 404
1527560 404
1527570 403
1527580 403
1527590 403
1527600 403
1527610 403
1527620 403
1527630 403
1527640 403
1527650 403
1527660 403
1527670 403
1527680 403
1527690 403
1527700 403
1527710 402
1527720 402
1527730 402
1527740 402
1527750 402
1527760 402
1527770 402
1527780 402
1527790 402
1527800 402
1527810 402
1527820 402
1527830 402
1527840 402
1527850 402
1527860 402
1527870 401
1527880 401
1527890 401
1527900 401
1527910 401
1527920 401
1527930 401
1527940 401
1527950 401
1527960 401
1527970 401
1527980 401
1527990 401
1528000 401
1528010 401
1528020 401
1528030 401
1528040 401
1528050 401
1528060 401
1528070 401
1528080 401
1528090 401
1528100 401
1528110 401
1528120 401
1528130 401
1528140 401
1528150 401
1528160 401
1528170 401
1528180 400
1528190 400
1528200 400
1528210 401
1528220 401
1528230 400
1528240 400
1528250 400
1528260 400
1528270 400
1528280 400
1528290 400
1528300 400
1528310 400
1528320 400
1528330 400
1528340 400
1528350 400
1528360 400
1528370 400
1528380 400
1528390 400
1528400 400
1528410 400
1528420 400
1528430 400
1528440 400
1528450 400
1528460 400
1528470 399
1528480 399
1528490 399
1528500 400
1528510 399
1528520 399
1528530 400
1528540 400
1528550 400
1528560 400
1528570 401
1528580 401
1528590 401
1528600 402
1528610 402
1528620 403
1528630 403
1528640 403
1528650 404
1528660 404
1528670 404
1528680 404
1528690 404
1528700 404
1528710 404
1528720 404
1528730 404
1528740 405
1528750 405
1528760 405
1528770 405
1528780 405
1528790 405
1528800 405
1528810 405
1528820 405
1528830 405
1528840 405
1528850 405
1528860 404
1528870 404
1528880 404
1528890 404
1528900 404
1528910 404
1528920 404
1528930 405
1528940 405
1528950 405
1528960 405
1528970 405
1528980 405
1528990 405
1529000 405
1529010 405
1529020 405
1529030 405
1529040 405
1529050 405
1529060 405
1529070 408
1529080 409
1529090 409
1529100 409
1529110 410
1529120 411
1529130 411
1529140 412
1529150 413
1529160 413
1529170 414
1529180 415
1529190 415
1529200 417
1529210 418
1529220 418
1529230 419
1529240 421
1529250 421
1529260 422
1529270 424
1529280 424
1529290 425
1529300 427
1529310 427
1529320 428
1529330 429
1529340 429
1529350 430
1529360 431
1529370 431
1529380 432
1529390 433
1529400 433
1529410 433
1529420 434
1529430 434
1529440 434
1529450 435
1529460 435
1529470 435
1529480 435
1529490 435
1529500 435
1529510 435
1529520 435
1529530 435
1529540 435
1529550 435
1529560 435
1529570 434
1529580 434
1529590 434
1529600 434
1529610 434
1529620 434
1529630 434
1529640 434
1529650 433
1529660 433
1529670 433
1529680 432
1529690 432
1529700 432
1529710 432
1529720 431
1529730 431
1529740 431
1529750 430
1529760 430
1529770 430
1529780 430
1529790 430
1529800 429
1529810 429
1529820 429
1529830 428
1529840 428
1529850 428
1529860 427
1529870 427
1529880 427
1529890 427
1529900 426
1529910 426
1529920 425
1529930 425
1529940 425
1529950 425
1529960 424
1529970 424
1529980 424
1529990 424
1530000 424
1530010 423
1530020 423
1530030 423
1530040 423
1530050 423
1530060 423
1530070 423
1530080 422
1530090 422
1530100 422
1530110 422
1530120 422
1530130 422
1530140 422
1530150 422
1530160 422
1530170 421
1530180 421
1530190 421
1530200 421
1530210 421
1530220 421
1530230 421
1530240 421
1530250 420
1530260 420
1530270 420
1530280 420
1530290 420
1530300 420
1530310 420
1530320 420
1530330 419
1530340 419
1530350 419
1530360 419
1530370 419
1530380 419
1530390 419
1530400 419
1530410 419
1530420 419
1530430 419
1530440 418
1530450 418
1530460 418
1530470 418
1530480 418
1530490 418
1530500 418
1530510 417
1530520 417
1530530 417
1530540 417
1530550 417
1530560 417
1530570 416
1530580 416
1530590 416
1530600 416
1530610 416
1530620 415
1530630 413
1530640 413
1530650 412
1530660 410
1530670 410
1530680 408
1530690 406
1530700 406
1530710 402
1530720 400
1530730 400
1530740 398
1530750 398
1530760 398
1530770 397
1530780 397
1530790 397
1530800 396
1530810 396
1530820 396
1530830 396
1530840 396
1530850 396
1530860 396
1530870 396
1530880 396
1530890 396
1530900 396
1530910 396
1530920 396
1530930 396
1530940 396
1530950 395
1530960 395
1530970 395
1530980 395
1530990 395
1531000 395
1531010 395
1531020 395
1531030 395
1531040 395
1531050 395
1531060 395
1531070 395
1531080 395
1531090 395
1531100 395
1531110 395
1531120 395
1531130 395
1531140 395
1531150 395
1531160 395
1531170 395
1531180 395
1531190 395
1531200 395
1531210 395
1531220 395
1531230 395
1531240 395
1531250 394
1531260 394
1531270 394
1531280 394
1531290 394
1531300 394
1531310 394
1531320 395
1531330 395
1531340 394
1531350 389
1531360 389
1531370 385
1531380 385
1531390 385
1531400 390
1531410 394
1531420 394
1531430 394
1531440 394
1531450 394
1531460 394
1531470 394
1531480 394
1531490 394
1531500 394
1531510 394
1531520 394
1531530 394
1531540 394
1531550 394
1531560 393
1531570 393
1531580 393
1531590 393
1531600 394
1531610 394
1531620 394
1531630 394
1531640 394
1531650 394
1531660 393
1531670 393
1531680 393
1531690 393
1531700 393
1531710 393
1531720 393
1531730 393
1531740 393
1531750 393
1531760 393
1531770 393
1531780 393
1531790 393
1531800 393
1531810 393
1531820 393
1531830 393
1531840 393
1531850 393
1531860 393
1531870 393
1531880 393
1531890 393
1531900 393
1531910 393
1531920 393
1531930 392
1531940 392
1531950 392
1531960 392
1531970 392
1531980 392
1531990 392
1532000 392
1532010 392
1532020 392
1532030 392
1532040 392
1532050 392
1532060 392
1532070 392
1532080 392
1532090 392
1532100 392
1532110 392
1532120 392
1532130 392
1532140 392
1532150 392
1532160 392
1532170 392
1532180 392
1532190 392
1532200 392
1532210 392
1532220 392
1532230 392
1532240 392
1532250 392
1532260 392
1532270 392
1532280 392
1532290 392
1532300 392
1532310 392
1532320 392
1532330 392
1532340 391
1532350 391
1532360 391
1532370 391
1532380 391
1532390 391
1532400 391
1532410 391
1532420 391
1532430 391
1532440 391
1532450 391
1532460 391
1532470 391
1532480 391
1532490 391
1532500 391
1532510 391
1532520 392
1532530 392
1532540 392
1532550 392
1532560 392
1532570 392
1532580 392
1532590 392
1532600 392
1532610 392
1532620 391
1532630 391
1532640 391
1532650 390
1532660 390
1532670 390
1532680 390
1532690 390
1532700 390
1532710 390
1532720 390
1532730 390
1532740 390
1532750 390
1532760 390
1532770 390
1532780 390
1532790 390
1532800 390
1532810 390
1532820 390
1532830 390
1532840 390
1532850 390
1532860 389
1532870 390
1532880 390
1532890 389
1532900 390
1532910 390
1532920 389
1532930 389
1532940 389
1532950 389
1532960 389
1532970 389
1532980 387
1532990 387
1533000 387
1533010 386
1533020 386
1533030 386
1533040 386
1533050 386
1533060 386
1533070 386
1533080 385
1533090 385
1533100 385
1533110 385
1533120 385
1533130 384
1533140 383
1533150 383
1533160 383
1533170 382
1533180 382
1533190 382
1533200 382
1533210 382
1533220 382
1533230 382
1533240 382
1533250 384
1533260 386
1533270 386
1533280 386
1533290 384
1533300 384
1533310 381
1533320 380
1533330 380
1533340 381
1533350 382
1533360 382
1533370 384
1533380 384
1533390 384
1533400 385
1533410 385
1533420 385
1533430 385
1533440 385
1533450 385
1533460 385
1533470 385
1533480 385
1533490 384
1533500 384
1533510 384
1533520 384
1533530 383
1533540 383
1533550 383
1533560 383
1533570 383
1533580 382
1533590 382
1533600 382
1533610 382
1533620 381
1533630 381
1533640 379
1533650 380
1533660 380
1533670 381
1533680 381
1533690 381
1533700 381
1533710 381
1533720 381
1533730 381
1533740 381
1533750 381
1533760 381
1533770 381
1533780 381
1533790 381
1533800 381
1533810 380
1533820 380
1533830 380
1533840 380
1533850 380
1533860 379
1533870 379
1533880 379
1533890 380
1533900 380
1533910 380
1533920 381
1533930 381
1533940 381
1533950 381
1533960 381
1533970 381
1533980 381
1533990 381
1534000 381
1534010 381
1534020 381
1534030 381
1534040 380
1534050 380
1534060 380
1534070 380
1534080 380
1534090 380
1534100 381
1534110 381
1534120 381
1534130 381
1534140 381
1534150 381
1534160 380
1534170 379
1534180 379
1534190 378
1534200 378
1534210 378
1534220 375
1534230 374
1534240 374
1534250 373
1534260 373
1534270 373
1534280 373
1534290 372
1534300 372
1534310 371
1534320 370
1534330 370
1534340 370
1534350 370
1534360 370
1534370 370
1534380 370
1534390 370
1534400 370
1534410 370
1534420 370
1534430 370
1534440 370
1534450 370
1534460 371
1534470 370
1534480 370
1534490 369
1534500 369
1534510 369
1534520 369
1534530 369
1534540 369
1534550 369
1534560 369
1534570 369
1534580 369
1534590 369
1534600 369
1534610 369
1534620 369
1534630 369
1534640 369
1534650 369
1534660 369
1534670 369
1534680 369
1534690 369
1534700 369
1534710 369
1534720 369
1534730 369
1534740 369
1534750 369
1534760 369
1534770 369
1534780 369
1534790 369
1534800 369
1534810 369
1534820 369
1534830 369
1534840 369
1534850 369
1534860 369
1534870 369
1534880 369
1534890 369
1534900 369
1534910 369
1534920 369
1534930 369
1534940 369
1534950 369
1534960 369
1534970 369
1534980 369
1534990 369
1535000 369
1535010 369
1535020 369
1535030 369
1535040 368
1535050 368
1535060 368
1535070 368
1535080 368
1535090 368
1535100 368
1535110 369
1535120 369
1535130 369
1535140 369
1535150 369
1535160 369
1535170 368
1535180 368
1535190 366
1535200 364
1535210 364
1535220 364
1535230 365
1535240 365
1535250 367
1535260 368
1535270 368
1535280 369
1535290 369
1535300 369
1535310 369
1535320 369
1535330 369
1535340 368
1535350 368
1535360 368
1535370 368
1535380 368
1535390 368
1535400 368
1535410 368
1535420 368
1535430 367
1535440 367
1535450 367
1535460 368
1535470 368
1535480 368
1535490 368
1535500 368
1535510 368
1535520 367
1535530 368
1535540 368
1535550 368
1535560 368
1535570 368
1535580 367
1535590 367
1535600 367
1535610 367
1535620 368
1535630 368
1535640 367
1535650 367
1535660 367
1535670 367
1535680 367
1535690 367
1535700 367
1535710 367
1535720 367
1535730 367
1535740 367
1535750 367
1535760 367
1535770 367
1535780 367
1535790 367
1535800 367
1535810 367
1535820 367
1535830 367
1535840 367
1535850 367
1535860 367
1535870 367
1535880 367
1535890 367
1535900 367
1535910 366
1535920 366
1535930 366
1535940 366
1535950 366
1535960 366
1535970 366
1535980 366
1535990 366
1536000 366
1536010 366
1536020 366
1536030 367
1536040 366
1536050 366
1536060 366
1536070 366
1536080 366
1536090 368
1536100 368
1536110 368
1536120 368
1536130 368
1536140 368
1536150 369
1536160 370
1536170 370
1536180 372
1536190 374
1536200 374
1536210 374
1536220 373
1536230 373
1536240 373
1536250 373
1536260 373
1536270 373
1536280 373
1536290 375
1536300 375
1536310 377
1536320 378
1536330 378
1536340 380
1536350 380
1536360 380
1536370 380
1536380 381
1536390 381
1536400 380
1536410 380
1536420 380
1536430 380
1536440 380
1536450 380
1536460 380
1536470 380
1536480 380
1536490 380
1536500 380
1536510 380
1536520 380
1536530 380
1536540 380
1536550 380
1536560 381
1536570 381
1536580 381
1536590 381
1536600 381
1536610 381
1536620 381
1536630 381
1536640 381
1536650 381
1536660 381
1536670 381
1536680 381
1536690 381
1536700 381
1536710 381
1536720 381
1536730 381
1536740 380
1536750 380
1536760 380
1536770 380
1536780 380
1536790 380
1536800 380
1536810 380
1536820 380
1536830 380
1536840 380
1536850 379
1536860 379
1536870 379
1536880 379
1536890 380
1536900 380
1536910 380
1536920 380
1536930 380
1536940 380
1536950 380
1536960 380
1536970 380
1536980 380
1536990 380
1537000 380
1537010 380
1537020 380
1537030 380
1537040 380
1537050 380
1537060 380
1537070 380
1537080 380
1537090 380
1537100 380
1537110 380
1537120 380
1537130 380
1537140 380
1537150 381
1537160 382
1537170 382
1537180 382
1537190 382
1537200 382
1537210 382
1537220 382
1537230 382
1537240 382
1537250 383
1537260 383
1537270 384
1537280 386
1537290 386
1537300 388
1537310 389
1537320 389
1537330 392
1537340 399
1537350 399
1537360 402
1537370 403
1537380 403
1537390 403
1537400 403
1537410 404
1537420 404
1537430 404
1537440 404
1537450 404
1537460 404
1537470 404
1537480 404
1537490 405
1537500 405
1537510 405
1537520 405
1537530 405
1537540 405
1537550 405
1537560 405
1537570 405
1537580 404
1537590 404
1537600 404
1537610 404
1537620 404
1537630 404
1537640 403
1537650 403
1537660 403
1537670 403
1537680 403
1537690 403
1537700 403
1537710 403
1537720 403
1537730 403
1537740 403
1537750 403
1537760 403
1537770 403
1537780 403
1537790 402
1537800 402
1537810 402
1537820 402
1537830 402
1537840 402
1537850 402
1537860 401
1537870 401
1537880 401
1537890 401
1537900 401
1537910 401
1537920 401
1537930 401
1537940 401
1537950 401
1537960 401
1537970 402
1537980 402
1537990 402
1538000 402
1538010 402
1538020 402
1538030 402
1538040 402
1538050 402
1538060 402
1538070 402
1538080 402
1538090 402
1538100 402
1538110 402
1538120 402
1538130 401
1538140 401
1538150 401
1538160 400
1538170 400
1538180 398
1538190 396
1538200 396
1538210 395
1538220 395
1538230 395
1538240 395
1538250 395
1538260 395
1538270 395
1538280 395
1538290 395
1538300 396
1538310 396
1538320 396
1538330 396
1538340 396
1538350 396
1538360 396
1538370 396
1538380 396
1538390 396
1538400 396
1538410 396
1538420 396
1538430 396
1538440 396
1538450 396
1538460 396
1538470 396
1538480 395
1538490 394
1538500 394
1538510 393
1538520 392
1538530 392
1538540 392
1538550 392
1538560 392
1538570 392
1538580 392
1538590 392
1538600 392
1538610 392
1538620 392
1538630 392
1538640 392
1538650 392
1538660 392
1538670 393
1538680 393
1538690 393
1538700 393
1538710 393
1538720 393
1538730 393
1538740 393
1538750 393
1538760 393
1538770 393
1538780 393
1538790 393
1538800 393
1538810 393
1538820 393
1538830 393
1538840 393
1538850 393
1538860 393
1538870 393
1538880 393
1538890 393
1538900 393
1538910 393
1538920 392
1538930 392
1538940 392
1538950 391
1538960 391
1538970 392
1538980 392
1538990 392
1539000 392
1539010 392
1539020 392
1539030 392
1539040 392
1539050 392
1539060 392
1539070 392
1539080 392
1539090 392
1539100 392
1539110 392
1539120 392
1539130 391
1539140 391
1539150 390
1539160 390
1539170 390
1539180 390
1539190 390
1539200 390
1539210 390
1539220 390
1539230 390
1539240 390
1539250 390
1539260 390
1539270 390
1539280 390
1539290 390
1539300 390
1539310 390
1539320 390
1539330 390
1539340 390
1539350 390
1539360 390
1539370 391
1539380 391
1539390 391
1539400 391
1539410 391
1539420 390
1539430 390
1539440 390
1539450 390
1539460 390
1539470 390
1539480 390
1539490 390
1539500 390
1539510 390
1539520 390
1539530 390
1539540 390
1539550 390
1539560 390
1539570 390
1539580 390
1539590 390
1539600 390
1539610 390
1539620 390
1539630 390
1539640 390
1539650 390
1539660 390
1539670 390
1539680 390
1539690 391
1539700 391
1539710 391
1539720 391
1539730 391
1539740 391
1539750 390
1539760 391
1539770 391
1539780 391
1539790 391
1539800 391
1539810 391
1539820 391
1539830 391
1539840 391
1539850 391
1539860 391
1539870 391
1539880 391
1539890 390
1539900 390
1539910 390
1539920 390
1539930 390
1539940 390
1539950 390
1539960 390
1539970 390
1539980 389
1539990 389
