1520000 572
1520010 573
1520020 573
1520030 574
1520040 576
1520050 576
1520060 577
1520070 578
1520080 578
1520090 580
1520100 581
1520110 581
1520120 583
1520130 585
1520140 585
1520150 586
1520160 589
1520170 589
1520180 591
1520190 593
1520200 593
1520210 595
1520220 597
1520230 597
1520240 599
1520250 601
1520260 601
1520270 603
1520280 605
1520290 605
1520300 607
1520310 609
1520320 609
1520330 611
1520340 613
1520350 613
1520360 615
1520370 617
1520380 617
1520390 618
1520400 620
1520410 620
1520420 621
1520430 623
1520440 623
1520450 624
1520460 624
1520470 624
1520480 625
1520490 624
1520500 624
1520510 624
1520520 625
1520530 625
1520540 625
1520550 625
1520560 625
1520570 626
1520580 627
1520590 627
1520600 628
1520610 630
1520620 630
1520630 633
1520640 637
1520650 642
1520660 642
1520670 646
1520680 649
1520690 649
1520700 651
1520710 653
1520720 653
1520730 654
1520740 656
1520750 656
1520760 658
1520770 660
1520780 660
1520790 663
1520800 666
1520810 666
1520820 668
1520830 672
1520840 672
1520850 676
1520860 680
1520870 680
1520880 684
1520890 689
1520900 689
1520910 693
1520920 697
1520930 697
1520940 701
1520950 702
1520960 702
1520970 703
1520980 703
1520990 703
1521000 704
1521010 704
1521020 704
1521030 704
1521040 703
1521050 703
1521060 703
1521070 703
1521080 703
1521090 702
1521100 701
1521110 701
1521120 699
1521130 697
1521140 697
1521150 695
1521160 693
1521170 693
1521180 691
1521190 690
1521200 690
1521210 688
1521220 687
1521230 687
1521240 685
1521250 682
1521260 682
1521270 680
1521280 678
1521290 678
1521300 676
1521310 674
1521320 674
1521330 672
1521340 669
1521350 669
1521360 667
1521370 665
1521380 665
1521390 663
1521400 661
1521410 661
1521420 660
1521430 658
1521440 658
1521450 656
1521460 654
1521470 654
1521480 653
1521490 652
1521500 652
1521510 650
1521520 648
1521530 648
1521540 647
1521550 647
1521560 647
1521570 647
1521580 647
1521590 647
1521600 647
1521610 647
1521620 647
1521630 647
1521640 647
1521650 647
1521660 646
1521670 646
1521680 646
1521690 644
1521700 640
1521710 640
1521720 637
1521730 635
1521740 635
1521750 634
1521760 634
1521770 634
1521780 636
1521790 638
1521800 638
1521810 639
1521820 641
1521830 641
1521840 643
1521850 645
1521860 645
1521870 647
1521880 649
1521890 649
1521900 650
1521910 651
1521920 651
1521930 652
1521940 653
1521950 653
1521960 654
1521970 653
1521980 653
1521990 651
1522000 649
1522010 649
1522020 648
1522030 646
1522040 646
1522050 643
1522060 641
1522070 641
1522080 642
1522090 643
1522100 643
1522110 645
1522120 647
1522130 647
1522140 650
1522150 653
1522160 653
1522170 656
1522180 659
1522190 659
1522200 662
1522210 666
1522220 666
1522230 669
1522240 673
1522250 673
1522260 677
1522270 680
1522280 680
1522290 684
1522300 687
1522310 689
1522320 689
1522330 692
1522340 693
1522350 693
1522360 694
1522370 694
1522380 694
1522390 693
1522400 691
1522410 691
1522420 689
1522430 686
1522440 686
1522450 683
1522460 679
1522470 679
1522480 675
1522490 671
1522500 671
1522510 670
1522520 667
1522530 667
1522540 663
1522550 658
1522560 658
1522570 654
1522580 652
1522590 652
1522600 652
1522610 651
1522620 651
1522630 650
1522640 648
1522650 648
1522660 646
1522670 643
1522680 643
1522690 639
1522700 635
1522710 635
1522720 631
1522730 629
1522740 629
1522750 628
1522760 626
1522770 626
1522780 623
1522790 620
1522800 620
1522810 619
1522820 618
1522830 618
1522840 618
1522850 618
1522860 618
1522870 618
1522880 617
1522890 617
1522900 617
1522910 616
1522920 616
1522930 615
1522940 614
1522950 614
1522960 611
1522970 609
1522980 609
1522990 607
1523000 606
1523010 606
1523020 605
1523030 604
1523040 604
1523050 602
1523060 599
1523070 599
1523080 597
1523090 595
1523100 595
1523110 592
1523120 590
1523130 590
1523140 589
1523150 589
1523160 589
1523170 588
1523180 587
1523190 587
1523200 586
1523210 584
1523220 584
1523230 583
1523240 580
1523250 580
1523260 579
1523270 577
1523280 577
1523290 575
1523300 573
1523310 573
1523320 573
1523330 571
1523340 571
1523350 570
1523360 569
1523370 569
1523380 568
1523390 567
1523400 567
1523410 566
1523420 565
1523430 565
1523440 564
1523450 563
1523460 563
1523470 562
1523480 561
1523490 561
1523500 560
1523510 560
1523520 560
1523530 559
1523540 557
1523550 557
1523560 555
1523570 554
1523580 554
1523590 553
1523600 552
1523610 552
1523620 551
1523630 550
1523640 550
1523650 549
1523660 548
1523670 548
1523680 547
1523690 546
1523700 546
1523710 545
1523720 541
1523730 541
1523740 540
1523750 541
1523760 541
1523770 541
1523780 540
1523790 540
1523800 540
1523810 539
1523820 539
1523830 538
1523840 537
1523850 537
1523860 536
1523870 535
1523880 535
1523890 534
1523900 533
1523910 533
1523920 532
1523930 530
1523940 530
1523950 529
1523960 527
1523970 526
1523980 526
1523990 525
1524000 523
1524010 523
1524020 522
1524030 521
1524040 521
1524050 520
1524060 519
1524070 519
1524080 519
1524090 518
1524100 518
1524110 516
1524120 515
1524130 515
1524140 515
1524150 514
1524160 514
1524170 514
1524180 514
1524190 514
1524200 514
1524210 513
1524220 513
1524230 513
1524240 514
1524250 514
1524260 513
1524270 513
1524280 513
1524290 512
1524300 512
1524310 512
1524320 511
1524330 511
1524340 511
1524350 511
1524360 510
1524370 510
1524380 510
1524390 509
1524400 509
1524410 508
1524420 508
1524430 508
1524440 507
1524450 507
1524460 507
1524470 507
1524480 506
1524490 506
1524500 506
1524510 506
1524520 506
1524530 505
1524540 505
1524550 505
1524560 505
1524570 505
1524580 505
1524590 504
1524600 504
1524610 504
1524620 504
1524630 504
1524640 504
1524650 504
1524660 504
1524670 504
1524680 503
1524690 502
1524700 502
1524710 501
1524720 501
1524730 501
1524740 500
1524750 500
1524760 500
1524770 499
1524780 499
1524790 499
1524800 500
1524810 500
1524820 500
1524830 500
1524840 500
1524850 500
1524860 500
1524870 500
1524880 500
1524890 500
1524900 500
1524910 500
1524920 499
1524930 499
1524940 499
1524950 498
1524960 498
1524970 498
1524980 497
1524990 496
1525000 496
1525010 495
1525020 495
1525030 495
1525040 494
1525050 494
1525060 494
1525070 493
1525080 493
1525090 493
1525100 493
1525110 493
1525120 493
1525130 494
1525140 494
1525150 494
1525160 494
1525170 494
1525180 494
1525190 495
1525200 497
1525210 497
1525220 498
1525230 499
1525240 499
1525250 500
1525260 500
1525270 500
1525280 501
1525290 501
1525300 501
1525310 503
1525320 505
1525330 505
1525340 506
1525350 507
1525360 507
1525370 508
1525380 509
1525390 509
1525400 511
1525410 512
1525420 512
1525430 512
1525440 512
1525450 512
1525460 512
1525470 512
1525480 512
1525490 512
1525500 512
1525510 512
1525520 512
1525530 512
1525540 512
1525550 513
1525560 513
1525570 513
1525580 513
1525590 514
1525600 514
1525610 515
1525620 516
1525630 516
1525640 517
1525650 517
1525660 518
1525670 518
1525680 519
1525690 520
1525700 520
1525710 521
1525720 522
1525730 522
1525740 522
1525750 523
1525760 523
1525770 523
1525780 524
1525790 523
1525800 523
1525810 523
1525820 523
1525830 523
1525840 523
1525850 523
1525860 523
1525870 523
1525880 523
1525890 523
1525900 523
1525910 523
1525920 523
1525930 523
1525940 523
1525950 522
1525960 522
1525970 522
1525980 521
1525990 521
1526000 521
1526010 520
1526020 520
1526030 520
1526040 519
1526050 519
1526060 519
1526070 519
1526080 518
1526090 518
1526100 518
1526110 518
1526120 518
1526130 517
1526140 517
1526150 517
1526160 516
1526170 516
1526180 516
1526190 515
1526200 514
1526210 514
1526220 513
1526230 512
1526240 512
1526250 511
1526260 510
1526270 510
1526280 509
1526290 509
1526300 509
1526310 509
1526320 509
1526330 509
1526340 509
1526350 508
1526360 508
1526370 508
1526380 507
1526390 507
1526400 507
1526410 507
1526420 507
1526430 507
1526440 507
1526450 507
1526460 507
1526470 507
1526480 507
1526490 507
1526500 506
1526510 506
1526520 507
1526530 507
1526540 507
1526550 508
1526560 508
1526570 508
1526580 508
1526590 508
1526600 508
1526610 508
1526620 508
1526630 508
1526640 507
1526650 507
1526660 507
1526670 506
1526680 506
1526690 506
1526700 505
1526710 505
1526720 505
1526730 504
1526740 504
1526750 504
1526760 504
1526770 503
1526780 503
1526790 503
1526800 503
1526810 503
1526820 503
1526830 503
1526840 503
1526850 503
1526860 503
1526870 503
1526880 503
1526890 504
1526900 504
1526910 504
1526920 504
1526930 504
1526940 504
1526950 504
1526960 504
1526970 504
1526980 504
1526990 504
1527000 504
1527010 504
1527020 504
1527030 504
1527040 504
1527050 504
1527060 504
1527070 504
1527080 504
1527090 504
1527100 504
1527110 504
1527120 504
1527130 505
1527140 505
1527150 506
1527160 506
1527170 506
1527180 507
1527190 507
1527200 507
1527210 508
1527220 509
1527230 509
1527240 509
1527250 509
1527260 509
1527270 509
1527280 508
1527290 508
1527300 507
1527310 506
1527320 506
1527330 505
1527340 504
1527350 503
1527360 503
1527370 501
1527380 500
1527390 500
1527400 499
1527410 498
1527420 498
1527430 497
1527440 496
1527450 496
1527460 496
1527470 495
1527480 495
1527490 495
1527500 494
1527510 494
1527520 493
1527530 493
1527540 493
1527550 492
1527560 492
1527570 492
1527580 491
1527590 491
1527600 491
1527610 490
1527620 490
1527630 490
1527640 489
1527650 488
1527660 488
1527670 488
1527680 488
1527690 488
1527700 488
1527710 487
1527720 487
1527730 487
1527740 487
1527750 487
1527760 486
1527770 485
1527780 485
1527790 485
1527800 484
1527810 484
1527820 484
1527830 483
1527840 483
1527850 483
1527860 482
1527870 482
1527880 482
1527890 481
1527900 481
1527910 480
1527920 479
1527930 479
1527940 478
1527950 477
1527960 477
1527970 476
1527980 475
1527990 475
1528000 474
1528010 473
1528020 473
1528030 473
1528040 472
1528050 472
1528060 471
1528070 471
1528080 471
1528090 470
1528100 469
1528110 469
1528120 469
1528130 469
1528140 469
1528150 470
1528160 473
1528170 473
1528180 475
1528190 474
1528200 474
1528210 474
1528220 477
1528230 477
1528240 481
1528250 484
1528260 484
1528270 487
1528280 489
1528290 489
1528300 490
1528310 491
1528320 491
1528330 492
1528340 492
1528350 492
1528360 492
1528370 493
1528380 493
1528390 494
1528400 495
1528410 495
1528420 496
1528430 497
1528440 497
1528450 497
1528460 498
1528470 498
1528480 497
1528490 497
1528500 497
1528510 497
1528520 496
1528530 496
1528540 496
1528550 493
1528560 493
1528570 490
1528580 490
1528590 490
1528600 493
1528610 496
1528620 496
1528630 498
1528640 500
1528650 500
1528660 501
1528670 502
1528680 502
1528690 502
1528700 503
1528710 503
1528720 503
1528730 504
1528740 504
1528750 506
1528760 508
1528770 508
1528780 509
1528790 510
1528800 510
1528810 511
1528820 512
1528830 512
1528840 512
1528850 512
1528860 512
1528870 512
1528880 511
1528890 511
1528900 510
1528910 510
1528920 510
1528930 509
1528940 509
1528950 509
1528960 509
1528970 509
1528980 509
1528990 509
1529000 509
1529010 508
1529020 508
1529030 506
1529040 502
1529050 502
1529060 501
1529070 502
1529080 502
1529090 502
1529100 503
1529110 503
1529120 503
1529130 506
1529140 506
1529150 508
1529160 508
1529170 508
1529180 508
1529190 507
1529200 507
1529210 507
1529220 506
1529230 506
1529240 505
1529250 504
1529260 504
1529270 503
1529280 502
1529290 502
1529300 501
1529310 500
1529320 500
1529330 499
1529340 498
1529350 498
1529360 497
1529370 496
1529380 496
1529390 495
1529400 493
1529410 493
1529420 489
1529430 490
1529440 490
1529450 492
1529460 492
1529470 492
1529480 492
1529490 492
1529500 492
1529510 492
1529520 491
1529530 491
1529540 491
1529550 491
1529560 491
1529570 490
1529580 489
1529590 489
1529600 489
1529610 488
1529620 488
1529630 488
1529640 487
1529650 487
1529660 487
1529670 486
1529680 486
1529690 485
1529700 484
1529710 484
1529720 484
1529730 483
1529740 483
1529750 483
1529760 482
1529770 482
1529780 481
1529790 480
1529800 480
1529810 479
1529820 477
1529830 477
1529840 476
1529850 476
1529860 476
1529870 475
1529880 474
1529890 474
1529900 473
1529910 472
1529920 472
1529930 470
1529940 469
1529950 469
1529960 468
1529970 467
1529980 467
1529990 467
1530000 470
1530010 470
1530020 473
1530030 477
1530040 477
1530050 480
1530060 481
1530070 481
1530080 481
1530090 482
1530100 482
1530110 482
1530120 481
1530130 481
1530140 481
1530150 481
1530160 481
1530170 481
1530180 480
1530190 480
1530200 480
1530210 480
1530220 480
1530230 479
1530240 479
1530250 479
1530260 478
1530270 477
1530280 477
1530290 477
1530300 477
1530310 477
1530320 476
1530330 475
1530340 475
1530350 473
1530360 472
1530370 472
1530380 474
1530390 478
1530400 478
1530410 482
1530420 483
1530430 483
1530440 486
1530450 491
1530460 491
1530470 494
1530480 495
1530490 495
1530500 497
1530510 497
1530520 497
1530530 498
1530540 498
1530550 498
1530560 497
1530570 497
1530580 497
1530590 496
1530600 495
1530610 495
1530620 495
1530630 495
1530640 495
1530650 494
1530660 494
1530670 494
1530680 494
1530690 494
1530700 494
1530710 494
1530720 494
1530730 494
1530740 494
1530750 494
1530760 494
1530770 494
1530780 493
1530790 493
1530800 493
1530810 493
1530820 492
1530830 492
1530840 492
1530850 492
1530860 492
1530870 493
1530880 493
1530890 493
1530900 494
1530910 495
1530920 495
1530930 496
1530940 496
1530950 496
1530960 497
1530970 498
1530980 498
1530990 498
1531000 499
1531010 499
1531020 500
1531030 501
1531040 501
1531050 502
1531060 502
1531070 502
1531080 503
1531090 503
1531100 503
1531110 503
1531120 504
1531130 504
1531140 503
1531150 502
1531160 502
1531170 501
1531180 500
1531190 500
1531200 499
1531210 497
1531220 497
1531230 496
1531240 495
1531250 495
1531260 495
1531270 494
1531280 494
1531290 493
1531300 493
1531310 493
1531320 492
1531330 491
1531340 491
1531350 491
1531360 491
1531370 491
1531380 491
1531390 491
1531400 491
1531410 490
1531420 490
1531430 490
1531440 489
1531450 489
1531460 489
1531470 489
1531480 488
1531490 488
1531500 488
1531510 487
1531520 487
1531530 487
1531540 486
1531550 486
1531560 486
1531570 485
1531580 485
1531590 484
1531600 484
1531610 484
1531620 483
1531630 483
1531640 483
1531650 483
1531660 483
1531670 483
1531680 481
1531690 480
1531700 480
1531710 479
1531720 478
1531730 478
1531740 477
1531750 475
1531760 475
1531770 475
1531780 474
1531790 474
1531800 473
1531810 472
1531820 472
1531830 471
1531840 470
1531850 470
1531860 469
1531870 468
1531880 468
1531890 467
1531900 466
1531910 466
1531920 467
1531930 468
1531940 468
1531950 468
1531960 469
1531970 469
1531980 471
1531990 472
1532000 472
1532010 474
1532020 476
1532030 476
1532040 478
1532050 479
1532060 479
1532070 481
1532080 483
1532090 483
1532100 484
1532110 485
1532120 485
1532130 487
1532140 488
1532150 488
1532160 489
1532170 489
1532180 489
1532190 490
1532200 490
1532210 490
1532220 490
1532230 489
1532240 489
1532250 489
1532260 488
1532270 488
1532280 486
1532290 485
1532300 485
1532310 484
1532320 483
1532330 483
1532340 482
1532350 481
1532360 480
1532370 480
1532380 480
1532390 479
1532400 479
1532410 478
1532420 478
1532430 478
1532440 477
1532450 477
1532460 477
1532470 476
1532480 476
1532490 476
1532500 477
1532510 477
1532520 477
1532530 478
1532540 478
1532550 478
1532560 478
1532570 478
1532580 478
1532590 477
1532600 476
1532610 476
1532620 476
1532630 475
1532640 475
1532650 474
1532660 472
1532670 472
1532680 469
1532690 467
1532700 467
1532710 465
1532720 464
1532730 464
1532740 463
1532750 462
1532760 462
1532770 460
1532780 457
1532790 457
1532800 455
1532810 453
1532820 453
1532830 452
1532840 450
1532850 450
1532860 449
1532870 447
1532880 447
1532890 445
1532900 446
1532910 446
1532920 446
1532930 446
1532940 446
1532950 446
1532960 446
1532970 446
1532980 446
1532990 445
1533000 445
1533010 446
1533020 446
1533030 446
1533040 445
1533050 445
1533060 445
1533070 446
1533080 446
1533090 446
1533100 447
1533110 448
1533120 448
1533130 447
1533140 447
1533150 447
1533160 446
1533170 446
1533180 446
1533190 445
1533200 444
1533210 444
1533220 443
1533230 443
1533240 443
1533250 442
1533260 441
1533270 441
1533280 440
1533290 438
1533300 438
1533310 437
1533320 436
1533330 436
1533340 435
1533350 434
1533360 434
1533370 432
1533380 431
1533390 431
1533400 431
1533410 431
1533420 431
1533430 432
1533440 432
1533450 432
1533460 433
1533470 434
1533480 434
1533490 435
1533500 436
1533510 436
1533520 437
1533530 437
1533540 437
1533550 437
1533560 437
1533570 437
1533580 436
1533590 436
1533600 436
1533610 437
1533620 439
1533630 439
1533640 439
1533650 439
1533660 439
1533670 438
1533680 437
1533690 437
1533700 434
1533710 433
1533720 433
1533730 435
1533740 439
1533750 439
1533760 441
1533770 442
1533780 442
1533790 442
1533800 443
1533810 443
1533820 443
1533830 444
1533840 444
1533850 444
1533860 444
1533870 444
1533880 445
1533890 445
1533900 445
1533910 445
1533920 445
1533930 445
1533940 445
1533950 445
1533960 445
1533970 445
1533980 445
1533990 445
1534000 445
1534010 445
1534020 445
1534030 445
1534040 444
1534050 444
1534060 444
1534070 444
1534080 444
1534090 444
1534100 444
1534110 444
1534120 444
1534130 443
1534140 443
1534150 443
1534160 442
1534170 442
1534180 442
1534190 441
1534200 441
1534210 441
1534220 441
1534230 440
1534240 440
1534250 440
1534260 439
1534270 439
1534280 439
1534290 438
1534300 438
1534310 438
1534320 437
1534330 436
1534340 435
1534350 435
1534360 435
1534370 434
1534380 433
1534390 433
1534400 432
1534410 431
1534420 431
1534430 430
1534440 429
1534450 429
1534460 428
1534470 428
1534480 428
1534490 428
1534500 427
1534510 427
1534520 427
1534530 427
1534540 427
1534550 426
1534560 425
1534570 425
1534580 424
1534590 424
1534600 424
1534610 423
1534620 422
1534630 422
1534640 421
1534650 420
1534660 420
1534670 419
1534680 418
1534690 418
1534700 417
1534710 416
1534720 416
1534730 416
1534740 416
1534750 416
1534760 416
1534770 416
1534780 416
1534790 416
1534800 416
1534810 416
1534820 416
1534830 416
1534840 416
1534850 415
1534860 415
1534870 415
1534880 415
1534890 415
1534900 415
1534910 414
1534920 414
1534930 414
1534940 414
1534950 413
1534960 413
1534970 413
1534980 412
1534990 412
1535000 411
1535010 410
1535020 410
1535030 409
1535040 408
1535050 408
1535060 408
1535070 408
1535080 408
1535090 408
1535100 408
1535110 408
1535120 407
1535130 406
1535140 406
1535150 405
1535160 404
1535170 404
1535180 404
1535190 404
1535200 404
1535210 404
1535220 403
1535230 403
1535240 402
1535250 401
1535260 401
1535270 401
1535280 400
1535290 400
1535300 400
1535310 399
1535320 399
1535330 399
1535340 398
1535350 398
1535360 398
1535370 398
1535380 398
1535390 398
1535400 398
1535410 398
1535420 398
1535430 398
1535440 398
1535450 399
1535460 399
1535470 399
1535480 400
1535490 403
1535500 403
1535510 406
1535520 409
1535530 409
1535540 411
1535550 414
1535560 414
1535570 416
1535580 418
1535590 418
1535600 420
1535610 421
1535620 421
1535630 423
1535640 425
1535650 425
1535660 427
1535670 428
1535680 428
1535690 430
1535700 431
1535710 431
1535720 431
1535730 431
1535740 431
1535750 431
1535760 432
1535770 432
1535780 432
1535790 433
1535800 433
1535810 433
1535820 427
1535830 423
1535840 423
1535850 421
1535860 419
1535870 419
1535880 418
1535890 418
1535900 418
1535910 418
1535920 418
1535930 418
1535940 417
1535950 417
1535960 417
1535970 418
1535980 417
1535990 417
1536000 415
1536010 414
1536020 414
1536030 412
1536040 411
1536050 411
1536060 410
1536070 409
1536080 409
1536090 409
1536100 409
1536110 409
1536120 409
1536130 410
1536140 410
1536150 412
1536160 412
1536170 412
1536180 412
1536190 412
1536200 412
1536210 411
1536220 411
1536230 411
1536240 411
1536250 410
1536260 410
1536270 410
1536280 409
1536290 409
1536300 409
1536310 409
1536320 409
1536330 408
1536340 408
1536350 408
1536360 407
1536370 406
1536380 406
1536390 406
1536400 405
1536410 405
1536420 405
1536430 404
1536440 404
1536450 403
1536460 402
1536470 402
1536480 401
1536490 400
1536500 400
1536510 400
1536520 399
1536530 399
1536540 398
1536550 398
1536560 398
1536570 398
1536580 397
1536590 397
1536600 397
1536610 397
1536620 397
1536630 397
1536640 397
1536650 397
1536660 397
1536670 397
1536680 397
1536690 396
1536700 396
1536710 396
1536720 395
1536730 395
1536740 395
1536750 394
1536760 393
1536770 393
1536780 393
1536790 392
1536800 392
1536810 392
1536820 392
1536830 392
1536840 392
1536850 392
1536860 392
1536870 392
1536880 393
1536890 393
1536900 393
1536910 395
1536920 395
1536930 397
1536940 398
1536950 398
1536960 400
1536970 403
1536980 403
1536990 405
1537000 408
1537010 408
1537020 410
1537030 413
1537040 413
1537050 415
1537060 417
1537070 417
1537080 419
1537090 421
1537100 421
1537110 423
1537120 426
1537130 426
1537140 428
1537150 430
1537160 430
1537170 431
1537180 433
1537190 433
1537200 435
1537210 436
1537220 436
1537230 438
1537240 440
1537250 440
1537260 440
1537270 443
1537280 443
1537290 445
1537300 446
1537310 446
1537320 448
1537330 449
1537340 449
1537350 450
1537360 452
1537370 452
1537380 453
1537390 454
1537400 456
1537410 456
1537420 457
1537430 459
1537440 459
1537450 460
1537460 461
1537470 461
1537480 462
1537490 463
1537500 463
1537510 465
1537520 466
1537530 466
1537540 467
1537550 468
1537560 468
1537570 469
1537580 469
1537590 469
1537600 469
1537610 469
1537620 469
1537630 470
1537640 472
1537650 472
1537660 474
1537670 476
1537680 476
1537690 479
1537700 481
1537710 481
1537720 483
1537730 485
1537740 485
1537750 486
1537760 488
1537770 488
1537780 489
1537790 489
1537800 489
1537810 490
1537820 491
1537830 491
1537840 491
1537850 491
1537860 491
1537870 492
1537880 492
1537890 492
1537900 492
1537910 492
1537920 492
1537930 492
1537940 492
1537950 492
1537960 492
1537970 492
1537980 492
1537990 492
1538000 492
1538010 492
1538020 493
1538030 493
1538040 493
1538050 493
1538060 493
1538070 493
1538080 492
1538090 492
1538100 492
1538110 491
1538120 490
1538130 490
1538140 489
1538150 489
1538160 489
1538170 488
1538180 487
1538190 487
1538200 486
1538210 485
1538220 485
1538230 485
1538240 484
1538250 484
1538260 484
1538270 484
1538280 484
1538290 483
1538300 483
1538310 483
1538320 482
1538330 482
1538340 482
1538350 482
1538360 482
1538370 482
1538380 481
1538390 480
1538400 480
1538410 480
1538420 479
1538430 479
1538440 478
1538450 477
1538460 477
1538470 476
1538480 476
1538490 476
1538500 475
1538510 475
1538520 475
1538530 474
1538540 473
1538550 473
1538560 471
1538570 470
1538580 470
1538590 468
1538600 467
1538610 467
1538620 465
1538630 463
1538640 463
1538650 458
1538660 453
1538670 453
1538680 451
1538690 451
1538700 451
1538710 451
1538720 452
1538730 452
1538740 456
1538750 460
1538760 460
1538770 462
1538780 464
1538790 464
1538800 466
1538810 468
1538820 468
1538830 471
1538840 473
1538850 473
1538860 475
1538870 477
1538880 477
1538890 477
1538900 478
1538910 478
1538920 479
1538930 479
1538940 479
1538950 479
1538960 479
1538970 479
1538980 479
1538990 479
1539000 479
1539010 479
1539020 480
1539030 480
1539040 480
1539050 480
1539060 480
1539070 480
1539080 480
1539090 481
1539100 481
1539110 481
1539120 481
1539130 481
1539140 481
1539150 480
1539160 480
1539170 479
1539180 478
1539190 478
1539200 478
1539210 477
1539220 477
1539230 476
1539240 476
1539250 476
1539260 475
1539270 474
1539280 474
1539290 473
1539300 472
1539310 472
1539320 471
1539330 469
1539340 469
1539350 467
1539360 466
1539370 466
1539380 464
1539390 464
1539400 464
1539410 463
1539420 462
1539430 462
1539440 462
1539450 461
1539460 461
1539470 460
1539480 459
1539490 459
1539500 458
1539510 456
1539520 456
1539530 455
1539540 453
1539550 453
1539560 452
1539570 451
1539580 451
1539590 450
1539600 448
1539610 448
1539620 446
1539630 446
1539640 446
1539650 446
1539660 446
1539670 446
1539680 446
1539690 446
1539700 446
1539710 446
1539720 446
1539730 446
1539740 446
1539750 446
1539760 446
1539770 446
1539780 446
1539790 446
1539800 445
1539810 445
1539820 445
1539830 445
1539840 444
1539850 444
1539860 444
1539870 443
1539880 443
1539890 442
1539900 441
1539910 441
1539920 441
1539930 441
1539940 441
1539950 440
1539960 439
1539970 439
1539980 439
1539990 439
