1520000 700
1520010 700
1520020 703
1520030 705
1520040 705
1520050 707
1520060 710
1520070 710
1520080 712
1520090 714
1520100 714
1520110 715
1520120 716
1520130 716
1520140 716
1520150 714
1520160 714
1520170 709
1520180 705
1520190 705
1520200 701
1520210 698
1520220 700
1520230 698
1520240 697
1520250 697
1520260 697
1520270 697
1520280 697
1520290 696
1520300 697
1520310 697
1520320 697
1520330 698
1520340 698
1520350 699
1520360 700
1520370 700
1520380 702
1520390 704
1520400 704
1520410 706
1520420 708
1520430 708
1520440 709
1520450 711
1520460 711
1520470 712
1520480 712
1520490 712
1520500 713
1520510 713
1520520 713
1520530 712
1520540 712
1520550 712
1520560 712
1520570 710
1520580 710
1520590 708
1520600 705
1520610 705
1520620 703
1520630 701
1520640 701
1520650 700
1520660 699
1520670 699
1520680 698
1520690 697
1520700 697
1520710 696
1520720 696
1520730 696
1520740 698
1520750 700
1520760 700
1520770 702
1520780 704
1520790 704
1520800 705
1520810 706
1520820 706
1520830 705
1520840 704
1520850 704
1520860 700
1520870 696
1520880 696
1520890 692
1520900 689
1520910 689
1520920 687
1520930 685
1520940 685
1520950 685
1520960 684
1520970 684
1520980 682
1520990 679
1521000 679
1521010 676
1521020 674
1521030 674
1521040 671
1521050 670
1521060 670
1521070 673
1521080 677
1521090 677
1521100 681
1521110 686
1521120 686
1521130 691
1521140 696
1521150 696
1521160 700
1521170 704
1521180 704
1521190 707
1521200 710
1521210 710
1521220 711
1521230 711
1521240 711
1521250 711
1521260 709
1521270 709
1521280 708
1521290 707
1521300 707
1521310 706
1521320 705
1521330 704
1521340 704
1521350 704
1521360 703
1521370 703
1521380 702
1521390 700
1521400 700
1521410 698
1521420 694
1521430 694
1521440 690
1521450 688
1521460 688
1521470 687
1521480 688
1521490 688
1521500 689
1521510 689
1521520 689
1521530 687
1521540 684
1521550 684
1521560 683
1521570 681
1521580 681
1521590 679
1521600 676
1521610 676
1521620 674
1521630 674
1521640 674
1521650 674
1521660 675
1521670 675
1521680 675
1521690 674
1521700 674
1521710 673
1521720 672
1521730 672
1521740 670
1521750 667
1521760 667
1521770 663
1521780 659
1521790 659
1521800 654
1521810 650
1521820 650
1521830 650
1521840 651
1521850 651
1521860 651
1521870 649
1521880 649
1521890 648
1521900 646
1521910 646
1521920 644
1521930 643
1521940 643
1521950 641
1521960 640
1521970 640
1521980 638
1521990 635
1522000 635
1522010 633
1522020 631
1522030 631
1522040 629
1522050 628
1522060 628
1522070 629
1522080 630
1522090 630
1522100 630
1522110 630
1522120 630
1522130 629
1522140 628
1522150 628
1522160 629
1522170 628
1522180 628
1522190 627
1522200 627
1522210 627
1522220 626
1522230 624
1522240 624
1522250 623
1522260 621
1522270 621
1522280 620
1522290 620
1522300 620
1522310 620
1522320 620
1522330 620
1522340 620
1522350 620
1522360 620
1522370 620
1522380 620
1522390 620
1522400 618
1522410 616
1522420 616
1522430 615
1522440 615
1522450 615
1522460 614
1522470 614
1522480 614
1522490 612
1522500 611
1522510 611
1522520 610
1522530 609
1522540 609
1522550 609
1522560 608
1522570 608
1522580 607
1522590 605
1522600 605
1522610 604
1522620 602
1522630 602
1522640 601
1522650 599
1522660 599
1522670 598
1522680 596
1522690 596
1522700 595
1522710 594
1522720 594
1522730 592
1522740 591
1522750 591
1522760 589
1522770 588
1522780 588
1522790 586
1522800 585
1522810 585
1522820 583
1522830 581
1522840 581
1522850 580
1522860 578
1522870 578
1522880 576
1522890 574
1522900 574
1522910 572
1522920 570
1522930 570
1522940 569
1522950 568
1522960 568
1522970 567
1522980 565
1522990 565
1523000 564
1523010 562
1523020 562
1523030 561
1523040 559
1523050 559
1523060 557
1523070 556
1523080 556
1523090 555
1523100 555
1523110 554
1523120 554
1523130 553
1523140 553
1523150 553
1523160 552
1523170 551
1523180 551
1523190 550
1523200 550
1523210 550
1523220 549
1523230 549
1523240 549
1523250 548
1523260 548
1523270 548
1523280 547
1523290 547
1523300 547
1523310 547
1523320 546
1523330 546
1523340 546
1523350 545
1523360 545
1523370 545
1523380 544
1523390 544
1523400 544
1523410 544
1523420 544
1523430 543
1523440 543
1523450 543
1523460 542
1523470 542
1523480 542
1523490 542
1523500 541
1523510 541
1523520 541
1523530 541
1523540 541
1523550 540
1523560 540
1523570 540
1523580 539
1523590 539
1523600 539
1523610 538
1523620 538
1523630 538
1523640 537
1523650 537
1523660 537
1523670 536
1523680 536
1523690 536
1523700 535
1523710 535
1523720 535
1523730 534
1523740 534
1523750 534
1523760 533
1523770 532
1523780 532
1523790 532
1523800 531
1523810 531
1523820 531
1523830 530
1523840 530
1523850 530
1523860 529
1523870 529
1523880 528
1523890 528
1523900 528
1523910 527
1523920 526
1523930 526
1523940 526
1523950 525
1523960 525
1523970 525
1523980 524
1523990 524
1524000 524
1524010 523
1524020 523
1524030 522
1524040 522
1524050 522
1524060 521
1524070 521
1524080 521
1524090 520
1524100 520
1524110 520
1524120 519
1524130 518
1524140 518
1524150 518
1524160 517
1524170 517
1524180 517
1524190 516
1524200 516
1524210 515
1524220 514
1524230 514
1524240 513
1524250 512
1524260 512
1524270 511
1524280 510
1524290 510
1524300 509
1524310 508
1524320 508
1524330 508
1524340 508
1524350 508
1524360 507
1524370 507
1524380 507
1524390 507
1524400 507
1524410 507
1524420 507
1524430 507
1524440 507
1524450 507
1524460 507
1524470 507
1524480 506
1524490 506
1524500 506
1524510 506
1524520 505
1524530 505
1524540 505
1524550 504
1524560 504
1524570 503
1524580 502
1524590 502
1524600 501
1524610 501
1524620 501
1524630 500
1524640 500
1524650 500
1524660 500
1524670 499
1524680 499
1524690 499
1524700 499
1524710 499
1524720 499
1524730 498
1524740 498
1524750 498
1524760 498
1524770 498
1524780 497
1524790 497
1524800 497
1524810 497
1524820 496
1524830 496
1524840 496
1524850 495
1524860 495
1524870 495
1524880 495
1524890 494
1524900 494
1524910 494
1524920 493
1524930 493
1524940 493
1524950 494
1524960 494
1524970 494
1524980 494
1524990 494
1525000 494
1525010 493
1525020 493
1525030 493
1525040 493
1525050 493
1525060 492
1525070 492
1525080 492
1525090 492
1525100 492
1525110 492
1525120 491
1525130 491
1525140 491
1525150 491
1525160 491
1525170 491
1525180 491
1525190 491
1525200 491
1525210 490
1525220 490
1525230 490
1525240 490
1525250 489
1525260 489
1525270 489
1525280 489
1525290 489
1525300 489
1525310 488
1525320 488
1525330 488
1525340 488
1525350 488
1525360 488
1525370 488
1525380 488
1525390 488
1525400 488
1525410 488
1525420 488
1525430 487
1525440 487
1525450 487
1525460 487
1525470 487
1525480 487
1525490 487
1525500 487
1525510 487
1525520 487
1525530 487
1525540 487
1525550 488
1525560 488
1525570 490
1525580 493
1525590 493
1525600 494
1525610 495
1525620 495
1525630 496
1525640 497
1525650 497
1525660 497
1525670 497
1525680 497
1525690 497
1525700 497
1525710 497
1525720 498
1525730 498
1525740 498
1525750 498
1525760 498
1525770 498
1525780 498
1525790 497
1525800 497
1525810 495
1525820 494
1525830 494
1525840 494
1525850 494
1525860 494
1525870 494
1525880 493
1525890 493
1525900 492
1525910 493
1525920 493
1525930 494
1525940 495
1525950 495
1525960 496
1525970 498
1525980 498
1525990 499
1526000 501
1526010 501
1526020 502
1526030 504
1526040 504
1526050 505
1526060 507
1526070 507
1526080 508
1526090 509
1526100 509
1526110 510
1526120 510
1526130 510
1526140 510
1526150 511
1526160 511
1526170 511
1526180 511
1526190 511
1526200 511
1526210 511
1526220 511
1526230 511
1526240 511
1526250 511
1526260 509
1526270 509
1526280 509
1526290 508
1526300 504
1526310 504
1526320 500
1526330 497
1526340 497
1526350 497
1526360 496
1526370 496
1526380 495
1526390 495
1526400 495
1526410 494
1526420 495
1526430 495
1526440 495
1526450 494
1526460 494
1526470 493
1526480 492
1526490 492
1526500 491
1526510 491
1526520 491
1526530 491
1526540 490
1526550 490
1526560 490
1526570 490
1526580 490
1526590 490
1526600 489
1526610 489
1526620 488
1526630 487
1526640 487
1526650 487
1526660 486
1526670 486
1526680 485
1526690 485
1526700 485
1526710 485
1526720 484
1526730 484
1526740 484
1526750 484
1526760 484
1526770 484
1526780 484
1526790 485
1526800 485
1526810 485
1526820 486
1526830 486
1526840 486
1526850 486
1526860 485
1526870 486
1526880 485
1526890 485
1526900 485
1526910 485
1526920 485
1526930 485
1526940 484
1526950 484
1526960 484
1526970 483
1526980 483
1526990 483
1527000 482
1527010 482
1527020 482
1527030 481
1527040 481
1527050 480
1527060 479
1527070 479
1527080 478
1527090 477
1527100 477
1527110 476
1527120 474
1527130 474
1527140 471
1527150 471
1527160 471
1527170 473
1527180 475
1527190 475
1527200 478
1527210 481
1527220 481
1527230 485
1527240 489
1527250 489
1527260 491
1527270 493
1527280 493
1527290 494
1527300 495
1527310 495
1527320 496
1527330 497
1527340 497
1527350 499
1527360 500
1527370 500
1527380 501
1527390 502
1527400 502
1527410 502
1527420 502
1527430 502
1527440 503
1527450 503
1527460 503
1527470 503
1527480 502
1527490 502
1527500 500
1527510 498
1527520 498
1527530 494
1527540 489
1527550 489
1527560 485
1527570 482
1527580 482
1527590 481
1527600 481
1527610 481
1527620 480
1527630 479
1527640 479
1527650 476
1527660 478
1527670 478
1527680 482
1527690 485
1527700 485
1527710 487
1527720 488
1527730 488
1527740 489
1527750 488
1527760 488
1527770 487
1527780 487
1527790 487
1527800 487
1527810 487
1527820 487
1527830 488
1527840 489
1527850 489
1527860 490
1527870 490
1527880 490
1527890 491
1527900 491
1527910 491
1527920 491
1527930 490
1527940 490
1527950 489
1527960 488
1527970 488
1527980 487
1527990 486
1528000 486
1528010 485
1528020 484
1528030 484
1528040 483
1528050 483
1528060 483
1528070 482
1528080 481
1528090 481
1528100 480
1528110 479
1528120 479
1528130 478
1528140 477
1528150 477
1528160 476
1528170 475
1528180 475
1528190 474
1528200 474
1528210 474
1528220 473
1528230 473
1528240 473
1528250 472
1528260 472
1528270 472
1528280 472
1528290 472
1528300 472
1528310 472
1528320 473
1528330 473
1528340 473
1528350 475
1528360 475
1528370 476
1528380 477
1528390 477
1528400 477
1528410 478
1528420 478
1528430 479
1528440 479
1528450 479
1528460 479
1528470 479
1528480 479
1528490 479
1528500 479
1528510 478
1528520 478
1528530 477
1528540 476
1528550 476
1528560 475
1528570 474
1528580 474
1528590 473
1528600 472
1528610 472
1528620 472
1528630 471
1528640 471
1528650 470
1528660 469
1528670 469
1528680 468
1528690 468
1528700 468
1528710 468
1528720 468
1528730 468
1528740 468
1528750 470
1528760 470
1528770 471
1528780 471
1528790 471
1528800 472
1528810 472
1528820 472
1528830 472
1528840 472
1528850 472
1528860 472
1528870 472
1528880 472
1528890 472
1528900 472
1528910 472
1528920 472
1528930 472
1528940 472
1528950 471
1528960 470
1528970 470
1528980 470
1528990 469
1529000 469
1529010 468
1529020 467
1529030 467
1529040 466
1529050 467
1529060 467
1529070 468
1529080 469
1529090 469
1529100 470
1529110 470
1529120 470
1529130 470
1529140 470
1529150 470
1529160 470
1529170 471
1529180 471
1529190 473
1529200 473
1529210 473
1529220 473
1529230 474
1529240 474
1529250 474
1529260 474
1529270 474
1529280 474
1529290 474
1529300 474
1529310 475
1529320 475
1529330 475
1529340 475
1529350 475
1529360 475
1529370 476
1529380 476
1529390 476
1529400 476
1529410 477
1529420 477
1529430 477
1529440 478
1529450 478
1529460 478
1529470 479
1529480 479
1529490 479
1529500 480
1529510 480
1529520 481
1529530 481
1529540 481
1529550 482
1529560 483
1529570 483
1529580 483
1529590 484
1529600 484
1529610 484
1529620 485
1529630 485
1529640 486
1529650 487
1529660 487
1529670 487
1529680 488
1529690 488
1529700 489
1529710 490
1529720 490
1529730 491
1529740 491
1529750 491
1529760 491
1529770 491
1529780 491
1529790 491
1529800 490
1529810 490
1529820 489
1529830 488
1529840 488
1529850 487
1529860 487
1529870 487
1529880 486
1529890 484
1529900 484
1529910 481
1529920 477
1529930 477
1529940 474
1529950 472
1529960 472
1529970 471
1529980 470
1529990 470
1530000 469
1530010 470
1530020 470
1530030 471
1530040 473
1530050 473
1530060 475
1530070 474
1530080 474
1530090 472
1530100 472
1530110 472
1530120 475
1530130 475
1530140 475
1530150 475
1530160 475
1530170 475
1530180 475
1530190 476
1530200 476
1530210 476
1530220 476
1530230 476
1530240 477
1530250 477
1530260 477
1530270 477
1530280 477
1530290 478
1530300 478
1530310 479
1530320 479
1530330 479
1530340 479
1530350 480
1530360 480
1530370 480
1530380 479
1530390 479
1530400 479
1530410 479
1530420 479
1530430 479
1530440 479
1530450 479
1530460 479
1530470 478
1530480 478
1530490 478
1530500 478
1530510 478
1530520 479
1530530 479
1530540 479
1530550 479
1530560 479
1530570 479
1530580 479
1530590 480
1530600 480
1530610 480
1530620 480
1530630 480
1530640 480
1530650 480
1530660 480
1530670 479
1530680 480
1530690 480
1530700 480
1530710 480
1530720 480
1530730 480
1530740 479
1530750 479
1530760 480
1530770 480
1530780 480
1530790 480
1530800 480
1530810 480
1530820 480
1530830 481
1530840 481
1530850 481
1530860 481
1530870 481
1530880 481
1530890 481
1530900 481
1530910 481
1530920 481
1530930 481
1530940 480
1530950 480
1530960 480
1530970 479
1530980 479
1530990 479
1531000 479
1531010 478
1531020 478
1531030 477
1531040 477
1531050 477
1531060 476
1531070 476
1531080 476
1531090 475
1531100 474
1531110 474
1531120 473
1531130 473
1531140 473
1531150 472
1531160 471
1531170 471
1531180 470
1531190 469
1531200 469
1531210 469
1531220 469
1531230 469
1531240 470
1531250 470
1531260 470
1531270 470
1531280 471
1531290 471
1531300 470
1531310 470
1531320 470
1531330 470
1531340 469
1531350 469
1531360 468
1531370 467
1531380 467
1531390 466
1531400 465
1531410 465
1531420 464
1531430 462
1531440 462
1531450 461
1531460 459
1531470 459
1531480 458
1531490 458
1531500 458
1531510 458
1531520 459
1531530 459
1531540 460
1531550 459
1531560 459
1531570 459
1531580 460
1531590 460
1531600 460
1531610 459
1531620 459
1531630 458
1531640 458
1531650 458
1531660 457
1531670 456
1531680 456
1531690 455
1531700 455
1531710 455
1531720 454
1531730 453
1531740 453
1531750 452
1531760 451
1531770 451
1531780 451
1531790 450
1531800 450
1531810 450
1531820 449
1531830 449
1531840 448
1531850 448
1531860 448
1531870 447
1531880 447
1531890 447
1531900 447
1531910 446
1531920 446
1531930 445
1531940 445
1531950 445
1531960 445
1531970 445
1531980 445
1531990 445
1532000 446
1532010 446
1532020 445
1532030 445
1532040 445
1532050 445
1532060 444
1532070 444
1532080 444
1532090 443
1532100 443
1532110 443
1532120 443
1532130 443
1532140 443
1532150 442
1532160 441
1532170 441
1532180 441
1532190 440
1532200 440
1532210 439
1532220 438
1532230 438
1532240 437
1532250 436
1532260 436
1532270 436
1532280 435
1532290 435
1532300 435
1532310 434
1532320 434
1532330 433
1532340 432
1532350 432
1532360 432
1532370 431
1532380 431
1532390 430
1532400 430
1532410 430
1532420 430
1532430 429
1532440 429
1532450 429
1532460 428
1532470 428
1532480 427
1532490 426
1532500 426
1532510 426
1532520 425
1532530 425
1532540 425
1532550 425
1532560 425
1532570 425
1532580 425
1532590 425
1532600 427
1532610 427
1532620 427
1532630 428
1532640 428
1532650 428
1532660 429
1532670 429
1532680 429
1532690 430
1532700 431
1532710 431
1532720 431
1532730 432
1532740 432
1532750 432
1532760 433
1532770 433
1532780 433
1532790 434
1532800 434
1532810 434
1532820 434
1532830 434
1532840 434
1532850 434
1532860 434
1532870 433
1532880 433
1532890 433
1532900 433
1532910 433
1532920 433
1532930 432
1532940 432
1532950 432
1532960 431
1532970 431
1532980 431
1532990 430
1533000 429
1533010 429
1533020 428
1533030 427
1533040 427
1533050 427
1533060 427
1533070 427
1533080 427
1533090 427
1533100 427
1533110 427
1533120 428
1533130 428
1533140 428
1533150 428
1533160 428
1533170 428
1533180 429
1533190 429
1533200 429
1533210 429
1533220 429
1533230 430
1533240 430
1533250 430
1533260 430
1533270 430
1533280 430
1533290 431
1533300 431
1533310 431
1533320 431
1533330 432
1533340 432
1533350 432
1533360 433
1533370 433
1533380 433
1533390 434
1533400 434
1533410 434
1533420 435
1533430 435
1533440 435
1533450 435
1533460 435
1533470 434
1533480 434
1533490 434
1533500 433
1533510 432
1533520 432
1533530 430
1533540 428
1533550 428
1533560 426
1533570 425
1533580 425
1533590 425
1533600 424
1533610 424
1533620 424
1533630 424
1533640 424
1533650 424
1533660 423
1533670 423
1533680 424
1533690 425
1533700 425
1533710 426
1533720 429
1533730 429
1533740 431
1533750 432
1533760 432
1533770 433
1533780 433
1533790 433
1533800 434
1533810 434
1533820 434
1533830 434
1533840 434
1533850 434
1533860 434
1533870 434
1533880 435
1533890 435
1533900 436
1533910 435
1533920 435
1533930 435
1533940 435
1533950 435
1533960 436
1533970 436
1533980 436
1533990 437
1534000 439
1534010 439
1534020 439
1534030 438
1534040 438
1534050 438
1534060 439
1534070 439
1534080 439
1534090 439
1534100 439
1534110 439
1534120 439
1534130 439
1534140 438
1534150 438
1534160 438
1534170 438
1534180 438
1534190 438
1534200 438
1534210 438
1534220 438
1534230 438
1534240 438
1534250 438
1534260 438
1534270 438
1534280 438
1534290 437
1534300 437
1534310 437
1534320 437
1534330 437
1534340 437
1534350 437
1534360 437
1534370 437
1534380 436
1534390 436
1534400 436
1534410 436
1534420 436
1534430 436
1534440 436
1534450 436
1534460 436
1534470 435
1534480 435
1534490 435
1534500 435
1534510 435
1534520 435
1534530 434
1534540 434
1534550 434
1534560 434
1534570 433
1534580 433
1534590 433
1534600 433
1534610 433
1534620 433
1534630 432
1534640 432
1534650 432
1534660 431
1534670 431
1534680 431
1534690 431
1534700 431
1534710 430
1534720 430
1534730 430
1534740 429
1534750 429
1534760 429
1534770 429
1534780 428
1534790 428
1534800 428
1534810 428
1534820 428
1534830 428
1534840 428
1534850 428
1534860 429
1534870 429
1534880 429
1534890 429
1534900 429
1534910 429
1534920 429
1534930 428
1534940 428
1534950 428
1534960 428
1534970 428
1534980 428
1534990 427
1535000 427
1535010 427
1535020 427
1535030 427
1535040 426
1535050 426
1535060 426
1535070 426
1535080 425
1535090 425
1535100 425
1535110 424
1535120 424
1535130 424
1535140 424
1535150 424
1535160 423
1535170 423
1535180 423
1535190 422
1535200 422
1535210 422
1535220 421
1535230 420
1535240 420
1535250 419
1535260 419
1535270 419
1535280 418
1535290 418
1535300 418
1535310 417
1535320 417
1535330 417
1535340 416
1535350 416
1535360 416
1535370 416
1535380 415
1535390 415
1535400 415
1535410 414
1535420 414
1535430 414
1535440 414
1535450 414
1535460 413
1535470 413
1535480 413
1535490 412
1535500 412
1535510 412
1535520 412
1535530 412
1535540 412
1535550 412
1535560 411
1535570 411
1535580 411
1535590 411
1535600 411
1535610 411
1535620 411
1535630 411
1535640 412
1535650 414
1535660 415
1535670 415
1535680 418
1535690 420
1535700 420
1535710 421
1535720 422
1535730 422
1535740 423
1535750 424
1535760 424
1535770 424
1535780 425
1535790 425
1535800 426
1535810 426
1535820 426
1535830 426
1535840 427
1535850 427
1535860 427
1535870 427
1535880 427
1535890 427
1535900 427
1535910 427
1535920 426
1535930 426
1535940 426
1535950 425
1535960 424
1535970 424
1535980 424
1535990 423
1536000 423
1536010 422
1536020 422
1536030 422
1536040 421
1536050 421
1536060 421
1536070 420
1536080 421
1536090 421
1536100 423
1536110 424
1536120 424
1536130 426
1536140 427
1536150 427
1536160 428
1536170 429
1536180 429
1536190 429
1536200 430
1536210 430
1536220 430
1536230 431
1536240 431
1536250 431
1536260 431
1536270 431
1536280 431
1536290 432
1536300 432
1536310 432
1536320 432
1536330 432
1536340 432
1536350 431
1536360 431
1536370 431
1536380 430
1536390 430
1536400 428
1536410 426
1536420 426
1536430 424
1536440 421
1536450 421
1536460 419
1536470 417
1536480 417
1536490 415
1536500 414
1536510 414
1536520 414
1536530 413
1536540 413
1536550 413
1536560 412
1536570 412
1536580 412
1536590 412
1536600 412
1536610 412
1536620 413
1536630 413
1536640 413
1536650 413
1536660 413
1536670 414
1536680 415
1536690 415
1536700 416
1536710 416
1536720 416
1536730 417
1536740 417
1536750 417
1536760 417
1536770 417
1536780 417
1536790 418
1536800 419
1536810 419
1536820 419
1536830 420
1536840 420
1536850 421
1536860 422
1536870 422
1536880 424
1536890 425
1536900 425
1536910 426
1536920 427
1536930 427
1536940 428
1536950 430
1536960 430
1536970 431
1536980 432
1536990 432
1537000 433
1537010 433
1537020 433
1537030 434
1537040 435
1537050 435
1537060 436
1537070 437
1537080 437
1537090 438
1537100 439
1537110 439
1537120 439
1537130 440
1537140 440
1537150 441
1537160 441
1537170 441
1537180 441
1537190 442
1537200 442
1537210 442
1537220 442
1537230 442
1537240 442
1537250 443
1537260 443
1537270 443
1537280 443
1537290 443
1537300 442
1537310 441
1537320 441
1537330 440
1537340 440
1537350 440
1537360 439
1537370 439
1537380 439
1537390 439
1537400 440
1537410 440
1537420 440
1537430 440
1537440 440
1537450 441
1537460 441
1537470 441
1537480 441
1537490 442
1537500 442
1537510 442
1537520 443
1537530 443
1537540 443
1537550 444
1537560 444
1537570 444
1537580 445
1537590 445
1537600 445
1537610 446
1537620 447
1537630 447
1537640 447
1537650 448
1537660 448
1537670 448
1537680 448
1537690 448
1537700 448
1537710 448
1537720 448
1537730 447
1537740 448
1537750 448
1537760 448
1537770 448
1537780 448
1537790 448
1537800 448
1537810 448
1537820 449
1537830 449
1537840 449
1537850 449
1537860 449
1537870 449
1537880 449
1537890 449
1537900 449
1537910 449
1537920 449
1537930 449
1537940 449
1537950 449
1537960 449
1537970 449
1537980 449
1537990 449
1538000 449
1538010 449
1538020 449
1538030 449
1538040 449
1538050 449
1538060 449
1538070 449
1538080 449
1538090 449
1538100 449
1538110 449
1538120 449
1538130 449
1538140 449
1538150 449
1538160 449
1538170 449
1538180 449
1538190 449
1538200 449
1538210 449
1538220 449
1538230 449
1538240 449
1538250 449
1538260 449
1538270 449
1538280 449
1538290 449
1538300 449
1538310 449
1538320 449
1538330 448
1538340 449
1538350 449
1538360 449
1538370 449
1538380 449
1538390 449
1538400 449
1538410 449
1538420 449
1538430 449
1538440 449
1538450 449
1538460 449
1538470 449
1538480 449
1538490 449
1538500 449
1538510 449
1538520 449
1538530 449
1538540 449
1538550 448
1538560 448
1538570 448
1538580 448
1538590 448
1538600 448
1538610 448
1538620 448
1538630 448
1538640 448
1538650 448
1538660 448
1538670 448
1538680 448
1538690 448
1538700 448
1538710 448
1538720 448
1538730 448
1538740 448
1538750 448
1538760 448
1538770 448
1538780 448
1538790 448
1538800 448
1538810 447
1538820 447
1538830 447
1538840 447
1538850 447
1538860 447
1538870 447
1538880 447
1538890 447
1538900 447
1538910 447
1538920 447
1538930 447
1538940 447
1538950 447
1538960 447
1538970 446
1538980 446
1538990 446
1539000 446
1539010 446
1539020 446
1539030 446
1539040 446
1539050 445
1539060 445
1539070 445
1539080 445
1539090 444
1539100 444
1539110 444
1539120 443
1539130 443
1539140 443
1539150 442
1539160 442
1539170 442
1539180 441
1539190 441
1539200 440
1539210 440
1539220 440
1539230 439
1539240 438
1539250 437
1539260 437
1539270 437
1539280 436
1539290 436
1539300 435
1539310 435
1539320 435
1539330 434
1539340 433
1539350 433
1539360 432
1539370 431
1539380 431
1539390 430
1539400 429
1539410 429
1539420 428
1539430 428
1539440 428
1539450 427
1539460 426
1539470 426
1539480 425
1539490 424
1539500 424
1539510 423
1539520 422
1539530 422
1539540 421
1539550 421
1539560 421
1539570 420
1539580 419
1539590 419
1539600 418
1539610 417
1539620 417
1539630 417
1539640 416
1539650 416
1539660 415
1539670 415
1539680 415
1539690 414
1539700 414
1539710 414
1539720 413
1539730 413
1539740 413
1539750 413
1539760 412
1539770 412
1539780 412
1539790 412
1539800 412
1539810 411
1539820 411
1539830 411
1539840 410
1539850 410
1539860 410
1539870 410
1539880 410
1539890 410
1539900 409
1539910 409
1539920 409
1539930 409
1539940 408
1539950 408
1539960 408
1539970 408
1539980 408
1539990 408
