1520000 575
1520010 574
1520020 574
1520030 574
1520040 574
1520050 574
1520060 573
1520070 572
1520080 572
1520090 572
1520100 571
1520110 571
1520120 571
1520130 571
1520140 571
1520150 570
1520160 570
1520170 570
1520180 569
1520190 568
1520200 568
1520210 568
1520220 568
1520230 568
1520240 568
1520250 568
1520260 568
1520270 568
1520280 568
1520290 568
1520300 567
1520310 567
1520320 567
1520330 566
1520340 566
1520350 566
1520360 566
1520370 566
1520380 566
1520390 566
1520400 565
1520410 565
1520420 565
1520430 565
1520440 565
1520450 564
1520460 564
1520470 564
1520480 563
1520490 563
1520500 563
1520510 563
1520520 564
1520530 564
1520540 564
1520550 564
1520560 564
1520570 564
1520580 564
1520590 564
1520600 563
1520610 563
1520620 563
1520630 562
1520640 562
1520650 562
1520660 561
1520670 561
1520680 561
1520690 560
1520700 560
1520710 560
1520720 559
1520730 558
1520740 558
1520750 556
1520760 556
1520770 556
1520780 556
1520790 557
1520800 557
1520810 558
1520820 558
1520830 558
1520840 559
1520850 560
1520860 560
1520870 561
1520880 562
1520890 562
1520900 562
1520910 563
1520920 563
1520930 563
1520940 564
1520950 564
1520960 563
1520970 563
1520980 563
1520990 562
1521000 562
1521010 562
1521020 561
1521030 560
1521040 560
1521050 559
1521060 558
1521070 558
1521080 557
1521090 556
1521100 556
1521110 555
1521120 555
1521130 555
1521140 554
1521150 553
1521160 553
1521170 552
1521180 552
1521190 551
1521200 551
1521210 550
1521220 549
1521230 549
1521240 548
1521250 548
1521260 548
1521270 547
1521280 547
1521290 547
1521300 548
1521310 548
1521320 548
1521330 549
1521340 550
1521350 550
1521360 551
1521370 552
1521380 552
1521390 553
1521400 554
1521410 554
1521420 556
1521430 559
1521440 559
1521450 561
1521460 563
1521470 563
1521480 565
1521490 566
1521500 566
1521510 567
1521520 568
1521530 568
1521540 569
1521550 572
1521560 572
1521570 575
1521580 576
1521590 576
1521600 578
1521610 580
1521620 580
1521630 581
1521640 583
1521650 583
1521660 585
1521670 587
1521680 587
1521690 589
1521700 591
1521710 591
1521720 593
1521730 594
1521740 594
1521750 595
1521760 595
1521770 595
1521780 596
1521790 597
1521800 597
1521810 598
1521820 599
1521830 599
1521840 601
1521850 602
1521860 602
1521870 601
1521880 603
1521890 603
1521900 606
1521910 610
1521920 610
1521930 613
1521940 615
1521950 615
1521960 617
1521970 620
1521980 620
1521990 623
1522000 626
1522010 626
1522020 628
1522030 630
1522040 630
1522050 632
1522060 635
1522070 635
1522080 639
1522090 643
1522100 643
1522110 647
1522120 651
1522130 651
1522140 656
1522150 658
1522160 658
1522170 657
1522180 657
1522190 657
1522200 658
1522210 662
1522220 662
1522230 669
1522240 669
1522250 669
1522260 664
1522270 660
1522280 660
1522290 656
1522300 651
1522310 651
1522320 647
1522330 644
1522340 644
1522350 641
1522360 638
1522370 638
1522380 635
1522390 632
1522400 632
1522410 630
1522420 628
1522430 628
1522440 626
1522450 624
1522460 624
1522470 623
1522480 622
1522490 622
1522500 621
1522510 619
1522520 619
1522530 618
1522540 616
1522550 616
1522560 615
1522570 614
1522580 614
1522590 612
1522600 611
1522610 611
1522620 610
1522630 610
1522640 610
1522650 609
1522660 607
1522670 607
1522680 606
1522690 604
1522700 604
1522710 602
1522720 601
1522730 601
1522740 599
1522750 596
1522760 596
1522770 593
1522780 591
1522790 591
1522800 589
1522810 587
1522820 587
1522830 585
1522840 583
1522850 583
1522860 581
1522870 579
1522880 579
1522890 577
1522900 576
1522910 576
1522920 575
1522930 573
1522940 573
1522950 572
1522960 571
1522970 571
1522980 569
1522990 568
1523000 568
1523010 568
1523020 567
1523030 567
1523040 566
1523050 565
1523060 565
1523070 565
1523080 564
1523090 564
1523100 563
1523110 562
1523120 562
1523130 560
1523140 559
1523150 558
1523160 558
1523170 557
1523180 556
1523190 556
1523200 555
1523210 554
1523220 554
1523230 553
1523240 552
1523250 552
1523260 551
1523270 551
1523280 551
1523290 550
1523300 549
1523310 549
1523320 549
1523330 548
1523340 548
1523350 547
1523360 543
1523370 543
1523380 538
1523390 536
1523400 536
1523410 534
1523420 532
1523430 532
1523440 530
1523450 530
1523460 530
1523470 530
1523480 531
1523490 531
1523500 536
1523510 542
1523520 542
1523530 542
1523540 542
1523550 542
1523560 544
1523570 545
1523580 545
1523590 544
1523600 545
1523610 545
1523620 544
1523630 542
1523640 542
1523650 541
1523660 539
1523670 539
1523680 537
1523690 536
1523700 536
1523710 534
1523720 533
1523730 533
1523740 533
1523750 532
1523760 532
1523770 531
1523780 531
1523790 531
1523800 530
1523810 530
1523820 530
1523830 529
1523840 529
1523850 529
1523860 528
1523870 527
1523880 527
1523890 526
1523900 526
1523910 526
1523920 525
1523930 525
1523940 525
1523950 523
1523960 519
1523970 519
1523980 519
1523990 519
1524000 519
1524010 519
1524020 519
1524030 519
1524040 519
1524050 519
1524060 519
1524070 519
1524080 520
1524090 520
1524100 520
1524110 520
1524120 520
1524130 520
1524140 521
1524150 521
1524160 521
1524170 521
1524180 521
1524190 520
1524200 520
1524210 520
1524220 520
1524230 520
1524240 520
1524250 520
1524260 519
1524270 519
1524280 519
1524290 519
1524300 519
1524310 518
1524320 518
1524330 518
1524340 517
1524350 517
1524360 517
1524370 516
1524380 515
1524390 515
1524400 515
1524410 514
1524420 514
1524430 514
1524440 513
1524450 513
1524460 512
1524470 512
1524480 512
1524490 511
1524500 510
1524510 510
1524520 509
1524530 509
1524540 509
1524550 508
1524560 507
1524570 507
1524580 507
1524590 507
1524600 507
1524610 506
1524620 506
1524630 506
1524640 505
1524650 505
1524660 505
1524670 505
1524680 503
1524690 503
1524700 501
1524710 500
1524720 500
1524730 499
1524740 499
1524750 499
1524760 499
1524770 498
1524780 498
1524790 498
1524800 498
1524810 498
1524820 498
1524830 497
1524840 497
1524850 497
1524860 497
1524870 497
1524880 497
1524890 496
1524900 496
1524910 495
1524920 494
1524930 494
1524940 493
1524950 493
1524960 493
1524970 492
1524980 492
1524990 492
1525000 492
1525010 493
1525020 493
1525030 494
1525040 494
1525050 494
1525060 495
1525070 496
1525080 496
1525090 497
1525100 499
1525110 499
1525120 500
1525130 501
1525140 501
1525150 501
1525160 502
1525170 502
1525180 502
1525190 502
1525200 502
1525210 502
1525220 501
1525230 500
1525240 500
1525250 498
1525260 499
1525270 499
1525280 500
1525290 502
1525300 502
1525310 503
1525320 504
1525330 504
1525340 505
1525350 506
1525360 506
1525370 506
1525380 507
1525390 507
1525400 507
1525410 508
1525420 508
1525430 508
1525440 508
1525450 508
1525460 508
1525470 508
1525480 508
1525490 508
1525500 507
1525510 507
1525520 507
1525530 507
1525540 507
1525550 507
1525560 507
1525570 507
1525580 507
1525590 507
1525600 507
1525610 508
1525620 509
1525630 509
1525640 510
1525650 511
1525660 511
1525670 511
1525680 510
1525690 510
1525700 510
1525710 510
1525720 510
1525730 510
1525740 509
1525750 509
1525760 508
1525770 507
1525780 507
1525790 506
1525800 504
1525810 504
1525820 503
1525830 503
1525840 503
1525850 502
1525860 501
1525870 501
1525880 501
1525890 500
1525900 500
1525910 500
1525920 500
1525930 500
1525940 500
1525950 500
1525960 500
1525970 501
1525980 501
1525990 498
1526000 498
1526010 499
1526020 499
1526030 499
1526040 499
1526050 499
1526060 499
1526070 499
1526080 499
1526090 499
1526100 499
1526110 499
1526120 498
1526130 498
1526140 498
1526150 497
1526160 497
1526170 497
1526180 496
1526190 496
1526200 496
1526210 495
1526220 495
1526230 495
1526240 494
1526250 493
1526260 493
1526270 493
1526280 492
1526290 492
1526300 492
1526310 491
1526320 491
1526330 490
1526340 489
1526350 489
1526360 488
1526370 487
1526380 487
1526390 487
1526400 486
1526410 486
1526420 486
1526430 487
1526440 487
1526450 488
1526460 489
1526470 489
1526480 489
1526490 490
1526500 490
1526510 490
1526520 490
1526530 490
1526540 490
1526550 491
1526560 491
1526570 491
1526580 491
1526590 491
1526600 492
1526610 492
1526620 492
1526630 493
1526640 493
1526650 493
1526660 493
1526670 493
1526680 493
1526690 493
1526700 493
1526710 493
1526720 493
1526730 493
1526740 493
1526750 492
1526760 492
1526770 492
1526780 492
1526790 492
1526800 492
1526810 491
1526820 491
1526830 491
1526840 490
1526850 490
1526860 490
1526870 489
1526880 488
1526890 488
1526900 488
1526910 487
1526920 487
1526930 487
1526940 487
1526950 487
1526960 487
1526970 488
1526980 488
1526990 488
1527000 487
1527010 487
1527020 487
1527030 487
1527040 487
1527050 487
1527060 487
1527070 487
1527080 487
1527090 486
1527100 486
1527110 486
1527120 486
1527130 486
1527140 486
1527150 485
1527160 485
1527170 485
1527180 484
1527190 484
1527200 484
1527210 484
1527220 484
1527230 484
1527240 483
1527250 483
1527260 483
1527270 483
1527280 483
1527290 483
1527300 483
1527310 483
1527320 483
1527330 483
1527340 483
1527350 483
1527360 483
1527370 484
1527380 484
1527390 484
1527400 485
1527410 485
1527420 485
1527430 485
1527440 485
1527450 486
1527460 487
1527470 487
1527480 488
1527490 488
1527500 488
1527510 489
1527520 491
1527530 491
1527540 492
1527550 492
1527560 492
1527570 492
1527580 493
1527590 493
1527600 493
1527610 493
1527620 493
1527630 492
1527640 491
1527650 491
1527660 490
1527670 490
1527680 490
1527690 489
1527700 489
1527710 489
1527720 489
1527730 489
1527740 489
1527750 490
1527760 490
1527770 490
1527780 489
1527790 489
1527800 489
1527810 488
1527820 487
1527830 487
1527840 486
1527850 485
1527860 485
1527870 485
1527880 484
1527890 484
1527900 484
1527910 484
1527920 484
1527930 483
1527940 483
1527950 483
1527960 482
1527970 482
1527980 482
1527990 481
1528000 481
1528010 481
1528020 481
1528030 480
1528040 480
1528050 480
1528060 479
1528070 479
1528080 479
1528090 478
1528100 478
1528110 478
1528120 477
1528130 477
1528140 477
1528150 476
1528160 476
1528170 475
1528180 475
1528190 475
1528200 474
1528210 474
1528220 474
1528230 473
1528240 472
1528250 472
1528260 471
1528270 471
1528280 471
1528290 470
1528300 469
1528310 469
1528320 469
1528330 468
1528340 468
1528350 468
1528360 467
1528370 467
1528380 467
1528390 466
1528400 466
1528410 467
1528420 467
1528430 467
1528440 467
1528450 465
1528460 465
1528470 465
1528480 464
1528490 464
1528500 463
1528510 462
1528520 462
1528530 462
1528540 461
1528550 461
1528560 460
1528570 460
1528580 460
1528590 459
1528600 459
1528610 459
1528620 458
1528630 458
1528640 458
1528650 457
1528660 457
1528670 457
1528680 456
1528690 456
1528700 456
1528710 455
1528720 455
1528730 455
1528740 454
1528750 454
1528760 454
1528770 453
1528780 453
1528790 453
1528800 453
1528810 452
1528820 452
1528830 452
1528840 452
1528850 452
1528860 451
1528870 451
1528880 451
1528890 451
1528900 451
1528910 451
1528920 451
1528930 451
1528940 451
1528950 450
1528960 450
1528970 450
1528980 450
1528990 450
1529000 450
1529010 450
1529020 449
1529030 449
1529040 449
1529050 449
1529060 449
1529070 449
1529080 449
1529090 448
1529100 448
1529110 448
1529120 448
1529130 448
1529140 447
1529150 446
1529160 446
1529170 445
1529180 444
1529190 444
1529200 444
1529210 445
1529220 445
1529230 445
1529240 445
1529250 445
1529260 445
1529270 445
1529280 445
1529290 445
1529300 445
1529310 445
1529320 444
1529330 444
1529340 444
1529350 444
1529360 444
1529370 444
1529380 443
1529390 442
1529400 442
1529410 441
1529420 439
1529430 439
1529440 438
1529450 437
1529460 437
1529470 436
1529480 435
1529490 435
1529500 435
1529510 435
1529520 435
1529530 435
1529540 435
1529550 435
1529560 434
1529570 434
1529580 434
1529590 435
1529600 435
1529610 435
1529620 435
1529630 435
1529640 435
1529650 435
1529660 435
1529670 435
1529680 435
1529690 434
1529700 434
1529710 434
1529720 435
1529730 435
1529740 436
1529750 437
1529760 437
1529770 438
1529780 440
1529790 440
1529800 446
1529810 450
1529820 450
1529830 451
1529840 452
1529850 452
1529860 453
1529870 454
1529880 454
1529890 455
1529900 455
1529910 455
1529920 455
1529930 455
1529940 455
1529950 454
1529960 453
1529970 453
1529980 451
1529990 450
1530000 450
1530010 448
1530020 444
1530030 444
1530040 439
1530050 435
1530060 435
1530070 434
1530080 434
1530090 434
1530100 434
1530110 434
1530120 434
1530130 435
1530140 435
1530150 435
1530160 437
1530170 441
1530180 441
1530190 445
1530200 449
1530210 449
1530220 453
1530230 455
1530240 455
1530250 457
1530260 458
1530270 458
1530280 459
1530290 459
1530300 459
1530310 460
1530320 461
1530330 461
1530340 461
1530350 461
1530360 461
1530370 462
1530380 462
1530390 462
1530400 462
1530410 462
1530420 462
1530430 462
1530440 463
1530450 463
1530460 463
1530470 462
1530480 462
1530490 462
1530500 461
1530510 461
1530520 461
1530530 461
1530540 461
1530550 461
1530560 460
1530570 460
1530580 460
1530590 460
1530600 460
1530610 459
1530620 460
1530630 460
1530640 460
1530650 461
1530660 461
1530670 462
1530680 463
1530690 463
1530700 463
1530710 464
1530720 464
1530730 465
1530740 466
1530750 466
1530760 466
1530770 467
1530780 467
1530790 467
1530800 468
1530810 468
1530820 468
1530830 468
1530840 468
1530850 468
1530860 468
1530870 468
1530880 468
1530890 468
1530900 468
1530910 468
1530920 468
1530930 468
1530940 468
1530950 468
1530960 468
1530970 468
1530980 468
1530990 468
1531000 469
1531010 469
1531020 469
1531030 469
1531040 469
1531050 469
1531060 469
1531070 470
1531080 470
1531090 470
1531100 470
1531110 470
1531120 470
1531130 470
1531140 471
1531150 471
1531160 471
1531170 471
1531180 471
1531190 471
1531200 471
1531210 471
1531220 471
1531230 472
1531240 472
1531250 472
1531260 472
1531270 472
1531280 472
1531290 472
1531300 472
1531310 472
1531320 472
1531330 472
1531340 471
1531350 471
1531360 471
1531370 471
1531380 471
1531390 471
1531400 470
1531410 470
1531420 470
1531430 469
1531440 469
1531450 469
1531460 469
1531470 468
1531480 468
1531490 468
1531500 467
1531510 467
1531520 467
1531530 466
1531540 466
1531550 466
1531560 465
1531570 465
1531580 465
1531590 464
1531600 464
1531610 464
1531620 464
1531630 464
1531640 463
1531650 463
1531660 463
1531670 463
1531680 462
1531690 462
1531700 462
1531710 462
1531720 462
1531730 461
1531740 461
1531750 461
1531760 460
1531770 459
1531780 459
1531790 458
1531800 457
1531810 457
1531820 457
1531830 457
1531840 457
1531850 456
1531860 456
1531870 456
1531880 456
1531890 456
1531900 456
1531910 456
1531920 456
1531930 456
1531940 456
1531950 456
1531960 456
1531970 457
1531980 457
1531990 457
1532000 457
1532010 458
1532020 458
1532030 458
1532040 458
1532050 458
1532060 458
1532070 458
1532080 458
1532090 458
1532100 457
1532110 457
1532120 457
1532130 457
1532140 457
1532150 456
1532160 455
1532170 455
1532180 454
1532190 454
1532200 454
1532210 453
1532220 452
1532230 452
1532240 452
1532250 451
1532260 451
1532270 450
1532280 450
1532290 450
1532300 449
1532310 449
1532320 449
1532330 448
1532340 448
1532350 448
1532360 447
1532370 446
1532380 446
1532390 446
1532400 445
1532410 445
1532420 445
1532430 445
1532440 445
1532450 445
1532460 445
1532470 445
1532480 445
1532490 446
1532500 446
1532510 446
1532520 446
1532530 446
1532540 447
1532550 447
1532560 447
1532570 447
1532580 447
1532590 447
1532600 447
1532610 447
1532620 447
1532630 448
1532640 448
1532650 448
1532660 448
1532670 449
1532680 449
1532690 449
1532700 450
1532710 450
1532720 450
1532730 451
1532740 451
1532750 451
1532760 452
1532770 452
1532780 452
1532790 452
1532800 452
1532810 452
1532820 453
1532830 453
1532840 453
1532850 454
1532860 454
1532870 454
1532880 453
1532890 453
1532900 451
1532910 454
1532920 454
1532930 454
1532940 454
1532950 454
1532960 454
1532970 454
1532980 454
1532990 454
1533000 454
1533010 454
1533020 454
1533030 453
1533040 453
1533050 453
1533060 453
1533070 453
1533080 453
1533090 453
1533100 452
1533110 452
1533120 452
1533130 451
1533140 451
1533150 451
1533160 451
1533170 451
1533180 450
1533190 450
1533200 450
1533210 450
1533220 449
1533230 449
1533240 449
1533250 448
1533260 448
1533270 448
1533280 447
1533290 447
1533300 447
1533310 447
1533320 447
1533330 446
1533340 446
1533350 446
1533360 445
1533370 444
1533380 444
1533390 444
1533400 443
1533410 443
1533420 442
1533430 441
1533440 441
1533450 441
1533460 440
1533470 440
1533480 439
1533490 438
1533500 438
1533510 438
1533520 437
1533530 437
1533540 436
1533550 435
1533560 435
1533570 433
1533580 432
1533590 432
1533600 431
1533610 430
1533620 430
1533630 429
1533640 429
1533650 429
1533660 428
1533670 428
1533680 428
1533690 428
1533700 427
1533710 427
1533720 427
1533730 427
1533740 427
1533750 426
1533760 426
1533770 426
1533780 426
1533790 425
1533800 425
1533810 425
1533820 425
1533830 425
1533840 425
1533850 424
1533860 424
1533870 424
1533880 423
1533890 423
1533900 423
1533910 423
1533920 423
1533930 423
1533940 423
1533950 423
1533960 423
1533970 424
1533980 424
1533990 425
1534000 426
1534010 426
1534020 427
1534030 428
1534040 428
1534050 429
1534060 430
1534070 430
1534080 431
1534090 431
1534100 431
1534110 431
1534120 432
1534130 432
1534140 432
1534150 432
1534160 432
1534170 431
1534180 432
1534190 432
1534200 432
1534210 433
1534220 433
1534230 432
1534240 432
1534250 432
1534260 432
1534270 432
1534280 432
1534290 432
1534300 431
1534310 431
1534320 431
1534330 430
1534340 430
1534350 430
1534360 429
1534370 429
1534380 429
1534390 428
1534400 428
1534410 428
1534420 427
1534430 427
1534440 425
1534450 423
1534460 423
1534470 420
1534480 418
1534490 418
1534500 417
1534510 418
1534520 418
1534530 418
1534540 418
1534550 418
1534560 418
1534570 417
1534580 417
1534590 418
1534600 418
1534610 418
1534620 418
1534630 418
1534640 418
1534650 418
1534660 418
1534670 418
1534680 418
1534690 418
1534700 418
1534710 418
1534720 418
1534730 418
1534740 418
1534750 419
1534760 419
1534770 419
1534780 419
1534790 419
1534800 419
1534810 419
1534820 419
1534830 419
1534840 419
1534850 419
1534860 420
1534870 420
1534880 420
1534890 420
1534900 420
1534910 420
1534920 420
1534930 420
1534940 420
1534950 421
1534960 421
1534970 421
1534980 421
1534990 421
1535000 421
1535010 421
1535020 421
1535030 422
1535040 422
1535050 422
1535060 423
1535070 423
1535080 423
1535090 424
1535100 424
1535110 424
1535120 424
1535130 424
1535140 424
1535150 424
1535160 424
1535170 425
1535180 425
1535190 425
1535200 425
1535210 425
1535220 425
1535230 426
1535240 426
1535250 426
1535260 427
1535270 428
1535280 428
1535290 429
1535300 430
1535310 430
1535320 431
1535330 432
1535340 432
1535350 434
1535360 435
1535370 435
1535380 436
1535390 437
1535400 437
1535410 439
1535420 440
1535430 440
1535440 441
1535450 443
1535460 443
1535470 444
1535480 445
1535490 445
1535500 446
1535510 447
1535520 447
1535530 447
1535540 448
1535550 448
1535560 448
1535570 447
1535580 447
1535590 447
1535600 446
1535610 446
1535620 446
1535630 445
1535640 445
1535650 445
1535660 444
1535670 444
1535680 444
1535690 443
1535700 443
1535710 442
1535720 442
1535730 442
1535740 441
1535750 440
1535760 440
1535770 440
1535780 439
1535790 439
1535800 438
1535810 438
1535820 438
1535830 437
1535840 436
1535850 436
1535860 435
1535870 434
1535880 434
1535890 433
1535900 431
1535910 431
1535920 428
1535930 427
1535940 427
1535950 427
1535960 427
1535970 427
1535980 427
1535990 427
1536000 427
1536010 427
1536020 428
1536030 428
1536040 428
1536050 428
1536060 428
1536070 428
1536080 428
1536090 428
1536100 428
1536110 428
1536120 428
1536130 428
1536140 428
1536150 428
1536160 428
1536170 428
1536180 428
1536190 428
1536200 428
1536210 428
1536220 427
1536230 427
1536240 427
1536250 427
1536260 427
1536270 427
1536280 427
1536290 426
1536300 426
1536310 426
1536320 426
1536330 426
1536340 425
1536350 425
1536360 425
1536370 425
1536380 424
1536390 424
1536400 424
1536410 423
1536420 423
1536430 423
1536440 422
1536450 422
1536460 421
1536470 421
1536480 421
1536490 420
1536500 419
1536510 419
1536520 419
1536530 418
1536540 418
1536550 418
1536560 417
1536570 417
1536580 417
1536590 416
1536600 416
1536610 416
1536620 416
1536630 416
1536640 415
1536650 414
1536660 414
1536670 414
1536680 413
1536690 413
1536700 413
1536710 412
1536720 412
1536730 411
1536740 411
1536750 411
1536760 410
1536770 410
1536780 410
1536790 410
1536800 409
1536810 409
1536820 409
1536830 408
1536840 408
1536850 408
1536860 407
1536870 407
1536880 407
1536890 406
1536900 406
1536910 406
1536920 405
1536930 405
1536940 405
1536950 404
1536960 404
1536970 404
1536980 403
1536990 403
1537000 403
1537010 402
1537020 401
1537030 401
1537040 401
1537050 400
1537060 400
1537070 400
1537080 399
1537090 399
1537100 399
1537110 398
1537120 398
1537130 398
1537140 397
1537150 397
1537160 397
1537170 396
1537180 396
1537190 396
1537200 396
1537210 396
1537220 396
1537230 396
1537240 396
1537250 396
1537260 396
1537270 396
1537280 396
1537290 395
1537300 395
1537310 395
1537320 395
1537330 395
1537340 395
1537350 395
1537360 395
1537370 393
1537380 395
1537390 395
1537400 395
1537410 395
1537420 395
1537430 395
1537440 395
1537450 395
1537460 396
1537470 397
1537480 397
1537490 398
1537500 402
1537510 402
1537520 406
1537530 410
1537540 410
1537550 413
1537560 416
1537570 416
1537580 420
1537590 423
1537600 423
1537610 426
1537620 430
1537630 430
1537640 434
1537650 439
1537660 439
1537670 443
1537680 448
1537690 448
1537700 453
1537710 456
1537720 456
1537730 458
1537740 461
1537750 461
1537760 463
1537770 465
1537780 465
1537790 467
1537800 469
1537810 469
1537820 471
1537830 472
1537840 472
1537850 474
1537860 475
1537870 475
1537880 476
1537890 477
1537900 477
1537910 478
1537920 478
1537930 478
1537940 479
1537950 479
1537960 479
1537970 479
1537980 479
1537990 479
1538000 479
1538010 479
1538020 479
1538030 479
1538040 479
1538050 479
1538060 479
1538070 479
1538080 479
1538090 479
1538100 479
1538110 479
1538120 479
1538130 479
1538140 479
1538150 479
1538160 479
1538170 479
1538180 479
1538190 478
1538200 478
1538210 478
1538220 478
1538230 478
1538240 478
1538250 477
1538260 477
1538270 477
1538280 476
1538290 476
1538300 475
1538310 474
1538320 474
1538330 473
1538340 472
1538350 472
1538360 471
1538370 470
1538380 470
1538390 470
1538400 469
1538410 469
1538420 468
1538430 467
1538440 467
1538450 466
1538460 466
1538470 466
1538480 465
1538490 465
1538500 465
1538510 464
1538520 464
1538530 464
1538540 463
1538550 463
1538560 463
1538570 463
1538580 463
1538590 463
1538600 463
1538610 463
1538620 463
1538630 463
1538640 463
1538650 463
1538660 463
1538670 462
1538680 462
1538690 462
1538700 462
1538710 462
1538720 462
1538730 461
1538740 461
1538750 461
1538760 461
1538770 461
1538780 461
1538790 461
1538800 461
1538810 460
1538820 460
1538830 460
1538840 459
1538850 458
1538860 458
1538870 456
1538880 454
1538890 454
1538900 453
1538910 452
1538920 452
1538930 451
1538940 449
1538950 449
1538960 448
1538970 447
1538980 447
1538990 446
1539000 445
1539010 444
1539020 444
1539030 443
1539040 442
1539050 442
1539060 441
1539070 439
1539080 439
1539090 438
1539100 437
1539110 437
1539120 436
1539130 434
1539140 434
1539150 433
1539160 432
1539170 432
1539180 431
1539190 429
1539200 429
1539210 428
1539220 426
1539230 426
1539240 425
1539250 423
1539260 423
1539270 422
1539280 421
1539290 421
1539300 420
1539310 420
1539320 420
1539330 420
1539340 418
1539350 418
1539360 417
1539370 416
1539380 416
1539390 415
1539400 414
1539410 414
1539420 412
1539430 411
1539440 411
1539450 409
1539460 408
1539470 408
1539480 406
1539490 404
1539500 404
1539510 404
1539520 404
1539530 404
1539540 406
1539550 411
1539560 411
1539570 415
1539580 417
1539590 417
1539600 419
1539610 420
1539620 420
1539630 421
1539640 421
1539650 421
1539660 422
1539670 423
1539680 423
1539690 423
1539700 423
1539710 423
1539720 424
1539730 425
1539740 425
1539750 425
1539760 426
1539770 426
1539780 426
1539790 426
1539800 426
1539810 427
1539820 427
1539830 427
1539840 426
1539850 426
1539860 426
1539870 426
1539880 426
1539890 426
1539900 426
1539910 426
1539920 426
1539930 426
1539940 427
1539950 427
1539960 428
1539970 428
1539980 428
1539990 429
