1520000 507
1520010 507
1520020 508
1520030 508
1520040 508
1520050 508
1520060 508
1520070 508
1520080 508
1520090 508
1520100 508
1520110 508
1520120 508
1520130 508
1520140 507
1520150 506
1520160 506
1520170 506
1520180 505
1520190 505
1520200 506
1520210 506
1520220 506
1520230 506
1520240 507
1520250 507
1520260 507
1520270 507
1520280 507
1520290 507
1520300 507
1520310 507
1520320 507
1520330 508
1520340 508
1520350 507
1520360 507
1520370 507
1520380 507
1520390 507
1520400 507
1520410 507
1520420 507
1520430 507
1520440 507
1520450 507
1520460 507
1520470 507
1520480 507
1520490 507
1520500 507
1520510 507
1520520 507
1520530 507
1520540 507
1520550 507
1520560 507
1520570 506
1520580 506
1520590 506
1520600 506
1520610 506
1520620 506
1520630 505
1520640 505
1520650 504
1520660 504
1520670 504
1520680 503
1520690 503
1520700 503
1520710 502
1520720 502
1520730 502
1520740 502
1520750 502
1520760 502
1520770 501
1520780 501
1520790 501
1520800 501
1520810 501
1520820 501
1520830 501
1520840 500
1520850 500
1520860 500
1520870 500
1520880 500
1520890 499
1520900 499
1520910 499
1520920 498
1520930 497
1520940 497
1520950 497
1520960 496
1520970 496
1520980 496
1520990 496
1521000 496
1521010 495
1521020 495
1521030 495
1521040 495
1521050 495
1521060 495
1521070 495
1521080 495
1521090 495
1521100 495
1521110 494
1521120 494
1521130 494
1521140 494
1521150 494
1521160 494
1521170 494
1521180 494
1521190 494
1521200 494
1521210 494
1521220 493
1521230 493
1521240 493
1521250 492
1521260 492
1521270 492
1521280 491
1521290 491
1521300 491
1521310 491
1521320 490
1521330 490
1521340 490
1521350 489
1521360 489
1521370 489
1521380 489
1521390 489
1521400 489
1521410 489
1521420 489
1521430 489
1521440 489
1521450 489
1521460 489
1521470 489
1521480 489
1521490 488
1521500 488
1521510 488
1521520 488
1521530 488
1521540 488
1521550 487
1521560 487
1521570 487
1521580 486
1521590 486
1521600 486
1521610 486
1521620 486
1521630 486
1521640 485
1521650 485
1521660 485
1521670 485
1521680 484
1521690 484
1521700 484
1521710 484
1521720 484
1521730 483
1521740 483
1521750 483
1521760 483
1521770 483
1521780 483
1521790 483
1521800 483
1521810 483
1521820 483
1521830 482
1521840 482
1521850 482
1521860 482
1521870 482
1521880 482
1521890 482
1521900 482
1521910 482
1521920 481
1521930 481
1521940 481
1521950 481
1521960 481
1521970 480
1521980 480
1521990 480
1522000 480
1522010 479
1522020 479
1522030 479
1522040 478
1522050 478
1522060 478
1522070 477
1522080 477
1522090 477
1522100 476
1522110 476
1522120 476
1522130 476
1522140 476
1522150 476
1522160 476
1522170 476
1522180 476
1522190 475
1522200 475
1522210 475
1522220 474
1522230 474
1522240 474
1522250 474
1522260 474
1522270 474
1522280 474
1522290 474
1522300 474
1522310 474
1522320 474
1522330 474
1522340 474
1522350 474
1522360 474
1522370 474
1522380 474
1522390 474
1522400 473
1522410 473
1522420 473
1522430 472
1522440 472
1522450 472
1522460 472
1522470 472
1522480 472
1522490 472
1522500 472
1522510 472
1522520 471
1522530 471
1522540 471
1522550 471
1522560 471
1522570 471
1522580 471
1522590 471
1522600 471
1522610 471
1522620 471
1522630 471
1522640 471
1522650 471
1522660 471
1522670 471
1522680 471
1522690 471
1522700 471
1522710 471
1522720 471
1522730 471
1522740 471
1522750 471
1522760 471
1522770 471
1522780 471
1522790 470
1522800 470
1522810 470
1522820 470
1522830 470
1522840 470
1522850 470
1522860 470
1522870 470
1522880 470
1522890 470
1522900 470
1522910 470
1522920 470
1522930 470
1522940 470
1522950 470
1522960 470
1522970 470
1522980 470
1522990 470
1523000 470
1523010 469
1523020 469
1523030 469
1523040 468
1523050 468
1523060 468
1523070 469
1523080 469
1523090 469
1523100 469
1523110 469
1523120 469
1523130 469
1523140 469
1523150 469
1523160 469
1523170 469
1523180 469
1523190 469
1523200 469
1523210 469
1523220 469
1523230 469
1523240 469
1523250 469
1523260 469
1523270 469
1523280 468
1523290 468
1523300 467
1523310 467
1523320 467
1523330 467
1523340 467
1523350 467
1523360 468
1523370 468
1523380 468
1523390 468
1523400 467
1523410 467
1523420 466
1523430 465
1523440 465
1523450 466
1523460 465
1523470 465
1523480 464
1523490 464
1523500 464
1523510 463
1523520 462
1523530 462
1523540 461
1523550 460
1523560 460
1523570 459
1523580 459
1523590 459
1523600 458
1523610 457
1523620 457
1523630 457
1523640 456
1523650 456
1523660 456
1523670 456
1523680 456
1523690 455
1523700 454
1523710 454
1523720 453
1523730 452
1523740 452
1523750 451
1523760 451
1523770 451
1523780 450
1523790 449
1523800 449
1523810 450
1523820 450
1523830 450
1523840 450
1523850 451
1523860 451
1523870 451
1523880 451
1523890 451
1523900 451
1523910 452
1523920 452
1523930 452
1523940 452
1523950 452
1523960 453
1523970 454
1523980 454
1523990 454
1524000 454
1524010 454
1524020 455
1524030 455
1524040 455
1524050 455
1524060 456
1524070 456
1524080 456
1524090 456
1524100 456
1524110 456
1524120 456
1524130 456
1524140 456
1524150 456
1524160 456
1524170 457
1524180 457
1524190 457
1524200 457
1524210 457
1524220 457
1524230 457
1524240 458
1524250 458
1524260 458
1524270 458
1524280 458
1524290 458
1524300 458
1524310 458
1524320 457
1524330 457
1524340 457
1524350 457
1524360 457
1524370 457
1524380 459
1524390 460
1524400 460
1524410 460
1524420 461
1524430 461
1524440 462
1524450 462
1524460 462
1524470 462
1524480 462
1524490 462
1524500 462
1524510 462
1524520 462
1524530 462
1524540 462
1524550 462
1524560 462
1524570 462
1524580 462
1524590 462
1524600 462
1524610 462
1524620 462
1524630 462
1524640 462
1524650 462
1524660 462
1524670 462
1524680 462
1524690 462
1524700 462
1524710 462
1524720 462
1524730 462
1524740 462
1524750 462
1524760 462
1524770 462
1524780 462
1524790 462
1524800 461
1524810 461
1524820 461
1524830 461
1524840 461
1524850 461
1524860 460
1524870 460
1524880 460
1524890 460
1524900 460
1524910 460
1524920 460
1524930 460
1524940 460
1524950 460
1524960 460
1524970 460
1524980 460
1524990 460
1525000 460
1525010 460
1525020 460
1525030 460
1525040 460
1525050 460
1525060 460
1525070 460
1525080 460
1525090 460
1525100 460
1525110 459
1525120 459
1525130 459
1525140 459
1525150 459
1525160 459
1525170 459
1525180 459
1525190 459
1525200 459
1525210 459
1525220 459
1525230 459
1525240 459
1525250 459
1525260 459
1525270 459
1525280 458
1525290 458
1525300 458
1525310 458
1525320 458
1525330 458
1525340 458
1525350 458
1525360 458
1525370 458
1525380 457
1525390 457
1525400 457
1525410 457
1525420 457
1525430 457
1525440 457
1525450 457
1525460 457
1525470 457
1525480 457
1525490 457
1525500 457
1525510 456
1525520 456
1525530 456
1525540 456
1525550 456
1525560 456
1525570 456
1525580 456
1525590 456
1525600 456
1525610 456
1525620 455
1525630 455
1525640 455
1525650 455
1525660 455
1525670 455
1525680 454
1525690 454
1525700 454
1525710 455
1525720 455
1525730 455
1525740 455
1525750 454
1525760 454
1525770 454
1525780 453
1525790 453
1525800 453
1525810 452
1525820 452
1525830 452
1525840 452
1525850 452
1525860 452
1525870 451
1525880 451
1525890 451
1525900 451
1525910 451
1525920 451
1525930 452
1525940 452
1525950 452
1525960 452
1525970 452
1525980 452
1525990 452
1526000 452
1526010 452
1526020 453
1526030 453
1526040 453
1526050 453
1526060 453
1526070 453
1526080 453
1526090 453
1526100 453
1526110 453
1526120 453
1526130 452
1526140 452
1526150 452
1526160 452
1526170 452
1526180 452
1526190 452
1526200 453
1526210 453
1526220 453
1526230 453
1526240 453
1526250 453
1526260 453
1526270 453
1526280 453
1526290 453
1526300 453
1526310 453
1526320 453
1526330 453
1526340 453
1526350 453
1526360 453
1526370 454
1526380 453
1526390 453
1526400 454
1526410 453
1526420 453
1526430 453
1526440 454
1526450 454
1526460 454
1526470 453
1526480 453
1526490 453
1526500 453
1526510 453
1526520 453
1526530 453
1526540 453
1526550 453
1526560 453
1526570 453
1526580 453
1526590 453
1526600 453
1526610 452
1526620 452
1526630 452
1526640 451
1526650 450
1526660 450
1526670 450
1526680 449
1526690 449
1526700 448
1526710 447
1526720 447
1526730 446
1526740 445
1526750 445
1526760 444
1526770 443
1526780 443
1526790 441
1526800 441
1526810 441
1526820 441
1526830 441
1526840 441
1526850 442
1526860 442
1526870 442
1526880 442
1526890 442
1526900 442
1526910 442
1526920 443
1526930 443
1526940 444
1526950 445
1526960 445
1526970 446
1526980 447
1526990 447
1527000 448
1527010 449
1527020 449
1527030 449
1527040 450
1527050 450
1527060 450
1527070 451
1527080 451
1527090 451
1527100 451
1527110 451
1527120 452
1527130 452
1527140 452
1527150 453
1527160 453
1527170 453
1527180 453
1527190 452
1527200 452
1527210 452
1527220 451
1527230 451
1527240 451
1527250 451
1527260 451
1527270 450
1527280 450
1527290 450
1527300 450
1527310 449
1527320 449
1527330 449
1527340 448
1527350 448
1527360 448
1527370 447
1527380 447
1527390 447
1527400 447
1527410 447
1527420 447
1527430 448
1527440 448
1527450 448
1527460 448
1527470 448
1527480 449
1527490 450
1527500 450
1527510 450
1527520 451
1527530 451
1527540 452
1527550 452
1527560 452
1527570 453
1527580 454
1527590 454
1527600 454
1527610 455
1527620 455
1527630 456
1527640 456
1527650 456
1527660 456
1527670 457
1527680 457
1527690 457
1527700 457
1527710 457
1527720 457
1527730 456
1527740 456
1527750 456
1527760 456
1527770 456
1527780 455
1527790 455
1527800 455
1527810 455
1527820 455
1527830 455
1527840 454
1527850 454
1527860 454
1527870 454
1527880 454
1527890 454
1527900 454
1527910 454
1527920 454
1527930 454
1527940 454
1527950 454
1527960 454
1527970 455
1527980 455
1527990 455
1528000 455
1528010 455
1528020 455
1528030 456
1528040 455
1528050 455
1528060 455
1528070 454
1528080 454
1528090 454
1528100 453
1528110 453
1528120 453
1528130 452
1528140 452
1528150 452
1528160 453
1528170 453
1528180 453
1528190 453
1528200 453
1528210 454
1528220 455
1528230 455
1528240 455
1528250 455
1528260 455
1528270 454
1528280 454
1528290 454
1528300 455
1528310 455
1528320 455
1528330 454
1528340 453
1528350 453
1528360 452
1528370 451
1528380 451
1528390 450
1528400 449
1528410 449
1528420 448
1528430 446
1528440 446
1528450 445
1528460 445
1528470 445
1528480 444
1528490 443
1528500 443
1528510 442
1528520 442
1528530 442
1528540 441
1528550 441
1528560 441
1528570 440
1528580 440
1528590 440
1528600 439
1528610 439
1528620 439
1528630 438
1528640 438
1528650 438
1528660 436
1528670 435
1528680 435
1528690 435
1528700 435
1528710 435
1528720 434
1528730 434
1528740 434
1528750 434
1528760 433
1528770 433
1528780 433
1528790 432
1528800 432
1528810 432
1528820 431
1528830 431
1528840 430
1528850 429
1528860 429
1528870 428
1528880 428
1528890 428
1528900 429
1528910 429
1528920 429
1528930 429
1528940 430
1528950 430
1528960 430
1528970 430
1528980 430
1528990 431
1529000 431
1529010 431
1529020 433
1529030 435
1529040 435
1529050 436
1529060 437
1529070 437
1529080 437
1529090 437
1529100 437
1529110 438
1529120 438
1529130 438
1529140 438
1529150 438
1529160 438
1529170 439
1529180 439
1529190 439
1529200 440
1529210 440
1529220 440
1529230 441
1529240 443
1529250 443
1529260 444
1529270 445
1529280 445
1529290 445
1529300 446
1529310 446
1529320 446
1529330 446
1529340 446
1529350 446
1529360 447
1529370 447
1529380 447
1529390 447
1529400 447
1529410 447
1529420 448
1529430 448
1529440 448
1529450 448
1529460 448
1529470 448
1529480 449
1529490 449
1529500 449
1529510 449
1529520 449
1529530 449
1529540 450
1529550 450
1529560 450
1529570 450
1529580 450
1529590 450
1529600 450
1529610 450
1529620 451
1529630 452
1529640 452
1529650 453
1529660 454
1529670 454
1529680 454
1529690 455
1529700 455
1529710 455
1529720 455
1529730 455
1529740 456
1529750 456
1529760 456
1529770 456
1529780 456
1529790 456
1529800 456
1529810 456
1529820 456
1529830 456
1529840 457
1529850 457
1529860 456
1529870 456
1529880 456
1529890 456
1529900 455
1529910 455
1529920 454
1529930 453
1529940 453
1529950 453
1529960 451
1529970 451
1529980 450
1529990 450
1530000 450
1530010 449
1530020 448
1530030 448
1530040 448
1530050 447
1530060 447
1530070 446
1530080 445
1530090 445
1530100 445
1530110 444
1530120 444
1530130 443
1530140 442
1530150 442
1530160 441
1530170 441
1530180 441
1530190 440
1530200 439
1530210 439
1530220 438
1530230 437
1530240 437
1530250 436
1530260 435
1530270 435
1530280 434
1530290 433
1530300 433
1530310 432
1530320 431
1530330 431
1530340 429
1530350 427
1530360 427
1530370 427
1530380 428
1530390 428
1530400 431
1530410 432
1530420 432
1530430 433
1530440 434
1530450 434
1530460 435
1530470 436
1530480 436
1530490 437
1530500 437
1530510 437
1530520 438
1530530 438
1530540 438
1530550 440
1530560 441
1530570 441
1530580 442
1530590 443
1530600 443
1530610 444
1530620 445
1530630 445
1530640 446
1530650 446
1530660 446
1530670 447
1530680 447
1530690 447
1530700 447
1530710 446
1530720 446
1530730 446
1530740 446
1530750 445
1530760 445
1530770 444
1530780 444
1530790 444
1530800 444
1530810 444
1530820 444
1530830 445
1530840 446
1530850 446
1530860 447
1530870 447
1530880 447
1530890 447
1530900 447
1530910 447
1530920 447
1530930 447
1530940 447
1530950 447
1530960 446
1530970 446
1530980 446
1530990 445
1531000 445
1531010 444
1531020 443
1531030 443
1531040 442
1531050 441
1531060 441
1531070 440
1531080 439
1531090 439
1531100 437
1531110 436
1531120 436
1531130 435
1531140 433
1531150 433
1531160 432
1531170 430
1531180 430
1531190 429
1531200 427
1531210 427
1531220 426
1531230 424
1531240 424
1531250 423
1531260 422
1531270 422
1531280 420
1531290 418
1531300 418
1531310 417
1531320 415
1531330 415
1531340 414
1531350 413
1531360 413
1531370 412
1531380 411
1531390 411
1531400 409
1531410 408
1531420 408
1531430 405
1531440 404
1531450 404
1531460 405
1531470 408
1531480 408
1531490 413
1531500 416
1531510 416
1531520 418
1531530 420
1531540 420
1531550 420
1531560 420
1531570 420
1531580 419
1531590 418
1531600 418
1531610 418
1531620 417
1531630 417
1531640 416
1531650 415
1531660 415
1531670 414
1531680 413
1531690 413
1531700 413
1531710 412
1531720 413
1531730 412
1531740 411
1531750 411
1531760 411
1531770 410
1531780 410
1531790 410
1531800 409
1531810 409
1531820 408
1531830 408
1531840 408
1531850 407
1531860 406
1531870 406
1531880 406
1531890 405
1531900 405
1531910 405
1531920 405
1531930 405
1531940 404
1531950 404
1531960 404
1531970 404
1531980 403
1531990 403
1532000 403
1532010 402
1532020 402
1532030 402
1532040 402
1532050 402
1532060 401
1532070 401
1532080 401
1532090 400
1532100 400
1532110 400
1532120 399
1532130 399
1532140 399
1532150 398
1532160 398
1532170 398
1532180 398
1532190 397
1532200 397
1532210 397
1532220 397
1532230 397
1532240 397
1532250 396
1532260 396
1532270 396
1532280 396
1532290 396
1532300 395
1532310 394
1532320 394
1532330 394
1532340 393
1532350 393
1532360 392
1532370 392
1532380 392
1532390 392
1532400 391
1532410 391
1532420 392
1532430 391
1532440 391
1532450 391
1532460 391
1532470 391
1532480 391
1532490 391
1532500 391
1532510 391
1532520 391
1532530 391
1532540 391
1532550 391
1532560 391
1532570 391
1532580 391
1532590 391
1532600 392
1532610 393
1532620 393
1532630 396
1532640 400
1532650 400
1532660 401
1532670 403
1532680 403
1532690 404
1532700 405
1532710 405
1532720 405
1532730 405
1532740 405
1532750 404
1532760 406
1532770 406
1532780 408
1532790 409
1532800 409
1532810 410
1532820 410
1532830 410
1532840 410
1532850 409
1532860 409
1532870 409
1532880 410
1532890 410
1532900 410
1532910 411
1532920 411
1532930 411
1532940 411
1532950 411
1532960 411
1532970 411
1532980 411
1532990 411
1533000 412
1533010 412
1533020 412
1533030 411
1533040 411
1533050 411
1533060 412
1533070 412
1533080 412
1533090 412
1533100 412
1533110 412
1533120 412
1533130 412
1533140 412
1533150 412
1533160 412
1533170 412
1533180 412
1533190 412
1533200 412
1533210 411
1533220 411
1533230 411
1533240 411
1533250 411
1533260 411
1533270 412
1533280 412
1533290 412
1533300 412
1533310 412
1533320 412
1533330 412
1533340 412
1533350 412
1533360 412
1533370 412
1533380 412
1533390 413
1533400 413
1533410 413
1533420 413
1533430 413
1533440 413
1533450 413
1533460 413
1533470 413
1533480 413
1533490 413
1533500 413
1533510 413
1533520 413
1533530 413
1533540 413
1533550 413
1533560 413
1533570 413
1533580 413
1533590 413
1533600 413
1533610 413
1533620 413
1533630 413
1533640 413
1533650 413
1533660 413
1533670 413
1533680 413
1533690 413
1533700 413
1533710 413
1533720 413
1533730 413
1533740 413
1533750 413
1533760 413
1533770 413
1533780 413
1533790 413
1533800 413
1533810 413
1533820 412
1533830 412
1533840 412
1533850 412
1533860 412
1533870 412
1533880 412
1533890 412
1533900 412
1533910 412
1533920 412
1533930 412
1533940 412
1533950 412
1533960 412
1533970 412
1533980 412
1533990 412
1534000 411
1534010 411
1534020 411
1534030 411
1534040 411
1534050 411
1534060 411
1534070 411
1534080 411
1534090 411
1534100 411
1534110 410
1534120 410
1534130 410
1534140 410
1534150 410
1534160 410
1534170 409
1534180 409
1534190 409
1534200 409
1534210 409
1534220 409
1534230 408
1534240 408
1534250 408
1534260 408
1534270 408
1534280 408
1534290 408
1534300 408
1534310 408
1534320 407
1534330 407
1534340 407
1534350 407
1534360 407
1534370 407
1534380 407
1534390 408
1534400 408
1534410 408
1534420 408
1534430 408
1534440 408
1534450 408
1534460 408
1534470 408
1534480 408
1534490 408
1534500 408
1534510 407
1534520 407
1534530 407
1534540 407
1534550 407
1534560 407
1534570 407
1534580 407
1534590 407
1534600 407
1534610 407
1534620 407
1534630 407
1534640 407
1534650 406
1534660 406
1534670 406
1534680 406
1534690 406
1534700 406
1534710 406
1534720 405
1534730 405
1534740 405
1534750 405
1534760 405
1534770 404
1534780 404
1534790 404
1534800 403
1534810 403
1534820 403
1534830 402
1534840 401
1534850 401
1534860 400
1534870 400
1534880 400
1534890 399
1534900 398
1534910 398
1534920 397
1534930 396
1534940 396
1534950 396
1534960 395
1534970 395
1534980 395
1534990 394
1535000 394
1535010 394
1535020 393
1535030 393
1535040 393
1535050 393
1535060 393
1535070 392
1535080 391
1535090 391
1535100 391
1535110 390
1535120 390
1535130 390
1535140 389
1535150 389
1535160 388
1535170 388
1535180 388
1535190 387
1535200 386
1535210 386
1535220 386
1535230 385
1535240 385
1535250 385
1535260 384
1535270 384
1535280 384
1535290 384
1535300 384
1535310 384
1535320 384
1535330 384
1535340 384
1535350 384
1535360 384
1535370 385
1535380 385
1535390 385
1535400 386
1535410 386
1535420 386
1535430 386
1535440 387
1535450 387
1535460 387
1535470 388
1535480 388
1535490 388
1535500 389
1535510 389
1535520 390
1535530 391
1535540 391
1535550 393
1535560 394
1535570 394
1535580 395
1535590 396
1535600 396
1535610 396
1535620 396
1535630 396
1535640 398
1535650 400
1535660 400
1535670 402
1535680 405
1535690 405
1535700 406
1535710 407
1535720 407
1535730 407
1535740 406
1535750 406
1535760 406
1535770 405
1535780 405
1535790 403
1535800 400
1535810 400
1535820 400
1535830 404
1535840 404
1535850 406
1535860 406
1535870 406
1535880 407
1535890 406
1535900 406
1535910 405
1535920 403
1535930 403
1535940 403
1535950 406
1535960 406
1535970 406
1535980 406
1535990 406
1536000 406
1536010 405
1536020 403
1536030 403
1536040 402
1536050 399
1536060 399
1536070 396
1536080 396
1536090 396
1536100 399
1536110 402
1536120 402
1536130 404
1536140 406
1536150 406
1536160 407
1536170 407
1536180 407
1536190 407
1536200 407
1536210 407
1536220 407
1536230 407
1536240 407
1536250 408
1536260 408
1536270 408
1536280 408
1536290 408
1536300 408
1536310 408
1536320 408
1536330 408
1536340 408
1536350 408
1536360 408
1536370 408
1536380 408
1536390 408
1536400 408
1536410 408
1536420 408
1536430 408
1536440 408
1536450 408
1536460 407
1536470 407
1536480 407
1536490 407
1536500 407
1536510 407
1536520 407
1536530 407
1536540 407
1536550 407
1536560 407
1536570 407
1536580 407
1536590 407
1536600 407
1536610 407
1536620 407
1536630 407
1536640 406
1536650 406
1536660 406
1536670 406
1536680 406
1536690 406
1536700 406
1536710 406
1536720 406
1536730 406
1536740 405
1536750 405
1536760 405
1536770 405
1536780 405
1536790 405
1536800 404
1536810 404
1536820 404
1536830 404
1536840 404
1536850 404
1536860 403
1536870 403
1536880 403
1536890 403
1536900 403
1536910 402
1536920 402
1536930 402
1536940 402
1536950 402
1536960 402
1536970 401
1536980 400
1536990 400
1537000 399
1537010 398
1537020 398
1537030 396
1537040 395
1537050 395
1537060 394
1537070 393
1537080 393
1537090 391
1537100 389
1537110 389
1537120 388
1537130 387
1537140 387
1537150 387
1537160 386
1537170 386
1537180 385
1537190 384
1537200 384
1537210 383
1537220 382
1537230 382
1537240 382
1537250 381
1537260 381
1537270 380
1537280 379
1537290 379
1537300 378
1537310 376
1537320 376
1537330 376
1537340 375
1537350 375
1537360 375
1537370 374
1537380 374
1537390 373
1537400 373
1537410 373
1537420 372
1537430 372
1537440 372
1537450 372
1537460 372
1537470 372
1537480 373
1537490 373
1537500 373
1537510 372
1537520 372
1537530 372
1537540 372
1537550 372
1537560 372
1537570 372
1537580 372
1537590 372
1537600 371
1537610 371
1537620 371
1537630 371
1537640 371
1537650 371
1537660 371
1537670 370
1537680 370
1537690 370
1537700 371
1537710 371
1537720 371
1537730 371
1537740 371
1537750 372
1537760 372
1537770 372
1537780 372
1537790 372
1537800 372
1537810 373
1537820 373
1537830 373
1537840 373
1537850 373
1537860 373
1537870 373
1537880 374
1537890 374
1537900 374
1537910 374
1537920 374
1537930 375
1537940 375
1537950 375
1537960 376
1537970 376
1537980 376
1537990 377
1538000 378
1538010 378
1538020 379
1538030 380
1538040 380
1538050 381
1538060 382
1538070 382
1538080 383
1538090 384
1538100 384
1538110 385
1538120 385
1538130 385
1538140 386
1538150 386
1538160 386
1538170 387
1538180 388
1538190 388
1538200 388
1538210 389
1538220 389
1538230 389
1538240 389
1538250 389
1538260 389
1538270 390
1538280 390
1538290 390
1538300 390
1538310 390
1538320 389
1538330 388
1538340 388
1538350 386
1538360 383
1538370 383
1538380 384
1538390 385
1538400 385
1538410 387
1538420 389
1538430 389
1538440 391
1538450 392
1538460 392
1538470 393
1538480 394
1538490 394
1538500 394
1538510 395
1538520 395
1538530 395
1538540 395
1538550 395
1538560 395
1538570 395
1538580 395
1538590 395
1538600 395
1538610 395
1538620 395
1538630 395
1538640 395
1538650 395
1538660 395
1538670 395
1538680 395
1538690 395
1538700 395
1538710 395
1538720 394
1538730 394
1538740 394
1538750 394
1538760 394
1538770 394
1538780 394
1538790 394
1538800 394
1538810 394
1538820 394
1538830 394
1538840 394
1538850 394
1538860 394
1538870 393
1538880 393
1538890 393
1538900 393
1538910 393
1538920 393
1538930 393
1538940 393
1538950 393
1538960 393
1538970 392
1538980 392
1538990 392
1539000 392
1539010 392
1539020 391
1539030 391
1539040 391
1539050 390
1539060 389
1539070 389
1539080 388
1539090 387
1539100 387
1539110 386
1539120 385
1539130 385
1539140 384
1539150 383
1539160 383
1539170 382
1539180 382
1539190 382
1539200 382
1539210 383
1539220 383
1539230 384
1539240 386
1539250 386
1539260 387
1539270 389
1539280 389
1539290 390
1539300 390
1539310 390
1539320 391
1539330 391
1539340 391
1539350 391
1539360 390
1539370 390
1539380 390
1539390 390
1539400 390
1539410 390
1539420 390
1539430 390
1539440 391
1539450 391
1539460 391
1539470 391
1539480 391
1539490 391
1539500 390
1539510 390
1539520 390
1539530 390
1539540 390
1539550 390
1539560 390
1539570 390
1539580 390
1539590 390
1539600 390
1539610 390
1539620 390
1539630 390
1539640 390
1539650 390
1539660 390
1539670 390
1539680 389
1539690 389
1539700 389
1539710 389
1539720 389
1539730 389
1539740 389
1539750 389
1539760 389
1539770 389
1539780 389
1539790 389
1539800 389
1539810 389
1539820 389
1539830 389
1539840 389
1539850 389
1539860 389
1539870 389
1539880 389
1539890 389
1539900 389
1539910 389
1539920 389
1539930 389
1539940 389
1539950 389
1539960 389
1539970 389
1539980 389
1539990 389
