1520000 496
1520010 496
1520020 496
1520030 496
1520040 496
1520050 496
1520060 496
1520070 496
1520080 496
1520090 496
1520100 496
1520110 496
1520120 496
1520130 496
1520140 496
1520150 496
1520160 496
1520170 496
1520180 496
1520190 496
1520200 495
1520210 495
1520220 495
1520230 495
1520240 495
1520250 495
1520260 495
1520270 495
1520280 495
1520290 495
1520300 495
1520310 495
1520320 496
1520330 496
1520340 496
1520350 496
1520360 496
1520370 496
1520380 496
1520390 496
1520400 496
1520410 497
1520420 497
1520430 497
1520440 497
1520450 497
1520460 497
1520470 497
1520480 497
1520490 497
1520500 497
1520510 496
1520520 496
1520530 496
1520540 496
1520550 496
1520560 496
1520570 496
1520580 496
1520590 496
1520600 495
1520610 495
1520620 494
1520630 494
1520640 494
1520650 494
1520660 492
1520670 492
1520680 491
1520690 490
1520700 490
1520710 490
1520720 490
1520730 490
1520740 489
1520750 488
1520760 488
1520770 487
1520780 487
1520790 487
1520800 487
1520810 487
1520820 487
1520830 487
1520840 487
1520850 487
1520860 488
1520870 488
1520880 488
1520890 488
1520900 488
1520910 488
1520920 488
1520930 488
1520940 488
1520950 489
1520960 489
1520970 489
1520980 489
1520990 489
1521000 489
1521010 489
1521020 489
1521030 489
1521040 489
1521050 489
1521060 489
1521070 489
1521080 488
1521090 488
1521100 488
1521110 489
1521120 489
1521130 489
1521140 489
1521150 489
1521160 489
1521170 489
1521180 489
1521190 489
1521200 489
1521210 489
1521220 489
1521230 489
1521240 489
1521250 489
1521260 488
1521270 488
1521280 488
1521290 487
1521300 487
1521310 487
1521320 487
1521330 487
1521340 487
1521350 486
1521360 486
1521370 486
1521380 485
1521390 485
1521400 485
1521410 484
1521420 484
1521430 484
1521440 484
1521450 484
1521460 484
1521470 484
1521480 484
1521490 483
1521500 483
1521510 483
1521520 483
1521530 483
1521540 483
1521550 483
1521560 482
1521570 482
1521580 482
1521590 482
1521600 482
1521610 481
1521620 481
1521630 481
1521640 481
1521650 481
1521660 481
1521670 481
1521680 480
1521690 480
1521700 480
1521710 479
1521720 479
1521730 479
1521740 479
1521750 479
1521760 478
1521770 478
1521780 478
1521790 478
1521800 478
1521810 478
1521820 478
1521830 478
1521840 478
1521850 477
1521860 477
1521870 477
1521880 477
1521890 476
1521900 476
1521910 476
1521920 476
1521930 476
1521940 476
1521950 476
1521960 476
1521970 476
1521980 476
1521990 476
1522000 476
1522010 476
1522020 476
1522030 475
1522040 475
1522050 475
1522060 475
1522070 474
1522080 474
1522090 474
1522100 474
1522110 474
1522120 474
1522130 473
1522140 473
1522150 473
1522160 473
1522170 473
1522180 473
1522190 473
1522200 473
1522210 473
1522220 473
1522230 473
1522240 472
1522250 472
1522260 472
1522270 472
1522280 471
1522290 471
1522300 471
1522310 470
1522320 470
1522330 470
1522340 469
1522350 469
1522360 468
1522370 468
1522380 468
1522390 467
1522400 467
1522410 467
1522420 467
1522430 467
1522440 466
1522450 466
1522460 466
1522470 466
1522480 466
1522490 466
1522500 466
1522510 466
1522520 466
1522530 467
1522540 467
1522550 468
1522560 468
1522570 468
1522580 468
1522590 467
1522600 467
1522610 467
1522620 466
1522630 466
1522640 465
1522650 465
1522660 465
1522670 465
1522680 465
1522690 465
1522700 464
1522710 464
1522720 464
1522730 464
1522740 464
1522750 464
1522760 464
1522770 464
1522780 464
1522790 464
1522800 464
1522810 464
1522820 464
1522830 463
1522840 463
1522850 462
1522860 462
1522870 462
1522880 462
1522890 462
1522900 462
1522910 460
1522920 459
1522930 459
1522940 459
1522950 459
1522960 459
1522970 458
1522980 457
1522990 457
1523000 457
1523010 457
1523020 457
1523030 457
1523040 459
1523050 459
1523060 459
1523070 458
1523080 458
1523090 457
1523100 456
1523110 456
1523120 456
1523130 458
1523140 458
1523150 459
1523160 459
1523170 459
1523180 459
1523190 458
1523200 458
1523210 458
1523220 457
1523230 457
1523240 457
1523250 458
1523260 458
1523270 457
1523280 455
1523290 455
1523300 455
1523310 456
1523320 456
1523330 456
1523340 455
1523350 455
1523360 455
1523370 455
1523380 455
1523390 455
1523400 454
1523410 454
1523420 454
1523430 454
1523440 454
1523450 453
1523460 453
1523470 453
1523480 453
1523490 454
1523500 454
1523510 453
1523520 453
1523530 453
1523540 453
1523550 452
1523560 452
1523570 453
1523580 453
1523590 453
1523600 452
1523610 452
1523620 452
1523630 451
1523640 451
1523650 451
1523660 451
1523670 451
1523680 451
1523690 451
1523700 451
1523710 451
1523720 451
1523730 450
1523740 450
1523750 450
1523760 451
1523770 451
1523780 451
1523790 452
1523800 452
1523810 452
1523820 452
1523830 452
1523840 452
1523850 452
1523860 452
1523870 452
1523880 452
1523890 452
1523900 452
1523910 453
1523920 453
1523930 454
1523940 454
1523950 454
1523960 455
1523970 456
1523980 456
1523990 457
1524000 458
1524010 458
1524020 458
1524030 459
1524040 459
1524050 460
1524060 460
1524070 460
1524080 460
1524090 460
1524100 460
1524110 459
1524120 458
1524130 458
1524140 459
1524150 459
1524160 459
1524170 459
1524180 459
1524190 459
1524200 459
1524210 458
1524220 458
1524230 458
1524240 458
1524250 458
1524260 458
1524270 458
1524280 458
1524290 459
1524300 458
1524310 458
1524320 458
1524330 459
1524340 459
1524350 459
1524360 462
1524370 462
1524380 464
1524390 465
1524400 465
1524410 465
1524420 464
1524430 464
1524440 465
1524450 465
1524460 465
1524470 465
1524480 464
1524490 464
1524500 463
1524510 463
1524520 463
1524530 464
1524540 464
1524550 464
1524560 464
1524570 464
1524580 464
1524590 464
1524600 465
1524610 465
1524620 465
1524630 464
1524640 464
1524650 464
1524660 464
1524670 464
1524680 464
1524690 464
1524700 464
1524710 463
1524720 462
1524730 462
1524740 462
1524750 462
1524760 462
1524770 462
1524780 462
1524790 462
1524800 462
1524810 461
1524820 461
1524830 461
1524840 461
1524850 461
1524860 461
1524870 460
1524880 460
1524890 459
1524900 458
1524910 458
1524920 458
1524930 458
1524940 458
1524950 458
1524960 458
1524970 458
1524980 458
1524990 458
1525000 459
1525010 459
1525020 459
1525030 459
1525040 459
1525050 459
1525060 459
1525070 459
1525080 459
1525090 459
1525100 459
1525110 459
1525120 460
1525130 460
1525140 460
1525150 460
1525160 460
1525170 460
1525180 460
1525190 460
1525200 460
1525210 460
1525220 460
1525230 460
1525240 459
1525250 459
1525260 459
1525270 458
1525280 458
1525290 457
1525300 457
1525310 457
1525320 457
1525330 457
1525340 457
1525350 456
1525360 456
1525370 456
1525380 457
1525390 457
1525400 457
1525410 456
1525420 455
1525430 455
1525440 455
1525450 455
1525460 455
1525470 455
1525480 455
1525490 455
1525500 455
1525510 455
1525520 455
1525530 455
1525540 454
1525550 454
1525560 453
1525570 453
1525580 453
1525590 453
1525600 452
1525610 452
1525620 452
1525630 451
1525640 451
1525650 451
1525660 452
1525670 452
1525680 452
1525690 452
1525700 452
1525710 452
1525720 452
1525730 452
1525740 452
1525750 453
1525760 453
1525770 453
1525780 453
1525790 453
1525800 453
1525810 454
1525820 454
1525830 455
1525840 455
1525850 455
1525860 456
1525870 456
1525880 456
1525890 457
1525900 457
1525910 457
1525920 458
1525930 458
1525940 458
1525950 458
1525960 458
1525970 458
1525980 459
1525990 459
1526000 459
1526010 459
1526020 459
1526030 459
1526040 459
1526050 459
1526060 459
1526070 459
1526080 459
1526090 459
1526100 460
1526110 460
1526120 460
1526130 460
1526140 459
1526150 459
1526160 459
1526170 459
1526180 459
1526190 460
1526200 460
1526210 460
1526220 460
1526230 460
1526240 460
1526250 460
1526260 460
1526270 460
1526280 460
1526290 460
1526300 460
1526310 459
1526320 459
1526330 459
1526340 459
1526350 459
1526360 459
1526370 459
1526380 458
1526390 458
1526400 458
1526410 458
1526420 458
1526430 458
1526440 458
1526450 458
1526460 457
1526470 457
1526480 457
1526490 457
1526500 456
1526510 456
1526520 456
1526530 455
1526540 455
1526550 455
1526560 455
1526570 455
1526580 454
1526590 454
1526600 454
1526610 453
1526620 453
1526630 453
1526640 452
1526650 451
1526660 451
1526670 449
1526680 447
1526690 447
1526700 446
1526710 445
1526720 445
1526730 444
1526740 443
1526750 443
1526760 442
1526770 441
1526780 441
1526790 440
1526800 439
1526810 439
1526820 438
1526830 437
1526840 437
1526850 436
1526860 436
1526870 436
1526880 435
1526890 434
1526900 434
1526910 434
1526920 433
1526930 433
1526940 433
1526950 433
1526960 433
1526970 433
1526980 433
1526990 433
1527000 433
1527010 433
1527020 433
1527030 433
1527040 434
1527050 434
1527060 434
1527070 435
1527080 435
1527090 436
1527100 436
1527110 436
1527120 437
1527130 438
1527140 438
1527150 440
1527160 441
1527170 441
1527180 442
1527190 443
1527200 443
1527210 444
1527220 445
1527230 445
1527240 446
1527250 447
1527260 447
1527270 448
1527280 448
1527290 448
1527300 449
1527310 449
1527320 449
1527330 449
1527340 449
1527350 449
1527360 449
1527370 449
1527380 449
1527390 449
1527400 449
1527410 449
1527420 449
1527430 449
1527440 449
1527450 449
1527460 449
1527470 449
1527480 450
1527490 450
1527500 450
1527510 450
1527520 450
1527530 450
1527540 450
1527550 451
1527560 451
1527570 451
1527580 451
1527590 451
1527600 451
1527610 451
1527620 452
1527630 452
1527640 452
1527650 452
1527660 452
1527670 452
1527680 453
1527690 453
1527700 453
1527710 453
1527720 453
1527730 453
1527740 454
1527750 454
1527760 454
1527770 454
1527780 454
1527790 454
1527800 454
1527810 454
1527820 455
1527830 455
1527840 455
1527850 455
1527860 455
1527870 455
1527880 455
1527890 455
1527900 455
1527910 455
1527920 456
1527930 456
1527940 456
1527950 456
1527960 456
1527970 457
1527980 457
1527990 457
1528000 458
1528010 458
1528020 458
1528030 459
1528040 459
1528050 459
1528060 460
1528070 460
1528080 460
1528090 460
1528100 459
1528110 459
1528120 459
1528130 459
1528140 459
1528150 458
1528160 458
1528170 458
1528180 457
1528190 456
1528200 456
1528210 456
1528220 455
1528230 455
1528240 454
1528250 453
1528260 453
1528270 452
1528280 450
1528290 450
1528300 447
1528310 445
1528320 445
1528330 443
1528340 440
1528350 440
1528360 439
1528370 438
1528380 438
1528390 438
1528400 437
1528410 437
1528420 436
1528430 436
1528440 436
1528450 435
1528460 435
1528470 435
1528480 434
1528490 434
1528500 434
1528510 433
1528520 433
1528530 433
1528540 433
1528550 433
1528560 433
1528570 433
1528580 432
1528590 432
1528600 431
1528610 431
1528620 431
1528630 431
1528640 431
1528650 431
1528660 431
1528670 431
1528680 431
1528690 430
1528700 430
1528710 430
1528720 430
1528730 430
1528740 430
1528750 430
1528760 430
1528770 430
1528780 429
1528790 429
1528800 429
1528810 428
1528820 428
1528830 428
1528840 428
1528850 428
1528860 428
1528870 427
1528880 425
1528890 425
1528900 425
1528910 426
1528920 426
1528930 428
1528940 430
1528950 430
1528960 432
1528970 433
1528980 433
1528990 435
1529000 437
1529010 437
1529020 438
1529030 439
1529040 439
1529050 440
1529060 441
1529070 441
1529080 442
1529090 443
1529100 443
1529110 443
1529120 443
1529130 443
1529140 443
1529150 443
1529160 443
1529170 444
1529180 445
1529190 445
1529200 445
1529210 446
1529220 446
1529230 447
1529240 448
1529250 448
1529260 448
1529270 449
1529280 449
1529290 449
1529300 450
1529310 450
1529320 450
1529330 451
1529340 451
1529350 451
1529360 452
1529370 452
1529380 452
1529390 452
1529400 452
1529410 452
1529420 452
1529430 452
1529440 452
1529450 452
1529460 452
1529470 451
1529480 451
1529490 451
1529500 451
1529510 451
1529520 451
1529530 450
1529540 450
1529550 450
1529560 450
1529570 450
1529580 450
1529590 450
1529600 450
1529610 450
1529620 450
1529630 450
1529640 450
1529650 451
1529660 451
1529670 451
1529680 452
1529690 453
1529700 453
1529710 454
1529720 455
1529730 455
1529740 456
1529750 458
1529760 458
1529770 458
1529780 459
1529790 459
1529800 459
1529810 460
1529820 460
1529830 460
1529840 461
1529850 461
1529860 462
1529870 463
1529880 463
1529890 464
1529900 464
1529910 464
1529920 464
1529930 464
1529940 464
1529950 464
1529960 464
1529970 464
1529980 463
1529990 463
1530000 463
1530010 463
1530020 462
1530030 462
1530040 462
1530050 461
1530060 461
1530070 460
1530080 459
1530090 459
1530100 458
1530110 458
1530120 458
1530130 457
1530140 456
1530150 456
1530160 455
1530170 454
1530180 454
1530190 453
1530200 452
1530210 452
1530220 451
1530230 450
1530240 450
1530250 449
1530260 448
1530270 447
1530280 447
1530290 446
1530300 444
1530310 444
1530320 443
1530330 442
1530340 442
1530350 440
1530360 439
1530370 439
1530380 437
1530390 436
1530400 436
1530410 434
1530420 432
1530430 432
1530440 430
1530450 429
1530460 429
1530470 428
1530480 427
1530490 427
1530500 425
1530510 423
1530520 423
1530530 422
1530540 421
1530550 421
1530560 422
1530570 423
1530580 423
1530590 425
1530600 425
1530610 425
1530620 426
1530630 426
1530640 426
1530650 427
1530660 428
1530670 428
1530680 429
1530690 429
1530700 429
1530710 430
1530720 431
1530730 431
1530740 431
1530750 431
1530760 431
1530770 429
1530780 427
1530790 427
1530800 427
1530810 428
1530820 428
1530830 430
1530840 432
1530850 432
1530860 434
1530870 435
1530880 435
1530890 436
1530900 437
1530910 437
1530920 437
1530930 437
1530940 437
1530950 437
1530960 437
1530970 437
1530980 437
1530990 437
1531000 437
1531010 437
1531020 436
1531030 436
1531040 436
1531050 435
1531060 435
1531070 435
1531080 434
1531090 434
1531100 434
1531110 433
1531120 433
1531130 433
1531140 432
1531150 432
1531160 431
1531170 430
1531180 430
1531190 429
1531200 428
1531210 428
1531220 427
1531230 426
1531240 426
1531250 425
1531260 424
1531270 424
1531280 423
1531290 422
1531300 422
1531310 420
1531320 419
1531330 419
1531340 418
1531350 417
1531360 417
1531370 415
1531380 414
1531390 414
1531400 413
1531410 411
1531420 411
1531430 410
1531440 409
1531450 409
1531460 407
1531470 406
1531480 406
1531490 404
1531500 403
1531510 403
1531520 402
1531530 401
1531540 401
1531550 402
1531560 403
1531570 403
1531580 404
1531590 405
1531600 405
1531610 405
1531620 405
1531630 405
1531640 405
1531650 405
1531660 405
1531670 405
1531680 405
1531690 406
1531700 406
1531710 405
1531720 405
1531730 405
1531740 405
1531750 405
1531760 404
1531770 404
1531780 404
1531790 404
1531800 404
1531810 404
1531820 403
1531830 403
1531840 403
1531850 403
1531860 402
1531870 402
1531880 402
1531890 402
1531900 402
1531910 401
1531920 401
1531930 401
1531940 400
1531950 400
1531960 400
1531970 398
1531980 398
1531990 398
1532000 397
1532010 397
1532020 397
1532030 397
1532040 396
1532050 396
1532060 395
1532070 394
1532080 394
1532090 393
1532100 393
1532110 393
1532120 393
1532130 392
1532140 392
1532150 393
1532160 393
1532170 393
1532180 393
1532190 393
1532200 393
1532210 392
1532220 392
1532230 392
1532240 393
1532250 393
1532260 393
1532270 393
1532280 394
1532290 394
1532300 397
1532310 399
1532320 399
1532330 400
1532340 400
1532350 400
1532360 402
1532370 406
1532380 406
1532390 409
1532400 411
1532410 411
1532420 414
1532430 416
1532440 416
1532450 417
1532460 418
1532470 418
1532480 418
1532490 418
1532500 418
1532510 417
1532520 418
1532530 418
1532540 418
1532550 418
1532560 418
1532570 419
1532580 419
1532590 419
1532600 419
1532610 419
1532620 419
1532630 419
1532640 419
1532650 419
1532660 419
1532670 418
1532680 418
1532690 418
1532700 418
1532710 418
1532720 418
1532730 418
1532740 418
1532750 418
1532760 418
1532770 418
1532780 418
1532790 418
1532800 418
1532810 418
1532820 418
1532830 418
1532840 418
1532850 418
1532860 418
1532870 418
1532880 418
1532890 418
1532900 418
1532910 417
1532920 417
1532930 417
1532940 417
1532950 417
1532960 417
1532970 417
1532980 417
1532990 417
1533000 417
1533010 417
1533020 417
1533030 417
1533040 417
1533050 417
1533060 417
1533070 417
1533080 417
1533090 417
1533100 417
1533110 417
1533120 416
1533130 416
1533140 416
1533150 416
1533160 416
1533170 416
1533180 416
1533190 416
1533200 416
1533210 416
1533220 416
1533230 416
1533240 416
1533250 416
1533260 416
1533270 416
1533280 416
1533290 416
1533300 416
1533310 416
1533320 416
1533330 415
1533340 415
1533350 415
1533360 415
1533370 415
1533380 415
1533390 415
1533400 415
1533410 415
1533420 415
1533430 415
1533440 415
1533450 415
1533460 415
1533470 415
1533480 415
1533490 414
1533500 414
1533510 414
1533520 414
1533530 414
1533540 414
1533550 414
1533560 414
1533570 414
1533580 414
1533590 414
1533600 414
1533610 414
1533620 414
1533630 414
1533640 414
1533650 414
1533660 414
1533670 414
1533680 414
1533690 413
1533700 413
1533710 413
1533720 413
1533730 413
1533740 413
1533750 413
1533760 413
1533770 413
1533780 413
1533790 413
1533800 413
1533810 413
1533820 413
1533830 413
1533840 413
1533850 413
1533860 413
1533870 413
1533880 412
1533890 412
1533900 412
1533910 412
1533920 412
1533930 412
1533940 412
1533950 412
1533960 412
1533970 412
1533980 412
1533990 412
1534000 411
1534010 411
1534020 411
1534030 411
1534040 411
1534050 411
1534060 411
1534070 411
1534080 411
1534090 411
1534100 411
1534110 410
1534120 410
1534130 410
1534140 410
1534150 410
1534160 410
1534170 409
1534180 409
1534190 409
1534200 409
1534210 409
1534220 409
1534230 408
1534240 408
1534250 408
1534260 408
1534270 408
1534280 408
1534290 407
1534300 407
1534310 407
1534320 407
1534330 406
1534340 406
1534350 406
1534360 404
1534370 404
1534380 403
1534390 402
1534400 402
1534410 400
1534420 399
1534430 399
1534440 398
1534450 398
1534460 398
1534470 398
1534480 398
1534490 398
1534500 399
1534510 400
1534520 400
1534530 401
1534540 402
1534550 402
1534560 402
1534570 403
1534580 403
1534590 403
1534600 403
1534610 403
1534620 403
1534630 402
1534640 402
1534650 402
1534660 401
1534670 401
1534680 400
1534690 400
1534700 400
1534710 399
1534720 399
1534730 399
1534740 398
1534750 397
1534760 397
1534770 397
1534780 396
1534790 396
1534800 396
1534810 395
1534820 395
1534830 394
1534840 393
1534850 393
1534860 392
1534870 391
1534880 391
1534890 390
1534900 390
1534910 390
1534920 389
1534930 389
1534940 389
1534950 388
1534960 388
1534970 388
1534980 388
1534990 388
1535000 388
1535010 387
1535020 387
1535030 387
1535040 386
1535050 386
1535060 386
1535070 386
1535080 386
1535090 386
1535100 386
1535110 386
1535120 386
1535130 386
1535140 387
1535150 387
1535160 390
1535170 391
1535180 391
1535190 392
1535200 393
1535210 393
1535220 394
1535230 395
1535240 395
1535250 396
1535260 397
1535270 397
1535280 397
1535290 398
1535300 398
1535310 399
1535320 399
1535330 399
1535340 400
1535350 401
1535360 401
1535370 402
1535380 402
1535390 402
1535400 402
1535410 402
1535420 402
1535430 402
1535440 402
1535450 402
1535460 402
1535470 400
1535480 397
1535490 397
1535500 395
1535510 394
1535520 394
1535530 396
1535540 397
1535550 397
1535560 398
1535570 400
1535580 400
1535590 402
1535600 405
1535610 405
1535620 407
1535630 409
1535640 409
1535650 409
1535660 409
1535670 409
1535680 410
1535690 410
1535700 410
1535710 410
1535720 410
1535730 410
1535740 410
1535750 410
1535760 410
1535770 410
1535780 410
1535790 410
1535800 410
1535810 410
1535820 410
1535830 410
1535840 410
1535850 410
1535860 410
1535870 410
1535880 410
1535890 410
1535900 410
1535910 410
1535920 410
1535930 409
1535940 409
1535950 409
1535960 409
1535970 409
1535980 409
1535990 409
1536000 409
1536010 409
1536020 409
1536030 409
1536040 409
1536050 408
1536060 408
1536070 408
1536080 407
1536090 407
1536100 407
1536110 407
1536120 407
1536130 407
1536140 407
1536150 407
1536160 407
1536170 408
1536180 408
1536190 408
1536200 408
1536210 408
1536220 408
1536230 408
1536240 408
1536250 409
1536260 409
1536270 409
1536280 409
1536290 409
1536300 409
1536310 409
1536320 409
1536330 409
1536340 408
1536350 408
1536360 408
1536370 408
1536380 408
1536390 408
1536400 408
1536410 408
1536420 408
1536430 408
1536440 408
1536450 408
1536460 408
1536470 407
1536480 407
1536490 407
1536500 407
1536510 407
1536520 407
1536530 407
1536540 407
1536550 407
1536560 406
1536570 406
1536580 406
1536590 406
1536600 406
1536610 406
1536620 405
1536630 405
1536640 405
1536650 405
1536660 405
1536670 404
1536680 404
1536690 404
1536700 404
1536710 403
1536720 403
1536730 403
1536740 403
1536750 403
1536760 402
1536770 402
1536780 402
1536790 401
1536800 401
1536810 401
1536820 400
1536830 399
1536840 399
1536850 398
1536860 397
1536870 397
1536880 395
1536890 394
1536900 394
1536910 395
1536920 394
1536930 394
1536940 394
1536950 393
1536960 393
1536970 392
1536980 391
1536990 391
1537000 389
1537010 388
1537020 388
1537030 386
1537040 385
1537050 385
1537060 383
1537070 383
1537080 383
1537090 382
1537100 381
1537110 381
1537120 380
1537130 378
1537140 378
1537150 377
1537160 376
1537170 376
1537180 376
1537190 375
1537200 375
1537210 375
1537220 375
1537230 375
1537240 375
1537250 375
1537260 375
1537270 374
1537280 374
1537290 374
1537300 374
1537310 373
1537320 373
1537330 373
1537340 373
1537350 373
1537360 373
1537370 373
1537380 373
1537390 373
1537400 373
1537410 373
1537420 373
1537430 373
1537440 373
1537450 372
1537460 372
1537470 372
1537480 372
1537490 372
1537500 372
1537510 372
1537520 371
1537530 371
1537540 371
1537550 371
1537560 371
1537570 372
1537580 373
1537590 373
1537600 375
1537610 376
1537620 376
1537630 377
1537640 377
1537650 377
1537660 377
1537670 378
1537680 378
1537690 378
1537700 379
1537710 379
1537720 379
1537730 380
1537740 380
1537750 380
1537760 380
1537770 380
1537780 380
1537790 379
1537800 379
1537810 378
1537820 377
1537830 377
1537840 377
1537850 378
1537860 378
1537870 380
1537880 381
1537890 381
1537900 383
1537910 385
1537920 385
1537930 388
1537940 391
1537950 391
1537960 393
1537970 395
1537980 395
1537990 396
1538000 396
1538010 396
1538020 397
1538030 397
1538040 397
1538050 397
1538060 398
1538070 398
1538080 398
1538090 398
1538100 399
1538110 399
1538120 399
1538130 399
1538140 399
1538150 399
1538160 399
1538170 399
1538180 399
1538190 399
1538200 399
1538210 399
1538220 399
1538230 399
1538240 399
1538250 399
1538260 399
1538270 399
1538280 399
1538290 399
1538300 398
1538310 398
1538320 398
1538330 397
1538340 397
1538350 397
1538360 396
1538370 394
1538380 394
1538390 391
1538400 389
1538410 389
1538420 390
1538430 392
1538440 392
1538450 394
1538460 395
1538470 395
1538480 396
1538490 397
1538500 397
1538510 397
1538520 397
1538530 397
1538540 398
1538550 398
1538560 398
1538570 398
1538580 398
1538590 398
1538600 398
1538610 398
1538620 398
1538630 398
1538640 398
1538650 398
1538660 398
1538670 397
1538680 397
1538690 397
1538700 397
1538710 397
1538720 397
1538730 397
1538740 397
1538750 397
1538760 397
1538770 397
1538780 397
1538790 397
1538800 397
1538810 397
1538820 397
1538830 397
1538840 397
1538850 396
1538860 396
1538870 396
1538880 396
1538890 396
1538900 396
1538910 396
1538920 396
1538930 395
1538940 395
1538950 395
1538960 394
1538970 393
1538980 393
1538990 392
1539000 392
1539010 392
1539020 392
1539030 392
1539040 392
1539050 393
1539060 394
1539070 394
1539080 394
1539090 395
1539100 395
1539110 395
1539120 395
1539130 395
1539140 395
1539150 395
1539160 395
1539170 394
1539180 394
1539190 394
1539200 392
1539210 391
1539220 391
1539230 390
1539240 389
1539250 389
1539260 387
1539270 386
1539280 386
1539290 385
1539300 386
1539310 386
1539320 388
1539330 390
1539340 390
1539350 392
1539360 394
1539370 394
1539380 395
1539390 396
1539400 396
1539410 397
1539420 398
1539430 398
1539440 398
1539450 399
1539460 399
1539470 399
1539480 399
1539490 399
1539500 400
1539510 400
1539520 400
1539530 400
1539540 400
1539550 400
1539560 400
1539570 401
1539580 401
1539590 401
1539600 401
1539610 401
1539620 401
1539630 401
1539640 401
1539650 401
1539660 402
1539670 402
1539680 402
1539690 402
1539700 402
1539710 402
1539720 402
1539730 402
1539740 402
1539750 402
1539760 402
1539770 402
1539780 402
1539790 402
1539800 402
1539810 402
1539820 402
1539830 402
1539840 402
1539850 402
1539860 402
1539870 402
1539880 402
1539890 402
1539900 402
1539910 402
1539920 402
1539930 402
1539940 402
1539950 402
1539960 402
1539970 402
1539980 402
1539990 402
