1520000 507
1520010 507
1520020 507
1520030 507
1520040 507
1520050 507
1520060 507
1520070 506
1520080 506
1520090 506
1520100 506
1520110 506
1520120 506
1520130 506
1520140 506
1520150 506
1520160 506
1520170 505
1520180 505
1520190 505
1520200 505
1520210 505
1520220 504
1520230 504
1520240 504
1520250 504
1520260 504
1520270 504
1520280 503
1520290 503
1520300 503
1520310 502
1520320 502
1520330 502
1520340 501
1520350 500
1520360 500
1520370 500
1520380 499
1520390 499
1520400 499
1520410 498
1520420 498
1520430 497
1520440 497
1520450 497
1520460 496
1520470 496
1520480 496
1520490 495
1520500 495
1520510 495
1520520 494
1520530 493
1520540 493
1520550 493
1520560 491
1520570 491
1520580 491
1520590 491
1520600 491
1520610 491
1520620 490
1520630 490
1520640 490
1520650 490
1520660 490
1520670 489
1520680 489
1520690 489
1520700 489
1520710 489
1520720 489
1520730 488
1520740 488
1520750 488
1520760 487
1520770 487
1520780 487
1520790 487
1520800 487
1520810 487
1520820 487
1520830 487
1520840 487
1520850 487
1520860 487
1520870 487
1520880 487
1520890 487
1520900 487
1520910 487
1520920 487
1520930 487
1520940 488
1520950 488
1520960 488
1520970 488
1520980 488
1520990 488
1521000 489
1521010 489
1521020 489
1521030 490
1521040 491
1521050 491
1521060 491
1521070 491
1521080 491
1521090 492
1521100 492
1521110 492
1521120 492
1521130 493
1521140 493
1521150 493
1521160 493
1521170 493
1521180 494
1521190 494
1521200 494
1521210 494
1521220 495
1521230 495
1521240 495
1521250 495
1521260 495
1521270 495
1521280 495
1521290 495
1521300 495
1521310 495
1521320 495
1521330 495
1521340 495
1521350 495
1521360 495
1521370 495
1521380 495
1521390 495
1521400 494
1521410 494
1521420 494
1521430 493
1521440 493
1521450 494
1521460 494
1521470 494
1521480 494
1521490 494
1521500 494
1521510 494
1521520 494
1521530 494
1521540 494
1521550 494
1521560 494
1521570 494
1521580 494
1521590 494
1521600 494
1521610 493
1521620 493
1521630 493
1521640 493
1521650 493
1521660 493
1521670 493
1521680 493
1521690 492
1521700 492
1521710 492
1521720 492
1521730 492
1521740 492
1521750 492
1521760 491
1521770 491
1521780 491
1521790 491
1521800 491
1521810 491
1521820 490
1521830 490
1521840 490
1521850 490
1521860 490
1521870 490
1521880 489
1521890 489
1521900 489
1521910 489
1521920 489
1521930 489
1521940 488
1521950 488
1521960 488
1521970 488
1521980 488
1521990 488
1522000 488
1522010 488
1522020 487
1522030 487
1522040 487
1522050 487
1522060 487
1522070 487
1522080 487
1522090 487
1522100 487
1522110 486
1522120 486
1522130 486
1522140 486
1522150 486
1522160 486
1522170 486
1522180 486
1522190 486
1522200 486
1522210 486
1522220 486
1522230 486
1522240 486
1522250 486
1522260 486
1522270 486
1522280 486
1522290 486
1522300 486
1522310 486
1522320 486
1522330 486
1522340 486
1522350 486
1522360 486
1522370 486
1522380 486
1522390 487
1522400 487
1522410 487
1522420 487
1522430 487
1522440 487
1522450 487
1522460 487
1522470 487
1522480 487
1522490 487
1522500 487
1522510 487
1522520 487
1522530 487
1522540 488
1522550 488
1522560 488
1522570 488
1522580 488
1522590 488
1522600 488
1522610 488
1522620 489
1522630 489
1522640 489
1522650 489
1522660 489
1522670 489
1522680 490
1522690 490
1522700 490
1522710 490
1522720 490
1522730 490
1522740 490
1522750 491
1522760 491
1522770 491
1522780 491
1522790 491
1522800 491
1522810 491
1522820 491
1522830 491
1522840 491
1522850 491
1522860 491
1522870 491
1522880 491
1522890 491
1522900 491
1522910 491
1522920 491
1522930 491
1522940 490
1522950 490
1522960 490
1522970 490
1522980 490
1522990 489
1523000 489
1523010 489
1523020 489
1523030 489
1523040 489
1523050 489
1523060 489
1523070 489
1523080 488
1523090 488
1523100 488
1523110 488
1523120 488
1523130 488
1523140 489
1523150 489
1523160 489
1523170 489
1523180 489
1523190 489
1523200 489
1523210 489
1523220 489
1523230 488
1523240 488
1523250 488
1523260 488
1523270 488
1523280 488
1523290 488
1523300 487
1523310 487
1523320 487
1523330 487
1523340 487
1523350 486
1523360 486
1523370 486
1523380 485
1523390 484
1523400 484
1523410 484
1523420 483
1523430 483
1523440 483
1523450 483
1523460 483
1523470 483
1523480 483
1523490 483
1523500 482
1523510 482
1523520 482
1523530 482
1523540 481
1523550 481
1523560 481
1523570 480
1523580 480
1523590 479
1523600 479
1523610 479
1523620 478
1523630 477
1523640 477
1523650 477
1523660 476
1523670 476
1523680 475
1523690 474
1523700 474
1523710 473
1523720 472
1523730 472
1523740 471
1523750 470
1523760 470
1523770 468
1523780 467
1523790 467
1523800 466
1523810 465
1523820 465
1523830 464
1523840 464
1523850 464
1523860 463
1523870 463
1523880 463
1523890 462
1523900 462
1523910 462
1523920 462
1523930 462
1523940 462
1523950 462
1523960 462
1523970 462
1523980 462
1523990 462
1524000 463
1524010 463
1524020 462
1524030 462
1524040 461
1524050 459
1524060 459
1524070 458
1524080 456
1524090 456
1524100 455
1524110 453
1524120 453
1524130 452
1524140 451
1524150 451
1524160 451
1524170 450
1524180 450
1524190 449
1524200 449
1524210 449
1524220 448
1524230 448
1524240 448
1524250 447
1524260 447
1524270 447
1524280 447
1524290 446
1524300 446
1524310 445
1524320 445
1524330 445
1524340 444
1524350 444
1524360 444
1524370 443
1524380 443
1524390 443
1524400 444
1524410 445
1524420 445
1524430 448
1524440 452
1524450 452
1524460 452
1524470 451
1524480 451
1524490 451
1524500 451
1524510 451
1524520 451
1524530 448
1524540 448
1524550 444
1524560 442
1524570 442
1524580 442
1524590 442
1524600 442
1524610 443
1524620 444
1524630 444
1524640 444
1524650 444
1524660 444
1524670 444
1524680 444
1524690 444
1524700 444
1524710 444
1524720 444
1524730 444
1524740 444
1524750 444
1524760 444
1524770 444
1524780 444
1524790 444
1524800 445
1524810 445
1524820 445
1524830 445
1524840 445
1524850 445
1524860 445
1524870 445
1524880 445
1524890 445
1524900 445
1524910 445
1524920 445
1524930 445
1524940 446
1524950 446
1524960 446
1524970 446
1524980 447
1524990 447
1525000 447
1525010 447
1525020 447
1525030 447
1525040 447
1525050 447
1525060 447
1525070 447
1525080 447
1525090 447
1525100 447
1525110 447
1525120 447
1525130 447
1525140 447
1525150 447
1525160 447
1525170 447
1525180 447
1525190 447
1525200 447
1525210 447
1525220 447
1525230 447
1525240 447
1525250 447
1525260 447
1525270 447
1525280 447
1525290 447
1525300 447
1525310 448
1525320 448
1525330 448
1525340 449
1525350 449
1525360 449
1525370 450
1525380 450
1525390 450
1525400 451
1525410 451
1525420 452
1525430 453
1525440 453
1525450 454
1525460 455
1525470 455
1525480 457
1525490 459
1525500 459
1525510 460
1525520 462
1525530 462
1525540 463
1525550 465
1525560 465
1525570 466
1525580 467
1525590 467
1525600 467
1525610 468
1525620 470
1525630 470
1525640 472
1525650 473
1525660 473
1525670 473
1525680 474
1525690 474
1525700 475
1525710 475
1525720 475
1525730 476
1525740 477
1525750 477
1525760 477
1525770 478
1525780 478
1525790 477
1525800 475
1525810 475
1525820 474
1525830 474
1525840 474
1525850 473
1525860 474
1525870 474
1525880 474
1525890 474
1525900 474
1525910 474
1525920 474
1525930 474
1525940 473
1525950 473
1525960 473
1525970 473
1525980 474
1525990 474
1526000 475
1526010 475
1526020 475
1526030 475
1526040 473
1526050 473
1526060 472
1526070 471
1526080 471
1526090 470
1526100 469
1526110 469
1526120 468
1526130 467
1526140 467
1526150 466
1526160 465
1526170 465
1526180 464
1526190 464
1526200 464
1526210 463
1526220 462
1526230 462
1526240 462
1526250 461
1526260 461
1526270 461
1526280 460
1526290 460
1526300 459
1526310 458
1526320 458
1526330 458
1526340 457
1526350 457
1526360 457
1526370 457
1526380 457
1526390 456
1526400 456
1526410 456
1526420 455
1526430 455
1526440 455
1526450 455
1526460 455
1526470 455
1526480 455
1526490 454
1526500 454
1526510 454
1526520 453
1526530 453
1526540 453
1526550 452
1526560 452
1526570 452
1526580 451
1526590 451
1526600 450
1526610 450
1526620 450
1526630 450
1526640 450
1526650 450
1526660 450
1526670 450
1526680 450
1526690 449
1526700 448
1526710 448
1526720 448
1526730 448
1526740 448
1526750 447
1526760 447
1526770 447
1526780 446
1526790 445
1526800 445
1526810 445
1526820 445
1526830 445
1526840 445
1526850 445
1526860 445
1526870 445
1526880 444
1526890 444
1526900 445
1526910 444
1526920 444
1526930 444
1526940 444
1526950 444
1526960 443
1526970 443
1526980 443
1526990 442
1527000 442
1527010 442
1527020 442
1527030 442
1527040 442
1527050 441
1527060 441
1527070 441
1527080 441
1527090 440
1527100 440
1527110 440
1527120 440
1527130 440
1527140 440
1527150 439
1527160 440
1527170 439
1527180 439
1527190 439
1527200 439
1527210 439
1527220 439
1527230 439
1527240 439
1527250 439
1527260 439
1527270 438
1527280 438
1527290 438
1527300 438
1527310 438
1527320 438
1527330 438
1527340 438
1527350 438
1527360 438
1527370 438
1527380 438
1527390 438
1527400 438
1527410 437
1527420 437
1527430 437
1527440 437
1527450 437
1527460 437
1527470 437
1527480 437
1527490 437
1527500 438
1527510 438
1527520 438
1527530 438
1527540 438
1527550 438
1527560 437
1527570 437
1527580 437
1527590 437
1527600 437
1527610 437
1527620 437
1527630 437
1527640 437
1527650 437
1527660 436
1527670 436
1527680 436
1527690 436
1527700 436
1527710 435
1527720 435
1527730 435
1527740 435
1527750 435
1527760 435
1527770 435
1527780 435
1527790 435
1527800 435
1527810 435
1527820 435
1527830 435
1527840 435
1527850 435
1527860 435
1527870 435
1527880 435
1527890 435
1527900 435
1527910 435
1527920 435
1527930 434
1527940 434
1527950 434
1527960 434
1527970 434
1527980 434
1527990 434
1528000 434
1528010 434
1528020 434
1528030 434
1528040 433
1528050 433
1528060 433
1528070 433
1528080 433
1528090 433
1528100 433
1528110 433
1528120 433
1528130 433
1528140 433
1528150 433
1528160 433
1528170 433
1528180 433
1528190 433
1528200 433
1528210 433
1528220 434
1528230 434
1528240 434
1528250 434
1528260 434
1528270 434
1528280 434
1528290 435
1528300 435
1528310 435
1528320 435
1528330 435
1528340 435
1528350 435
1528360 435
1528370 435
1528380 435
1528390 435
1528400 435
1528410 435
1528420 435
1528430 436
1528440 436
1528450 436
1528460 436
1528470 436
1528480 437
1528490 437
1528500 437
1528510 437
1528520 437
1528530 438
1528540 438
1528550 438
1528560 438
1528570 439
1528580 439
1528590 439
1528600 439
1528610 439
1528620 439
1528630 439
1528640 439
1528650 440
1528660 440
1528670 440
1528680 440
1528690 440
1528700 440
1528710 441
1528720 441
1528730 441
1528740 441
1528750 442
1528760 442
1528770 442
1528780 442
1528790 442
1528800 442
1528810 443
1528820 443
1528830 443
1528840 443
1528850 443
1528860 444
1528870 444
1528880 444
1528890 444
1528900 444
1528910 444
1528920 445
1528930 445
1528940 445
1528950 445
1528960 445
1528970 445
1528980 445
1528990 445
1529000 445
1529010 445
1529020 444
1529030 444
1529040 444
1529050 444
1529060 444
1529070 443
1529080 443
1529090 443
1529100 442
1529110 441
1529120 441
1529130 440
1529140 439
1529150 439
1529160 439
1529170 438
1529180 438
1529190 437
1529200 437
1529210 437
1529220 436
1529230 436
1529240 436
1529250 436
1529260 436
1529270 436
1529280 435
1529290 435
1529300 435
1529310 434
1529320 434
1529330 434
1529340 434
1529350 435
1529360 435
1529370 436
1529380 437
1529390 437
1529400 438
1529410 438
1529420 438
1529430 438
1529440 438
1529450 438
1529460 438
1529470 438
1529480 438
1529490 439
1529500 439
1529510 439
1529520 438
1529530 439
1529540 439
1529550 439
1529560 439
1529570 439
1529580 439
1529590 440
1529600 440
1529610 440
1529620 441
1529630 441
1529640 441
1529650 442
1529660 442
1529670 443
1529680 443
1529690 443
1529700 444
1529710 445
1529720 445
1529730 446
1529740 447
1529750 447
1529760 448
1529770 450
1529780 450
1529790 451
1529800 451
1529810 451
1529820 452
1529830 453
1529840 453
1529850 454
1529860 455
1529870 455
1529880 456
1529890 457
1529900 457
1529910 459
1529920 460
1529930 460
1529940 461
1529950 462
1529960 462
1529970 463
1529980 465
1529990 465
1530000 466
1530010 467
1530020 467
1530030 467
1530040 468
1530050 468
1530060 469
1530070 470
1530080 470
1530090 471
1530100 471
1530110 471
1530120 471
1530130 472
1530140 472
1530150 472
1530160 472
1530170 472
1530180 473
1530190 473
1530200 473
1530210 473
1530220 473
1530230 473
1530240 473
1530250 472
1530260 472
1530270 472
1530280 471
1530290 471
1530300 470
1530310 469
1530320 469
1530330 468
1530340 466
1530350 466
1530360 465
1530370 464
1530380 464
1530390 463
1530400 462
1530410 462
1530420 462
1530430 461
1530440 461
1530450 461
1530460 461
1530470 461
1530480 461
1530490 462
1530500 462
1530510 462
1530520 463
1530530 463
1530540 463
1530550 464
1530560 464
1530570 464
1530580 464
1530590 464
1530600 464
1530610 465
1530620 465
1530630 466
1530640 467
1530650 467
1530660 467
1530670 468
1530680 468
1530690 469
1530700 470
1530710 470
1530720 470
1530730 471
1530740 471
1530750 472
1530760 472
1530770 472
1530780 473
1530790 473
1530800 473
1530810 474
1530820 473
1530830 473
1530840 473
1530850 473
1530860 473
1530870 472
1530880 471
1530890 471
1530900 470
1530910 469
1530920 469
1530930 467
1530940 466
1530950 466
1530960 464
1530970 462
1530980 462
1530990 460
1531000 458
1531010 458
1531020 456
1531030 454
1531040 454
1531050 452
1531060 450
1531070 450
1531080 448
1531090 445
1531100 445
1531110 442
1531120 440
1531130 440
1531140 438
1531150 436
1531160 436
1531170 435
1531180 434
1531190 434
1531200 433
1531210 432
1531220 432
1531230 431
1531240 431
1531250 431
1531260 431
1531270 430
1531280 430
1531290 430
1531300 429
1531310 429
1531320 429
1531330 429
1531340 428
1531350 428
1531360 428
1531370 428
1531380 428
1531390 428
1531400 427
1531410 427
1531420 427
1531430 427
1531440 427
1531450 427
1531460 427
1531470 427
1531480 427
1531490 427
1531500 427
1531510 427
1531520 427
1531530 427
1531540 427
1531550 428
1531560 428
1531570 429
1531580 429
1531590 429
1531600 429
1531610 429
1531620 429
1531630 430
1531640 430
1531650 430
1531660 430
1531670 431
1531680 431
1531690 431
1531700 431
1531710 431
1531720 431
1531730 430
1531740 430
1531750 429
1531760 427
1531770 427
1531780 427
1531790 432
1531800 432
1531810 435
1531820 435
1531830 435
1531840 436
1531850 436
1531860 436
1531870 437
1531880 438
1531890 438
1531900 438
1531910 439
1531920 439
1531930 439
1531940 440
1531950 440
1531960 441
1531970 441
1531980 441
1531990 442
1532000 442
1532010 442
1532020 443
1532030 443
1532040 443
1532050 443
1532060 443
1532070 443
1532080 444
1532090 444
1532100 444
1532110 444
1532120 445
1532130 445
1532140 445
1532150 445
1532160 445
1532170 445
1532180 445
1532190 445
1532200 445
1532210 445
1532220 445
1532230 444
1532240 444
1532250 444
1532260 444
1532270 444
1532280 444
1532290 444
1532300 444
1532310 444
1532320 444
1532330 444
1532340 444
1532350 444
1532360 444
1532370 444
1532380 444
1532390 443
1532400 443
1532410 443
1532420 442
1532430 442
1532440 442
1532450 441
1532460 441
1532470 441
1532480 440
1532490 440
1532500 439
1532510 439
1532520 439
1532530 438
1532540 437
1532550 437
1532560 436
1532570 436
1532580 436
1532590 435
1532600 434
1532610 434
1532620 434
1532630 433
1532640 433
1532650 432
1532660 432
1532670 432
1532680 432
1532690 432
1532700 432
1532710 432
1532720 431
1532730 431
1532740 431
1532750 431
1532760 431
1532770 430
1532780 430
1532790 430
1532800 430
1532810 429
1532820 429
1532830 429
1532840 428
1532850 428
1532860 428
1532870 427
1532880 427
1532890 426
1532900 426
1532910 426
1532920 425
1532930 424
1532940 424
1532950 424
1532960 423
1532970 423
1532980 423
1532990 422
1533000 422
1533010 421
1533020 421
1533030 421
1533040 420
1533050 419
1533060 419
1533070 419
1533080 418
1533090 418
1533100 417
1533110 416
1533120 416
1533130 415
1533140 413
1533150 413
1533160 412
1533170 411
1533180 411
1533190 410
1533200 409
1533210 409
1533220 408
1533230 407
1533240 407
1533250 406
1533260 405
1533270 405
1533280 404
1533290 403
1533300 403
1533310 403
1533320 402
1533330 402
1533340 400
1533350 399
1533360 399
1533370 398
1533380 398
1533390 398
1533400 397
1533410 397
1533420 397
1533430 397
1533440 397
1533450 397
1533460 396
1533470 396
1533480 396
1533490 397
1533500 397
1533510 397
1533520 397
1533530 397
1533540 397
1533550 398
1533560 398
1533570 398
1533580 399
1533590 399
1533600 399
1533610 400
1533620 400
1533630 400
1533640 400
1533650 400
1533660 400
1533670 401
1533680 401
1533690 401
1533700 401
1533710 401
1533720 401
1533730 401
1533740 401
1533750 401
1533760 401
1533770 401
1533780 401
1533790 402
1533800 402
1533810 402
1533820 402
1533830 402
1533840 402
1533850 402
1533860 402
1533870 402
1533880 403
1533890 404
1533900 404
1533910 404
1533920 404
1533930 404
1533940 404
1533950 404
1533960 404
1533970 404
1533980 404
1533990 404
1534000 404
1534010 404
1534020 404
1534030 403
1534040 403
1534050 403
1534060 403
1534070 402
1534080 402
1534090 402
1534100 401
1534110 401
1534120 400
1534130 399
1534140 398
1534150 398
1534160 398
1534170 398
1534180 398
1534190 398
1534200 398
1534210 398
1534220 398
1534230 397
1534240 397
1534250 396
1534260 395
1534270 395
1534280 394
1534290 394
1534300 394
1534310 393
1534320 393
1534330 393
1534340 392
1534350 392
1534360 392
1534370 392
1534380 392
1534390 392
1534400 392
1534410 392
1534420 392
1534430 392
1534440 392
1534450 392
1534460 391
1534470 391
1534480 391
1534490 391
1534500 390
1534510 390
1534520 390
1534530 390
1534540 390
1534550 390
1534560 390
1534570 390
1534580 390
1534590 390
1534600 390
1534610 390
1534620 391
1534630 391
1534640 391
1534650 392
1534660 392
1534670 393
1534680 393
1534690 393
1534700 393
1534710 394
1534720 394
1534730 394
1534740 394
1534750 394
1534760 394
1534770 393
1534780 393
1534790 393
1534800 393
1534810 393
1534820 393
1534830 393
1534840 393
1534850 393
1534860 392
1534870 392
1534880 392
1534890 391
1534900 391
1534910 391
1534920 391
1534930 391
1534940 391
1534950 391
1534960 391
1534970 392
1534980 392
1534990 392
1535000 392
1535010 393
1535020 393
1535030 393
1535040 393
1535050 393
1535060 394
1535070 394
1535080 394
1535090 394
1535100 395
1535110 395
1535120 395
1535130 396
1535140 396
1535150 396
1535160 396
1535170 396
1535180 396
1535190 396
1535200 396
1535210 396
1535220 397
1535230 397
1535240 397
1535250 397
1535260 397
1535270 397
1535280 397
1535290 397
1535300 398
1535310 398
1535320 398
1535330 398
1535340 398
1535350 398
1535360 398
1535370 398
1535380 398
1535390 397
1535400 397
1535410 397
1535420 397
1535430 397
1535440 397
1535450 397
1535460 397
1535470 397
1535480 396
1535490 396
1535500 396
1535510 396
1535520 395
1535530 395
1535540 394
1535550 393
1535560 393
1535570 391
1535580 391
1535590 391
1535600 390
1535610 389
1535620 389
1535630 390
1535640 391
1535650 391
1535660 391
1535670 391
1535680 391
1535690 389
1535700 385
1535710 385
1535720 384
1535730 383
1535740 383
1535750 383
1535760 382
1535770 382
1535780 382
1535790 381
1535800 381
1535810 381
1535820 381
1535830 381
1535840 381
1535850 380
1535860 380
1535870 379
1535880 378
1535890 378
1535900 378
1535910 378
1535920 378
1535930 378
1535940 378
1535950 378
1535960 378
1535970 378
1535980 378
1535990 378
1536000 378
1536010 378
1536020 378
1536030 378
1536040 378
1536050 379
1536060 379
1536070 379
1536080 380
1536090 380
1536100 380
1536110 381
1536120 381
1536130 381
1536140 381
1536150 381
1536160 381
1536170 382
1536180 380
1536190 380
1536200 380
1536210 380
1536220 380
1536230 380
1536240 380
1536250 380
1536260 380
1536270 381
1536280 381
1536290 381
1536300 383
1536310 383
1536320 387
1536330 390
1536340 390
1536350 390
1536360 391
1536370 391
1536380 391
1536390 392
1536400 392
1536410 392
1536420 393
1536430 393
1536440 393
1536450 392
1536460 392
1536470 391
1536480 389
1536490 389
1536500 387
1536510 384
1536520 384
1536530 380
1536540 379
1536550 379
1536560 379
1536570 379
1536580 379
1536590 379
1536600 379
1536610 379
1536620 380
1536630 383
1536640 383
1536650 386
1536660 389
1536670 389
1536680 391
1536690 394
1536700 394
1536710 396
1536720 397
1536730 397
1536740 398
1536750 399
1536760 399
1536770 400
1536780 401
1536790 401
1536800 401
1536810 401
1536820 401
1536830 402
1536840 402
1536850 402
1536860 402
1536870 403
1536880 403
1536890 403
1536900 403
1536910 403
1536920 403
1536930 403
1536940 403
1536950 403
1536960 403
1536970 403
1536980 403
1536990 403
1537000 403
1537010 403
1537020 402
1537030 402
1537040 402
1537050 401
1537060 400
1537070 400
1537080 400
1537090 399
1537100 399
1537110 398
1537120 398
1537130 398
1537140 399
1537150 399
1537160 399
1537170 400
1537180 400
1537190 400
1537200 400
1537210 400
1537220 400
1537230 400
1537240 400
1537250 400
1537260 400
1537270 400
1537280 400
1537290 399
1537300 399
1537310 399
1537320 398
1537330 397
1537340 397
1537350 394
1537360 392
1537370 392
1537380 388
1537390 384
1537400 384
1537410 383
1537420 383
1537430 383
1537440 382
1537450 384
1537460 384
1537470 386
1537480 389
1537490 389
1537500 391
1537510 392
1537520 392
1537530 393
1537540 394
1537550 394
1537560 395
1537570 395
1537580 395
1537590 395
1537600 396
1537610 396
1537620 396
1537630 396
1537640 396
1537650 396
1537660 396
1537670 396
1537680 395
1537690 394
1537700 394
1537710 394
1537720 393
1537730 393
1537740 392
1537750 391
1537760 391
1537770 389
1537780 388
1537790 388
1537800 385
1537810 383
1537820 383
1537830 383
1537840 384
1537850 384
1537860 384
1537870 383
1537880 383
1537890 381
1537900 380
1537910 380
1537920 378
1537930 377
1537940 377
1537950 376
1537960 375
1537970 375
1537980 376
1537990 375
1538000 375
1538010 375
1538020 375
1538030 375
1538040 375
1538050 375
1538060 375
1538070 375
1538080 375
1538090 375
1538100 375
1538110 374
1538120 374
1538130 374
1538140 374
1538150 374
1538160 374
1538170 373
1538180 373
1538190 373
1538200 372
1538210 372
1538220 372
1538230 372
1538240 372
1538250 371
1538260 371
1538270 371
1538280 370
1538290 370
1538300 370
1538310 369
1538320 369
1538330 369
1538340 369
1538350 369
1538360 369
1538370 368
1538380 368
1538390 368
1538400 367
1538410 367
1538420 367
1538430 366
1538440 366
1538450 366
1538460 366
1538470 366
1538480 366
1538490 366
1538500 366
1538510 366
1538520 365
1538530 365
1538540 365
1538550 365
1538560 365
1538570 365
1538580 366
1538590 365
1538600 365
1538610 365
1538620 365
1538630 365
1538640 365
1538650 365
1538660 365
1538670 365
1538680 365
1538690 365
1538700 365
1538710 365
1538720 365
1538730 365
1538740 365
1538750 365
1538760 364
1538770 364
1538780 364
1538790 364
1538800 364
1538810 364
1538820 364
1538830 364
1538840 364
1538850 364
1538860 364
1538870 364
1538880 363
1538890 363
1538900 363
1538910 364
1538920 363
1538930 363
1538940 363
1538950 364
1538960 364
1538970 364
1538980 364
1538990 364
1539000 364
1539010 364
1539020 364
1539030 364
1539040 364
1539050 364
1539060 364
1539070 364
1539080 364
1539090 364
1539100 364
1539110 364
1539120 364
1539130 364
1539140 364
1539150 364
1539160 363
1539170 363
1539180 363
1539190 362
1539200 362
1539210 362
1539220 362
1539230 362
1539240 362
1539250 362
1539260 362
1539270 362
1539280 362
1539290 362
1539300 362
1539310 362
1539320 362
1539330 362
1539340 362
1539350 362
1539360 362
1539370 362
1539380 362
1539390 362
1539400 363
1539410 363
1539420 363
1539430 364
1539440 364
1539450 365
1539460 366
1539470 366
1539480 367
1539490 368
1539500 368
1539510 369
1539520 369
1539530 369
1539540 368
1539550 369
1539560 369
1539570 371
1539580 375
1539590 375
1539600 378
1539610 380
1539620 380
1539630 381
1539640 382
1539650 382
1539660 383
1539670 384
1539680 384
1539690 385
1539700 386
1539710 386
1539720 386
1539730 387
1539740 387
1539750 388
1539760 389
1539770 389
1539780 389
1539790 390
1539800 390
1539810 390
1539820 390
1539830 390
1539840 390
1539850 389
1539860 388
1539870 388
1539880 387
1539890 385
1539900 385
1539910 383
1539920 381
1539930 381
1539940 379
1539950 378
1539960 378
1539970 376
1539980 376
1539990 376
