1520000 431
1520010 431
1520020 431
1520030 431
1520040 431
1520050 431
1520060 431
1520070 431
1520080 432
1520090 432
1520100 432
1520110 433
1520120 433
1520130 433
1520140 434
1520150 435
1520160 435
1520170 436
1520180 437
1520190 437
1520200 438
1520210 439
1520220 439
1520230 440
1520240 440
1520250 440
1520260 440
1520270 441
1520280 441
1520290 441
1520300 442
1520310 442
1520320 442
1520330 443
1520340 443
1520350 443
1520360 443
1520370 443
1520380 444
1520390 444
1520400 444
1520410 444
1520420 444
1520430 444
1520440 444
1520450 445
1520460 445
1520470 445
1520480 445
1520490 445
1520500 445
1520510 446
1520520 446
1520530 446
1520540 446
1520550 446
1520560 446
1520570 447
1520580 447
1520590 447
1520600 447
1520610 447
1520620 447
1520630 448
1520640 448
1520650 448
1520660 448
1520670 448
1520680 448
1520690 449
1520700 449
1520710 449
1520720 449
1520730 449
1520740 449
1520750 449
1520760 449
1520770 449
1520780 448
1520790 448
1520800 448
1520810 448
1520820 448
1520830 447
1520840 448
1520850 448
1520860 448
1520870 447
1520880 447
1520890 447
1520900 446
1520910 446
1520920 446
1520930 445
1520940 445
1520950 444
1520960 443
1520970 443
1520980 442
1520990 440
1521000 440
1521010 439
1521020 438
1521030 438
1521040 436
1521050 435
1521060 435
1521070 434
1521080 434
1521090 434
1521100 433
1521110 432
1521120 432
1521130 432
1521140 431
1521150 431
1521160 431
1521170 430
1521180 430
1521190 429
1521200 429
1521210 429
1521220 428
1521230 428
1521240 428
1521250 427
1521260 427
1521270 427
1521280 427
1521290 427
1521300 427
1521310 427
1521320 426
1521330 426
1521340 426
1521350 425
1521360 425
1521370 425
1521380 424
1521390 424
1521400 424
1521410 423
1521420 423
1521430 423
1521440 424
1521450 424
1521460 424
1521470 424
1521480 423
1521490 423
1521500 423
1521510 423
1521520 423
1521530 422
1521540 422
1521550 422
1521560 422
1521570 422
1521580 422
1521590 422
1521600 422
1521610 422
1521620 422
1521630 422
1521640 422
1521650 421
1521660 421
1521670 421
1521680 420
1521690 420
1521700 420
1521710 420
1521720 419
1521730 419
1521740 419
1521750 419
1521760 419
1521770 419
1521780 419
1521790 419
1521800 419
1521810 418
1521820 418
1521830 418
1521840 418
1521850 418
1521860 418
1521870 418
1521880 418
1521890 418
1521900 418
1521910 418
1521920 418
1521930 418
1521940 418
1521950 418
1521960 418
1521970 418
1521980 418
1521990 418
1522000 418
1522010 418
1522020 418
1522030 418
1522040 417
1522050 417
1522060 417
1522070 416
1522080 417
1522090 417
1522100 417
1522110 417
1522120 417
1522130 417
1522140 417
1522150 417
1522160 417
1522170 416
1522180 416
1522190 416
1522200 416
1522210 416
1522220 416
1522230 416
1522240 416
1522250 415
1522260 415
1522270 415
1522280 415
1522290 415
1522300 415
1522310 415
1522320 415
1522330 415
1522340 415
1522350 415
1522360 415
1522370 414
1522380 413
1522390 413
1522400 413
1522410 412
1522420 412
1522430 412
1522440 412
1522450 412
1522460 412
1522470 412
1522480 412
1522490 412
1522500 412
1522510 412
1522520 412
1522530 412
1522540 412
1522550 412
1522560 411
1522570 411
1522580 411
1522590 411
1522600 411
1522610 411
1522620 411
1522630 411
1522640 410
1522650 410
1522660 410
1522670 410
1522680 411
1522690 411
1522700 411
1522710 410
1522720 410
1522730 411
1522740 411
1522750 411
1522760 411
1522770 412
1522780 412
1522790 411
1522800 411
1522810 411
1522820 410
1522830 409
1522840 409
1522850 409
1522860 409
1522870 409
1522880 408
1522890 408
1522900 408
1522910 408
1522920 408
1522930 408
1522940 408
1522950 408
1522960 408
1522970 408
1522980 407
1522990 407
1523000 408
1523010 408
1523020 408
1523030 408
1523040 408
1523050 408
1523060 408
1523070 408
1523080 408
1523090 408
1523100 408
1523110 408
1523120 408
1523130 408
1523140 408
1523150 408
1523160 407
1523170 407
1523180 407
1523190 407
1523200 407
1523210 407
1523220 407
1523230 407
1523240 407
1523250 407
1523260 407
1523270 407
1523280 406
1523290 406
1523300 406
1523310 407
1523320 407
1523330 407
1523340 407
1523350 407
1523360 406
1523370 406
1523380 406
1523390 406
1523400 405
1523410 405
1523420 406
1523430 406
1523440 406
1523450 406
1523460 406
1523470 406
1523480 406
1523490 406
1523500 406
1523510 406
1523520 406
1523530 406
1523540 406
1523550 405
1523560 405
1523570 405
1523580 405
1523590 405
1523600 405
1523610 405
1523620 405
1523630 405
1523640 405
1523650 405
1523660 405
1523670 405
1523680 405
1523690 405
1523700 406
1523710 406
1523720 406
1523730 406
1523740 406
1523750 407
1523760 407
1523770 407
1523780 407
1523790 408
1523800 408
1523810 408
1523820 408
1523830 408
1523840 408
1523850 409
1523860 409
1523870 409
1523880 409
1523890 409
1523900 409
1523910 410
1523920 410
1523930 410
1523940 410
1523950 410
1523960 411
1523970 411
1523980 411
1523990 411
1524000 412
1524010 412
1524020 412
1524030 412
1524040 412
1524050 412
1524060 412
1524070 412
1524080 411
1524090 411
1524100 411
1524110 410
1524120 409
1524130 409
1524140 409
1524150 408
1524160 408
1524170 408
1524180 407
1524190 407
1524200 406
1524210 406
1524220 406
1524230 406
1524240 406
1524250 406
1524260 407
1524270 407
1524280 407
1524290 409
1524300 410
1524310 410
1524320 412
1524330 413
1524340 413
1524350 414
1524360 416
1524370 416
1524380 417
1524390 418
1524400 418
1524410 419
1524420 420
1524430 420
1524440 421
1524450 422
1524460 422
1524470 423
1524480 423
1524490 423
1524500 422
1524510 421
1524520 421
1524530 424
1524540 426
1524550 426
1524560 427
1524570 427
1524580 427
1524590 428
1524600 428
1524610 428
1524620 428
1524630 428
1524640 428
1524650 428
1524660 428
1524670 428
1524680 428
1524690 428
1524700 428
1524710 428
1524720 427
1524730 427
1524740 426
1524750 426
1524760 426
1524770 427
1524780 427
1524790 427
1524800 428
1524810 429
1524820 429
1524830 429
1524840 429
1524850 429
1524860 429
1524870 429
1524880 429
1524890 429
1524900 429
1524910 429
1524920 430
1524930 430
1524940 430
1524950 430
1524960 430
1524970 430
1524980 430
1524990 430
1525000 430
1525010 430
1525020 430
1525030 430
1525040 430
1525050 430
1525060 430
1525070 430
1525080 430
1525090 430
1525100 430
1525110 430
1525120 430
1525130 430
1525140 430
1525150 430
1525160 429
1525170 429
1525180 429
1525190 429
1525200 428
1525210 428
1525220 428
1525230 428
1525240 428
1525250 427
1525260 427
1525270 427
1525280 426
1525290 426
1525300 426
1525310 425
1525320 425
1525330 425
1525340 425
1525350 425
1525360 425
1525370 425
1525380 425
1525390 425
1525400 425
1525410 425
1525420 425
1525430 425
1525440 425
1525450 425
1525460 425
1525470 425
1525480 425
1525490 425
1525500 424
1525510 424
1525520 424
1525530 424
1525540 424
1525550 424
1525560 423
1525570 423
1525580 423
1525590 423
1525600 423
1525610 422
1525620 422
1525630 422
1525640 421
1525650 421
1525660 421
1525670 420
1525680 420
1525690 420
1525700 420
1525710 420
1525720 420
1525730 419
1525740 419
1525750 420
1525760 419
1525770 418
1525780 418
1525790 418
1525800 417
1525810 416
1525820 416
1525830 416
1525840 415
1525850 415
1525860 415
1525870 415
1525880 415
1525890 415
1525900 415
1525910 415
1525920 414
1525930 414
1525940 414
1525950 414
1525960 414
1525970 414
1525980 414
1525990 414
1526000 414
1526010 413
1526020 413
1526030 413
1526040 413
1526050 413
1526060 413
1526070 413
1526080 413
1526090 413
1526100 412
1526110 412
1526120 412
1526130 412
1526140 412
1526150 412
1526160 412
1526170 412
1526180 412
1526190 412
1526200 411
1526210 411
1526220 411
1526230 411
1526240 411
1526250 411
1526260 411
1526270 411
1526280 411
1526290 411
1526300 411
1526310 411
1526320 410
1526330 410
1526340 410
1526350 410
1526360 410
1526370 410
1526380 410
1526390 410
1526400 410
1526410 410
1526420 410
1526430 410
1526440 409
1526450 409
1526460 409
1526470 409
1526480 409
1526490 408
1526500 408
1526510 408
1526520 407
1526530 406
1526540 406
1526550 406
1526560 406
1526570 406
1526580 406
1526590 405
1526600 405
1526610 405
1526620 405
1526630 405
1526640 404
1526650 404
1526660 404
1526670 404
1526680 404
1526690 404
1526700 403
1526710 403
1526720 403
1526730 403
1526740 403
1526750 403
1526760 403
1526770 403
1526780 403
1526790 402
1526800 402
1526810 402
1526820 402
1526830 402
1526840 402
1526850 402
1526860 402
1526870 402
1526880 401
1526890 401
1526900 401
1526910 401
1526920 401
1526930 401
1526940 401
1526950 401
1526960 401
1526970 401
1526980 401
1526990 401
1527000 400
1527010 400
1527020 400
1527030 400
1527040 400
1527050 400
1527060 400
1527070 400
1527080 400
1527090 400
1527100 400
1527110 400
1527120 400
1527130 400
1527140 400
1527150 400
1527160 400
1527170 400
1527180 400
1527190 400
1527200 400
1527210 400
1527220 400
1527230 400
1527240 400
1527250 401
1527260 401
1527270 403
1527280 405
1527290 405
1527300 406
1527310 407
1527320 407
1527330 408
1527340 409
1527350 409
1527360 409
1527370 409
1527380 409
1527390 410
1527400 409
1527410 409
1527420 409
1527430 409
1527440 409
1527450 410
1527460 410
1527470 410
1527480 411
1527490 412
1527500 412
1527510 412
1527520 413
1527530 413
1527540 413
1527550 414
1527560 414
1527570 415
1527580 415
1527590 415
1527600 415
1527610 416
1527620 416
1527630 416
1527640 416
1527650 416
1527660 416
1527670 416
1527680 416
1527690 416
1527700 416
1527710 416
1527720 416
1527730 416
1527740 416
1527750 416
1527760 415
1527770 415
1527780 416
1527790 416
1527800 416
1527810 416
1527820 416
1527830 416
1527840 416
1527850 416
1527860 416
1527870 416
1527880 416
1527890 416
1527900 415
1527910 414
1527920 414
1527930 413
1527940 413
1527950 413
1527960 412
1527970 411
1527980 411
1527990 410
1528000 409
1528010 409
1528020 408
1528030 407
1528040 407
1528050 406
1528060 406
1528070 406
1528080 405
1528090 404
1528100 404
1528110 404
1528120 404
1528130 404
1528140 404
1528150 403
1528160 403
1528170 403
1528180 403
1528190 403
1528200 403
1528210 403
1528220 403
1528230 402
1528240 402
1528250 402
1528260 402
1528270 401
1528280 401
1528290 401
1528300 400
1528310 400
1528320 400
1528330 399
1528340 399
1528350 399
1528360 399
1528370 399
1528380 399
1528390 398
1528400 398
1528410 398
1528420 397
1528430 397
1528440 397
1528450 396
1528460 396
1528470 396
1528480 396
1528490 396
1528500 395
1528510 395
1528520 395
1528530 395
1528540 395
1528550 395
1528560 395
1528570 395
1528580 395
1528590 395
1528600 395
1528610 395
1528620 395
1528630 395
1528640 395
1528650 395
1528660 395
1528670 395
1528680 395
1528690 395
1528700 395
1528710 395
1528720 395
1528730 395
1528740 395
1528750 394
1528760 394
1528770 394
1528780 394
1528790 394
1528800 394
1528810 394
1528820 394
1528830 394
1528840 393
1528850 393
1528860 393
1528870 393
1528880 393
1528890 393
1528900 393
1528910 393
1528920 393
1528930 392
1528940 392
1528950 392
1528960 392
1528970 392
1528980 392
1528990 392
1529000 392
1529010 391
1529020 391
1529030 391
1529040 392
1529050 392
1529060 392
1529070 392
1529080 392
1529090 392
1529100 392
1529110 392
1529120 392
1529130 392
1529140 392
1529150 392
1529160 392
1529170 392
1529180 392
1529190 393
1529200 393
1529210 393
1529220 393
1529230 393
1529240 393
1529250 393
1529260 394
1529270 394
1529280 394
1529290 395
1529300 395
1529310 396
1529320 396
1529330 396
1529340 397
1529350 397
1529360 397
1529370 397
1529380 397
1529390 397
1529400 397
1529410 397
1529420 397
1529430 397
1529440 398
1529450 398
1529460 397
1529470 397
1529480 397
1529490 398
1529500 398
1529510 398
1529520 398
1529530 398
1529540 398
1529550 398
1529560 399
1529570 399
1529580 400
1529590 401
1529600 401
1529610 401
1529620 401
1529630 401
1529640 402
1529650 402
1529660 402
1529670 403
1529680 403
1529690 403
1529700 404
1529710 404
1529720 404
1529730 405
1529740 405
1529750 405
1529760 406
1529770 407
1529780 407
1529790 407
1529800 408
1529810 408
1529820 409
1529830 410
1529840 410
1529850 411
1529860 412
1529870 412
1529880 413
1529890 415
1529900 415
1529910 416
1529920 417
1529930 417
1529940 418
1529950 419
1529960 419
1529970 420
1529980 421
1529990 421
1530000 421
1530010 422
1530020 422
1530030 422
1530040 423
1530050 423
1530060 424
1530070 424
1530080 424
1530090 424
1530100 425
1530110 425
1530120 425
1530130 425
1530140 425
1530150 425
1530160 426
1530170 426
1530180 426
1530190 426
1530200 426
1530210 426
1530220 426
1530230 426
1530240 426
1530250 426
1530260 427
1530270 427
1530280 427
1530290 427
1530300 427
1530310 427
1530320 427
1530330 427
1530340 427
1530350 428
1530360 428
1530370 428
1530380 428
1530390 428
1530400 428
1530410 428
1530420 428
1530430 428
1530440 429
1530450 429
1530460 429
1530470 429
1530480 429
1530490 429
1530500 429
1530510 429
1530520 429
1530530 429
1530540 429
1530550 429
1530560 429
1530570 429
1530580 429
1530590 430
1530600 430
1530610 430
1530620 431
1530630 431
1530640 431
1530650 431
1530660 431
1530670 431
1530680 431
1530690 431
1530700 432
1530710 432
1530720 432
1530730 432
1530740 432
1530750 432
1530760 432
1530770 432
1530780 432
1530790 432
1530800 432
1530810 432
1530820 433
1530830 433
1530840 433
1530850 433
1530860 432
1530870 432
1530880 432
1530890 432
1530900 432
1530910 432
1530920 432
1530930 432
1530940 432
1530950 432
1530960 432
1530970 432
1530980 432
1530990 432
1531000 432
1531010 431
1531020 431
1531030 431
1531040 431
1531050 431
1531060 431
1531070 431
1531080 431
1531090 431
1531100 431
1531110 431
1531120 431
1531130 431
1531140 431
1531150 431
1531160 431
1531170 431
1531180 431
1531190 430
1531200 430
1531210 430
1531220 430
1531230 430
1531240 430
1531250 430
1531260 430
1531270 430
1531280 430
1531290 430
1531300 430
1531310 430
1531320 430
1531330 430
1531340 430
1531350 430
1531360 430
1531370 429
1531380 429
1531390 429
1531400 429
1531410 429
1531420 428
1531430 428
1531440 428
1531450 428
1531460 427
1531470 427
1531480 427
1531490 427
1531500 427
1531510 427
1531520 426
1531530 426
1531540 426
1531550 425
1531560 425
1531570 425
1531580 425
1531590 425
1531600 424
1531610 424
1531620 424
1531630 423
1531640 423
1531650 423
1531660 422
1531670 421
1531680 421
1531690 421
1531700 421
1531710 421
1531720 421
1531730 420
1531740 420
1531750 420
1531760 420
1531770 420
1531780 419
1531790 419
1531800 419
1531810 419
1531820 418
1531830 418
1531840 417
1531850 416
1531860 416
1531870 415
1531880 415
1531890 415
1531900 414
1531910 413
1531920 413
1531930 412
1531940 411
1531950 411
1531960 411
1531970 410
1531980 410
1531990 409
1532000 409
1532010 409
1532020 409
1532030 408
1532040 408
1532050 408
1532060 407
1532070 407
1532080 407
1532090 406
1532100 406
1532110 406
1532120 405
1532130 405
1532140 405
1532150 404
1532160 404
1532170 404
1532180 403
1532190 403
1532200 403
1532210 403
1532220 403
1532230 402
1532240 402
1532250 402
1532260 401
1532270 400
1532280 400
1532290 400
1532300 399
1532310 399
1532320 399
1532330 398
1532340 398
1532350 398
1532360 398
1532370 398
1532380 397
1532390 397
1532400 397
1532410 397
1532420 396
1532430 396
1532440 396
1532450 396
1532460 396
1532470 396
1532480 396
1532490 396
1532500 396
1532510 395
1532520 395
1532530 395
1532540 394
1532550 394
1532560 394
1532570 393
1532580 393
1532590 393
1532600 393
1532610 393
1532620 392
1532630 392
1532640 392
1532650 392
1532660 391
1532670 391
1532680 391
1532690 391
1532700 391
1532710 391
1532720 392
1532730 392
1532740 392
1532750 392
1532760 392
1532770 392
1532780 392
1532790 392
1532800 391
1532810 391
1532820 391
1532830 392
1532840 392
1532850 392
1532860 392
1532870 392
1532880 392
1532890 393
1532900 394
1532910 394
1532920 394
1532930 395
1532940 395
1532950 395
1532960 396
1532970 396
1532980 398
1532990 399
1533000 399
1533010 400
1533020 401
1533030 401
1533040 402
1533050 403
1533060 403
1533070 405
1533080 406
1533090 406
1533100 407
1533110 409
1533120 409
1533130 410
1533140 411
1533150 411
1533160 411
1533170 412
1533180 412
1533190 412
1533200 413
1533210 413
1533220 413
1533230 413
1533240 413
1533250 413
1533260 414
1533270 414
1533280 415
1533290 415
1533300 415
1533310 415
1533320 416
1533330 416
1533340 416
1533350 416
1533360 416
1533370 416
1533380 416
1533390 416
1533400 415
1533410 414
1533420 414
1533430 414
1533440 413
1533450 413
1533460 412
1533470 411
1533480 411
1533490 411
1533500 410
1533510 410
1533520 409
1533530 409
1533540 409
1533550 408
1533560 408
1533570 408
1533580 407
1533590 406
1533600 406
1533610 405
1533620 405
1533630 405
1533640 404
1533650 403
1533660 403
1533670 403
1533680 402
1533690 402
1533700 401
1533710 401
1533720 401
1533730 400
1533740 399
1533750 399
1533760 398
1533770 397
1533780 397
1533790 396
1533800 396
1533810 396
1533820 395
1533830 395
1533840 395
1533850 393
1533860 392
1533870 392
1533880 391
1533890 391
1533900 391
1533910 389
1533920 388
1533930 388
1533940 388
1533950 387
1533960 387
1533970 385
1533980 384
1533990 384
1534000 383
1534010 382
1534020 382
1534030 382
1534040 382
1534050 382
1534060 382
1534070 383
1534080 383
1534090 383
1534100 382
1534110 382
1534120 382
1534130 381
1534140 381
1534150 381
1534160 385
1534170 385
1534180 392
1534190 397
1534200 397
1534210 399
1534220 401
1534230 401
1534240 402
1534250 404
1534260 404
1534270 406
1534280 408
1534290 408
1534300 410
1534310 413
1534320 413
1534330 414
1534340 415
1534350 415
1534360 415
1534370 415
1534380 415
1534390 415
1534400 414
1534410 414
1534420 414
1534430 413
1534440 412
1534450 412
1534460 411
1534470 410
1534480 410
1534490 409
1534500 408
1534510 408
1534520 407
1534530 405
1534540 405
1534550 404
1534560 402
1534570 402
1534580 401
1534590 401
1534600 401
1534610 400
1534620 398
1534630 398
1534640 397
1534650 397
1534660 397
1534670 396
1534680 395
1534690 395
1534700 394
1534710 394
1534720 394
1534730 393
1534740 392
1534750 392
1534760 391
1534770 390
1534780 390
1534790 389
1534800 388
1534810 388
1534820 387
1534830 386
1534840 386
1534850 384
1534860 383
1534870 383
1534880 382
1534890 381
1534900 381
1534910 380
1534920 379
1534930 379
1534940 378
1534950 378
1534960 378
1534970 382
1534980 388
1534990 388
1535000 392
1535010 396
1535020 396
1535030 399
1535040 402
1535050 402
1535060 405
1535070 408
1535080 408
1535090 411
1535100 413
1535110 413
1535120 416
1535130 419
1535140 419
1535150 422
1535160 424
1535170 424
1535180 426
1535190 428
1535200 428
1535210 428
1535220 428
1535230 428
1535240 426
1535250 425
1535260 425
1535270 424
1535280 423
1535290 423
1535300 422
1535310 419
1535320 419
1535330 418
1535340 419
1535350 419
1535360 419
1535370 419
1535380 419
1535390 417
1535400 416
1535410 416
1535420 415
1535430 412
1535440 412
1535450 409
1535460 405
1535470 405
1535480 404
1535490 408
1535500 408
1535510 412
1535520 414
1535530 414
1535540 416
1535550 419
1535560 419
1535570 421
1535580 424
1535590 424
1535600 426
1535610 427
1535620 427
1535630 428
1535640 429
1535650 429
1535660 430
1535670 430
1535680 430
1535690 430
1535700 431
1535710 431
1535720 431
1535730 431
1535740 431
1535750 431
1535760 430
1535770 430
1535780 430
1535790 430
1535800 430
1535810 430
1535820 429
1535830 429
1535840 429
1535850 429
1535860 429
1535870 429
1535880 428
1535890 428
1535900 428
1535910 428
1535920 428
1535930 427
1535940 427
1535950 427
1535960 427
1535970 426
1535980 426
1535990 425
1536000 424
1536010 424
1536020 424
1536030 423
1536040 423
1536050 423
1536060 422
1536070 422
1536080 421
1536090 420
1536100 420
1536110 419
1536120 418
1536130 418
1536140 416
1536150 415
1536160 415
1536170 414
1536180 413
1536190 413
1536200 412
1536210 411
1536220 411
1536230 410
1536240 409
1536250 409
1536260 408
1536270 407
1536280 407
1536290 405
1536300 402
1536310 402
1536320 401
1536330 400
1536340 400
1536350 400
1536360 402
1536370 402
1536380 402
1536390 402
1536400 402
1536410 403
1536420 403
1536430 403
1536440 403
1536450 403
1536460 403
1536470 404
1536480 404
1536490 404
1536500 404
1536510 404
1536520 404
1536530 404
1536540 405
1536550 405
1536560 405
1536570 405
1536580 405
1536590 404
1536600 404
1536610 404
1536620 404
1536630 403
1536640 403
1536650 403
1536660 403
1536670 403
1536680 402
1536690 402
1536700 402
1536710 402
1536720 401
1536730 401
1536740 401
1536750 400
1536760 400
1536770 400
1536780 399
1536790 399
1536800 398
1536810 398
1536820 398
1536830 397
1536840 397
1536850 397
1536860 396
1536870 396
1536880 396
1536890 396
1536900 395
1536910 395
1536920 395
1536930 395
1536940 395
1536950 394
1536960 394
1536970 394
1536980 394
1536990 393
1537000 393
1537010 393
1537020 393
1537030 393
1537040 392
1537050 392
1537060 392
1537070 392
1537080 391
1537090 391
1537100 390
1537110 388
1537120 388
1537130 385
1537140 384
1537150 384
1537160 385
1537170 385
1537180 385
1537190 384
1537200 384
1537210 384
1537220 384
1537230 385
1537240 385
1537250 384
1537260 384
1537270 384
1537280 383
1537290 382
1537300 382
1537310 381
1537320 380
1537330 380
1537340 380
1537350 379
1537360 379
1537370 378
1537380 378
1537390 378
1537400 378
1537410 376
1537420 376
1537430 376
1537440 376
1537450 376
1537460 375
1537470 375
1537480 375
1537490 374
1537500 374
1537510 374
1537520 373
1537530 373
1537540 373
1537550 372
1537560 371
1537570 371
1537580 371
1537590 370
1537600 370
1537610 370
1537620 369
1537630 369
1537640 368
1537650 368
1537660 368
1537670 367
1537680 367
1537690 367
1537700 366
1537710 366
1537720 366
1537730 365
1537740 365
1537750 365
1537760 364
1537770 364
1537780 364
1537790 363
1537800 362
1537810 362
1537820 362
1537830 361
1537840 361
1537850 360
1537860 360
1537870 360
1537880 360
1537890 359
1537900 359
1537910 359
1537920 358
1537930 358
1537940 358
1537950 357
1537960 357
1537970 356
1537980 356
1537990 356
1538000 355
1538010 354
1538020 354
1538030 354
1538040 353
1538050 353
1538060 352
1538070 351
1538080 351
1538090 351
1538100 351
1538110 351
1538120 351
1538130 351
1538140 351
1538150 351
1538160 351
1538170 351
1538180 350
1538190 349
1538200 349
1538210 350
1538220 350
1538230 350
1538240 350
1538250 350
1538260 350
1538270 352
1538280 354
1538290 354
1538300 355
1538310 357
1538320 357
1538330 358
1538340 360
1538350 360
1538360 363
1538370 365
1538380 365
1538390 368
1538400 370
1538410 370
1538420 372
1538430 373
1538440 373
1538450 374
1538460 375
1538470 375
1538480 376
1538490 377
1538500 377
1538510 378
1538520 378
1538530 378
1538540 379
1538550 379
1538560 379
1538570 379
1538580 380
1538590 380
1538600 380
1538610 381
1538620 381
1538630 381
1538640 381
1538650 381
1538660 381
1538670 381
1538680 381
1538690 382
1538700 382
1538710 382
1538720 382
1538730 382
1538740 383
1538750 383
1538760 383
1538770 383
1538780 383
1538790 383
1538800 383
1538810 383
1538820 384
1538830 383
1538840 383
1538850 383
1538860 384
1538870 384
1538880 384
1538890 384
1538900 384
1538910 384
1538920 384
1538930 384
1538940 384
1538950 385
1538960 385
1538970 385
1538980 385
1538990 385
1539000 385
1539010 385
1539020 385
1539030 386
1539040 386
1539050 386
1539060 385
1539070 386
1539080 386
1539090 386
1539100 386
1539110 386
1539120 386
1539130 386
1539140 386
1539150 386
1539160 386
1539170 386
1539180 386
1539190 386
1539200 386
1539210 386
1539220 386
1539230 386
1539240 387
1539250 387
1539260 387
1539270 387
1539280 387
1539290 387
1539300 387
1539310 387
1539320 387
1539330 387
1539340 388
1539350 388
1539360 388
1539370 388
1539380 388
1539390 388
1539400 388
1539410 388
1539420 388
1539430 387
1539440 387
1539450 386
1539460 384
1539470 384
1539480 383
1539490 381
1539500 381
1539510 379
1539520 376
1539530 376
1539540 377
1539550 378
1539560 378
1539570 376
1539580 374
1539590 374
1539600 378
1539610 383
1539620 383
1539630 385
1539640 386
1539650 386
1539660 387
1539670 388
1539680 388
1539690 389
1539700 390
1539710 390
1539720 391
1539730 392
1539740 392
1539750 393
1539760 393
1539770 393
1539780 394
1539790 394
1539800 394
1539810 394
1539820 394
1539830 394
1539840 393
1539850 392
1539860 392
1539870 391
1539880 390
1539890 390
1539900 389
1539910 387
1539920 387
1539930 385
1539940 384
1539950 384
1539960 383
1539970 381
1539980 381
1539990 376
