1520000 428
1520010 429
1520020 429
1520030 429
1520040 430
1520050 430
1520060 430
1520070 429
1520080 429
1520090 429
1520100 429
1520110 429
1520120 430
1520130 430
1520140 430
1520150 430
1520160 430
1520170 430
1520180 430
1520190 430
1520200 430
1520210 430
1520220 430
1520230 430
1520240 429
1520250 429
1520260 429
1520270 429
1520280 429
1520290 429
1520300 429
1520310 428
1520320 428
1520330 428
1520340 428
1520350 428
1520360 427
1520370 427
1520380 427
1520390 426
1520400 426
1520410 426
1520420 425
1520430 425
1520440 425
1520450 424
1520460 424
1520470 424
1520480 424
1520490 423
1520500 423
1520510 423
1520520 422
1520530 422
1520540 422
1520550 421
1520560 421
1520570 420
1520580 419
1520590 419
1520600 419
1520610 418
1520620 418
1520630 418
1520640 418
1520650 418
1520660 417
1520670 417
1520680 417
1520690 417
1520700 417
1520710 417
1520720 416
1520730 415
1520740 415
1520750 414
1520760 413
1520770 413
1520780 412
1520790 411
1520800 411
1520810 411
1520820 410
1520830 410
1520840 410
1520850 409
1520860 409
1520870 409
1520880 408
1520890 408
1520900 408
1520910 408
1520920 408
1520930 408
1520940 408
1520950 408
1520960 407
1520970 407
1520980 407
1520990 407
1521000 406
1521010 406
1521020 406
1521030 406
1521040 406
1521050 405
1521060 405
1521070 405
1521080 404
1521090 403
1521100 403
1521110 402
1521120 402
1521130 402
1521140 403
1521150 403
1521160 403
1521170 403
1521180 403
1521190 403
1521200 404
1521210 404
1521220 404
1521230 403
1521240 402
1521250 402
1521260 402
1521270 401
1521280 401
1521290 400
1521300 400
1521310 400
1521320 399
1521330 399
1521340 399
1521350 398
1521360 398
1521370 398
1521380 398
1521390 397
1521400 397
1521410 397
1521420 397
1521430 397
1521440 396
1521450 396
1521460 396
1521470 396
1521480 395
1521490 395
1521500 395
1521510 395
1521520 395
1521530 394
1521540 394
1521550 394
1521560 394
1521570 394
1521580 394
1521590 393
1521600 393
1521610 393
1521620 393
1521630 393
1521640 393
1521650 393
1521660 393
1521670 393
1521680 393
1521690 393
1521700 393
1521710 393
1521720 393
1521730 393
1521740 393
1521750 393
1521760 393
1521770 393
1521780 393
1521790 393
1521800 393
1521810 393
1521820 393
1521830 393
1521840 394
1521850 395
1521860 395
1521870 398
1521880 404
1521890 404
1521900 408
1521910 408
1521920 408
1521930 408
1521940 408
1521950 408
1521960 408
1521970 407
1521980 407
1521990 407
1522000 405
1522010 405
1522020 404
1522030 405
1522040 405
1522050 406
1522060 406
1522070 406
1522080 406
1522090 406
1522100 406
1522110 406
1522120 406
1522130 406
1522140 406
1522150 407
1522160 407
1522170 407
1522180 407
1522190 407
1522200 407
1522210 407
1522220 407
1522230 407
1522240 406
1522250 406
1522260 405
1522270 404
1522280 404
1522290 402
1522300 400
1522310 400
1522320 398
1522330 401
1522340 401
1522350 407
1522360 411
1522370 411
1522380 413
1522390 413
1522400 413
1522410 414
1522420 414
1522430 414
1522440 414
1522450 414
1522460 414
1522470 414
1522480 414
1522490 414
1522500 414
1522510 414
1522520 414
1522530 414
1522540 414
1522550 414
1522560 414
1522570 414
1522580 414
1522590 414
1522600 414
1522610 414
1522620 414
1522630 414
1522640 414
1522650 414
1522660 414
1522670 414
1522680 413
1522690 412
1522700 412
1522710 413
1522720 413
1522730 413
1522740 414
1522750 415
1522760 415
1522770 416
1522780 417
1522790 417
1522800 417
1522810 417
1522820 417
1522830 418
1522840 419
1522850 419
1522860 420
1522870 420
1522880 420
1522890 421
1522900 421
1522910 421
1522920 422
1522930 423
1522940 423
1522950 423
1522960 424
1522970 424
1522980 424
1522990 425
1523000 425
1523010 425
1523020 425
1523030 425
1523040 426
1523050 426
1523060 426
1523070 426
1523080 426
1523090 426
1523100 427
1523110 427
1523120 427
1523130 426
1523140 427
1523150 427
1523160 427
1523170 427
1523180 427
1523190 426
1523200 426
1523210 426
1523220 426
1523230 426
1523240 426
1523250 425
1523260 425
1523270 425
1523280 425
1523290 425
1523300 425
1523310 425
1523320 425
1523330 425
1523340 425
1523350 425
1523360 425
1523370 424
1523380 424
1523390 424
1523400 424
1523410 425
1523420 425
1523430 425
1523440 425
1523450 425
1523460 426
1523470 426
1523480 426
1523490 426
1523500 426
1523510 426
1523520 426
1523530 426
1523540 426
1523550 427
1523560 427
1523570 427
1523580 427
1523590 427
1523600 427
1523610 427
1523620 428
1523630 428
1523640 428
1523650 428
1523660 428
1523670 428
1523680 428
1523690 428
1523700 428
1523710 428
1523720 428
1523730 428
1523740 428
1523750 428
1523760 428
1523770 428
1523780 428
1523790 428
1523800 428
1523810 428
1523820 427
1523830 427
1523840 427
1523850 427
1523860 426
1523870 426
1523880 426
1523890 425
1523900 425
1523910 425
1523920 424
1523930 424
1523940 423
1523950 422
1523960 422
1523970 421
1523980 419
1523990 419
1524000 418
1524010 416
1524020 416
1524030 415
1524040 415
1524050 415
1524060 414
1524070 413
1524080 413
1524090 413
1524100 413
1524110 413
1524120 412
1524130 412
1524140 412
1524150 412
1524160 412
1524170 412
1524180 412
1524190 412
1524200 412
1524210 413
1524220 413
1524230 413
1524240 414
1524250 415
1524260 415
1524270 416
1524280 416
1524290 416
1524300 417
1524310 417
1524320 417
1524330 418
1524340 418
1524350 418
1524360 418
1524370 419
1524380 419
1524390 420
1524400 421
1524410 421
1524420 422
1524430 423
1524440 423
1524450 424
1524460 425
1524470 425
1524480 426
1524490 427
1524500 427
1524510 427
1524520 428
1524530 428
1524540 428
1524550 429
1524560 429
1524570 430
1524580 430
1524590 430
1524600 430
1524610 431
1524620 431
1524630 432
1524640 432
1524650 432
1524660 432
1524670 433
1524680 433
1524690 432
1524700 432
1524710 432
1524720 432
1524730 432
1524740 432
1524750 432
1524760 431
1524770 431
1524780 431
1524790 430
1524800 430
1524810 430
1524820 430
1524830 430
1524840 429
1524850 429
1524860 429
1524870 428
1524880 427
1524890 427
1524900 426
1524910 425
1524920 425
1524930 425
1524940 425
1524950 425
1524960 425
1524970 424
1524980 424
1524990 424
1525000 424
1525010 424
1525020 424
1525030 424
1525040 424
1525050 423
1525060 423
1525070 423
1525080 423
1525090 423
1525100 423
1525110 423
1525120 423
1525130 423
1525140 423
1525150 423
1525160 423
1525170 423
1525180 423
1525190 423
1525200 423
1525210 423
1525220 423
1525230 422
1525240 422
1525250 422
1525260 422
1525270 422
1525280 422
1525290 422
1525300 422
1525310 422
1525320 422
1525330 422
1525340 422
1525350 421
1525360 421
1525370 421
1525380 421
1525390 421
1525400 421
1525410 421
1525420 421
1525430 421
1525440 421
1525450 420
1525460 420
1525470 420
1525480 420
1525490 420
1525500 420
1525510 420
1525520 420
1525530 419
1525540 419
1525550 419
1525560 419
1525570 418
1525580 418
1525590 418
1525600 418
1525610 418
1525620 418
1525630 418
1525640 418
1525650 417
1525660 417
1525670 417
1525680 417
1525690 417
1525700 417
1525710 416
1525720 416
1525730 416
1525740 415
1525750 415
1525760 415
1525770 414
1525780 414
1525790 414
1525800 413
1525810 413
1525820 413
1525830 412
1525840 412
1525850 412
1525860 411
1525870 410
1525880 410
1525890 410
1525900 409
1525910 409
1525920 408
1525930 407
1525940 407
1525950 406
1525960 406
1525970 406
1525980 405
1525990 404
1526000 404
1526010 402
1526020 401
1526030 401
1526040 400
1526050 399
1526060 399
1526070 398
1526080 397
1526090 397
1526100 396
1526110 396
1526120 396
1526130 395
1526140 395
1526150 395
1526160 394
1526170 394
1526180 394
1526190 393
1526200 392
1526210 392
1526220 392
1526230 391
1526240 391
1526250 391
1526260 391
1526270 391
1526280 391
1526290 390
1526300 390
1526310 390
1526320 390
1526330 390
1526340 390
1526350 389
1526360 389
1526370 389
1526380 390
1526390 390
1526400 390
1526410 391
1526420 391
1526430 391
1526440 391
1526450 391
1526460 392
1526470 392
1526480 392
1526490 392
1526500 393
1526510 393
1526520 393
1526530 393
1526540 393
1526550 393
1526560 393
1526570 393
1526580 393
1526590 394
1526600 394
1526610 394
1526620 394
1526630 394
1526640 395
1526650 395
1526660 395
1526670 395
1526680 396
1526690 396
1526700 396
1526710 396
1526720 396
1526730 397
1526740 397
1526750 397
1526760 396
1526770 396
1526780 396
1526790 396
1526800 396
1526810 396
1526820 396
1526830 396
1526840 396
1526850 396
1526860 396
1526870 396
1526880 396
1526890 395
1526900 395
1526910 395
1526920 395
1526930 395
1526940 395
1526950 395
1526960 395
1526970 394
1526980 394
1526990 394
1527000 394
1527010 394
1527020 394
1527030 394
1527040 394
1527050 394
1527060 393
1527070 393
1527080 393
1527090 393
1527100 393
1527110 393
1527120 393
1527130 393
1527140 393
1527150 393
1527160 393
1527170 393
1527180 393
1527190 393
1527200 393
1527210 392
1527220 392
1527230 392
1527240 392
1527250 392
1527260 392
1527270 392
1527280 392
1527290 392
1527300 392
1527310 392
1527320 392
1527330 392
1527340 392
1527350 392
1527360 393
1527370 393
1527380 393
1527390 393
1527400 394
1527410 394
1527420 394
1527430 394
1527440 394
1527450 394
1527460 394
1527470 394
1527480 394
1527490 394
1527500 394
1527510 393
1527520 392
1527530 392
1527540 390
1527550 389
1527560 388
1527570 388
1527580 387
1527590 387
1527600 387
1527610 386
1527620 386
1527630 386
1527640 387
1527650 387
1527660 387
1527670 388
1527680 389
1527690 389
1527700 391
1527710 394
1527720 394
1527730 396
1527740 398
1527750 398
1527760 399
1527770 400
1527780 400
1527790 401
1527800 403
1527810 403
1527820 404
1527830 405
1527840 405
1527850 406
1527860 406
1527870 406
1527880 406
1527890 407
1527900 407
1527910 407
1527920 407
1527930 407
1527940 407
1527950 407
1527960 407
1527970 407
1527980 407
1527990 407
1528000 407
1528010 406
1528020 406
1528030 406
1528040 406
1528050 406
1528060 405
1528070 405
1528080 405
1528090 404
1528100 404
1528110 404
1528120 403
1528130 402
1528140 402
1528150 402
1528160 401
1528170 401
1528180 400
1528190 400
1528200 400
1528210 399
1528220 398
1528230 398
1528240 397
1528250 396
1528260 396
1528270 395
1528280 394
1528290 394
1528300 394
1528310 393
1528320 393
1528330 392
1528340 391
1528350 391
1528360 391
1528370 390
1528380 390
1528390 389
1528400 388
1528410 388
1528420 387
1528430 385
1528440 385
1528450 381
1528460 377
1528470 377
1528480 376
1528490 376
1528500 376
1528510 376
1528520 376
1528530 376
1528540 377
1528550 377
1528560 377
1528570 377
1528580 376
1528590 376
1528600 377
1528610 378
1528620 378
1528630 378
1528640 378
1528650 378
1528660 378
1528670 378
1528680 378
1528690 378
1528700 378
1528710 378
1528720 378
1528730 378
1528740 378
1528750 378
1528760 378
1528770 378
1528780 378
1528790 378
1528800 378
1528810 378
1528820 378
1528830 378
1528840 378
1528850 378
1528860 378
1528870 378
1528880 378
1528890 378
1528900 378
1528910 378
1528920 378
1528930 378
1528940 378
1528950 378
1528960 378
1528970 378
1528980 378
1528990 378
1529000 378
1529010 378
1529020 378
1529030 378
1529040 378
1529050 379
1529060 379
1529070 379
1529080 379
1529090 379
1529100 379
1529110 379
1529120 379
1529130 379
1529140 379
1529150 379
1529160 379
1529170 379
1529180 379
1529190 379
1529200 380
1529210 380
1529220 380
1529230 379
1529240 380
1529250 380
1529260 380
1529270 380
1529280 380
1529290 380
1529300 380
1529310 380
1529320 380
1529330 380
1529340 380
1529350 380
1529360 380
1529370 380
1529380 380
1529390 380
1529400 380
1529410 380
1529420 380
1529430 380
1529440 380
1529450 380
1529460 380
1529470 380
1529480 380
1529490 380
1529500 380
1529510 380
1529520 380
1529530 380
1529540 380
1529550 380
1529560 380
1529570 380
1529580 380
1529590 380
1529600 381
1529610 381
1529620 381
1529630 381
1529640 381
1529650 380
1529660 380
1529670 380
1529680 380
1529690 380
1529700 380
1529710 380
1529720 380
1529730 380
1529740 380
1529750 380
1529760 380
1529770 380
1529780 380
1529790 380
1529800 380
1529810 380
1529820 380
1529830 380
1529840 380
1529850 380
1529860 380
1529870 380
1529880 380
1529890 380
1529900 380
1529910 380
1529920 380
1529930 380
1529940 380
1529950 380
1529960 380
1529970 380
1529980 380
1529990 380
1530000 380
1530010 380
1530020 380
1530030 380
1530040 380
1530050 380
1530060 380
1530070 380
1530080 380
1530090 380
1530100 380
1530110 380
1530120 380
1530130 380
1530140 380
1530150 380
1530160 380
1530170 380
1530180 380
1530190 380
1530200 380
1530210 380
1530220 381
1530230 381
1530240 381
1530250 381
1530260 381
1530270 381
1530280 381
1530290 381
1530300 381
1530310 381
1530320 381
1530330 381
1530340 382
1530350 382
1530360 382
1530370 382
1530380 382
1530390 382
1530400 382
1530410 383
1530420 383
1530430 383
1530440 383
1530450 383
1530460 385
1530470 386
1530480 386
1530490 386
1530500 387
1530510 387
1530520 387
1530530 387
1530540 387
1530550 388
1530560 388
1530570 388
1530580 388
1530590 388
1530600 388
1530610 388
1530620 388
1530630 388
1530640 387
1530650 386
1530660 386
1530670 386
1530680 385
1530690 385
1530700 384
1530710 384
1530720 384
1530730 384
1530740 384
1530750 384
1530760 384
1530770 384
1530780 384
1530790 385
1530800 386
1530810 386
1530820 387
1530830 388
1530840 388
1530850 389
1530860 390
1530870 390
1530880 392
1530890 393
1530900 393
1530910 394
1530920 394
1530930 394
1530940 395
1530950 395
1530960 395
1530970 395
1530980 395
1530990 395
1531000 395
1531010 395
1531020 395
1531030 396
1531040 396
1531050 396
1531060 395
1531070 395
1531080 395
1531090 395
1531100 395
1531110 395
1531120 394
1531130 394
1531140 394
1531150 393
1531160 392
1531170 392
1531180 392
1531190 393
1531200 393
1531210 394
1531220 395
1531230 395
1531240 395
1531250 396
1531260 396
1531270 397
1531280 397
1531290 397
1531300 398
1531310 398
1531320 398
1531330 398
1531340 398
1531350 398
1531360 398
1531370 398
1531380 398
1531390 398
1531400 398
1531410 398
1531420 398
1531430 397
1531440 397
1531450 397
1531460 396
1531470 396
1531480 396
1531490 395
1531500 395
1531510 394
1531520 393
1531530 393
1531540 392
1531550 391
1531560 391
1531570 389
1531580 388
1531590 388
1531600 388
1531610 387
1531620 387
1531630 387
1531640 388
1531650 388
1531660 388
1531670 388
1531680 388
1531690 389
1531700 389
1531710 389
1531720 390
1531730 391
1531740 391
1531750 392
1531760 393
1531770 393
1531780 394
1531790 395
1531800 395
1531810 396
1531820 397
1531830 397
1531840 398
1531850 399
1531860 399
1531870 400
1531880 401
1531890 401
1531900 401
1531910 401
1531920 401
1531930 402
1531940 402
1531950 402
1531960 402
1531970 402
1531980 402
1531990 402
1532000 402
1532010 402
1532020 402
1532030 402
1532040 402
1532050 402
1532060 402
1532070 402
1532080 402
1532090 402
1532100 402
1532110 402
1532120 402
1532130 402
1532140 402
1532150 402
1532160 402
1532170 402
1532180 402
1532190 402
1532200 402
1532210 402
1532220 402
1532230 402
1532240 402
1532250 402
1532260 402
1532270 402
1532280 402
1532290 401
1532300 401
1532310 401
1532320 401
1532330 401
1532340 401
1532350 401
1532360 401
1532370 401
1532380 402
1532390 401
1532400 401
1532410 401
1532420 401
1532430 401
1532440 401
1532450 401
1532460 401
1532470 401
1532480 401
1532490 401
1532500 401
1532510 401
1532520 400
1532530 400
1532540 400
1532550 400
1532560 400
1532570 400
1532580 400
1532590 400
1532600 400
1532610 400
1532620 400
1532630 399
1532640 399
1532650 399
1532660 398
1532670 398
1532680 398
1532690 396
1532700 396
1532710 395
1532720 394
1532730 394
1532740 393
1532750 392
1532760 392
1532770 393
1532780 393
1532790 393
1532800 392
1532810 392
1532820 392
1532830 393
1532840 394
1532850 394
1532860 395
1532870 396
1532880 396
1532890 397
1532900 397
1532910 397
1532920 397
1532930 398
1532940 398
1532950 398
1532960 398
1532970 398
1532980 398
1532990 398
1533000 398
1533010 398
1533020 398
1533030 398
1533040 398
1533050 398
1533060 398
1533070 398
1533080 398
1533090 398
1533100 398
1533110 398
1533120 398
1533130 398
1533140 398
1533150 398
1533160 398
1533170 398
1533180 398
1533190 398
1533200 398
1533210 398
1533220 398
1533230 398
1533240 398
1533250 398
1533260 398
1533270 398
1533280 398
1533290 398
1533300 398
1533310 398
1533320 398
1533330 398
1533340 398
1533350 398
1533360 398
1533370 398
1533380 398
1533390 397
1533400 397
1533410 397
1533420 397
1533430 397
1533440 397
1533450 397
1533460 397
1533470 397
1533480 397
1533490 397
1533500 397
1533510 397
1533520 397
1533530 397
1533540 397
1533550 397
1533560 397
1533570 397
1533580 397
1533590 397
1533600 397
1533610 397
1533620 397
1533630 397
1533640 397
1533650 397
1533660 396
1533670 396
1533680 396
1533690 396
1533700 396
1533710 396
1533720 396
1533730 396
1533740 396
1533750 396
1533760 396
1533770 396
1533780 396
1533790 396
1533800 396
1533810 396
1533820 396
1533830 395
1533840 395
1533850 395
1533860 395
1533870 395
1533880 395
1533890 395
1533900 395
1533910 395
1533920 395
1533930 395
1533940 395
1533950 395
1533960 395
1533970 395
1533980 394
1533990 394
1534000 394
1534010 394
1534020 394
1534030 394
1534040 394
1534050 394
1534060 394
1534070 394
1534080 394
1534090 394
1534100 393
1534110 393
1534120 393
1534130 393
1534140 393
1534150 393
1534160 393
1534170 393
1534180 393
1534190 393
1534200 392
1534210 392
1534220 392
1534230 391
1534240 391
1534250 391
1534260 391
1534270 391
1534280 391
1534290 390
1534300 390
1534310 390
1534320 390
1534330 390
1534340 390
1534350 390
1534360 390
1534370 390
1534380 390
1534390 390
1534400 390
1534410 390
1534420 390
1534430 390
1534440 390
1534450 390
1534460 390
1534470 390
1534480 390
1534490 390
1534500 390
1534510 390
1534520 390
1534530 390
1534540 390
1534550 390
1534560 390
1534570 390
1534580 390
1534590 390
1534600 390
1534610 390
1534620 390
1534630 390
1534640 390
1534650 390
1534660 390
1534670 390
1534680 389
1534690 389
1534700 389
1534710 389
1534720 389
1534730 389
1534740 389
1534750 389
1534760 389
1534770 389
1534780 389
1534790 389
1534800 389
1534810 389
1534820 389
1534830 388
1534840 388
1534850 388
1534860 388
1534870 388
1534880 388
1534890 388
1534900 388
1534910 388
1534920 388
1534930 388
1534940 388
1534950 388
1534960 388
1534970 388
1534980 387
1534990 387
1535000 387
1535010 387
1535020 387
1535030 387
1535040 387
1535050 387
1535060 386
1535070 386
1535080 386
1535090 386
1535100 385
1535110 385
1535120 385
1535130 384
1535140 384
1535150 383
1535160 382
1535170 382
1535180 381
1535190 379
1535200 379
1535210 378
1535220 376
1535230 376
1535240 374
1535250 373
1535260 373
1535270 371
1535280 370
1535290 370
1535300 369
1535310 369
1535320 369
1535330 369
1535340 368
1535350 368
1535360 367
1535370 367
1535380 367
1535390 366
1535400 366
1535410 366
1535420 365
1535430 364
1535440 364
1535450 363
1535460 362
1535470 362
1535480 362
1535490 361
1535500 361
1535510 360
1535520 360
1535530 360
1535540 359
1535550 359
1535560 359
1535570 358
1535580 358
1535590 358
1535600 359
1535610 363
1535620 363
1535630 368
1535640 371
1535650 371
1535660 373
1535670 375
1535680 375
1535690 378
1535700 381
1535710 381
1535720 383
1535730 386
1535740 386
1535750 389
1535760 391
1535770 391
1535780 392
1535790 393
1535800 393
1535810 394
1535820 395
1535830 395
1535840 395
1535850 395
1535860 395
1535870 396
1535880 396
1535890 396
1535900 396
1535910 396
1535920 396
1535930 396
1535940 396
1535950 396
1535960 396
1535970 396
1535980 396
1535990 396
1536000 396
1536010 396
1536020 396
1536030 396
1536040 396
1536050 396
1536060 396
1536070 396
1536080 396
1536090 396
1536100 396
1536110 396
1536120 396
1536130 396
1536140 395
1536150 395
1536160 395
1536170 395
1536180 395
1536190 395
1536200 395
1536210 395
1536220 395
1536230 395
1536240 395
1536250 395
1536260 395
1536270 395
1536280 395
1536290 395
1536300 394
1536310 394
1536320 394
1536330 394
1536340 394
1536350 394
1536360 394
1536370 394
1536380 394
1536390 394
1536400 394
1536410 394
1536420 394
1536430 394
1536440 394
1536450 394
1536460 394
1536470 393
1536480 393
1536490 393
1536500 393
1536510 393
1536520 393
1536530 393
1536540 393
1536550 393
1536560 393
1536570 393
1536580 393
1536590 393
1536600 392
1536610 392
1536620 392
1536630 392
1536640 392
1536650 392
1536660 392
1536670 392
1536680 392
1536690 391
1536700 391
1536710 391
1536720 391
1536730 391
1536740 391
1536750 391
1536760 391
1536770 391
1536780 391
1536790 391
1536800 390
1536810 390
1536820 390
1536830 390
1536840 390
1536850 390
1536860 390
1536870 389
1536880 389
1536890 389
1536900 389
1536910 389
1536920 389
1536930 388
1536940 388
1536950 388
1536960 388
1536970 388
1536980 388
1536990 387
1537000 387
1537010 387
1537020 387
1537030 387
1537040 386
1537050 386
1537060 386
1537070 385
1537080 385
1537090 385
1537100 384
1537110 384
1537120 384
1537130 384
1537140 383
1537150 383
1537160 383
1537170 382
1537180 382
1537190 382
1537200 381
1537210 381
1537220 380
1537230 379
1537240 379
1537250 379
1537260 378
1537270 378
1537280 377
1537290 376
1537300 376
1537310 375
1537320 375
1537330 375
1537340 374
1537350 374
1537360 374
1537370 373
1537380 373
1537390 373
1537400 372
1537410 371
1537420 371
1537430 371
1537440 371
1537450 371
1537460 371
1537470 371
1537480 371
1537490 371
1537500 371
1537510 371
1537520 371
1537530 370
1537540 370
1537550 370
1537560 370
1537570 370
1537580 370
1537590 369
1537600 369
1537610 369
1537620 369
1537630 369
1537640 368
1537650 368
1537660 368
1537670 368
1537680 367
1537690 367
1537700 367
1537710 366
1537720 366
1537730 365
1537740 365
1537750 365
1537760 364
1537770 364
1537780 364
1537790 363
1537800 363
1537810 363
1537820 362
1537830 362
1537840 362
1537850 362
1537860 362
1537870 362
1537880 361
1537890 362
1537900 362
1537910 362
1537920 361
1537930 361
1537940 360
1537950 360
1537960 360
1537970 359
1537980 358
1537990 358
1538000 358
1538010 358
1538020 358
1538030 357
1538040 357
1538050 357
1538060 357
1538070 356
1538080 356
1538090 356
1538100 355
1538110 355
1538120 355
1538130 354
1538140 354
1538150 354
1538160 353
1538170 353
1538180 353
1538190 353
1538200 353
1538210 353
1538220 353
1538230 353
1538240 352
1538250 352
1538260 352
1538270 351
1538280 351
1538290 351
1538300 350
1538310 350
1538320 350
1538330 350
1538340 349
1538350 349
1538360 348
1538370 348
1538380 348
1538390 347
1538400 347
1538410 347
1538420 347
1538430 347
1538440 347
1538450 346
1538460 346
1538470 346
1538480 346
1538490 345
1538500 345
1538510 345
1538520 345
1538530 345
1538540 345
1538550 344
1538560 344
1538570 344
1538580 344
1538590 344
1538600 343
1538610 343
1538620 343
1538630 343
1538640 342
1538650 342
1538660 342
1538670 342
1538680 342
1538690 342
1538700 341
1538710 341
1538720 341
1538730 341
1538740 341
1538750 341
1538760 341
1538770 341
1538780 340
1538790 340
1538800 340
1538810 340
1538820 340
1538830 340
1538840 340
1538850 340
1538860 340
1538870 339
1538880 339
1538890 339
1538900 339
1538910 340
1538920 340
1538930 340
1538940 340
1538950 340
1538960 340
1538970 340
1538980 340
1538990 340
1539000 340
1539010 339
1539020 339
1539030 340
1539040 341
1539050 341
1539060 342
1539070 343
1539080 343
1539090 344
1539100 344
1539110 344
1539120 345
1539130 346
1539140 346
1539150 346
1539160 347
1539170 347
1539180 348
1539190 350
1539200 350
1539210 352
1539220 354
1539230 354
1539240 356
1539250 358
1539260 358
1539270 359
1539280 361
1539290 361
1539300 362
1539310 363
1539320 363
1539330 364
1539340 366
1539350 366
1539360 367
1539370 368
1539380 368
1539390 369
1539400 370
1539410 370
1539420 371
1539430 372
1539440 372
1539450 372
1539460 373
1539470 373
1539480 373
1539490 373
1539500 373
1539510 374
1539520 374
1539530 374
1539540 374
1539550 374
1539560 374
1539570 375
1539580 375
1539590 375
1539600 375
1539610 375
1539620 375
1539630 375
1539640 375
1539650 375
1539660 375
1539670 375
1539680 375
1539690 375
1539700 375
1539710 375
1539720 375
1539730 375
1539740 375
1539750 375
1539760 375
1539770 375
1539780 375
1539790 375
1539800 375
1539810 375
1539820 375
1539830 375
1539840 375
1539850 375
1539860 375
1539870 374
1539880 374
1539890 374
1539900 374
1539910 374
1539920 374
1539930 374
1539940 373
1539950 373
1539960 373
1539970 373
1539980 373
1539990 372
