1520000 409
1520010 409
1520020 410
1520030 411
1520040 411
1520050 413
1520060 415
1520070 415
1520080 416
1520090 417
1520100 417
1520110 418
1520120 418
1520130 418
1520140 419
1520150 419
1520160 419
1520170 419
1520180 420
1520190 420
1520200 420
1520210 420
1520220 420
1520230 420
1520240 420
1520250 420
1520260 420
1520270 421
1520280 421
1520290 421
1520300 421
1520310 421
1520320 421
1520330 421
1520340 421
1520350 421
1520360 421
1520370 421
1520380 421
1520390 421
1520400 421
1520410 421
1520420 421
1520430 421
1520440 420
1520450 420
1520460 420
1520470 420
1520480 420
1520490 420
1520500 420
1520510 421
1520520 421
1520530 420
1520540 420
1520550 420
1520560 420
1520570 419
1520580 419
1520590 420
1520600 419
1520610 419
1520620 418
1520630 418
1520640 418
1520650 418
1520660 418
1520670 418
1520680 418
1520690 417
1520700 417
1520710 416
1520720 415
1520730 415
1520740 414
1520750 413
1520760 413
1520770 413
1520780 412
1520790 412
1520800 411
1520810 411
1520820 411
1520830 410
1520840 410
1520850 410
1520860 409
1520870 409
1520880 409
1520890 409
1520900 408
1520910 408
1520920 408
1520930 408
1520940 408
1520950 408
1520960 408
1520970 408
1520980 409
1520990 409
1521000 409
1521010 409
1521020 409
1521030 409
1521040 409
1521050 410
1521060 410
1521070 410
1521080 410
1521090 410
1521100 409
1521110 409
1521120 409
1521130 409
1521140 408
1521150 408
1521160 408
1521170 408
1521180 408
1521190 408
1521200 407
1521210 407
1521220 406
1521230 405
1521240 405
1521250 405
1521260 405
1521270 405
1521280 405
1521290 405
1521300 405
1521310 405
1521320 405
1521330 405
1521340 404
1521350 404
1521360 404
1521370 404
1521380 404
1521390 404
1521400 404
1521410 403
1521420 403
1521430 403
1521440 404
1521450 404
1521460 404
1521470 404
1521480 404
1521490 404
1521500 404
1521510 404
1521520 404
1521530 403
1521540 403
1521550 403
1521560 403
1521570 403
1521580 402
1521590 402
1521600 402
1521610 402
1521620 402
1521630 402
1521640 402
1521650 402
1521660 402
1521670 402
1521680 402
1521690 402
1521700 402
1521710 402
1521720 402
1521730 402
1521740 402
1521750 402
1521760 402
1521770 403
1521780 403
1521790 404
1521800 403
1521810 403
1521820 402
1521830 402
1521840 402
1521850 402
1521860 401
1521870 401
1521880 401
1521890 401
1521900 401
1521910 401
1521920 401
1521930 401
1521940 402
1521950 402
1521960 402
1521970 402
1521980 402
1521990 402
1522000 403
1522010 403
1522020 403
1522030 404
1522040 404
1522050 404
1522060 404
1522070 404
1522080 404
1522090 404
1522100 405
1522110 405
1522120 405
1522130 405
1522140 405
1522150 404
1522160 404
1522170 404
1522180 405
1522190 405
1522200 405
1522210 406
1522220 406
1522230 406
1522240 407
1522250 407
1522260 407
1522270 406
1522280 406
1522290 406
1522300 406
1522310 407
1522320 407
1522330 407
1522340 407
1522350 407
1522360 407
1522370 408
1522380 408
1522390 408
1522400 408
1522410 408
1522420 408
1522430 409
1522440 409
1522450 409
1522460 409
1522470 409
1522480 409
1522490 409
1522500 409
1522510 409
1522520 409
1522530 409
1522540 409
1522550 409
1522560 409
1522570 408
1522580 408
1522590 408
1522600 408
1522610 408
1522620 408
1522630 408
1522640 408
1522650 408
1522660 408
1522670 407
1522680 407
1522690 406
1522700 405
1522710 405
1522720 405
1522730 404
1522740 404
1522750 404
1522760 404
1522770 404
1522780 403
1522790 404
1522800 404
1522810 403
1522820 404
1522830 404
1522840 406
1522850 408
1522860 408
1522870 409
1522880 410
1522890 410
1522900 412
1522910 413
1522920 413
1522930 414
1522940 416
1522950 416
1522960 417
1522970 418
1522980 418
1522990 420
1523000 421
1523010 421
1523020 422
1523030 423
1523040 423
1523050 425
1523060 426
1523070 426
1523080 428
1523090 430
1523100 430
1523110 432
1523120 433
1523130 433
1523140 434
1523150 436
1523160 436
1523170 437
1523180 438
1523190 438
1523200 438
1523210 439
1523220 439
1523230 439
1523240 439
1523250 439
1523260 439
1523270 440
1523280 440
1523290 440
1523300 439
1523310 439
1523320 439
1523330 439
1523340 439
1523350 438
1523360 437
1523370 437
1523380 435
1523390 433
1523400 433
1523410 431
1523420 429
1523430 429
1523440 428
1523450 425
1523460 425
1523470 422
1523480 420
1523490 420
1523500 418
1523510 416
1523520 416
1523530 415
1523540 413
1523550 413
1523560 412
1523570 411
1523580 411
1523590 411
1523600 411
1523610 411
1523620 411
1523630 412
1523640 412
1523650 413
1523660 415
1523670 415
1523680 416
1523690 417
1523700 417
1523710 417
1523720 418
1523730 418
1523740 419
1523750 420
1523760 420
1523770 421
1523780 421
1523790 421
1523800 422
1523810 422
1523820 422
1523830 423
1523840 423
1523850 423
1523860 423
1523870 423
1523880 423
1523890 423
1523900 423
1523910 423
1523920 423
1523930 423
1523940 423
1523950 424
1523960 424
1523970 424
1523980 425
1523990 427
1524000 427
1524010 428
1524020 428
1524030 428
1524040 429
1524050 429
1524060 429
1524070 430
1524080 430
1524090 430
1524100 430
1524110 430
1524120 430
1524130 430
1524140 430
1524150 430
1524160 429
1524170 429
1524180 429
1524190 429
1524200 428
1524210 428
1524220 428
1524230 428
1524240 428
1524250 427
1524260 427
1524270 427
1524280 426
1524290 426
1524300 426
1524310 425
1524320 425
1524330 425
1524340 424
1524350 423
1524360 423
1524370 423
1524380 423
1524390 423
1524400 422
1524410 422
1524420 422
1524430 421
1524440 421
1524450 421
1524460 421
1524470 420
1524480 420
1524490 420
1524500 419
1524510 419
1524520 419
1524530 418
1524540 418
1524550 418
1524560 417
1524570 417
1524580 417
1524590 416
1524600 416
1524610 415
1524620 414
1524630 414
1524640 412
1524650 412
1524660 412
1524670 412
1524680 412
1524690 412
1524700 413
1524710 413
1524720 413
1524730 413
1524740 412
1524750 412
1524760 412
1524770 412
1524780 412
1524790 412
1524800 412
1524810 412
1524820 412
1524830 411
1524840 411
1524850 411
1524860 411
1524870 411
1524880 411
1524890 411
1524900 411
1524910 411
1524920 410
1524930 410
1524940 410
1524950 410
1524960 410
1524970 410
1524980 410
1524990 410
1525000 409
1525010 409
1525020 409
1525030 408
1525040 408
1525050 408
1525060 407
1525070 407
1525080 407
1525090 406
1525100 406
1525110 406
1525120 406
1525130 406
1525140 406
1525150 406
1525160 406
1525170 406
1525180 406
1525190 405
1525200 405
1525210 405
1525220 404
1525230 404
1525240 404
1525250 404
1525260 404
1525270 404
1525280 403
1525290 403
1525300 403
1525310 403
1525320 403
1525330 403
1525340 403
1525350 403
1525360 403
1525370 402
1525380 402
1525390 402
1525400 402
1525410 402
1525420 402
1525430 402
1525440 402
1525450 402
1525460 402
1525470 402
1525480 401
1525490 401
1525500 401
1525510 401
1525520 401
1525530 401
1525540 400
1525550 400
1525560 400
1525570 400
1525580 400
1525590 400
1525600 399
1525610 399
1525620 399
1525630 399
1525640 399
1525650 399
1525660 399
1525670 399
1525680 399
1525690 398
1525700 398
1525710 398
1525720 398
1525730 398
1525740 398
1525750 397
1525760 397
1525770 397
1525780 397
1525790 397
1525800 397
1525810 396
1525820 396
1525830 396
1525840 395
1525850 395
1525860 395
1525870 395
1525880 395
1525890 395
1525900 394
1525910 394
1525920 394
1525930 394
1525940 394
1525950 394
1525960 394
1525970 394
1525980 394
1525990 394
1526000 395
1526010 395
1526020 395
1526030 395
1526040 395
1526050 396
1526060 397
1526070 397
1526080 397
1526090 398
1526100 398
1526110 398
1526120 398
1526130 398
1526140 398
1526150 399
1526160 399
1526170 399
1526180 399
1526190 399
1526200 399
1526210 399
1526220 399
1526230 400
1526240 400
1526250 400
1526260 400
1526270 400
1526280 400
1526290 400
1526300 401
1526310 401
1526320 402
1526330 402
1526340 402
1526350 402
1526360 402
1526370 402
1526380 402
1526390 402
1526400 402
1526410 403
1526420 403
1526430 403
1526440 404
1526450 405
1526460 405
1526470 405
1526480 406
1526490 406
1526500 406
1526510 406
1526520 406
1526530 406
1526540 405
1526550 405
1526560 404
1526570 403
1526580 403
1526590 403
1526600 402
1526610 402
1526620 402
1526630 403
1526640 403
1526650 403
1526660 404
1526670 404
1526680 406
1526690 408
1526700 408
1526710 409
1526720 410
1526730 410
1526740 411
1526750 411
1526760 411
1526770 412
1526780 413
1526790 413
1526800 415
1526810 416
1526820 416
1526830 417
1526840 418
1526850 418
1526860 419
1526870 420
1526880 420
1526890 420
1526900 420
1526910 420
1526920 420
1526930 420
1526940 420
1526950 420
1526960 420
1526970 420
1526980 419
1526990 419
1527000 419
1527010 418
1527020 418
1527030 418
1527040 417
1527050 417
1527060 416
1527070 416
1527080 416
1527090 415
1527100 415
1527110 415
1527120 413
1527130 413
1527140 412
1527150 410
1527160 410
1527170 408
1527180 406
1527190 406
1527200 404
1527210 403
1527220 403
1527230 402
1527240 402
1527250 402
1527260 402
1527270 403
1527280 403
1527290 405
1527300 407
1527310 407
1527320 409
1527330 411
1527340 411
1527350 412
1527360 413
1527370 413
1527380 413
1527390 413
1527400 413
1527410 413
1527420 414
1527430 414
1527440 414
1527450 415
1527460 415
1527470 415
1527480 415
1527490 415
1527500 415
1527510 415
1527520 415
1527530 415
1527540 416
1527550 416
1527560 417
1527570 417
1527580 417
1527590 417
1527600 416
1527610 416
1527620 416
1527630 416
1527640 416
1527650 416
1527660 416
1527670 416
1527680 417
1527690 417
1527700 417
1527710 417
1527720 417
1527730 417
1527740 417
1527750 417
1527760 417
1527770 418
1527780 418
1527790 418
1527800 418
1527810 418
1527820 418
1527830 418
1527840 418
1527850 418
1527860 418
1527870 418
1527880 418
1527890 418
1527900 418
1527910 418
1527920 418
1527930 418
1527940 418
1527950 418
1527960 418
1527970 418
1527980 418
1527990 417
1528000 417
1528010 417
1528020 417
1528030 417
1528040 417
1528050 417
1528060 417
1528070 416
1528080 416
1528090 416
1528100 416
1528110 416
1528120 416
1528130 416
1528140 416
1528150 416
1528160 415
1528170 415
1528180 415
1528190 414
1528200 414
1528210 414
1528220 413
1528230 413
1528240 413
1528250 413
1528260 413
1528270 413
1528280 413
1528290 412
1528300 412
1528310 411
1528320 411
1528330 411
1528340 411
1528350 410
1528360 410
1528370 410
1528380 410
1528390 410
1528400 409
1528410 409
1528420 409
1528430 409
1528440 409
1528450 409
1528460 409
1528470 409
1528480 409
1528490 409
1528500 408
1528510 408
1528520 408
1528530 408
1528540 408
1528550 408
1528560 407
1528570 407
1528580 406
1528590 406
1528600 406
1528610 406
1528620 406
1528630 406
1528640 406
1528650 406
1528660 406
1528670 407
1528680 408
1528690 408
1528700 409
1528710 409
1528720 409
1528730 409
1528740 410
1528750 410
1528760 410
1528770 411
1528780 411
1528790 411
1528800 411
1528810 411
1528820 411
1528830 410
1528840 410
1528850 410
1528860 409
1528870 409
1528880 409
1528890 408
1528900 408
1528910 407
1528920 405
1528930 405
1528940 403
1528950 404
1528960 404
1528970 407
1528980 409
1528990 409
1529000 413
1529010 415
1529020 415
1529030 417
1529040 419
1529050 419
1529060 420
1529070 421
1529080 421
1529090 422
1529100 422
1529110 422
1529120 423
1529130 423
1529140 423
1529150 423
1529160 422
1529170 422
1529180 422
1529190 421
1529200 421
1529210 421
1529220 420
1529230 420
1529240 420
1529250 419
1529260 419
1529270 418
1529280 417
1529290 417
1529300 414
1529310 411
1529320 411
1529330 412
1529340 416
1529350 416
1529360 418
1529370 420
1529380 420
1529390 422
1529400 423
1529410 423
1529420 425
1529430 426
1529440 426
1529450 428
1529460 429
1529470 429
1529480 431
1529490 432
1529500 432
1529510 434
1529520 435
1529530 435
1529540 435
1529550 436
1529560 436
1529570 436
1529580 436
1529590 436
1529600 436
1529610 435
1529620 435
1529630 435
1529640 434
1529650 434
1529660 433
1529670 432
1529680 432
1529690 431
1529700 430
1529710 430
1529720 428
1529730 426
1529740 426
1529750 423
1529760 423
1529770 423
1529780 423
1529790 423
1529800 423
1529810 423
1529820 424
1529830 424
1529840 425
1529850 426
1529860 426
1529870 426
1529880 427
1529890 427
1529900 427
1529910 428
1529920 428
1529930 428
1529940 427
1529950 427
1529960 426
1529970 426
1529980 426
1529990 425
1530000 425
1530010 425
1530020 424
1530030 422
1530040 422
1530050 421
1530060 419
1530070 419
1530080 417
1530090 414
1530100 414
1530110 412
1530120 414
1530130 412
1530140 413
1530150 414
1530160 414
1530170 415
1530180 416
1530190 416
1530200 417
1530210 417
1530220 417
1530230 417
1530240 417
1530250 417
1530260 418
1530270 420
1530280 420
1530290 421
1530300 422
1530310 422
1530320 423
1530330 424
1530340 424
1530350 424
1530360 423
1530370 423
1530380 423
1530390 421
1530400 421
1530410 420
1530420 418
1530430 418
1530440 417
1530450 417
1530460 417
1530470 416
1530480 414
1530490 414
1530500 413
1530510 412
1530520 412
1530530 411
1530540 410
1530550 410
1530560 408
1530570 410
1530580 410
1530590 413
1530600 415
1530610 415
1530620 416
1530630 417
1530640 417
1530650 419
1530660 420
1530670 420
1530680 423
1530690 425
1530700 425
1530710 427
1530720 429
1530730 429
1530740 431
1530750 432
1530760 432
1530770 434
1530780 436
1530790 436
1530800 437
1530810 439
1530820 439
1530830 440
1530840 440
1530850 440
1530860 440
1530870 440
1530880 440
1530890 440
1530900 440
1530910 440
1530920 439
1530930 438
1530940 438
1530950 437
1530960 436
1530970 436
1530980 436
1530990 435
1531000 435
1531010 434
1531020 433
1531030 433
1531040 432
1531050 431
1531060 431
1531070 431
1531080 430
1531090 430
1531100 429
1531110 428
1531120 428
1531130 427
1531140 426
1531150 426
1531160 425
1531170 423
1531180 423
1531190 421
1531200 418
1531210 418
1531220 415
1531230 414
1531240 414
1531250 413
1531260 411
1531270 411
1531280 409
1531290 407
1531300 407
1531310 404
1531320 403
1531330 403
1531340 401
1531350 399
1531360 399
1531370 397
1531380 396
1531390 396
1531400 394
1531410 392
1531420 392
1531430 391
1531440 390
1531450 390
1531460 389
1531470 388
1531480 388
1531490 387
1531500 387
1531510 387
1531520 387
1531530 389
1531540 389
1531550 390
1531560 391
1531570 391
1531580 392
1531590 393
1531600 393
1531610 393
1531620 392
1531630 392
1531640 392
1531650 391
1531660 391
1531670 391
1531680 390
1531690 390
1531700 389
1531710 389
1531720 389
1531730 388
1531740 388
1531750 388
1531760 387
1531770 386
1531780 386
1531790 385
1531800 384
1531810 384
1531820 384
1531830 384
1531840 384
1531850 384
1531860 384
1531870 384
1531880 384
1531890 384
1531900 384
1531910 383
1531920 383
1531930 383
1531940 383
1531950 383
1531960 383
1531970 382
1531980 382
1531990 382
1532000 382
1532010 382
1532020 382
1532030 381
1532040 381
1532050 381
1532060 381
1532070 380
1532080 380
1532090 379
1532100 379
1532110 379
1532120 378
1532130 378
1532140 378
1532150 377
1532160 377
1532170 377
1532180 377
1532190 375
1532200 375
1532210 374
1532220 373
1532230 373
1532240 373
1532250 372
1532260 372
1532270 371
1532280 369
1532290 369
1532300 368
1532310 365
1532320 365
1532330 363
1532340 362
1532350 362
1532360 365
1532370 367
1532380 367
1532390 366
1532400 362
1532410 362
1532420 362
1532430 362
1532440 362
1532450 362
1532460 363
1532470 363
1532480 363
1532490 364
1532500 364
1532510 365
1532520 366
1532530 366
1532540 367
1532550 367
1532560 367
1532570 367
1532580 368
1532590 368
1532600 368
1532610 370
1532620 370
1532630 371
1532640 374
1532650 374
1532660 376
1532670 378
1532680 378
1532690 380
1532700 382
1532710 382
1532720 383
1532730 384
1532740 384
1532750 384
1532760 382
1532770 382
1532780 384
1532790 384
1532800 384
1532810 384
1532820 383
1532830 383
1532840 383
1532850 382
1532860 382
1532870 381
1532880 380
1532890 380
1532900 381
1532910 380
1532920 380
1532930 378
1532940 376
1532950 376
1532960 376
1532970 377
1532980 377
1532990 380
1533000 382
1533010 382
1533020 383
1533030 385
1533040 385
1533050 386
1533060 388
1533070 388
1533080 389
1533090 390
1533100 390
1533110 392
1533120 393
1533130 393
1533140 394
1533150 395
1533160 395
1533170 396
1533180 396
1533190 396
1533200 397
1533210 397
1533220 397
1533230 398
1533240 398
1533250 398
1533260 398
1533270 399
1533280 399
1533290 399
1533300 399
1533310 399
1533320 400
1533330 400
1533340 400
1533350 399
1533360 399
1533370 399
1533380 399
1533390 398
1533400 398
1533410 398
1533420 398
1533430 398
1533440 397
1533450 396
1533460 396
1533470 396
1533480 395
1533490 395
1533500 394
1533510 393
1533520 393
1533530 392
1533540 391
1533550 391
1533560 390
1533570 389
1533580 389
1533590 388
1533600 388
1533610 388
1533620 387
1533630 387
1533640 387
1533650 387
1533660 386
1533670 386
1533680 385
1533690 383
1533700 383
1533710 382
1533720 383
1533730 383
1533740 384
1533750 384
1533760 384
1533770 384
1533780 384
1533790 384
1533800 385
1533810 385
1533820 385
1533830 385
1533840 386
1533850 386
1533860 386
1533870 386
1533880 386
1533890 387
1533900 387
1533910 387
1533920 388
1533930 388
1533940 388
1533950 388
1533960 388
1533970 388
1533980 388
1533990 389
1534000 389
1534010 390
1534020 391
1534030 391
1534040 392
1534050 392
1534060 392
1534070 393
1534080 394
1534090 394
1534100 395
1534110 396
1534120 396
1534130 397
1534140 397
1534150 397
1534160 398
1534170 399
1534180 399
1534190 399
1534200 399
1534210 399
1534220 399
1534230 399
1534240 399
1534250 398
1534260 397
1534270 397
1534280 397
1534290 397
1534300 397
1534310 396
1534320 395
1534330 395
1534340 395
1534350 394
1534360 394
1534370 393
1534380 391
1534390 391
1534400 390
1534410 390
1534420 390
1534430 393
1534440 395
1534450 395
1534460 398
1534470 400
1534480 400
1534490 401
1534500 402
1534510 402
1534520 403
1534530 405
1534540 405
1534550 406
1534560 407
1534570 407
1534580 405
1534590 404
1534600 404
1534610 402
1534620 402
1534630 402
1534640 406
1534650 409
1534660 409
1534670 410
1534680 411
1534690 411
1534700 411
1534710 412
1534720 412
1534730 413
1534740 413
1534750 413
1534760 414
1534770 414
1534780 414
1534790 415
1534800 416
1534810 416
1534820 416
1534830 417
1534840 417
1534850 417
1534860 418
1534870 418
1534880 418
1534890 419
1534900 419
1534910 419
1534920 420
1534930 420
1534940 421
1534950 422
1534960 422
1534970 422
1534980 423
1534990 423
1535000 424
1535010 425
1535020 425
1535030 425
1535040 426
1535050 426
1535060 427
1535070 427
1535080 427
1535090 428
1535100 429
1535110 429
1535120 430
1535130 431
1535140 431
1535150 431
1535160 432
1535170 432
1535180 433
1535190 433
1535200 433
1535210 434
1535220 434
1535230 434
1535240 435
1535250 436
1535260 436
1535270 436
1535280 437
1535290 437
1535300 438
1535310 438
1535320 438
1535330 439
1535340 439
1535350 439
1535360 440
1535370 440
1535380 440
1535390 441
1535400 441
1535410 441
1535420 442
1535430 442
1535440 442
1535450 443
1535460 443
1535470 443
1535480 444
1535490 444
1535500 444
1535510 445
1535520 446
1535530 445
1535540 446
1535550 447
1535560 447
1535570 448
1535580 449
1535590 449
1535600 450
1535610 450
1535620 450
1535630 450
1535640 451
1535650 451
1535660 451
1535670 451
1535680 451
1535690 451
1535700 451
1535710 451
1535720 451
1535730 451
1535740 451
1535750 452
1535760 452
1535770 452
1535780 452
1535790 452
1535800 452
1535810 452
1535820 452
1535830 452
1535840 452
1535850 452
1535860 452
1535870 451
1535880 451
1535890 451
1535900 451
1535910 451
1535920 451
1535930 451
1535940 450
1535950 450
1535960 450
1535970 449
1535980 449
1535990 449
1536000 448
1536010 448
1536020 447
1536030 447
1536040 447
1536050 447
1536060 447
1536070 447
1536080 446
1536090 446
1536100 446
1536110 446
1536120 445
1536130 445
1536140 445
1536150 443
1536160 443
1536170 442
1536180 440
1536190 440
1536200 438
1536210 436
1536220 436
1536230 434
1536240 433
1536250 433
1536260 434
1536270 435
1536280 435
1536290 436
1536300 438
1536310 438
1536320 439
1536330 441
1536340 441
1536350 442
1536360 443
1536370 443
1536380 443
1536390 443
1536400 443
1536410 442
1536420 442
1536430 442
1536440 441
1536450 441
1536460 441
1536470 441
1536480 440
1536490 440
1536500 439
1536510 439
1536520 439
1536530 438
1536540 437
1536550 437
1536560 437
1536570 436
1536580 436
1536590 435
1536600 433
1536610 433
1536620 431
1536630 429
1536640 429
1536650 427
1536660 426
1536670 426
1536680 425
1536690 424
1536700 424
1536710 422
1536720 419
1536730 419
1536740 417
1536750 414
1536760 414
1536770 413
1536780 413
1536790 413
1536800 413
1536810 412
1536820 412
1536830 412
1536840 415
1536850 415
1536860 416
1536870 416
1536880 416
1536890 416
1536900 416
1536910 416
1536920 416
1536930 415
1536940 415
1536950 415
1536960 414
1536970 414
1536980 414
1536990 413
1537000 413
1537010 413
1537020 412
1537030 412
1537040 411
1537050 411
1537060 411
1537070 411
1537080 411
1537090 411
1537100 411
1537110 411
1537120 411
1537130 410
1537140 410
1537150 410
1537160 410
1537170 410
1537180 410
1537190 409
1537200 409
1537210 409
1537220 409
1537230 409
1537240 409
1537250 408
1537260 408
1537270 408
1537280 407
1537290 407
1537300 407
1537310 407
1537320 406
1537330 406
1537340 406
1537350 405
1537360 405
1537370 404
1537380 403
1537390 403
1537400 402
1537410 401
1537420 401
1537430 400
1537440 398
1537450 398
1537460 397
1537470 397
1537480 397
1537490 396
1537500 395
1537510 395
1537520 394
1537530 394
1537540 394
1537550 393
1537560 392
1537570 392
1537580 391
1537590 390
1537600 390
1537610 389
1537620 388
1537630 388
1537640 388
1537650 387
1537660 387
1537670 386
1537680 384
1537690 384
1537700 383
1537710 382
1537720 382
1537730 381
1537740 381
1537750 381
1537760 380
1537770 380
1537780 380
1537790 380
1537800 380
1537810 380
1537820 380
1537830 379
1537840 379
1537850 378
1537860 378
1537870 378
1537880 378
1537890 379
1537900 379
1537910 379
1537920 380
1537930 380
1537940 381
1537950 383
1537960 383
1537970 386
1537980 388
1537990 388
1538000 391
1538010 395
1538020 395
1538030 396
1538040 400
1538050 400
1538060 405
1538070 408
1538080 408
1538090 411
1538100 411
1538110 411
1538120 411
1538130 411
1538140 411
1538150 410
1538160 411
1538170 411
1538180 414
1538190 417
1538200 417
1538210 419
1538220 422
1538230 422
1538240 424
1538250 425
1538260 425
1538270 426
1538280 427
1538290 427
1538300 427
1538310 428
1538320 428
1538330 428
1538340 428
1538350 428
1538360 428
1538370 427
1538380 427
1538390 427
1538400 426
1538410 426
1538420 426
1538430 425
1538440 425
1538450 425
1538460 425
1538470 425
1538480 425
1538490 425
1538500 425
1538510 425
1538520 425
1538530 425
1538540 425
1538550 426
1538560 426
1538570 426
1538580 427
1538590 427
1538600 427
1538610 428
1538620 428
1538630 428
1538640 429
1538650 429
1538660 429
1538670 430
1538680 430
1538690 431
1538700 431
1538710 431
1538720 432
1538730 433
1538740 433
1538750 434
1538760 435
1538770 435
1538780 435
1538790 436
1538800 436
1538810 436
1538820 436
1538830 436
1538840 436
1538850 436
1538860 436
1538870 437
1538880 438
1538890 438
1538900 439
1538910 439
1538920 439
1538930 439
1538940 439
1538950 439
1538960 438
1538970 436
1538980 436
1538990 435
1539000 432
1539010 432
1539020 429
1539030 426
1539040 426
1539050 422
1539060 417
1539070 417
1539080 412
1539090 409
1539100 409
1539110 408
1539120 406
1539130 406
1539140 406
1539150 406
1539160 406
1539170 405
1539180 403
1539190 403
1539200 402
1539210 401
1539220 401
1539230 399
1539240 399
1539250 399
1539260 401
1539270 402
1539280 402
1539290 402
1539300 403
1539310 403
1539320 406
1539330 408
1539340 408
1539350 410
1539360 412
1539370 412
1539380 413
1539390 413
1539400 413
1539410 414
1539420 414
1539430 414
1539440 415
1539450 416
1539460 416
1539470 416
1539480 417
1539490 417
1539500 417
1539510 417
1539520 417
1539530 417
1539540 417
1539550 417
1539560 417
1539570 417
1539580 417
1539590 416
1539600 416
1539610 416
1539620 415
1539630 415
1539640 415
1539650 415
1539660 414
1539670 414
1539680 414
1539690 414
1539700 414
1539710 413
1539720 413
1539730 413
1539740 413
1539750 412
1539760 412
1539770 412
1539780 411
1539790 411
1539800 410
1539810 410
1539820 410
1539830 409
1539840 408
1539850 408
1539860 407
1539870 407
1539880 407
1539890 406
1539900 406
1539910 406
1539920 405
1539930 405
1539940 405
1539950 404
1539960 404
1539970 404
1539980 404
1539990 404
