1520000 417
1520010 417
1520020 418
1520030 420
1520040 420
1520050 421
1520060 422
1520070 422
1520080 423
1520090 424
1520100 424
1520110 424
1520120 424
1520130 424
1520140 425
1520150 425
1520160 425
1520170 426
1520180 426
1520190 426
1520200 426
1520210 425
1520220 425
1520230 425
1520240 425
1520250 425
1520260 425
1520270 425
1520280 425
1520290 425
1520300 424
1520310 424
1520320 424
1520330 423
1520340 423
1520350 423
1520360 422
1520370 422
1520380 422
1520390 422
1520400 422
1520410 422
1520420 422
1520430 422
1520440 422
1520450 423
1520460 423
1520470 423
1520480 424
1520490 424
1520500 426
1520510 427
1520520 427
1520530 428
1520540 430
1520550 430
1520560 431
1520570 432
1520580 432
1520590 433
1520600 434
1520610 434
1520620 434
1520630 434
1520640 434
1520650 434
1520660 435
1520670 435
1520680 435
1520690 436
1520700 436
1520710 436
1520720 437
1520730 437
1520740 437
1520750 437
1520760 437
1520770 437
1520780 437
1520790 437
1520800 438
1520810 438
1520820 438
1520830 438
1520840 438
1520850 438
1520860 438
1520870 437
1520880 437
1520890 437
1520900 436
1520910 436
1520920 435
1520930 435
1520940 435
1520950 435
1520960 435
1520970 435
1520980 435
1520990 435
1521000 435
1521010 436
1521020 437
1521030 437
1521040 438
1521050 439
1521060 439
1521070 440
1521080 441
1521090 441
1521100 441
1521110 441
1521120 441
1521130 442
1521140 442
1521150 442
1521160 442
1521170 442
1521180 442
1521190 442
1521200 441
1521210 441
1521220 441
1521230 440
1521240 440
1521250 439
1521260 439
1521270 439
1521280 438
1521290 437
1521300 437
1521310 436
1521320 434
1521330 434
1521340 432
1521350 431
1521360 431
1521370 431
1521380 429
1521390 429
1521400 428
1521410 428
1521420 428
1521430 428
1521440 427
1521450 427
1521460 426
1521470 426
1521480 426
1521490 425
1521500 424
1521510 424
1521520 424
1521530 423
1521540 423
1521550 422
1521560 422
1521570 422
1521580 421
1521590 420
1521600 420
1521610 420
1521620 419
1521630 419
1521640 418
1521650 418
1521660 418
1521670 417
1521680 417
1521690 417
1521700 417
1521710 416
1521720 416
1521730 416
1521740 416
1521750 416
1521760 415
1521770 415
1521780 415
1521790 414
1521800 414
1521810 414
1521820 414
1521830 413
1521840 413
1521850 413
1521860 413
1521870 413
1521880 412
1521890 412
1521900 412
1521910 412
1521920 411
1521930 411
1521940 411
1521950 410
1521960 410
1521970 410
1521980 410
1521990 410
1522000 409
1522010 409
1522020 409
1522030 409
1522040 409
1522050 409
1522060 409
1522070 409
1522080 409
1522090 409
1522100 409
1522110 409
1522120 409
1522130 409
1522140 409
1522150 408
1522160 408
1522170 408
1522180 407
1522190 407
1522200 407
1522210 407
1522220 407
1522230 407
1522240 407
1522250 407
1522260 407
1522270 406
1522280 406
1522290 406
1522300 406
1522310 406
1522320 406
1522330 405
1522340 405
1522350 405
1522360 405
1522370 405
1522380 405
1522390 405
1522400 405
1522410 405
1522420 405
1522430 405
1522440 405
1522450 405
1522460 405
1522470 405
1522480 404
1522490 404
1522500 404
1522510 404
1522520 404
1522530 404
1522540 404
1522550 404
1522560 404
1522570 404
1522580 403
1522590 403
1522600 403
1522610 403
1522620 403
1522630 403
1522640 403
1522650 403
1522660 403
1522670 403
1522680 403
1522690 403
1522700 402
1522710 402
1522720 402
1522730 402
1522740 402
1522750 402
1522760 403
1522770 403
1522780 403
1522790 403
1522800 403
1522810 403
1522820 403
1522830 403
1522840 403
1522850 403
1522860 403
1522870 403
1522880 403
1522890 403
1522900 402
1522910 402
1522920 402
1522930 402
1522940 402
1522950 402
1522960 402
1522970 402
1522980 402
1522990 402
1523000 402
1523010 402
1523020 401
1523030 401
1523040 401
1523050 401
1523060 401
1523070 401
1523080 401
1523090 401
1523100 401
1523110 401
1523120 401
1523130 401
1523140 400
1523150 401
1523160 401
1523170 401
1523180 401
1523190 401
1523200 400
1523210 400
1523220 400
1523230 400
1523240 400
1523250 400
1523260 400
1523270 399
1523280 399
1523290 399
1523300 400
1523310 400
1523320 400
1523330 400
1523340 400
1523350 401
1523360 401
1523370 401
1523380 401
1523390 402
1523400 402
1523410 402
1523420 402
1523430 402
1523440 402
1523450 402
1523460 402
1523470 402
1523480 402
1523490 402
1523500 402
1523510 402
1523520 402
1523530 402
1523540 402
1523550 402
1523560 402
1523570 402
1523580 402
1523590 402
1523600 402
1523610 402
1523620 402
1523630 402
1523640 402
1523650 401
1523660 401
1523670 401
1523680 401
1523690 401
1523700 401
1523710 400
1523720 400
1523730 400
1523740 400
1523750 400
1523760 400
1523770 400
1523780 400
1523790 400
1523800 400
1523810 400
1523820 400
1523830 400
1523840 400
1523850 400
1523860 400
1523870 399
1523880 399
1523890 399
1523900 399
1523910 399
1523920 399
1523930 398
1523940 398
1523950 399
1523960 399
1523970 399
1523980 401
1523990 403
1524000 403
1524010 402
1524020 402
1524030 402
1524040 402
1524050 404
1524060 404
1524070 406
1524080 407
1524090 407
1524100 408
1524110 409
1524120 409
1524130 410
1524140 411
1524150 411
1524160 412
1524170 413
1524180 413
1524190 414
1524200 414
1524210 414
1524220 415
1524230 416
1524240 416
1524250 417
1524260 417
1524270 417
1524280 418
1524290 419
1524300 419
1524310 420
1524320 420
1524330 420
1524340 421
1524350 421
1524360 421
1524370 421
1524380 421
1524390 421
1524400 422
1524410 422
1524420 422
1524430 422
1524440 422
1524450 422
1524460 422
1524470 422
1524480 422
1524490 422
1524500 421
1524510 421
1524520 421
1524530 421
1524540 421
1524550 421
1524560 421
1524570 421
1524580 421
1524590 421
1524600 421
1524610 421
1524620 421
1524630 421
1524640 421
1524650 421
1524660 421
1524670 421
1524680 421
1524690 421
1524700 421
1524710 421
1524720 421
1524730 421
1524740 421
1524750 421
1524760 421
1524770 421
1524780 421
1524790 421
1524800 420
1524810 420
1524820 420
1524830 420
1524840 420
1524850 419
1524860 419
1524870 419
1524880 418
1524890 417
1524900 417
1524910 415
1524920 414
1524930 414
1524940 413
1524950 413
1524960 413
1524970 412
1524980 412
1524990 412
1525000 412
1525010 411
1525020 411
1525030 411
1525040 412
1525050 412
1525060 413
1525070 415
1525080 415
1525090 417
1525100 418
1525110 418
1525120 420
1525130 421
1525140 421
1525150 422
1525160 423
1525170 423
1525180 424
1525190 424
1525200 424
1525210 424
1525220 424
1525230 424
1525240 424
1525250 423
1525260 423
1525270 423
1525280 423
1525290 423
1525300 423
1525310 422
1525320 422
1525330 422
1525340 421
1525350 421
1525360 421
1525370 420
1525380 420
1525390 420
1525400 419
1525410 419
1525420 418
1525430 417
1525440 417
1525450 416
1525460 415
1525470 415
1525480 414
1525490 413
1525500 413
1525510 412
1525520 411
1525530 411
1525540 410
1525550 409
1525560 409
1525570 409
1525580 408
1525590 408
1525600 408
1525610 408
1525620 408
1525630 407
1525640 407
1525650 407
1525660 407
1525670 407
1525680 407
1525690 407
1525700 407
1525710 407
1525720 407
1525730 407
1525740 407
1525750 407
1525760 408
1525770 408
1525780 408
1525790 407
1525800 407
1525810 407
1525820 407
1525830 407
1525840 407
1525850 406
1525860 406
1525870 406
1525880 406
1525890 406
1525900 406
1525910 405
1525920 405
1525930 404
1525940 404
1525950 404
1525960 404
1525970 404
1525980 404
1525990 403
1526000 403
1526010 403
1526020 403
1526030 402
1526040 402
1526050 402
1526060 401
1526070 401
1526080 401
1526090 400
1526100 400
1526110 400
1526120 399
1526130 399
1526140 399
1526150 399
1526160 399
1526170 399
1526180 398
1526190 398
1526200 397
1526210 397
1526220 397
1526230 396
1526240 396
1526250 396
1526260 395
1526270 395
1526280 395
1526290 394
1526300 394
1526310 394
1526320 393
1526330 393
1526340 393
1526350 392
1526360 392
1526370 392
1526380 391
1526390 391
1526400 391
1526410 390
1526420 390
1526430 390
1526440 389
1526450 389
1526460 389
1526470 389
1526480 389
1526490 389
1526500 389
1526510 389
1526520 389
1526530 389
1526540 389
1526550 389
1526560 388
1526570 388
1526580 388
1526590 388
1526600 388
1526610 388
1526620 387
1526630 387
1526640 387
1526650 387
1526660 387
1526670 387
1526680 386
1526690 386
1526700 386
1526710 386
1526720 385
1526730 385
1526740 385
1526750 385
1526760 385
1526770 385
1526780 385
1526790 385
1526800 385
1526810 385
1526820 385
1526830 385
1526840 385
1526850 385
1526860 385
1526870 385
1526880 385
1526890 385
1526900 385
1526910 385
1526920 386
1526930 387
1526940 387
1526950 388
1526960 389
1526970 389
1526980 390
1526990 391
1527000 391
1527010 392
1527020 393
1527030 393
1527040 393
1527050 394
1527060 394
1527070 394
1527080 394
1527090 394
1527100 395
1527110 395
1527120 395
1527130 395
1527140 395
1527150 395
1527160 395
1527170 394
1527180 394
1527190 394
1527200 394
1527210 394
1527220 394
1527230 393
1527240 393
1527250 393
1527260 392
1527270 392
1527280 392
1527290 391
1527300 391
1527310 390
1527320 389
1527330 389
1527340 390
1527350 390
1527360 390
1527370 390
1527380 389
1527390 389
1527400 388
1527410 388
1527420 388
1527430 387
1527440 387
1527450 387
1527460 387
1527470 386
1527480 386
1527490 386
1527500 387
1527510 387
1527520 387
1527530 387
1527540 387
1527550 387
1527560 387
1527570 387
1527580 388
1527590 388
1527600 388
1527610 388
1527620 388
1527630 388
1527640 388
1527650 388
1527660 388
1527670 389
1527680 390
1527690 390
1527700 392
1527710 392
1527720 392
1527730 392
1527740 392
1527750 392
1527760 392
1527770 392
1527780 392
1527790 392
1527800 392
1527810 392
1527820 392
1527830 392
1527840 392
1527850 392
1527860 392
1527870 392
1527880 392
1527890 392
1527900 392
1527910 392
1527920 392
1527930 392
1527940 393
1527950 393
1527960 393
1527970 393
1527980 393
1527990 393
1528000 394
1528010 394
1528020 394
1528030 394
1528040 394
1528050 394
1528060 395
1528070 395
1528080 395
1528090 395
1528100 396
1528110 396
1528120 397
1528130 398
1528140 398
1528150 399
1528160 400
1528170 400
1528180 402
1528190 403
1528200 403
1528210 405
1528220 407
1528230 407
1528240 409
1528250 410
1528260 410
1528270 412
1528280 413
1528290 413
1528300 413
1528310 413
1528320 413
1528330 412
1528340 412
1528350 412
1528360 411
1528370 411
1528380 411
1528390 410
1528400 409
1528410 409
1528420 409
1528430 408
1528440 408
1528450 407
1528460 407
1528470 407
1528480 407
1528490 407
1528500 407
1528510 407
1528520 407
1528530 407
1528540 407
1528550 407
1528560 407
1528570 407
1528580 408
1528590 408
1528600 408
1528610 408
1528620 408
1528630 407
1528640 409
1528650 409
1528660 411
1528670 414
1528680 414
1528690 416
1528700 419
1528710 419
1528720 421
1528730 424
1528740 424
1528750 426
1528760 427
1528770 427
1528780 427
1528790 428
1528800 428
1528810 428
1528820 428
1528830 428
1528840 428
1528850 428
1528860 428
1528870 427
1528880 427
1528890 427
1528900 427
1528910 426
1528920 426
1528930 426
1528940 425
1528950 425
1528960 425
1528970 424
1528980 424
1528990 424
1529000 423
1529010 423
1529020 422
1529030 422
1529040 422
1529050 421
1529060 419
1529070 419
1529080 418
1529090 417
1529100 417
1529110 415
1529120 414
1529130 414
1529140 413
1529150 412
1529160 412
1529170 411
1529180 410
1529190 410
1529200 409
1529210 408
1529220 408
1529230 406
1529240 405
1529250 405
1529260 404
1529270 403
1529280 403
1529290 402
1529300 401
1529310 401
1529320 400
1529330 400
1529340 400
1529350 400
1529360 401
1529370 401
1529380 401
1529390 402
1529400 402
1529410 402
1529420 402
1529430 402
1529440 403
1529450 404
1529460 404
1529470 404
1529480 404
1529490 404
1529500 404
1529510 404
1529520 404
1529530 404
1529540 404
1529550 404
1529560 404
1529570 404
1529580 404
1529590 404
1529600 404
1529610 404
1529620 403
1529630 403
1529640 403
1529650 403
1529660 403
1529670 403
1529680 403
1529690 402
1529700 402
1529710 402
1529720 402
1529730 402
1529740 401
1529750 401
1529760 401
1529770 401
1529780 400
1529790 400
1529800 400
1529810 400
1529820 400
1529830 399
1529840 399
1529850 399
1529860 398
1529870 398
1529880 398
1529890 398
1529900 397
1529910 397
1529920 397
1529930 396
1529940 396
1529950 395
1529960 395
1529970 395
1529980 394
1529990 394
1530000 394
1530010 393
1530020 393
1530030 393
1530040 393
1530050 393
1530060 393
1530070 392
1530080 392
1530090 392
1530100 391
1530110 391
1530120 391
1530130 391
1530140 391
1530150 391
1530160 391
1530170 390
1530180 390
1530190 391
1530200 391
1530210 391
1530220 392
1530230 392
1530240 392
1530250 392
1530260 392
1530270 392
1530280 392
1530290 392
1530300 392
1530310 392
1530320 392
1530330 392
1530340 392
1530350 392
1530360 392
1530370 392
1530380 392
1530390 392
1530400 392
1530410 392
1530420 392
1530430 392
1530440 392
1530450 392
1530460 391
1530470 391
1530480 391
1530490 391
1530500 391
1530510 391
1530520 390
1530530 390
1530540 390
1530550 389
1530560 389
1530570 389
1530580 388
1530590 388
1530600 388
1530610 387
1530620 387
1530630 387
1530640 386
1530650 385
1530660 385
1530670 384
1530680 384
1530690 384
1530700 383
1530710 383
1530720 383
1530730 383
1530740 382
1530750 382
1530760 382
1530770 382
1530780 382
1530790 382
1530800 383
1530810 383
1530820 384
1530830 384
1530840 384
1530850 385
1530860 386
1530870 386
1530880 386
1530890 386
1530900 386
1530910 386
1530920 386
1530930 386
1530940 385
1530950 385
1530960 385
1530970 385
1530980 385
1530990 385
1531000 384
1531010 384
1531020 384
1531030 384
1531040 384
1531050 384
1531060 384
1531070 385
1531080 385
1531090 385
1531100 385
1531110 385
1531120 386
1531130 386
1531140 386
1531150 386
1531160 386
1531170 386
1531180 386
1531190 385
1531200 385
1531210 385
1531220 385
1531230 385
1531240 385
1531250 385
1531260 385
1531270 384
1531280 384
1531290 384
1531300 384
1531310 384
1531320 384
1531330 384
1531340 383
1531350 383
1531360 383
1531370 383
1531380 383
1531390 383
1531400 383
1531410 383
1531420 382
1531430 382
1531440 382
1531450 382
1531460 381
1531470 381
1531480 381
1531490 381
1531500 381
1531510 381
1531520 380
1531530 380
1531540 380
1531550 379
1531560 379
1531570 379
1531580 379
1531590 379
1531600 379
1531610 379
1531620 379
1531630 379
1531640 379
1531650 379
1531660 380
1531670 380
1531680 380
1531690 380
1531700 380
1531710 380
1531720 380
1531730 380
1531740 380
1531750 380
1531760 381
1531770 381
1531780 381
1531790 380
1531800 380
1531810 380
1531820 380
1531830 380
1531840 380
1531850 379
1531860 379
1531870 379
1531880 379
1531890 379
1531900 378
1531910 378
1531920 378
1531930 378
1531940 378
1531950 378
1531960 378
1531970 378
1531980 378
1531990 377
1532000 377
1532010 377
1532020 376
1532030 376
1532040 376
1532050 376
1532060 376
1532070 376
1532080 376
1532090 376
1532100 376
1532110 375
1532120 375
1532130 375
1532140 375
1532150 375
1532160 375
1532170 375
1532180 375
1532190 375
1532200 375
1532210 375
1532220 375
1532230 375
1532240 375
1532250 375
1532260 375
1532270 375
1532280 375
1532290 375
1532300 375
1532310 375
1532320 374
1532330 374
1532340 374
1532350 374
1532360 373
1532370 373
1532380 374
1532390 374
1532400 374
1532410 374
1532420 375
1532430 375
1532440 375
1532450 375
1532460 375
1532470 375
1532480 375
1532490 375
1532500 375
1532510 375
1532520 375
1532530 375
1532540 375
1532550 375
1532560 375
1532570 375
1532580 375
1532590 375
1532600 376
1532610 376
1532620 376
1532630 376
1532640 376
1532650 376
1532660 376
1532670 376
1532680 377
1532690 377
1532700 377
1532710 377
1532720 376
1532730 376
1532740 376
1532750 376
1532760 376
1532770 376
1532780 377
1532790 377
1532800 377
1532810 378
1532820 378
1532830 379
1532840 380
1532850 380
1532860 381
1532870 382
1532880 382
1532890 383
1532900 384
1532910 384
1532920 385
1532930 386
1532940 386
1532950 387
1532960 388
1532970 388
1532980 387
1532990 385
1533000 385
1533010 383
1533020 384
1533030 384
1533040 386
1533050 388
1533060 388
1533070 389
1533080 389
1533090 389
1533100 389
1533110 389
1533120 389
1533130 389
1533140 390
1533150 390
1533160 390
1533170 391
1533180 391
1533190 391
1533200 392
1533210 392
1533220 392
1533230 393
1533240 393
1533250 393
1533260 393
1533270 393
1533280 393
1533290 393
1533300 393
1533310 393
1533320 392
1533330 392
1533340 392
1533350 391
1533360 391
1533370 390
1533380 389
1533390 389
1533400 389
1533410 388
1533420 388
1533430 388
1533440 387
1533450 387
1533460 387
1533470 386
1533480 386
1533490 386
1533500 385
1533510 385
1533520 385
1533530 385
1533540 385
1533550 385
1533560 386
1533570 386
1533580 386
1533590 386
1533600 386
1533610 386
1533620 387
1533630 387
1533640 387
1533650 387
1533660 387
1533670 387
1533680 387
1533690 387
1533700 387
1533710 387
1533720 387
1533730 387
1533740 386
1533750 386
1533760 386
1533770 385
1533780 385
1533790 384
1533800 383
1533810 383
1533820 383
1533830 383
1533840 383
1533850 384
1533860 384
1533870 384
1533880 383
1533890 383
1533900 383
1533910 383
1533920 383
1533930 383
1533940 383
1533950 383
1533960 383
1533970 384
1533980 385
1533990 385
1534000 385
1534010 386
1534020 386
1534030 386
1534040 386
1534050 386
1534060 386
1534070 386
1534080 386
1534090 387
1534100 387
1534110 387
1534120 387
1534130 387
1534140 387
1534150 387
1534160 387
1534170 387
1534180 387
1534190 388
1534200 388
1534210 388
1534220 389
1534230 389
1534240 389
1534250 390
1534260 390
1534270 390
1534280 390
1534290 390
1534300 390
1534310 391
1534320 391
1534330 391
1534340 390
1534350 390
1534360 390
1534370 390
1534380 390
1534390 390
1534400 391
1534410 391
1534420 391
1534430 391
1534440 391
1534450 391
1534460 391
1534470 391
1534480 391
1534490 392
1534500 392
1534510 392
1534520 392
1534530 392
1534540 392
1534550 392
1534560 392
1534570 393
1534580 393
1534590 393
1534600 393
1534610 394
1534620 394
1534630 394
1534640 395
1534650 395
1534660 395
1534670 395
1534680 395
1534690 395
1534700 396
1534710 396
1534720 397
1534730 401
1534740 401
1534750 402
1534760 403
1534770 403
1534780 403
1534790 403
1534800 403
1534810 403
1534820 404
1534830 404
1534840 404
1534850 404
1534860 404
1534870 404
1534880 404
1534890 404
1534900 404
1534910 404
1534920 404
1534930 404
1534940 404
1534950 404
1534960 404
1534970 404
1534980 404
1534990 404
1535000 404
1535010 404
1535020 404
1535030 404
1535040 404
1535050 404
1535060 404
1535070 404
1535080 404
1535090 404
1535100 404
1535110 404
1535120 403
1535130 403
1535140 403
1535150 403
1535160 403
1535170 403
1535180 403
1535190 403
1535200 403
1535210 403
1535220 403
1535230 403
1535240 403
1535250 403
1535260 403
1535270 403
1535280 403
1535290 403
1535300 403
1535310 403
1535320 403
1535330 402
1535340 402
1535350 402
1535360 402
1535370 402
1535380 402
1535390 402
1535400 402
1535410 401
1535420 401
1535430 401
1535440 401
1535450 401
1535460 401
1535470 401
1535480 401
1535490 401
1535500 401
1535510 401
1535520 401
1535530 401
1535540 400
1535550 400
1535560 400
1535570 400
1535580 400
1535590 400
1535600 399
1535610 399
1535620 399
1535630 399
1535640 399
1535650 399
1535660 399
1535670 399
1535680 398
1535690 398
1535700 398
1535710 398
1535720 398
1535730 398
1535740 398
1535750 397
1535760 397
1535770 397
1535780 397
1535790 397
1535800 397
1535810 397
1535820 397
1535830 397
1535840 396
1535850 396
1535860 396
1535870 396
1535880 396
1535890 396
1535900 396
1535910 396
1535920 396
1535930 396
1535940 396
1535950 396
1535960 396
1535970 396
1535980 396
1535990 395
1536000 395
1536010 395
1536020 395
1536030 395
1536040 394
1536050 394
1536060 394
1536070 394
1536080 394
1536090 394
1536100 394
1536110 395
1536120 395
1536130 395
1536140 395
1536150 395
1536160 395
1536170 395
1536180 395
1536190 394
1536200 394
1536210 394
1536220 394
1536230 394
1536240 394
1536250 393
1536260 393
1536270 393
1536280 393
1536290 393
1536300 393
1536310 393
1536320 392
1536330 392
1536340 392
1536350 392
1536360 392
1536370 392
1536380 392
1536390 392
1536400 391
1536410 391
1536420 391
1536430 391
1536440 391
1536450 391
1536460 391
1536470 391
1536480 391
1536490 391
1536500 391
1536510 391
1536520 391
1536530 391
1536540 391
1536550 391
1536560 392
1536570 392
1536580 392
1536590 392
1536600 392
1536610 393
1536620 393
1536630 393
1536640 393
1536650 393
1536660 393
1536670 394
1536680 394
1536690 394
1536700 395
1536710 396
1536720 396
1536730 396
1536740 397
1536750 397
1536760 397
1536770 397
1536780 397
1536790 397
1536800 397
1536810 397
1536820 398
1536830 399
1536840 399
1536850 400
1536860 401
1536870 401
1536880 402
1536890 403
1536900 403
1536910 403
1536920 404
1536930 404
1536940 405
1536950 406
1536960 406
1536970 407
1536980 408
1536990 408
1537000 409
1537010 410
1537020 410
1537030 411
1537040 412
1537050 412
1537060 414
1537070 415
1537080 415
1537090 416
1537100 417
1537110 417
1537120 418
1537130 419
1537140 419
1537150 420
1537160 421
1537170 421
1537180 421
1537190 422
1537200 422
1537210 422
1537220 422
1537230 422
1537240 423
1537250 423
1537260 423
1537270 424
1537280 424
1537290 424
1537300 424
1537310 425
1537320 425
1537330 425
1537340 425
1537350 425
1537360 425
1537370 425
1537380 425
1537390 425
1537400 425
1537410 425
1537420 425
1537430 424
1537440 424
1537450 424
1537460 424
1537470 424
1537480 424
1537490 424
1537500 424
1537510 424
1537520 424
1537530 424
1537540 423
1537550 423
1537560 423
1537570 423
1537580 423
1537590 423
1537600 422
1537610 422
1537620 422
1537630 422
1537640 421
1537650 421
1537660 421
1537670 420
1537680 420
1537690 420
1537700 419
1537710 419
1537720 419
1537730 418
1537740 418
1537750 417
1537760 417
1537770 417
1537780 416
1537790 415
1537800 415
1537810 415
1537820 415
1537830 415
1537840 414
1537850 413
1537860 413
1537870 413
1537880 412
1537890 412
1537900 412
1537910 411
1537920 411
1537930 411
1537940 411
1537950 411
1537960 410
1537970 410
1537980 410
1537990 409
1538000 408
1538010 408
1538020 408
1538030 408
1538040 408
1538050 407
1538060 407
1538070 407
1538080 406
1538090 406
1538100 406
1538110 406
1538120 405
1538130 405
1538140 405
1538150 405
1538160 405
1538170 405
1538180 405
1538190 405
1538200 405
1538210 404
1538220 404
1538230 403
1538240 403
1538250 403
1538260 402
1538270 402
1538280 402
1538290 401
1538300 401
1538310 401
1538320 400
1538330 400
1538340 400
1538350 400
1538360 399
1538370 399
1538380 400
1538390 400
1538400 400
1538410 400
1538420 400
1538430 400
1538440 400
1538450 400
1538460 400
1538470 400
1538480 400
1538490 400
1538500 401
1538510 402
1538520 402
1538530 403
1538540 403
1538550 403
1538560 404
1538570 404
1538580 404
1538590 405
1538600 405
1538610 405
1538620 406
1538630 406
1538640 406
1538650 406
1538660 407
1538670 407
1538680 408
1538690 409
1538700 409
1538710 410
1538720 410
1538730 410
1538740 411
1538750 411
1538760 411
1538770 411
1538780 412
1538790 412
1538800 413
1538810 413
1538820 413
1538830 414
1538840 414
1538850 414
1538860 414
1538870 415
1538880 415
1538890 415
1538900 415
1538910 415
1538920 415
1538930 415
1538940 415
1538950 415
1538960 415
1538970 415
1538980 415
1538990 415
1539000 415
1539010 415
1539020 415
1539030 415
1539040 415
1539050 415
1539060 415
1539070 415
1539080 415
1539090 415
1539100 415
1539110 416
1539120 416
1539130 416
1539140 417
1539150 417
1539160 417
1539170 418
1539180 418
1539190 418
1539200 419
1539210 419
1539220 419
1539230 419
1539240 419
1539250 420
1539260 420
1539270 420
1539280 420
1539290 421
1539300 421
1539310 421
1539320 422
1539330 422
1539340 422
1539350 423
1539360 423
1539370 423
1539380 423
1539390 423
1539400 424
1539410 424
1539420 424
1539430 424
1539440 425
1539450 425
1539460 426
1539470 427
1539480 427
1539490 427
1539500 428
1539510 428
1539520 429
1539530 430
1539540 430
1539550 431
1539560 432
1539570 432
1539580 433
1539590 434
1539600 434
1539610 435
1539620 435
1539630 435
1539640 436
1539650 437
1539660 437
1539670 438
1539680 439
1539690 439
1539700 439
1539710 440
1539720 440
1539730 441
1539740 441
1539750 441
1539760 442
1539770 443
1539780 443
1539790 444
1539800 444
1539810 444
1539820 445
1539830 446
1539840 446
1539850 448
1539860 448
1539870 448
1539880 449
1539890 449
1539900 449
1539910 449
1539920 449
1539930 449
1539940 449
1539950 449
1539960 449
1539970 450
1539980 449
1539990 449
