1520000 401
1520010 401
1520020 402
1520030 404
1520040 404
1520050 407
1520060 409
1520070 409
1520080 410
1520090 411
1520100 411
1520110 411
1520120 412
1520130 412
1520140 413
1520150 414
1520160 414
1520170 415
1520180 416
1520190 416
1520200 417
1520210 417
1520220 417
1520230 418
1520240 419
1520250 419
1520260 419
1520270 420
1520280 420
1520290 421
1520300 421
1520310 421
1520320 421
1520330 421
1520340 421
1520350 420
1520360 419
1520370 419
1520380 419
1520390 417
1520400 417
1520410 415
1520420 411
1520430 411
1520440 408
1520450 411
1520460 411
1520470 417
1520480 420
1520490 420
1520500 421
1520510 421
1520520 421
1520530 420
1520540 419
1520550 419
1520560 418
1520570 416
1520580 416
1520590 412
1520600 414
1520610 414
1520620 419
1520630 421
1520640 421
1520650 421
1520660 422
1520670 422
1520680 422
1520690 424
1520700 424
1520710 425
1520720 425
1520730 425
1520740 422
1520750 423
1520760 423
1520770 426
1520780 425
1520790 425
1520800 424
1520810 426
1520820 426
1520830 428
1520840 428
1520850 428
1520860 429
1520870 429
1520880 429
1520890 426
1520900 426
1520910 426
1520920 430
1520930 432
1520940 432
1520950 432
1520960 428
1520970 428
1520980 426
1520990 424
1521000 424
1521010 423
1521020 425
1521030 425
1521040 430
1521050 436
1521060 436
1521070 441
1521080 443
1521090 443
1521100 444
1521110 444
1521120 444
1521130 444
1521140 442
1521150 442
1521160 441
1521170 438
1521180 438
1521190 434
1521200 431
1521210 431
1521220 430
1521230 432
1521240 432
1521250 437
1521260 444
1521270 444
1521280 449
1521290 452
1521300 452
1521310 455
1521320 457
1521330 457
1521340 461
1521350 465
1521360 465
1521370 469
1521380 471
1521390 471
1521400 472
1521410 473
1521420 473
1521430 474
1521440 474
1521450 474
1521460 475
1521470 475
1521480 475
1521490 475
1521500 475
1521510 475
1521520 475
1521530 475
1521540 475
1521550 474
1521560 474
1521570 474
1521580 473
1521590 472
1521600 472
1521610 472
1521620 471
1521630 471
1521640 470
1521650 469
1521660 469
1521670 468
1521680 467
1521690 467
1521700 466
1521710 464
1521720 464
1521730 463
1521740 461
1521750 461
1521760 460
1521770 459
1521780 459
1521790 458
1521800 457
1521810 457
1521820 456
1521830 455
1521840 455
1521850 454
1521860 453
1521870 453
1521880 452
1521890 451
1521900 451
1521910 450
1521920 449
1521930 449
1521940 448
1521950 447
1521960 447
1521970 447
1521980 446
1521990 446
1522000 445
1522010 445
1522020 445
1522030 444
1522040 444
1522050 444
1522060 443
1522070 442
1522080 442
1522090 441
1522100 440
1522110 440
1522120 439
1522130 438
1522140 438
1522150 437
1522160 436
1522170 436
1522180 435
1522190 434
1522200 434
1522210 433
1522220 433
1522230 433
1522240 432
1522250 432
1522260 432
1522270 431
1522280 431
1522290 431
1522300 431
1522310 431
1522320 431
1522330 430
1522340 430
1522350 430
1522360 429
1522370 428
1522380 428
1522390 428
1522400 427
1522410 427
1522420 427
1522430 427
1522440 427
1522450 426
1522460 426
1522470 426
1522480 426
1522490 426
1522500 426
1522510 426
1522520 426
1522530 426
1522540 426
1522550 426
1522560 425
1522570 424
1522580 424
1522590 422
1522600 421
1522610 421
1522620 421
1522630 421
1522640 421
1522650 420
1522660 420
1522670 420
1522680 420
1522690 420
1522700 420
1522710 419
1522720 419
1522730 419
1522740 419
1522750 419
1522760 419
1522770 419
1522780 418
1522790 418
1522800 419
1522810 418
1522820 418
1522830 419
1522840 419
1522850 419
1522860 419
1522870 419
1522880 419
1522890 419
1522900 419
1522910 419
1522920 419
1522930 418
1522940 418
1522950 418
1522960 418
1522970 418
1522980 418
1522990 418
1523000 418
1523010 418
1523020 418
1523030 418
1523040 417
1523050 417
1523060 417
1523070 417
1523080 416
1523090 416
1523100 417
1523110 417
1523120 417
1523130 417
1523140 417
1523150 417
1523160 417
1523170 417
1523180 417
1523190 418
1523200 419
1523210 419
1523220 418
1523230 418
1523240 418
1523250 418
1523260 419
1523270 419
1523280 420
1523290 420
1523300 420
1523310 420
1523320 421
1523330 421
1523340 421
1523350 422
1523360 422
1523370 422
1523380 422
1523390 422
1523400 422
1523410 422
1523420 422
1523430 422
1523440 421
1523450 421
1523460 421
1523470 421
1523480 421
1523490 421
1523500 421
1523510 421
1523520 421
1523530 419
1523540 419
1523550 419
1523560 419
1523570 419
1523580 419
1523590 419
1523600 419
1523610 420
1523620 421
1523630 421
1523640 421
1523650 422
1523660 422
1523670 423
1523680 423
1523690 423
1523700 424
1523710 425
1523720 425
1523730 426
1523740 426
1523750 426
1523760 427
1523770 428
1523780 428
1523790 429
1523800 430
1523810 430
1523820 430
1523830 430
1523840 430
1523850 431
1523860 431
1523870 431
1523880 431
1523890 432
1523900 432
1523910 432
1523920 432
1523930 432
1523940 431
1523950 431
1523960 431
1523970 431
1523980 431
1523990 431
1524000 431
1524010 431
1524020 431
1524030 431
1524040 431
1524050 431
1524060 431
1524070 431
1524080 431
1524090 430
1524100 430
1524110 430
1524120 430
1524130 430
1524140 430
1524150 430
1524160 431
1524170 431
1524180 431
1524190 431
1524200 431
1524210 431
1524220 430
1524230 430
1524240 430
1524250 430
1524260 430
1524270 430
1524280 429
1524290 429
1524300 429
1524310 429
1524320 429
1524330 428
1524340 428
1524350 428
1524360 427
1524370 427
1524380 427
1524390 427
1524400 427
1524410 427
1524420 426
1524430 426
1524440 426
1524450 426
1524460 426
1524470 426
1524480 426
1524490 426
1524500 426
1524510 425
1524520 425
1524530 425
1524540 424
1524550 424
1524560 424
1524570 424
1524580 423
1524590 423
1524600 423
1524610 423
1524620 423
1524630 423
1524640 423
1524650 423
1524660 422
1524670 422
1524680 422
1524690 422
1524700 422
1524710 422
1524720 421
1524730 421
1524740 421
1524750 421
1524760 421
1524770 421
1524780 420
1524790 420
1524800 420
1524810 420
1524820 419
1524830 419
1524840 419
1524850 419
1524860 419
1524870 418
1524880 418
1524890 418
1524900 417
1524910 417
1524920 417
1524930 417
1524940 416
1524950 416
1524960 416
1524970 416
1524980 416
1524990 416
1525000 415
1525010 415
1525020 415
1525030 415
1525040 415
1525050 414
1525060 414
1525070 414
1525080 413
1525090 413
1525100 413
1525110 413
1525120 412
1525130 412
1525140 412
1525150 412
1525160 412
1525170 411
1525180 411
1525190 411
1525200 411
1525210 410
1525220 410
1525230 410
1525240 410
1525250 410
1525260 410
1525270 409
1525280 409
1525290 409
1525300 409
1525310 409
1525320 409
1525330 408
1525340 408
1525350 408
1525360 408
1525370 408
1525380 407
1525390 407
1525400 407
1525410 407
1525420 406
1525430 406
1525440 406
1525450 406
1525460 406
1525470 406
1525480 406
1525490 406
1525500 405
1525510 405
1525520 405
1525530 405
1525540 404
1525550 404
1525560 404
1525570 404
1525580 404
1525590 402
1525600 402
1525610 402
1525620 402
1525630 401
1525640 401
1525650 401
1525660 401
1525670 401
1525680 401
1525690 401
1525700 401
1525710 401
1525720 401
1525730 401
1525740 400
1525750 399
1525760 399
1525770 398
1525780 398
1525790 398
1525800 397
1525810 396
1525820 396
1525830 396
1525840 396
1525850 396
1525860 395
1525870 396
1525880 396
1525890 396
1525900 396
1525910 396
1525920 396
1525930 396
1525940 396
1525950 396
1525960 395
1525970 395
1525980 395
1525990 395
1526000 395
1526010 395
1526020 395
1526030 395
1526040 394
1526050 394
1526060 394
1526070 394
1526080 394
1526090 394
1526100 394
1526110 394
1526120 394
1526130 394
1526140 394
1526150 394
1526160 394
1526170 393
1526180 393
1526190 393
1526200 393
1526210 393
1526220 393
1526230 392
1526240 392
1526250 392
1526260 391
1526270 391
1526280 391
1526290 391
1526300 391
1526310 391
1526320 391
1526330 391
1526340 391
1526350 391
1526360 391
1526370 391
1526380 391
1526390 391
1526400 392
1526410 392
1526420 392
1526430 393
1526440 393
1526450 393
1526460 394
1526470 394
1526480 394
1526490 394
1526500 394
1526510 394
1526520 394
1526530 394
1526540 394
1526550 393
1526560 394
1526570 394
1526580 394
1526590 394
1526600 394
1526610 395
1526620 395
1526630 395
1526640 395
1526650 395
1526660 395
1526670 395
1526680 395
1526690 395
1526700 396
1526710 396
1526720 396
1526730 396
1526740 396
1526750 396
1526760 396
1526770 396
1526780 396
1526790 396
1526800 396
1526810 396
1526820 396
1526830 396
1526840 396
1526850 396
1526860 396
1526870 396
1526880 396
1526890 396
1526900 396
1526910 396
1526920 396
1526930 396
1526940 396
1526950 396
1526960 396
1526970 396
1526980 396
1526990 396
1527000 397
1527010 397
1527020 397
1527030 397
1527040 397
1527050 397
1527060 397
1527070 397
1527080 397
1527090 397
1527100 398
1527110 398
1527120 397
1527130 397
1527140 397
1527150 397
1527160 397
1527170 397
1527180 397
1527190 397
1527200 397
1527210 397
1527220 397
1527230 397
1527240 397
1527250 396
1527260 396
1527270 396
1527280 396
1527290 396
1527300 396
1527310 396
1527320 396
1527330 396
1527340 396
1527350 396
1527360 396
1527370 395
1527380 395
1527390 395
1527400 395
1527410 395
1527420 395
1527430 395
1527440 395
1527450 394
1527460 394
1527470 394
1527480 394
1527490 394
1527500 394
1527510 394
1527520 394
1527530 394
1527540 394
1527550 394
1527560 394
1527570 394
1527580 394
1527590 394
1527600 394
1527610 394
1527620 393
1527630 393
1527640 393
1527650 393
1527660 393
1527670 393
1527680 392
1527690 392
1527700 392
1527710 392
1527720 391
1527730 391
1527740 391
1527750 391
1527760 391
1527770 390
1527780 390
1527790 390
1527800 390
1527810 389
1527820 389
1527830 389
1527840 389
1527850 389
1527860 389
1527870 388
1527880 388
1527890 388
1527900 387
1527910 387
1527920 387
1527930 387
1527940 387
1527950 387
1527960 386
1527970 386
1527980 386
1527990 385
1528000 385
1528010 385
1528020 384
1528030 384
1528040 384
1528050 384
1528060 384
1528070 384
1528080 384
1528090 384
1528100 383
1528110 383
1528120 383
1528130 382
1528140 381
1528150 381
1528160 381
1528170 381
1528180 381
1528190 381
1528200 381
1528210 381
1528220 381
1528230 381
1528240 381
1528250 381
1528260 381
1528270 381
1528280 382
1528290 382
1528300 382
1528310 384
1528320 386
1528330 386
1528340 387
1528350 388
1528360 388
1528370 389
1528380 389
1528390 389
1528400 390
1528410 391
1528420 391
1528430 391
1528440 392
1528450 392
1528460 393
1528470 394
1528480 394
1528490 394
1528500 395
1528510 395
1528520 395
1528530 395
1528540 395
1528550 396
1528560 396
1528570 396
1528580 396
1528590 395
1528600 395
1528610 395
1528620 395
1528630 395
1528640 395
1528650 395
1528660 395
1528670 395
1528680 395
1528690 395
1528700 395
1528710 395
1528720 395
1528730 395
1528740 396
1528750 396
1528760 397
1528770 397
1528780 397
1528790 398
1528800 399
1528810 399
1528820 400
1528830 400
1528840 400
1528850 401
1528860 401
1528870 401
1528880 402
1528890 402
1528900 402
1528910 403
1528920 403
1528930 403
1528940 404
1528950 404
1528960 404
1528970 404
1528980 404
1528990 404
1529000 404
1529010 405
1529020 405
1529030 405
1529040 406
1529050 406
1529060 406
1529070 406
1529080 406
1529090 407
1529100 407
1529110 407
1529120 407
1529130 407
1529140 407
1529150 407
1529160 407
1529170 407
1529180 407
1529190 408
1529200 408
1529210 408
1529220 407
1529230 407
1529240 407
1529250 407
1529260 407
1529270 407
1529280 408
1529290 408
1529300 408
1529310 409
1529320 409
1529330 409
1529340 409
1529350 409
1529360 409
1529370 409
1529380 409
1529390 409
1529400 409
1529410 409
1529420 409
1529430 409
1529440 409
1529450 409
1529460 409
1529470 409
1529480 408
1529490 408
1529500 408
1529510 408
1529520 408
1529530 408
1529540 407
1529550 407
1529560 407
1529570 407
1529580 407
1529590 407
1529600 407
1529610 407
1529620 407
1529630 406
1529640 406
1529650 406
1529660 406
1529670 405
1529680 405
1529690 405
1529700 404
1529710 404
1529720 404
1529730 404
1529740 404
1529750 404
1529760 403
1529770 403
1529780 403
1529790 402
1529800 402
1529810 402
1529820 402
1529830 402
1529840 401
1529850 401
1529860 401
1529870 400
1529880 400
1529890 400
1529900 400
1529910 399
1529920 399
1529930 399
1529940 398
1529950 398
1529960 398
1529970 398
1529980 398
1529990 397
1530000 397
1530010 397
1530020 396
1530030 396
1530040 396
1530050 395
1530060 395
1530070 395
1530080 395
1530090 395
1530100 395
1530110 394
1530120 394
1530130 394
1530140 394
1530150 394
1530160 394
1530170 393
1530180 393
1530190 393
1530200 393
1530210 392
1530220 392
1530230 392
1530240 392
1530250 392
1530260 392
1530270 391
1530280 391
1530290 391
1530300 391
1530310 391
1530320 390
1530330 390
1530340 390
1530350 390
1530360 389
1530370 389
1530380 389
1530390 389
1530400 389
1530410 389
1530420 389
1530430 389
1530440 388
1530450 388
1530460 388
1530470 388
1530480 387
1530490 387
1530500 387
1530510 386
1530520 386
1530530 386
1530540 385
1530550 385
1530560 385
1530570 384
1530580 384
1530590 384
1530600 384
1530610 384
1530620 384
1530630 385
1530640 385
1530650 385
1530660 386
1530670 386
1530680 385
1530690 384
1530700 384
1530710 384
1530720 384
1530730 384
1530740 384
1530750 383
1530760 383
1530770 383
1530780 383
1530790 383
1530800 383
1530810 383
1530820 383
1530830 383
1530840 382
1530850 382
1530860 382
1530870 382
1530880 382
1530890 381
1530900 381
1530910 381
1530920 381
1530930 381
1530940 381
1530950 381
1530960 380
1530970 380
1530980 379
1530990 379
1531000 379
1531010 379
1531020 379
1531030 379
1531040 379
1531050 379
1531060 379
1531070 379
1531080 379
1531090 379
1531100 379
1531110 379
1531120 379
1531130 379
1531140 379
1531150 379
1531160 379
1531170 379
1531180 379
1531190 379
1531200 379
1531210 379
1531220 379
1531230 378
1531240 378
1531250 378
1531260 378
1531270 378
1531280 378
1531290 378
1531300 378
1531310 378
1531320 377
1531330 377
1531340 377
1531350 377
1531360 377
1531370 376
1531380 376
1531390 376
1531400 376
1531410 376
1531420 376
1531430 376
1531440 375
1531450 375
1531460 375
1531470 375
1531480 375
1531490 375
1531500 374
1531510 374
1531520 374
1531530 374
1531540 374
1531550 374
1531560 374
1531570 374
1531580 373
1531590 373
1531600 373
1531610 373
1531620 373
1531630 373
1531640 373
1531650 373
1531660 373
1531670 373
1531680 372
1531690 372
1531700 372
1531710 373
1531720 373
1531730 374
1531740 374
1531750 374
1531760 374
1531770 373
1531780 373
1531790 373
1531800 373
1531810 373
1531820 373
1531830 374
1531840 374
1531850 374
1531860 374
1531870 374
1531880 375
1531890 376
1531900 376
1531910 377
1531920 379
1531930 379
1531940 381
1531950 383
1531960 383
1531970 385
1531980 387
1531990 387
1532000 389
1532010 391
1532020 391
1532030 393
1532040 395
1532050 395
1532060 397
1532070 398
1532080 398
1532090 400
1532100 401
1532110 401
1532120 402
1532130 402
1532140 402
1532150 403
1532160 403
1532170 403
1532180 403
1532190 403
1532200 403
1532210 404
1532220 404
1532230 404
1532240 404
1532250 404
1532260 404
1532270 404
1532280 405
1532290 405
1532300 405
1532310 405
1532320 405
1532330 405
1532340 405
1532350 405
1532360 405
1532370 405
1532380 405
1532390 405
1532400 405
1532410 405
1532420 405
1532430 405
1532440 405
1532450 405
1532460 405
1532470 405
1532480 405
1532490 405
1532500 405
1532510 405
1532520 405
1532530 405
1532540 405
1532550 405
1532560 405
1532570 404
1532580 404
1532590 404
1532600 404
1532610 404
1532620 404
1532630 403
1532640 402
1532650 402
1532660 397
1532670 397
1532680 391
1532690 388
1532700 388
1532710 387
1532720 386
1532730 386
1532740 385
1532750 386
1532760 386
1532770 386
1532780 385
1532790 385
1532800 385
1532810 385
1532820 385
1532830 384
1532840 384
1532850 384
1532860 383
1532870 383
1532880 383
1532890 383
1532900 382
1532910 382
1532920 383
1532930 385
1532940 385
1532950 390
1532960 392
1532970 392
1532980 392
1532990 392
1533000 392
1533010 393
1533020 393
1533030 393
1533040 393
1533050 393
1533060 393
1533070 393
1533080 393
1533090 393
1533100 394
1533110 394
1533120 394
1533130 394
1533140 394
1533150 394
1533160 394
1533170 394
1533180 394
1533190 394
1533200 394
1533210 394
1533220 394
1533230 394
1533240 394
1533250 394
1533260 394
1533270 394
1533280 393
1533290 393
1533300 393
1533310 393
1533320 393
1533330 393
1533340 393
1533350 393
1533360 393
1533370 393
1533380 392
1533390 392
1533400 392
1533410 392
1533420 392
1533430 391
1533440 391
1533450 391
1533460 391
1533470 391
1533480 391
1533490 390
1533500 390
1533510 390
1533520 390
1533530 390
1533540 390
1533550 389
1533560 389
1533570 389
1533580 389
1533590 389
1533600 389
1533610 388
1533620 388
1533630 388
1533640 388
1533650 388
1533660 388
1533670 387
1533680 387
1533690 387
1533700 386
1533710 386
1533720 386
1533730 385
1533740 385
1533750 385
1533760 384
1533770 384
1533780 384
1533790 383
1533800 383
1533810 383
1533820 382
1533830 382
1533840 382
1533850 381
1533860 381
1533870 381
1533880 380
1533890 380
1533900 380
1533910 379
1533920 379
1533930 379
1533940 378
1533950 377
1533960 377
1533970 377
1533980 376
1533990 376
1534000 376
1534010 376
1534020 376
1534030 375
1534040 373
1534050 373
1534060 372
1534070 372
1534080 372
1534090 372
1534100 372
1534110 372
1534120 372
1534130 373
1534140 373
1534150 373
1534160 373
1534170 373
1534180 373
1534190 373
1534200 373
1534210 371
1534220 371
1534230 371
1534240 371
1534250 372
1534260 372
1534270 373
1534280 374
1534290 374
1534300 375
1534310 375
1534320 375
1534330 377
1534340 377
1534350 377
1534360 378
1534370 378
1534380 378
1534390 380
1534400 382
1534410 382
1534420 384
1534430 384
1534440 384
1534450 386
1534460 386
1534470 386
1534480 387
1534490 387
1534500 387
1534510 387
1534520 387
1534530 387
1534540 388
1534550 391
1534560 391
1534570 396
1534580 398
1534590 398
1534600 398
1534610 398
1534620 398
1534630 399
1534640 399
1534650 399
1534660 399
1534670 400
1534680 400
1534690 400
1534700 400
1534710 400
1534720 400
1534730 400
1534740 400
1534750 400
1534760 399
1534770 399
1534780 399
1534790 399
1534800 399
1534810 398
1534820 398
1534830 398
1534840 398
1534850 398
1534860 398
1534870 397
1534880 397
1534890 397
1534900 397
1534910 397
1534920 397
1534930 398
1534940 399
1534950 399
1534960 400
1534970 400
1534980 400
1534990 400
1535000 400
1535010 400
1535020 400
1535030 400
1535040 400
1535050 400
1535060 401
1535070 401
1535080 401
1535090 401
1535100 401
1535110 401
1535120 401
1535130 401
1535140 401
1535150 401
1535160 401
1535170 401
1535180 401
1535190 401
1535200 401
1535210 401
1535220 401
1535230 401
1535240 401
1535250 401
1535260 401
1535270 401
1535280 401
1535290 400
1535300 400
1535310 400
1535320 400
1535330 400
1535340 400
1535350 399
1535360 398
1535370 398
1535380 398
1535390 397
1535400 397
1535410 396
1535420 396
1535430 396
1535440 395
1535450 394
1535460 394
1535470 393
1535480 393
1535490 393
1535500 392
1535510 391
1535520 391
1535530 390
1535540 388
1535550 388
1535560 387
1535570 386
1535580 386
1535590 385
1535600 383
1535610 383
1535620 382
1535630 381
1535640 381
1535650 381
1535660 383
1535670 383
1535680 383
1535690 383
1535700 383
1535710 383
1535720 384
1535730 384
1535740 384
1535750 384
1535760 384
1535770 385
1535780 385
1535790 385
1535800 386
1535810 388
1535820 388
1535830 389
1535840 390
1535850 390
1535860 390
1535870 390
1535880 390
1535890 390
1535900 390
1535910 390
1535920 390
1535930 390
1535940 390
1535950 389
1535960 389
1535970 389
1535980 389
1535990 388
1536000 388
1536010 388
1536020 387
1536030 387
1536040 386
1536050 386
1536060 386
1536070 385
1536080 384
1536090 384
1536100 384
1536110 383
1536120 383
1536130 383
1536140 381
1536150 381
1536160 379
1536170 379
1536180 379
1536190 380
1536200 379
1536210 379
1536220 376
1536230 377
1536240 377
1536250 376
1536260 374
1536270 374
1536280 372
1536290 371
1536300 371
1536310 369
1536320 367
1536330 367
1536340 366
1536350 366
1536360 366
1536370 366
1536380 365
1536390 365
1536400 365
1536410 365
1536420 365
1536430 365
1536440 365
1536450 365
1536460 364
1536470 364
1536480 364
1536490 364
1536500 363
1536510 363
1536520 364
1536530 365
1536540 365
1536550 366
1536560 367
1536570 367
1536580 369
1536590 369
1536600 369
1536610 369
1536620 370
1536630 370
1536640 371
1536650 372
1536660 372
1536670 373
1536680 373
1536690 373
1536700 374
1536710 374
1536720 374
1536730 375
1536740 375
1536750 375
1536760 376
1536770 376
1536780 377
1536790 377
1536800 378
1536810 378
1536820 379
1536830 379
1536840 379
1536850 380
1536860 380
1536870 380
1536880 380
1536890 381
1536900 381
1536910 381
1536920 380
1536930 380
1536940 380
1536950 380
1536960 380
1536970 379
1536980 379
1536990 379
1537000 378
1537010 378
1537020 378
1537030 377
1537040 377
1537050 377
1537060 377
1537070 376
1537080 376
1537090 376
1537100 375
1537110 375
1537120 375
1537130 375
1537140 375
1537150 374
1537160 374
1537170 374
1537180 373
1537190 373
1537200 373
1537210 373
1537220 372
1537230 372
1537240 372
1537250 372
1537260 372
1537270 371
1537280 371
1537290 371
1537300 371
1537310 370
1537320 370
1537330 369
1537340 369
1537350 369
1537360 369
1537370 369
1537380 369
1537390 369
1537400 369
1537410 369
1537420 368
1537430 368
1537440 368
1537450 368
1537460 368
1537470 368
1537480 367
1537490 367
1537500 367
1537510 367
1537520 366
1537530 366
1537540 366
1537550 366
1537560 366
1537570 366
1537580 366
1537590 366
1537600 365
1537610 365
1537620 365
1537630 364
1537640 364
1537650 364
1537660 364
1537670 364
1537680 364
1537690 364
1537700 364
1537710 364
1537720 364
1537730 364
1537740 364
1537750 364
1537760 364
1537770 364
1537780 364
1537790 364
1537800 364
1537810 363
1537820 363
1537830 363
1537840 363
1537850 363
1537860 363
1537870 363
1537880 363
1537890 363
1537900 363
1537910 363
1537920 363
1537930 362
1537940 362
1537950 362
1537960 362
1537970 362
1537980 362
1537990 362
1538000 362
1538010 362
1538020 362
1538030 362
1538040 362
1538050 362
1538060 362
1538070 362
1538080 362
1538090 362
1538100 362
1538110 362
1538120 362
1538130 362
1538140 362
1538150 362
1538160 362
1538170 362
1538180 362
1538190 362
1538200 362
1538210 362
1538220 362
1538230 362
1538240 362
1538250 361
1538260 361
1538270 361
1538280 359
1538290 359
1538300 359
1538310 360
1538320 361
1538330 361
1538340 362
1538350 362
1538360 362
1538370 362
1538380 362
1538390 362
1538400 362
1538410 361
1538420 361
1538430 361
1538440 361
1538450 361
1538460 361
1538470 361
1538480 361
1538490 361
1538500 361
1538510 361
1538520 361
1538530 361
1538540 361
1538550 361
1538560 361
1538570 361
1538580 361
1538590 361
1538600 361
1538610 361
1538620 361
1538630 361
1538640 361
1538650 361
1538660 361
1538670 361
1538680 361
1538690 361
1538700 361
1538710 361
1538720 361
1538730 360
1538740 360
1538750 360
1538760 360
1538770 360
1538780 360
1538790 359
1538800 359
1538810 359
1538820 359
1538830 358
1538840 358
1538850 358
1538860 359
1538870 359
1538880 359
1538890 359
1538900 359
1538910 359
1538920 360
1538930 360
1538940 360
1538950 360
1538960 360
1538970 360
1538980 360
1538990 360
1539000 361
1539010 361
1539020 361
1539030 361
1539040 361
1539050 361
1539060 361
1539070 361
1539080 361
1539090 361
1539100 361
1539110 361
1539120 361
1539130 360
1539140 360
1539150 360
1539160 360
1539170 360
1539180 360
1539190 360
1539200 360
1539210 360
1539220 361
1539230 361
1539240 361
1539250 361
1539260 361
1539270 361
1539280 361
1539290 361
1539300 360
1539310 360
1539320 360
1539330 360
1539340 360
1539350 360
1539360 360
1539370 359
1539380 359
1539390 359
1539400 359
1539410 359
1539420 359
1539430 358
1539440 358
1539450 358
1539460 358
1539470 358
1539480 359
1539490 359
1539500 359
1539510 359
1539520 359
1539530 359
1539540 359
1539550 359
1539560 359
1539570 360
1539580 360
1539590 360
1539600 360
1539610 360
1539620 360
1539630 360
1539640 360
1539650 360
1539660 361
1539670 361
1539680 361
1539690 360
1539700 360
1539710 360
1539720 359
1539730 359
1539740 359
1539750 360
1539760 360
1539770 360
1539780 360
1539790 360
1539800 360
1539810 360
1539820 360
1539830 360
1539840 360
1539850 360
1539860 360
1539870 360
1539880 360
1539890 360
1539900 360
1539910 361
1539920 361
1539930 360
1539940 360
1539950 360
1539960 360
1539970 360
1539980 360
1539990 360
