1520000 421
1520010 422
1520020 422
1520030 422
1520040 422
1520050 422
1520060 422
1520070 422
1520080 422
1520090 422
1520100 422
1520110 421
1520120 421
1520130 420
1520140 419
1520150 419
1520160 418
1520170 416
1520180 416
1520190 414
1520200 412
1520210 412
1520220 410
1520230 409
1520240 409
1520250 408
1520260 408
1520270 408
1520280 408
1520290 410
1520300 410
1520310 413
1520320 414
1520330 414
1520340 415
1520350 417
1520360 417
1520370 420
1520380 422
1520390 422
1520400 424
1520410 426
1520420 426
1520430 427
1520440 427
1520450 427
1520460 428
1520470 429
1520480 429
1520490 430
1520500 432
1520510 432
1520520 433
1520530 434
1520540 434
1520550 435
1520560 436
1520570 436
1520580 439
1520590 440
1520600 440
1520610 441
1520620 442
1520630 442
1520640 443
1520650 444
1520660 444
1520670 445
1520680 446
1520690 446
1520700 447
1520710 448
1520720 448
1520730 449
1520740 450
1520750 450
1520760 451
1520770 452
1520780 452
1520790 454
1520800 455
1520810 455
1520820 456
1520830 458
1520840 458
1520850 459
1520860 461
1520870 461
1520880 462
1520890 463
1520900 463
1520910 464
1520920 466
1520930 466
1520940 467
1520950 468
1520960 468
1520970 469
1520980 470
1520990 470
1521000 471
1521010 472
1521020 472
1521030 473
1521040 473
1521050 473
1521060 474
1521070 475
1521080 475
1521090 475
1521100 476
1521110 476
1521120 476
1521130 477
1521140 477
1521150 477
1521160 477
1521170 477
1521180 477
1521190 478
1521200 478
1521210 478
1521220 478
1521230 478
1521240 478
1521250 478
1521260 478
1521270 478
1521280 477
1521290 477
1521300 477
1521310 476
1521320 476
1521330 475
1521340 474
1521350 474
1521360 473
1521370 473
1521380 473
1521390 472
1521400 471
1521410 471
1521420 469
1521430 469
1521440 469
1521450 467
1521460 466
1521470 466
1521480 466
1521490 465
1521500 465
1521510 464
1521520 463
1521530 463
1521540 462
1521550 461
1521560 461
1521570 460
1521580 459
1521590 459
1521600 458
1521610 457
1521620 457
1521630 456
1521640 455
1521650 455
1521660 454
1521670 453
1521680 453
1521690 452
1521700 451
1521710 451
1521720 450
1521730 450
1521740 450
1521750 449
1521760 448
1521770 448
1521780 448
1521790 447
1521800 447
1521810 447
1521820 446
1521830 446
1521840 446
1521850 445
1521860 445
1521870 445
1521880 444
1521890 444
1521900 443
1521910 443
1521920 443
1521930 442
1521940 442
1521950 442
1521960 442
1521970 441
1521980 441
1521990 441
1522000 441
1522010 441
1522020 441
1522030 441
1522040 441
1522050 441
1522060 441
1522070 441
1522080 442
1522090 442
1522100 442
1522110 443
1522120 444
1522130 444
1522140 445
1522150 445
1522160 445
1522170 446
1522180 447
1522190 447
1522200 448
1522210 448
1522220 448
1522230 448
1522240 449
1522250 449
1522260 449
1522270 449
1522280 449
1522290 448
1522300 448
1522310 448
1522320 447
1522330 445
1522340 445
1522350 444
1522360 443
1522370 443
1522380 442
1522390 441
1522400 441
1522410 441
1522420 442
1522430 442
1522440 443
1522450 445
1522460 445
1522470 447
1522480 448
1522490 448
1522500 450
1522510 452
1522520 452
1522530 455
1522540 457
1522550 457
1522560 459
1522570 460
1522580 460
1522590 461
1522600 462
1522610 462
1522620 463
1522630 465
1522640 465
1522650 466
1522660 466
1522670 466
1522680 467
1522690 468
1522700 468
1522710 468
1522720 469
1522730 469
1522740 469
1522750 469
1522760 469
1522770 470
1522780 470
1522790 470
1522800 470
1522810 470
1522820 470
1522830 470
1522840 470
1522850 470
1522860 471
1522870 471
1522880 471
1522890 471
1522900 471
1522910 471
1522920 470
1522930 470
1522940 470
1522950 470
1522960 470
1522970 470
1522980 469
1522990 469
1523000 469
1523010 469
1523020 469
1523030 469
1523040 468
1523050 467
1523060 467
1523070 467
1523080 466
1523090 466
1523100 465
1523110 464
1523120 464
1523130 463
1523140 462
1523150 462
1523160 461
1523170 460
1523180 460
1523190 460
1523200 460
1523210 460
1523220 460
1523230 460
1523240 460
1523250 460
1523260 459
1523270 459
1523280 459
1523290 460
1523300 460
1523310 460
1523320 460
1523330 460
1523340 460
1523350 460
1523360 460
1523370 460
1523380 460
1523390 460
1523400 461
1523410 461
1523420 461
1523430 461
1523440 461
1523450 461
1523460 461
1523470 461
1523480 461
1523490 461
1523500 461
1523510 461
1523520 461
1523530 461
1523540 461
1523550 461
1523560 461
1523570 461
1523580 461
1523590 460
1523600 460
1523610 460
1523620 459
1523630 459
1523640 459
1523650 458
1523660 458
1523670 456
1523680 455
1523690 455
1523700 454
1523710 453
1523720 453
1523730 452
1523740 450
1523750 450
1523760 449
1523770 448
1523780 448
1523790 448
1523800 448
1523810 448
1523820 448
1523830 447
1523840 447
1523850 447
1523860 447
1523870 447
1523880 446
1523890 446
1523900 446
1523910 446
1523920 446
1523930 446
1523940 446
1523950 446
1523960 446
1523970 446
1523980 446
1523990 446
1524000 446
1524010 446
1524020 446
1524030 445
1524040 447
1524050 447
1524060 446
1524070 446
1524080 446
1524090 446
1524100 446
1524110 446
1524120 446
1524130 446
1524140 446
1524150 445
1524160 445
1524170 445
1524180 445
1524190 444
1524200 444
1524210 444
1524220 443
1524230 443
1524240 443
1524250 442
1524260 442
1524270 442
1524280 441
1524290 441
1524300 441
1524310 441
1524320 441
1524330 440
1524340 440
1524350 440
1524360 439
1524370 439
1524380 439
1524390 438
1524400 438
1524410 437
1524420 437
1524430 437
1524440 436
1524450 435
1524460 435
1524470 435
1524480 434
1524490 434
1524500 433
1524510 432
1524520 432
1524530 432
1524540 431
1524550 431
1524560 430
1524570 429
1524580 429
1524590 429
1524600 429
1524610 429
1524620 429
1524630 428
1524640 428
1524650 429
1524660 429
1524670 429
1524680 428
1524690 428
1524700 428
1524710 428
1524720 428
1524730 428
1524740 427
1524750 427
1524760 427
1524770 427
1524780 426
1524790 426
1524800 426
1524810 426
1524820 426
1524830 426
1524840 425
1524850 425
1524860 425
1524870 424
1524880 424
1524890 424
1524900 423
1524910 423
1524920 423
1524930 422
1524940 422
1524950 421
1524960 420
1524970 420
1524980 419
1524990 418
1525000 418
1525010 417
1525020 417
1525030 417
1525040 416
1525050 415
1525060 415
1525070 415
1525080 414
1525090 414
1525100 414
1525110 414
1525120 414
1525130 414
1525140 414
1525150 414
1525160 414
1525170 414
1525180 414
1525190 413
1525200 413
1525210 413
1525220 413
1525230 412
1525240 412
1525250 412
1525260 412
1525270 412
1525280 411
1525290 411
1525300 411
1525310 410
1525320 409
1525330 409
1525340 409
1525350 408
1525360 408
1525370 407
1525380 406
1525390 406
1525400 406
1525410 406
1525420 406
1525430 406
1525440 405
1525450 405
1525460 405
1525470 405
1525480 405
1525490 405
1525500 405
1525510 405
1525520 405
1525530 405
1525540 405
1525550 405
1525560 405
1525570 405
1525580 405
1525590 405
1525600 405
1525610 405
1525620 404
1525630 404
1525640 404
1525650 404
1525660 404
1525670 404
1525680 404
1525690 404
1525700 404
1525710 405
1525720 405
1525730 406
1525740 407
1525750 407
1525760 407
1525770 407
1525780 407
1525790 407
1525800 408
1525810 408
1525820 408
1525830 408
1525840 408
1525850 408
1525860 409
1525870 409
1525880 409
1525890 408
1525900 408
1525910 408
1525920 408
1525930 408
1525940 408
1525950 408
1525960 408
1525970 408
1525980 408
1525990 408
1526000 408
1526010 407
1526020 407
1526030 408
1526040 408
1526050 408
1526060 408
1526070 408
1526080 408
1526090 408
1526100 408
1526110 408
1526120 408
1526130 407
1526140 407
1526150 407
1526160 407
1526170 407
1526180 407
1526190 407
1526200 407
1526210 407
1526220 406
1526230 406
1526240 406
1526250 406
1526260 406
1526270 406
1526280 406
1526290 406
1526300 406
1526310 406
1526320 406
1526330 406
1526340 406
1526350 406
1526360 406
1526370 406
1526380 406
1526390 406
1526400 406
1526410 406
1526420 405
1526430 405
1526440 405
1526450 405
1526460 405
1526470 405
1526480 405
1526490 405
1526500 405
1526510 405
1526520 405
1526530 405
1526540 405
1526550 405
1526560 405
1526570 404
1526580 404
1526590 404
1526600 404
1526610 404
1526620 404
1526630 404
1526640 404
1526650 404
1526660 404
1526670 404
1526680 404
1526690 404
1526700 404
1526710 404
1526720 404
1526730 404
1526740 404
1526750 404
1526760 403
1526770 403
1526780 403
1526790 403
1526800 403
1526810 403
1526820 403
1526830 403
1526840 403
1526850 403
1526860 403
1526870 403
1526880 403
1526890 403
1526900 403
1526910 402
1526920 402
1526930 402
1526940 401
1526950 401
1526960 401
1526970 401
1526980 401
1526990 401
1527000 401
1527010 401
1527020 401
1527030 401
1527040 401
1527050 401
1527060 400
1527070 400
1527080 400
1527090 400
1527100 400
1527110 400
1527120 400
1527130 400
1527140 400
1527150 400
1527160 400
1527170 400
1527180 400
1527190 400
1527200 400
1527210 400
1527220 400
1527230 400
1527240 399
1527250 399
1527260 399
1527270 399
1527280 399
1527290 398
1527300 399
1527310 399
1527320 399
1527330 399
1527340 399
1527350 398
1527360 398
1527370 398
1527380 397
1527390 397
1527400 397
1527410 397
1527420 396
1527430 396
1527440 396
1527450 395
1527460 395
1527470 395
1527480 395
1527490 395
1527500 395
1527510 395
1527520 395
1527530 395
1527540 394
1527550 394
1527560 394
1527570 394
1527580 394
1527590 393
1527600 393
1527610 393
1527620 393
1527630 392
1527640 392
1527650 392
1527660 392
1527670 392
1527680 392
1527690 391
1527700 391
1527710 391
1527720 390
1527730 390
1527740 389
1527750 389
1527760 389
1527770 389
1527780 389
1527790 389
1527800 389
1527810 389
1527820 389
1527830 389
1527840 388
1527850 388
1527860 387
1527870 387
1527880 387
1527890 387
1527900 386
1527910 386
1527920 386
1527930 386
1527940 386
1527950 386
1527960 386
1527970 386
1527980 386
1527990 387
1528000 387
1528010 386
1528020 386
1528030 386
1528040 386
1528050 386
1528060 386
1528070 386
1528080 386
1528090 386
1528100 386
1528110 386
1528120 386
1528130 386
1528140 385
1528150 385
1528160 386
1528170 387
1528180 387
1528190 387
1528200 388
1528210 388
1528220 389
1528230 390
1528240 390
1528250 392
1528260 393
1528270 393
1528280 394
1528290 395
1528300 395
1528310 396
1528320 397
1528330 397
1528340 399
1528350 399
1528360 399
1528370 398
1528380 398
1528390 398
1528400 398
1528410 400
1528420 400
1528430 402
1528440 403
1528450 403
1528460 404
1528470 406
1528480 406
1528490 407
1528500 408
1528510 408
1528520 410
1528530 411
1528540 411
1528550 412
1528560 414
1528570 414
1528580 415
1528590 415
1528600 415
1528610 416
1528620 416
1528630 416
1528640 416
1528650 416
1528660 416
1528670 416
1528680 416
1528690 416
1528700 416
1528710 416
1528720 416
1528730 416
1528740 416
1528750 416
1528760 416
1528770 415
1528780 415
1528790 415
1528800 415
1528810 415
1528820 414
1528830 414
1528840 414
1528850 414
1528860 414
1528870 414
1528880 413
1528890 413
1528900 413
1528910 413
1528920 412
1528930 412
1528940 412
1528950 411
1528960 411
1528970 411
1528980 411
1528990 411
1529000 410
1529010 410
1529020 410
1529030 409
1529040 409
1529050 409
1529060 409
1529070 409
1529080 409
1529090 409
1529100 409
1529110 409
1529120 409
1529130 409
1529140 410
1529150 410
1529160 410
1529170 410
1529180 410
1529190 410
1529200 410
1529210 410
1529220 410
1529230 410
1529240 410
1529250 410
1529260 410
1529270 410
1529280 410
1529290 410
1529300 410
1529310 410
1529320 411
1529330 411
1529340 411
1529350 411
1529360 411
1529370 411
1529380 411
1529390 411
1529400 411
1529410 411
1529420 411
1529430 411
1529440 411
1529450 411
1529460 411
1529470 411
1529480 412
1529490 412
1529500 412
1529510 412
1529520 412
1529530 412
1529540 412
1529550 412
1529560 412
1529570 412
1529580 412
1529590 412
1529600 412
1529610 412
1529620 412
1529630 412
1529640 412
1529650 412
1529660 412
1529670 412
1529680 412
1529690 412
1529700 412
1529710 412
1529720 412
1529730 412
1529740 412
1529750 412
1529760 412
1529770 412
1529780 412
1529790 412
1529800 412
1529810 412
1529820 412
1529830 411
1529840 411
1529850 411
1529860 411
1529870 411
1529880 411
1529890 411
1529900 410
1529910 410
1529920 410
1529930 410
1529940 410
1529950 410
1529960 410
1529970 410
1529980 409
1529990 409
1530000 409
1530010 409
1530020 408
1530030 408
1530040 408
1530050 408
1530060 408
1530070 408
1530080 408
1530090 408
1530100 407
1530110 407
1530120 407
1530130 407
1530140 407
1530150 407
1530160 406
1530170 406
1530180 406
1530190 404
1530200 404
1530210 404
1530220 404
1530230 403
1530240 403
1530250 403
1530260 402
1530270 402
1530280 402
1530290 401
1530300 401
1530310 401
1530320 400
1530330 400
1530340 400
1530350 399
1530360 399
1530370 399
1530380 398
1530390 398
1530400 398
1530410 398
1530420 398
1530430 397
1530440 397
1530450 397
1530460 397
1530470 397
1530480 397
1530490 397
1530500 396
1530510 396
1530520 396
1530530 396
1530540 396
1530550 396
1530560 395
1530570 395
1530580 395
1530590 394
1530600 394
1530610 394
1530620 393
1530630 393
1530640 393
1530650 392
1530660 392
1530670 392
1530680 392
1530690 392
1530700 392
1530710 392
1530720 392
1530730 391
1530740 391
1530750 391
1530760 391
1530770 391
1530780 391
1530790 390
1530800 390
1530810 390
1530820 390
1530830 389
1530840 389
1530850 389
1530860 389
1530870 389
1530880 389
1530890 388
1530900 388
1530910 388
1530920 388
1530930 388
1530940 388
1530950 387
1530960 387
1530970 387
1530980 387
1530990 387
1531000 386
1531010 386
1531020 386
1531030 385
1531040 385
1531050 385
1531060 385
1531070 384
1531080 384
1531090 384
1531100 383
1531110 383
1531120 383
1531130 383
1531140 383
1531150 383
1531160 383
1531170 383
1531180 382
1531190 382
1531200 382
1531210 382
1531220 382
1531230 382
1531240 381
1531250 380
1531260 380
1531270 380
1531280 379
1531290 379
1531300 379
1531310 379
1531320 379
1531330 379
1531340 379
1531350 379
1531360 379
1531370 379
1531380 379
1531390 378
1531400 377
1531410 377
1531420 377
1531430 377
1531440 377
1531450 376
1531460 376
1531470 376
1531480 375
1531490 375
1531500 375
1531510 375
1531520 375
1531530 375
1531540 375
1531550 375
1531560 375
1531570 375
1531580 374
1531590 374
1531600 374
1531610 374
1531620 374
1531630 374
1531640 373
1531650 373
1531660 373
1531670 373
1531680 373
1531690 373
1531700 373
1531710 373
1531720 373
1531730 372
1531740 372
1531750 372
1531760 372
1531770 372
1531780 372
1531790 372
1531800 372
1531810 372
1531820 372
1531830 372
1531840 372
1531850 372
1531860 372
1531870 372
1531880 372
1531890 372
1531900 371
1531910 370
1531920 370
1531930 371
1531940 372
1531950 372
1531960 372
1531970 372
1531980 372
1531990 372
1532000 372
1532010 372
1532020 373
1532030 374
1532040 374
1532050 375
1532060 376
1532070 376
1532080 377
1532090 378
1532100 378
1532110 379
1532120 380
1532130 380
1532140 381
1532150 381
1532160 381
1532170 382
1532180 382
1532190 382
1532200 382
1532210 381
1532220 381
1532230 382
1532240 382
1532250 382
1532260 382
1532270 382
1532280 382
1532290 382
1532300 381
1532310 381
1532320 381
1532330 381
1532340 381
1532350 380
1532360 380
1532370 380
1532380 379
1532390 379
1532400 379
1532410 378
1532420 378
1532430 378
1532440 377
1532450 377
1532460 377
1532470 377
1532480 377
1532490 377
1532500 376
1532510 376
1532520 376
1532530 376
1532540 376
1532550 376
1532560 376
1532570 376
1532580 376
1532590 377
1532600 377
1532610 377
1532620 378
1532630 378
1532640 378
1532650 379
1532660 380
1532670 380
1532680 380
1532690 380
1532700 380
1532710 380
1532720 380
1532730 380
1532740 380
1532750 380
1532760 380
1532770 379
1532780 379
1532790 379
1532800 379
1532810 379
1532820 379
1532830 379
1532840 380
1532850 380
1532860 380
1532870 379
1532880 379
1532890 379
1532900 379
1532910 379
1532920 378
1532930 378
1532940 377
1532950 377
1532960 376
1532970 376
1532980 376
1532990 376
1533000 376
1533010 375
1533020 375
1533030 375
1533040 374
1533050 374
1533060 374
1533070 374
1533080 374
1533090 374
1533100 374
1533110 374
1533120 374
1533130 374
1533140 374
1533150 374
1533160 373
1533170 373
1533180 373
1533190 373
1533200 373
1533210 373
1533220 373
1533230 373
1533240 373
1533250 373
1533260 373
1533270 373
1533280 373
1533290 373
1533300 373
1533310 373
1533320 373
1533330 373
1533340 372
1533350 372
1533360 372
1533370 372
1533380 371
1533390 371
1533400 371
1533410 371
1533420 371
1533430 371
1533440 371
1533450 371
1533460 371
1533470 370
1533480 370
1533490 370
1533500 370
1533510 370
1533520 370
1533530 370
1533540 370
1533550 370
1533560 371
1533570 371
1533580 371
1533590 371
1533600 371
1533610 371
1533620 371
1533630 371
1533640 371
1533650 371
1533660 371
1533670 370
1533680 370
1533690 370
1533700 370
1533710 370
1533720 370
1533730 370
1533740 370
1533750 370
1533760 370
1533770 370
1533780 370
1533790 370
1533800 370
1533810 369
1533820 369
1533830 369
1533840 369
1533850 369
1533860 369
1533870 369
1533880 369
1533890 369
1533900 369
1533910 369
1533920 369
1533930 369
1533940 369
1533950 369
1533960 369
1533970 369
1533980 369
1533990 369
1534000 369
1534010 369
1534020 369
1534030 369
1534040 369
1534050 369
1534060 369
1534070 369
1534080 369
1534090 369
1534100 369
1534110 369
1534120 369
1534130 369
1534140 369
1534150 369
1534160 369
1534170 369
1534180 369
1534190 369
1534200 369
1534210 369
1534220 369
1534230 369
1534240 369
1534250 369
1534260 369
1534270 369
1534280 369
1534290 369
1534300 369
1534310 369
1534320 369
1534330 369
1534340 369
1534350 369
1534360 369
1534370 369
1534380 369
1534390 368
1534400 368
1534410 368
1534420 369
1534430 369
1534440 369
1534450 368
1534460 368
1534470 368
1534480 368
1534490 368
1534500 368
1534510 368
1534520 368
1534530 368
1534540 370
1534550 370
1534560 370
1534570 369
1534580 369
1534590 369
1534600 369
1534610 369
1534620 369
1534630 368
1534640 368
1534650 368
1534660 368
1534670 368
1534680 367
1534690 367
1534700 367
1534710 367
1534720 366
1534730 366
1534740 366
1534750 366
1534760 366
1534770 366
1534780 366
1534790 366
1534800 367
1534810 367
1534820 367
1534830 367
1534840 367
1534850 367
1534860 367
1534870 367
1534880 367
1534890 367
1534900 367
1534910 367
1534920 367
1534930 367
1534940 367
1534950 367
1534960 367
1534970 367
1534980 367
1534990 367
1535000 367
1535010 367
1535020 367
1535030 367
1535040 366
1535050 366
1535060 366
1535070 366
1535080 367
1535090 367
1535100 367
1535110 367
1535120 367
1535130 367
1535140 367
1535150 367
1535160 367
1535170 367
1535180 367
1535190 367
1535200 367
1535210 367
1535220 367
1535230 367
1535240 367
1535250 367
1535260 367
1535270 367
1535280 367
1535290 367
1535300 367
1535310 367
1535320 367
1535330 367
1535340 366
1535350 366
1535360 366
1535370 365
1535380 366
1535390 366
1535400 366
1535410 367
1535420 367
1535430 367
1535440 367
1535450 367
1535460 367
1535470 367
1535480 367
1535490 367
1535500 368
1535510 368
1535520 368
1535530 368
1535540 368
1535550 368
1535560 370
1535570 370
1535580 370
1535590 371
1535600 371
1535610 372
1535620 373
1535630 373
1535640 373
1535650 374
1535660 374
1535670 374
1535680 373
1535690 373
1535700 374
1535710 374
1535720 374
1535730 374
1535740 373
1535750 373
1535760 375
1535770 377
1535780 377
1535790 377
1535800 378
1535810 378
1535820 378
1535830 379
1535840 379
1535850 380
1535860 381
1535870 381
1535880 381
1535890 381
1535900 381
1535910 382
1535920 382
1535930 382
1535940 382
1535950 382
1535960 382
1535970 383
1535980 384
1535990 384
1536000 384
1536010 383
1536020 383
1536030 383
1536040 381
1536050 381
1536060 380
1536070 381
1536080 381
1536090 383
1536100 385
1536110 385
1536120 388
1536130 390
1536140 390
1536150 391
1536160 392
1536170 392
1536180 392
1536190 393
1536200 393
1536210 393
1536220 393
1536230 393
1536240 394
1536250 394
1536260 394
1536270 394
1536280 394
1536290 394
1536300 394
1536310 395
1536320 395
1536330 395
1536340 395
1536350 395
1536360 395
1536370 395
1536380 395
1536390 395
1536400 395
1536410 395
1536420 396
1536430 396
1536440 396
1536450 397
1536460 398
1536470 398
1536480 398
1536490 399
1536500 399
1536510 399
1536520 399
1536530 399
1536540 399
1536550 400
1536560 400
1536570 400
1536580 400
1536590 400
1536600 400
1536610 400
1536620 400
1536630 399
1536640 399
1536650 399
1536660 399
1536670 399
1536680 399
1536690 398
1536700 398
1536710 398
1536720 397
1536730 397
1536740 397
1536750 396
1536760 394
1536770 394
1536780 394
1536790 394
1536800 394
1536810 393
1536820 393
1536830 393
1536840 392
1536850 391
1536860 391
1536870 390
1536880 389
1536890 389
1536900 388
1536910 387
1536920 387
1536930 387
1536940 386
1536950 386
1536960 386
1536970 385
1536980 385
1536990 384
1537000 384
1537010 384
1537020 383
1537030 383
1537040 383
1537050 383
1537060 383
1537070 383
1537080 384
1537090 384
1537100 384
1537110 384
1537120 384
1537130 384
1537140 383
1537150 383
1537160 383
1537170 383
1537180 383
1537190 383
1537200 383
1537210 383
1537220 383
1537230 383
1537240 382
1537250 382
1537260 382
1537270 382
1537280 382
1537290 382
1537300 382
1537310 382
1537320 382
1537330 382
1537340 382
1537350 382
1537360 381
1537370 381
1537380 381
1537390 381
1537400 381
1537410 381
1537420 380
1537430 380
1537440 380
1537450 380
1537460 380
1537470 379
1537480 379
1537490 379
1537500 379
1537510 378
1537520 378
1537530 378
1537540 377
1537550 377
1537560 376
1537570 376
1537580 376
1537590 375
1537600 374
1537610 374
1537620 374
1537630 375
1537640 375
1537650 375
1537660 376
1537670 376
1537680 376
1537690 376
1537700 376
1537710 377
1537720 377
1537730 377
1537740 377
1537750 378
1537760 378
1537770 378
1537780 378
1537790 378
1537800 378
1537810 378
1537820 378
1537830 379
1537840 379
1537850 379
1537860 378
1537870 378
1537880 378
1537890 378
1537900 378
1537910 378
1537920 378
1537930 378
1537940 378
1537950 378
1537960 378
1537970 378
1537980 377
1537990 377
1538000 377
1538010 377
1538020 377
1538030 377
1538040 377
1538050 377
1538060 377
1538070 377
1538080 377
1538090 377
1538100 377
1538110 376
1538120 376
1538130 376
1538140 376
1538150 376
1538160 376
1538170 376
1538180 376
1538190 376
1538200 376
1538210 376
1538220 376
1538230 376
1538240 376
1538250 376
1538260 376
1538270 376
1538280 376
1538290 376
1538300 376
1538310 376
1538320 376
1538330 376
1538340 376
1538350 376
1538360 375
1538370 375
1538380 375
1538390 375
1538400 375
1538410 375
1538420 375
1538430 375
1538440 375
1538450 375
1538460 375
1538470 375
1538480 375
1538490 375
1538500 375
1538510 375
1538520 374
1538530 374
1538540 374
1538550 374
1538560 374
1538570 374
1538580 374
1538590 374
1538600 374
1538610 374
1538620 374
1538630 374
1538640 374
1538650 374
1538660 374
1538670 374
1538680 374
1538690 374
1538700 374
1538710 374
1538720 373
1538730 373
1538740 373
1538750 373
1538760 373
1538770 373
1538780 373
1538790 373
1538800 373
1538810 373
1538820 373
1538830 373
1538840 373
1538850 373
1538860 373
1538870 372
1538880 372
1538890 372
1538900 372
1538910 372
1538920 372
1538930 371
1538940 371
1538950 371
1538960 371
1538970 372
1538980 372
1538990 372
1539000 372
1539010 372
1539020 372
1539030 372
1539040 372
1539050 373
1539060 373
1539070 373
1539080 373
1539090 373
1539100 373
1539110 373
1539120 373
1539130 373
1539140 373
1539150 373
1539160 373
1539170 373
1539180 373
1539190 373
1539200 373
1539210 373
1539220 373
1539230 373
1539240 373
1539250 373
1539260 373
1539270 373
1539280 373
1539290 373
1539300 373
1539310 373
1539320 373
1539330 373
1539340 373
1539350 373
1539360 373
1539370 373
1539380 373
1539390 372
1539400 372
1539410 372
1539420 372
1539430 372
1539440 372
1539450 372
1539460 372
1539470 372
1539480 372
1539490 372
1539500 372
1539510 372
1539520 372
1539530 372
1539540 372
1539550 372
1539560 372
1539570 372
1539580 372
1539590 372
1539600 372
1539610 372
1539620 372
1539630 372
1539640 372
1539650 372
1539660 372
1539670 372
1539680 371
1539690 371
1539700 371
1539710 371
1539720 371
1539730 371
1539740 371
1539750 371
1539760 371
1539770 371
1539780 371
1539790 371
1539800 370
1539810 370
1539820 370
1539830 370
1539840 370
1539850 370
1539860 369
1539870 369
1539880 369
1539890 369
1539900 369
1539910 369
1539920 368
1539930 368
1539940 368
1539950 367
1539960 367
1539970 367
1539980 366
1539990 366
