1520000 413
1520010 414
1520020 414
1520030 414
1520040 414
1520050 414
1520060 414
1520070 414
1520080 414
1520090 413
1520100 413
1520110 413
1520120 413
1520130 413
1520140 413
1520150 413
1520160 413
1520170 414
1520180 415
1520190 415
1520200 416
1520210 417
1520220 417
1520230 417
1520240 417
1520250 417
1520260 416
1520270 416
1520280 416
1520290 415
1520300 414
1520310 414
1520320 413
1520330 412
1520340 412
1520350 411
1520360 409
1520370 409
1520380 408
1520390 406
1520400 406
1520410 404
1520420 403
1520430 403
1520440 401
1520450 399
1520460 399
1520470 396
1520480 394
1520490 394
1520500 392
1520510 390
1520520 390
1520530 388
1520540 387
1520550 387
1520560 388
1520570 392
1520580 392
1520590 396
1520600 399
1520610 399
1520620 399
1520630 400
1520640 400
1520650 400
1520660 400
1520670 400
1520680 400
1520690 401
1520700 401
1520710 401
1520720 401
1520730 401
1520740 401
1520750 401
1520760 401
1520770 401
1520780 402
1520790 402
1520800 402
1520810 402
1520820 402
1520830 402
1520840 401
1520850 401
1520860 400
1520870 399
1520880 399
1520890 398
1520900 397
1520910 397
1520920 398
1520930 398
1520940 398
1520950 397
1520960 397
1520970 397
1520980 397
1520990 396
1521000 396
1521010 396
1521020 396
1521030 396
1521040 394
1521050 392
1521060 392
1521070 391
1521080 390
1521090 390
1521100 387
1521110 386
1521120 386
1521130 386
1521140 386
1521150 386
1521160 386
1521170 390
1521180 390
1521190 396
1521200 400
1521210 400
1521220 403
1521230 406
1521240 406
1521250 410
1521260 413
1521270 413
1521280 416
1521290 419
1521300 419
1521310 422
1521320 425
1521330 425
1521340 426
1521350 428
1521360 428
1521370 428
1521380 429
1521390 429
1521400 429
1521410 430
1521420 430
1521430 430
1521440 430
1521450 430
1521460 429
1521470 429
1521480 429
1521490 429
1521500 428
1521510 428
1521520 427
1521530 427
1521540 427
1521550 426
1521560 426
1521570 426
1521580 425
1521590 424
1521600 424
1521610 423
1521620 422
1521630 422
1521640 420
1521650 419
1521660 419
1521670 418
1521680 417
1521690 417
1521700 416
1521710 415
1521720 415
1521730 414
1521740 413
1521750 413
1521760 413
1521770 412
1521780 412
1521790 412
1521800 411
1521810 411
1521820 411
1521830 411
1521840 411
1521850 411
1521860 410
1521870 410
1521880 409
1521890 408
1521900 408
1521910 408
1521920 407
1521930 407
1521940 405
1521950 404
1521960 404
1521970 403
1521980 402
1521990 402
1522000 402
1522010 402
1522020 402
1522030 403
1522040 404
1522050 404
1522060 404
1522070 404
1522080 404
1522090 404
1522100 404
1522110 404
1522120 405
1522130 407
1522140 407
1522150 409
1522160 410
1522170 410
1522180 410
1522190 411
1522200 411
1522210 411
1522220 411
1522230 411
1522240 411
1522250 412
1522260 412
1522270 412
1522280 412
1522290 412
1522300 412
1522310 412
1522320 412
1522330 413
1522340 413
1522350 413
1522360 413
1522370 413
1522380 413
1522390 413
1522400 414
1522410 414
1522420 414
1522430 414
1522440 414
1522450 414
1522460 414
1522470 414
1522480 415
1522490 416
1522500 416
1522510 416
1522520 416
1522530 416
1522540 416
1522550 417
1522560 417
1522570 417
1522580 417
1522590 417
1522600 418
1522610 418
1522620 418
1522630 418
1522640 419
1522650 419
1522660 419
1522670 419
1522680 419
1522690 419
1522700 420
1522710 420
1522720 420
1522730 420
1522740 420
1522750 421
1522760 421
1522770 421
1522780 422
1522790 422
1522800 422
1522810 422
1522820 423
1522830 423
1522840 423
1522850 424
1522860 424
1522870 425
1522880 425
1522890 425
1522900 426
1522910 426
1522920 427
1522930 427
1522940 427
1522950 428
1522960 429
1522970 429
1522980 430
1522990 430
1523000 430
1523010 431
1523020 432
1523030 432
1523040 433
1523050 433
1523060 433
1523070 434
1523080 435
1523090 435
1523100 436
1523110 437
1523120 437
1523130 438
1523140 439
1523150 439
1523160 441
1523170 442
1523180 442
1523190 443
1523200 444
1523210 444
1523220 445
1523230 446
1523240 446
1523250 447
1523260 448
1523270 448
1523280 449
1523290 451
1523300 451
1523310 451
1523320 452
1523330 452
1523340 453
1523350 453
1523360 453
1523370 454
1523380 454
1523390 454
1523400 454
1523410 454
1523420 454
1523430 454
1523440 454
1523450 454
1523460 454
1523470 454
1523480 454
1523490 454
1523500 453
1523510 453
1523520 453
1523530 452
1523540 452
1523550 452
1523560 451
1523570 451
1523580 451
1523590 450
1523600 450
1523610 450
1523620 449
1523630 449
1523640 449
1523650 448
1523660 448
1523670 448
1523680 447
1523690 447
1523700 447
1523710 447
1523720 447
1523730 446
1523740 446
1523750 446
1523760 446
1523770 446
1523780 446
1523790 446
1523800 446
1523810 446
1523820 446
1523830 445
1523840 445
1523850 445
1523860 445
1523870 445
1523880 445
1523890 445
1523900 445
1523910 445
1523920 445
1523930 445
1523940 445
1523950 445
1523960 445
1523970 445
1523980 445
1523990 445
1524000 445
1524010 445
1524020 445
1524030 445
1524040 445
1524050 445
1524060 445
1524070 446
1524080 446
1524090 446
1524100 446
1524110 446
1524120 446
1524130 446
1524140 446
1524150 446
1524160 447
1524170 447
1524180 447
1524190 447
1524200 447
1524210 447
1524220 447
1524230 447
1524240 448
1524250 448
1524260 448
1524270 448
1524280 448
1524290 448
1524300 448
1524310 448
1524320 448
1524330 447
1524340 447
1524350 447
1524360 448
1524370 448
1524380 448
1524390 448
1524400 447
1524410 447
1524420 447
1524430 446
1524440 446
1524450 447
1524460 447
1524470 447
1524480 447
1524490 447
1524500 447
1524510 447
1524520 447
1524530 447
1524540 446
1524550 446
1524560 446
1524570 446
1524580 446
1524590 446
1524600 446
1524610 446
1524620 446
1524630 446
1524640 446
1524650 446
1524660 445
1524670 445
1524680 445
1524690 445
1524700 445
1524710 445
1524720 445
1524730 445
1524740 445
1524750 444
1524760 444
1524770 444
1524780 444
1524790 443
1524800 443
1524810 443
1524820 443
1524830 443
1524840 442
1524850 442
1524860 442
1524870 442
1524880 441
1524890 441
1524900 441
1524910 441
1524920 441
1524930 440
1524940 440
1524950 440
1524960 440
1524970 439
1524980 439
1524990 439
1525000 438
1525010 438
1525020 438
1525030 437
1525040 437
1525050 437
1525060 437
1525070 437
1525080 436
1525090 436
1525100 436
1525110 435
1525120 435
1525130 435
1525140 434
1525150 434
1525160 434
1525170 434
1525180 434
1525190 434
1525200 434
1525210 434
1525220 434
1525230 434
1525240 434
1525250 434
1525260 433
1525270 434
1525280 434
1525290 435
1525300 435
1525310 435
1525320 435
1525330 434
1525340 434
1525350 434
1525360 434
1525370 434
1525380 434
1525390 435
1525400 435
1525410 435
1525420 435
1525430 435
1525440 435
1525450 436
1525460 436
1525470 436
1525480 436
1525490 436
1525500 436
1525510 436
1525520 436
1525530 436
1525540 436
1525550 436
1525560 436
1525570 437
1525580 437
1525590 437
1525600 437
1525610 437
1525620 437
1525630 437
1525640 437
1525650 437
1525660 437
1525670 437
1525680 437
1525690 438
1525700 438
1525710 438
1525720 438
1525730 438
1525740 438
1525750 438
1525760 438
1525770 438
1525780 438
1525790 438
1525800 438
1525810 438
1525820 438
1525830 438
1525840 438
1525850 438
1525860 438
1525870 438
1525880 438
1525890 438
1525900 438
1525910 438
1525920 438
1525930 438
1525940 438
1525950 437
1525960 437
1525970 437
1525980 437
1525990 437
1526000 436
1526010 436
1526020 436
1526030 436
1526040 435
1526050 435
1526060 435
1526070 435
1526080 435
1526090 434
1526100 434
1526110 434
1526120 433
1526130 433
1526140 433
1526150 432
1526160 431
1526170 431
1526180 431
1526190 430
1526200 430
1526210 430
1526220 430
1526230 430
1526240 430
1526250 431
1526260 431
1526270 432
1526280 433
1526290 433
1526300 433
1526310 434
1526320 434
1526330 434
1526340 434
1526350 434
1526360 435
1526370 435
1526380 435
1526390 435
1526400 435
1526410 435
1526420 435
1526430 435
1526440 435
1526450 435
1526460 434
1526470 434
1526480 434
1526490 434
1526500 434
1526510 434
1526520 434
1526530 434
1526540 433
1526550 433
1526560 433
1526570 432
1526580 432
1526590 432
1526600 432
1526610 431
1526620 431
1526630 431
1526640 430
1526650 430
1526660 430
1526670 429
1526680 429
1526690 429
1526700 429
1526710 429
1526720 429
1526730 429
1526740 429
1526750 429
1526760 429
1526770 429
1526780 429
1526790 429
1526800 429
1526810 430
1526820 431
1526830 431
1526840 432
1526850 434
1526860 434
1526870 435
1526880 435
1526890 435
1526900 436
1526910 436
1526920 436
1526930 436
1526940 437
1526950 437
1526960 437
1526970 437
1526980 437
1526990 437
1527000 437
1527010 437
1527020 437
1527030 437
1527040 437
1527050 437
1527060 437
1527070 437
1527080 437
1527090 437
1527100 437
1527110 437
1527120 437
1527130 437
1527140 437
1527150 437
1527160 437
1527170 437
1527180 437
1527190 437
1527200 437
1527210 437
1527220 437
1527230 437
1527240 437
1527250 437
1527260 437
1527270 437
1527280 437
1527290 437
1527300 437
1527310 437
1527320 436
1527330 436
1527340 436
1527350 436
1527360 436
1527370 436
1527380 436
1527390 435
1527400 435
1527410 435
1527420 435
1527430 435
1527440 435
1527450 435
1527460 435
1527470 434
1527480 434
1527490 434
1527500 434
1527510 434
1527520 434
1527530 433
1527540 433
1527550 433
1527560 433
1527570 433
1527580 433
1527590 433
1527600 433
1527610 433
1527620 432
1527630 432
1527640 432
1527650 432
1527660 432
1527670 432
1527680 431
1527690 431
1527700 431
1527710 431
1527720 431
1527730 431
1527740 431
1527750 430
1527760 430
1527770 430
1527780 430
1527790 430
1527800 430
1527810 429
1527820 429
1527830 429
1527840 429
1527850 429
1527860 429
1527870 428
1527880 428
1527890 428
1527900 428
1527910 428
1527920 428
1527930 428
1527940 428
1527950 428
1527960 428
1527970 428
1527980 427
1527990 427
1528000 427
1528010 427
1528020 427
1528030 427
1528040 427
1528050 427
1528060 427
1528070 427
1528080 427
1528090 427
1528100 427
1528110 427
1528120 427
1528130 427
1528140 427
1528150 427
1528160 426
1528170 426
1528180 426
1528190 426
1528200 427
1528210 427
1528220 427
1528230 427
1528240 427
1528250 427
1528260 427
1528270 427
1528280 428
1528290 428
1528300 428
1528310 428
1528320 429
1528330 429
1528340 429
1528350 430
1528360 430
1528370 430
1528380 431
1528390 431
1528400 431
1528410 431
1528420 431
1528430 432
1528440 432
1528450 432
1528460 433
1528470 433
1528480 433
1528490 434
1528500 434
1528510 434
1528520 434
1528530 435
1528540 435
1528550 435
1528560 436
1528570 436
1528580 436
1528590 436
1528600 437
1528610 437
1528620 437
1528630 438
1528640 438
1528650 438
1528660 438
1528670 439
1528680 439
1528690 439
1528700 440
1528710 440
1528720 440
1528730 440
1528740 440
1528750 441
1528760 441
1528770 441
1528780 441
1528790 442
1528800 442
1528810 442
1528820 443
1528830 443
1528840 443
1528850 443
1528860 443
1528870 444
1528880 444
1528890 444
1528900 444
1528910 445
1528920 445
1528930 445
1528940 445
1528950 445
1528960 445
1528970 445
1528980 445
1528990 445
1529000 446
1529010 446
1529020 446
1529030 445
1529040 445
1529050 445
1529060 445
1529070 445
1529080 444
1529090 444
1529100 444
1529110 443
1529120 442
1529130 442
1529140 441
1529150 440
1529160 440
1529170 436
1529180 433
1529190 433
1529200 431
1529210 430
1529220 430
1529230 430
1529240 430
1529250 430
1529260 429
1529270 429
1529280 429
1529290 429
1529300 429
1529310 429
1529320 430
1529330 430
1529340 430
1529350 430
1529360 431
1529370 431
1529380 431
1529390 432
1529400 432
1529410 433
1529420 434
1529430 434
1529440 435
1529450 436
1529460 436
1529470 437
1529480 437
1529490 437
1529500 437
1529510 437
1529520 437
1529530 437
1529540 436
1529550 436
1529560 436
1529570 436
1529580 436
1529590 436
1529600 436
1529610 436
1529620 436
1529630 436
1529640 436
1529650 436
1529660 436
1529670 436
1529680 436
1529690 436
1529700 436
1529710 437
1529720 437
1529730 437
1529740 438
1529750 438
1529760 438
1529770 438
1529780 439
1529790 439
1529800 439
1529810 439
1529820 439
1529830 439
1529840 439
1529850 439
1529860 439
1529870 440
1529880 440
1529890 440
1529900 440
1529910 440
1529920 441
1529930 441
1529940 441
1529950 441
1529960 441
1529970 441
1529980 441
1529990 441
1530000 441
1530010 441
1530020 441
1530030 441
1530040 441
1530050 441
1530060 441
1530070 442
1530080 442
1530090 442
1530100 441
1530110 441
1530120 441
1530130 441
1530140 440
1530150 440
1530160 439
1530170 438
1530180 438
1530190 437
1530200 435
1530210 435
1530220 434
1530230 432
1530240 432
1530250 431
1530260 431
1530270 431
1530280 431
1530290 430
1530300 430
1530310 431
1530320 431
1530330 431
1530340 432
1530350 433
1530360 433
1530370 432
1530380 431
1530390 431
1530400 431
1530410 433
1530420 433
1530430 438
1530440 440
1530450 440
1530460 440
1530470 440
1530480 440
1530490 440
1530500 440
1530510 440
1530520 440
1530530 440
1530540 440
1530550 440
1530560 439
1530570 439
1530580 439
1530590 438
1530600 438
1530610 438
1530620 437
1530630 437
1530640 436
1530650 435
1530660 435
1530670 434
1530680 433
1530690 433
1530700 433
1530710 432
1530720 432
1530730 431
1530740 430
1530750 430
1530760 429
1530770 428
1530780 428
1530790 428
1530800 427
1530810 427
1530820 427
1530830 427
1530840 427
1530850 427
1530860 428
1530870 428
1530880 428
1530890 429
1530900 429
1530910 429
1530920 430
1530930 430
1530940 431
1530950 432
1530960 432
1530970 433
1530980 434
1530990 434
1531000 435
1531010 436
1531020 436
1531030 437
1531040 439
1531050 439
1531060 440
1531070 441
1531080 441
1531090 442
1531100 443
1531110 443
1531120 444
1531130 445
1531140 445
1531150 447
1531160 448
1531170 448
1531180 449
1531190 449
1531200 449
1531210 450
1531220 451
1531230 451
1531240 452
1531250 453
1531260 453
1531270 453
1531280 454
1531290 454
1531300 455
1531310 456
1531320 456
1531330 456
1531340 457
1531350 457
1531360 458
1531370 458
1531380 458
1531390 459
1531400 459
1531410 459
1531420 458
1531430 458
1531440 458
1531450 457
1531460 457
1531470 456
1531480 455
1531490 455
1531500 454
1531510 454
1531520 454
1531530 453
1531540 453
1531550 453
1531560 452
1531570 451
1531580 451
1531590 449
1531600 448
1531610 448
1531620 447
1531630 446
1531640 446
1531650 444
1531660 443
1531670 443
1531680 442
1531690 442
1531700 442
1531710 441
1531720 440
1531730 440
1531740 439
1531750 438
1531760 438
1531770 438
1531780 437
1531790 437
1531800 437
1531810 437
1531820 437
1531830 436
1531840 436
1531850 436
1531860 436
1531870 437
1531880 437
1531890 437
1531900 437
1531910 437
1531920 437
1531930 437
1531940 437
1531950 437
1531960 437
1531970 437
1531980 437
1531990 437
1532000 437
1532010 436
1532020 436
1532030 436
1532040 436
1532050 435
1532060 435
1532070 435
1532080 434
1532090 434
1532100 434
1532110 434
1532120 434
1532130 434
1532140 433
1532150 433
1532160 433
1532170 433
1532180 433
1532190 434
1532200 435
1532210 435
1532220 435
1532230 435
1532240 435
1532250 435
1532260 435
1532270 435
1532280 435
1532290 436
1532300 436
1532310 435
1532320 435
1532330 435
1532340 435
1532350 436
1532360 436
1532370 436
1532380 437
1532390 437
1532400 437
1532410 438
1532420 438
1532430 438
1532440 438
1532450 438
1532460 439
1532470 439
1532480 439
1532490 440
1532500 440
1532510 440
1532520 441
1532530 441
1532540 441
1532550 442
1532560 442
1532570 442
1532580 442
1532590 443
1532600 443
1532610 444
1532620 444
1532630 444
1532640 445
1532650 445
1532660 445
1532670 446
1532680 446
1532690 446
1532700 447
1532710 448
1532720 448
1532730 449
1532740 449
1532750 449
1532760 450
1532770 451
1532780 451
1532790 452
1532800 452
1532810 452
1532820 453
1532830 454
1532840 454
1532850 454
1532860 455
1532870 455
1532880 455
1532890 455
1532900 455
1532910 456
1532920 457
1532930 457
1532940 458
1532950 459
1532960 459
1532970 459
1532980 460
1532990 460
1533000 460
1533010 461
1533020 461
1533030 461
1533040 461
1533050 461
1533060 461
1533070 462
1533080 462
1533090 462
1533100 462
1533110 462
1533120 461
1533130 461
1533140 461
1533150 461
1533160 461
1533170 461
1533180 461
1533190 461
1533200 461
1533210 461
1533220 461
1533230 461
1533240 461
1533250 461
1533260 461
1533270 461
1533280 461
1533290 461
1533300 461
1533310 462
1533320 462
1533330 463
1533340 464
1533350 464
1533360 464
1533370 465
1533380 465
1533390 466
1533400 467
1533410 467
1533420 468
1533430 469
1533440 469
1533450 470
1533460 471
1533470 471
1533480 472
1533490 473
1533500 473
1533510 474
1533520 475
1533530 475
1533540 476
1533550 476
1533560 476
1533570 477
1533580 478
1533590 478
1533600 478
1533610 479
1533620 479
1533630 479
1533640 480
1533650 480
1533660 481
1533670 481
1533680 481
1533690 482
1533700 482
1533710 482
1533720 482
1533730 483
1533740 483
1533750 483
1533760 483
1533770 483
1533780 484
1533790 484
1533800 484
1533810 484
1533820 484
1533830 484
1533840 484
1533850 484
1533860 484
1533870 484
1533880 484
1533890 484
1533900 483
1533910 482
1533920 482
1533930 481
1533940 480
1533950 480
1533960 479
1533970 478
1533980 478
1533990 477
1534000 476
1534010 476
1534020 475
1534030 473
1534040 473
1534050 471
1534060 468
1534070 468
1534080 466
1534090 465
1534100 465
1534110 465
1534120 464
1534130 464
1534140 463
1534150 462
1534160 462
1534170 461
1534180 460
1534190 460
1534200 460
1534210 459
1534220 459
1534230 458
1534240 458
1534250 457
1534260 456
1534270 456
1534280 455
1534290 454
1534300 454
1534310 453
1534320 452
1534330 452
1534340 450
1534350 448
1534360 448
1534370 447
1534380 445
1534390 445
1534400 444
1534410 442
1534420 442
1534430 441
1534440 440
1534450 440
1534460 439
1534470 438
1534480 438
1534490 438
1534500 437
1534510 437
1534520 436
1534530 435
1534540 435
1534550 434
1534560 433
1534570 433
1534580 432
1534590 431
1534600 431
1534610 430
1534620 429
1534630 429
1534640 428
1534650 427
1534660 427
1534670 426
1534680 426
1534690 426
1534700 425
1534710 424
1534720 424
1534730 423
1534740 422
1534750 422
1534760 421
1534770 420
1534780 420
1534790 418
1534800 417
1534810 417
1534820 415
1534830 414
1534840 414
1534850 412
1534860 410
1534870 410
1534880 408
1534890 406
1534900 406
1534910 403
1534920 402
1534930 402
1534940 401
1534950 398
1534960 398
1534970 396
1534980 393
1534990 393
1535000 391
1535010 388
1535020 388
1535030 386
1535040 385
1535050 385
1535060 384
1535070 383
1535080 383
1535090 382
1535100 381
1535110 381
1535120 380
1535130 379
1535140 379
1535150 378
1535160 377
1535170 377
1535180 376
1535190 375
1535200 375
1535210 375
1535220 374
1535230 374
1535240 373
1535250 373
1535260 373
1535270 372
1535280 372
1535290 372
1535300 371
1535310 370
1535320 370
1535330 370
1535340 370
1535350 370
1535360 370
1535370 370
1535380 370
1535390 369
1535400 369
1535410 369
1535420 369
1535430 369
1535440 369
1535450 369
1535460 369
1535470 369
1535480 369
1535490 369
1535500 369
1535510 369
1535520 369
1535530 369
1535540 368
1535550 368
1535560 368
1535570 368
1535580 368
1535590 368
1535600 368
1535610 368
1535620 368
1535630 367
1535640 367
1535650 367
1535660 367
1535670 367
1535680 367
1535690 366
1535700 366
1535710 366
1535720 366
1535730 366
1535740 366
1535750 365
1535760 365
1535770 365
1535780 365
1535790 365
1535800 365
1535810 365
1535820 364
1535830 364
1535840 364
1535850 364
1535860 364
1535870 363
1535880 363
1535890 363
1535900 363
1535910 363
1535920 363
1535930 363
1535940 363
1535950 363
1535960 363
1535970 363
1535980 363
1535990 363
1536000 363
1536010 363
1536020 362
1536030 362
1536040 362
1536050 362
1536060 362
1536070 362
1536080 362
1536090 362
1536100 362
1536110 362
1536120 362
1536130 362
1536140 362
1536150 362
1536160 362
1536170 362
1536180 362
1536190 362
1536200 362
1536210 362
1536220 362
1536230 362
1536240 362
1536250 362
1536260 362
1536270 362
1536280 362
1536290 362
1536300 362
1536310 362
1536320 363
1536330 363
1536340 363
1536350 364
1536360 364
1536370 364
1536380 365
1536390 365
1536400 365
1536410 365
1536420 365
1536430 365
1536440 365
1536450 365
1536460 365
1536470 364
1536480 364
1536490 364
1536500 364
1536510 364
1536520 364
1536530 364
1536540 364
1536550 364
1536560 363
1536570 363
1536580 363
1536590 363
1536600 363
1536610 363
1536620 363
1536630 363
1536640 363
1536650 363
1536660 363
1536670 363
1536680 363
1536690 362
1536700 362
1536710 362
1536720 362
1536730 362
1536740 362
1536750 362
1536760 362
1536770 362
1536780 362
1536790 362
1536800 362
1536810 362
1536820 362
1536830 362
1536840 362
1536850 362
1536860 362
1536870 362
1536880 362
1536890 362
1536900 361
1536910 361
1536920 361
1536930 361
1536940 361
1536950 361
1536960 361
1536970 361
1536980 361
1536990 361
1537000 361
1537010 361
1537020 361
1537030 361
1537040 361
1537050 361
1537060 361
1537070 361
1537080 361
1537090 361
1537100 361
1537110 361
1537120 361
1537130 361
1537140 361
1537150 361
1537160 361
1537170 361
1537180 361
1537190 361
1537200 361
1537210 360
1537220 360
1537230 360
1537240 360
1537250 360
1537260 360
1537270 360
1537280 360
1537290 360
1537300 360
1537310 360
1537320 360
1537330 360
1537340 360
1537350 360
1537360 360
1537370 360
1537380 360
1537390 360
1537400 360
1537410 360
1537420 360
1537430 360
1537440 360
1537450 360
1537460 360
1537470 360
1537480 359
1537490 360
1537500 360
1537510 360
1537520 360
1537530 360
1537540 360
1537550 360
1537560 360
1537570 360
1537580 360
1537590 360
1537600 360
1537610 360
1537620 360
1537630 359
1537640 359
1537650 359
1537660 360
1537670 360
1537680 360
1537690 360
1537700 360
1537710 360
1537720 360
1537730 360
1537740 360
1537750 360
1537760 360
1537770 360
1537780 361
1537790 361
1537800 361
1537810 361
1537820 361
1537830 361
1537840 361
1537850 361
1537860 361
1537870 361
1537880 361
1537890 361
1537900 361
1537910 361
1537920 361
1537930 361
1537940 361
1537950 361
1537960 361
1537970 361
1537980 361
1537990 361
1538000 361
1538010 361
1538020 361
1538030 361
1538040 361
1538050 361
1538060 361
1538070 361
1538080 361
1538090 361
1538100 361
1538110 361
1538120 361
1538130 361
1538140 361
1538150 361
1538160 361
1538170 361
1538180 361
1538190 361
1538200 361
1538210 361
1538220 361
1538230 361
1538240 361
1538250 361
1538260 361
1538270 360
1538280 360
1538290 360
1538300 360
1538310 360
1538320 360
1538330 360
1538340 360
1538350 360
1538360 360
1538370 360
1538380 360
1538390 360
1538400 360
1538410 360
1538420 360
1538430 360
1538440 359
1538450 359
1538460 359
1538470 359
1538480 359
1538490 359
1538500 359
1538510 359
1538520 359
1538530 359
1538540 359
1538550 359
1538560 359
1538570 359
1538580 359
1538590 359
1538600 359
1538610 359
1538620 359
1538630 359
1538640 359
1538650 359
1538660 359
1538670 359
1538680 359
1538690 359
1538700 359
1538710 359
1538720 359
1538730 359
1538740 359
1538750 359
1538760 359
1538770 359
1538780 359
1538790 359
1538800 359
1538810 359
1538820 359
1538830 359
1538840 359
1538850 359
1538860 359
1538870 358
1538880 358
1538890 358
1538900 358
1538910 358
1538920 358
1538930 358
1538940 358
1538950 358
1538960 358
1538970 358
1538980 358
1538990 358
1539000 358
1539010 358
1539020 358
1539030 358
1539040 359
1539050 359
1539060 359
1539070 359
1539080 358
1539090 358
1539100 358
1539110 358
1539120 358
1539130 358
1539140 359
1539150 359
1539160 359
1539170 359
1539180 359
1539190 359
1539200 359
1539210 359
1539220 359
1539230 359
1539240 359
1539250 360
1539260 360
1539270 360
1539280 360
1539290 361
1539300 361
1539310 361
1539320 362
1539330 362
1539340 362
1539350 363
1539360 363
1539370 363
1539380 363
1539390 363
1539400 363
1539410 364
1539420 364
1539430 364
1539440 364
1539450 364
1539460 364
1539470 364
1539480 364
1539490 365
1539500 365
1539510 365
1539520 365
1539530 365
1539540 365
1539550 365
1539560 365
1539570 365
1539580 365
1539590 365
1539600 365
1539610 365
1539620 365
1539630 365
1539640 365
1539650 365
1539660 365
1539670 365
1539680 365
1539690 365
1539700 365
1539710 365
1539720 365
1539730 365
1539740 365
1539750 365
1539760 365
1539770 364
1539780 364
1539790 364
1539800 364
1539810 364
1539820 364
1539830 364
1539840 364
1539850 363
1539860 363
1539870 363
1539880 363
1539890 363
1539900 362
1539910 362
1539920 362
1539930 362
1539940 362
1539950 362
1539960 362
1539970 362
1539980 362
1539990 361
