1520000 380
1520010 380
1520020 381
1520030 381
1520040 381
1520050 381
1520060 381
1520070 381
1520080 381
1520090 382
1520100 382
1520110 382
1520120 383
1520130 383
1520140 383
1520150 384
1520160 384
1520170 385
1520180 385
1520190 385
1520200 386
1520210 387
1520220 387
1520230 389
1520240 390
1520250 390
1520260 392
1520270 393
1520280 393
1520290 395
1520300 397
1520310 397
1520320 399
1520330 402
1520340 402
1520350 403
1520360 405
1520370 405
1520380 408
1520390 410
1520400 410
1520410 413
1520420 415
1520430 415
1520440 417
1520450 420
1520460 420
1520470 422
1520480 425
1520490 425
1520500 427
1520510 430
1520520 430
1520530 432
1520540 434
1520550 434
1520560 436
1520570 439
1520580 439
1520590 441
1520600 443
1520610 443
1520620 445
1520630 447
1520640 447
1520650 450
1520660 452
1520670 452
1520680 454
1520690 457
1520700 457
1520710 459
1520720 461
1520730 461
1520740 463
1520750 466
1520760 466
1520770 468
1520780 471
1520790 471
1520800 473
1520810 476
1520820 476
1520830 478
1520840 480
1520850 480
1520860 482
1520870 483
1520880 483
1520890 485
1520900 487
1520910 487
1520920 488
1520930 490
1520940 490
1520950 491
1520960 493
1520970 493
1520980 494
1520990 495
1521000 495
1521010 497
1521020 498
1521030 498
1521040 499
1521050 500
1521060 500
1521070 500
1521080 501
1521090 501
1521100 502
1521110 502
1521120 502
1521130 502
1521140 501
1521150 501
1521160 501
1521170 500
1521180 500
1521190 499
1521200 498
1521210 498
1521220 497
1521230 496
1521240 496
1521250 494
1521260 493
1521270 493
1521280 492
1521290 492
1521300 492
1521310 493
1521320 494
1521330 494
1521340 495
1521350 496
1521360 496
1521370 497
1521380 497
1521390 497
1521400 498
1521410 499
1521420 499
1521430 501
1521440 502
1521450 502
1521460 504
1521470 505
1521480 505
1521490 507
1521500 508
1521510 508
1521520 509
1521530 511
1521540 511
1521550 512
1521560 513
1521570 513
1521580 514
1521590 515
1521600 515
1521610 516
1521620 517
1521630 517
1521640 519
1521650 520
1521660 520
1521670 521
1521680 522
1521690 522
1521700 524
1521710 525
1521720 525
1521730 527
1521740 529
1521750 529
1521760 530
1521770 532
1521780 532
1521790 534
1521800 536
1521810 536
1521820 537
1521830 538
1521840 538
1521850 539
1521860 540
1521870 540
1521880 541
1521890 541
1521900 541
1521910 542
1521920 543
1521930 543
1521940 543
1521950 543
1521960 543
1521970 544
1521980 544
1521990 544
1522000 544
1522010 544
1522020 544
1522030 545
1522040 545
1522050 545
1522060 545
1522070 545
1522080 545
1522090 545
1522100 545
1522110 545
1522120 545
1522130 545
1522140 545
1522150 545
1522160 545
1522170 545
1522180 545
1522190 544
1522200 544
1522210 544
1522220 544
1522230 544
1522240 544
1522250 543
1522260 543
1522270 543
1522280 543
1522290 542
1522300 542
1522310 542
1522320 541
1522330 540
1522340 540
1522350 539
1522360 538
1522370 538
1522380 538
1522390 537
1522400 537
1522410 536
1522420 535
1522430 535
1522440 534
1522450 534
1522460 534
1522470 533
1522480 533
1522490 533
1522500 533
1522510 533
1522520 533
1522530 532
1522540 532
1522550 532
1522560 532
1522570 531
1522580 531
1522590 531
1522600 530
1522610 530
1522620 530
1522630 530
1522640 530
1522650 530
1522660 530
1522670 530
1522680 530
1522690 530
1522700 530
1522710 529
1522720 529
1522730 529
1522740 529
1522750 529
1522760 529
1522770 528
1522780 528
1522790 528
1522800 527
1522810 527
1522820 527
1522830 526
1522840 525
1522850 525
1522860 524
1522870 523
1522880 523
1522890 522
1522900 522
1522910 522
1522920 521
1522930 520
1522940 520
1522950 519
1522960 518
1522970 518
1522980 517
1522990 517
1523000 517
1523010 516
1523020 515
1523030 515
1523040 514
1523050 513
1523060 513
1523070 513
1523080 512
1523090 512
1523100 511
1523110 511
1523120 511
1523130 510
1523140 509
1523150 509
1523160 508
1523170 507
1523180 507
1523190 506
1523200 506
1523210 506
1523220 505
1523230 505
1523240 505
1523250 504
1523260 503
1523270 503
1523280 502
1523290 502
1523300 502
1523310 501
1523320 500
1523330 500
1523340 499
1523350 498
1523360 498
1523370 498
1523380 497
1523390 497
1523400 496
1523410 495
1523420 495
1523430 494
1523440 494
1523450 494
1523460 493
1523470 492
1523480 492
1523490 491
1523500 490
1523510 490
1523520 489
1523530 488
1523540 488
1523550 486
1523560 485
1523570 485
1523580 484
1523590 482
1523600 482
1523610 481
1523620 480
1523630 480
1523640 478
1523650 477
1523660 477
1523670 476
1523680 475
1523690 475
1523700 473
1523710 472
1523720 472
1523730 471
1523740 470
1523750 470
1523760 469
1523770 468
1523780 468
1523790 467
1523800 466
1523810 466
1523820 465
1523830 465
1523840 465
1523850 464
1523860 463
1523870 463
1523880 462
1523890 461
1523900 461
1523910 459
1523920 458
1523930 458
1523940 457
1523950 455
1523960 455
1523970 454
1523980 453
1523990 453
1524000 451
1524010 449
1524020 449
1524030 447
1524040 444
1524050 444
1524060 442
1524070 441
1524080 441
1524090 440
1524100 439
1524110 439
1524120 439
1524130 439
1524140 439
1524150 438
1524160 437
1524170 437
1524180 437
1524190 437
1524200 437
1524210 436
1524220 436
1524230 436
1524240 436
1524250 436
1524260 436
1524270 435
1524280 436
1524290 436
1524300 436
1524310 436
1524320 436
1524330 437
1524340 437
1524350 437
1524360 437
1524370 438
1524380 438
1524390 439
1524400 439
1524410 439
1524420 439
1524430 440
1524440 440
1524450 440
1524460 440
1524470 440
1524480 441
1524490 442
1524500 442
1524510 444
1524520 445
1524530 445
1524540 447
1524550 447
1524560 449
1524570 451
1524580 451
1524590 452
1524600 453
1524610 453
1524620 454
1524630 456
1524640 456
1524650 457
1524660 458
1524670 458
1524680 460
1524690 461
1524700 461
1524710 463
1524720 464
1524730 464
1524740 465
1524750 467
1524760 467
1524770 468
1524780 469
1524790 469
1524800 471
1524810 472
1524820 472
1524830 473
1524840 475
1524850 475
1524860 476
1524870 478
1524880 478
1524890 480
1524900 482
1524910 482
1524920 483
1524930 485
1524940 485
1524950 486
1524960 488
1524970 488
1524980 490
1524990 492
1525000 492
1525010 494
1525020 496
1525030 496
1525040 498
1525050 500
1525060 500
1525070 502
1525080 504
1525090 504
1525100 506
1525110 508
1525120 509
1525130 511
1525140 513
1525150 513
1525160 515
1525170 517
1525180 517
1525190 519
1525200 521
1525210 521
1525220 522
1525230 524
1525240 524
1525250 526
1525260 528
1525270 528
1525280 530
1525290 532
1525300 532
1525310 534
1525320 536
1525330 536
1525340 538
1525350 540
1525360 540
1525370 542
1525380 543
1525390 543
1525400 545
1525410 546
1525420 546
1525430 547
1525440 549
1525450 549
1525460 549
1525470 548
1525480 548
1525490 547
1525500 546
1525510 546
1525520 546
1525530 544
1525540 544
1525550 543
1525560 542
1525570 542
1525580 541
1525590 539
1525600 539
1525610 538
1525620 536
1525630 536
1525640 535
1525650 533
1525660 533
1525670 531
1525680 529
1525690 529
1525700 527
1525710 525
1525720 525
1525730 523
1525740 521
1525750 521
1525760 519
1525770 517
1525780 517
1525790 515
1525800 513
1525810 513
1525820 511
1525830 508
1525840 508
1525850 507
1525860 506
1525870 506
1525880 504
1525890 503
1525900 503
1525910 501
1525920 500
1525930 500
1525940 498
1525950 497
1525960 497
1525970 496
1525980 495
1525990 495
1526000 494
1526010 493
1526020 493
1526030 491
1526040 490
1526050 490
1526060 488
1526070 487
1526080 487
1526090 486
1526100 484
1526110 484
1526120 482
1526130 481
1526140 481
1526150 479
1526160 477
1526170 477
1526180 475
1526190 472
1526200 472
1526210 469
1526220 466
1526230 466
1526240 464
1526250 462
1526260 462
1526270 461
1526280 460
1526290 460
1526300 459
1526310 458
1526320 458
1526330 457
1526340 456
1526350 456
1526360 456
1526370 456
1526380 456
1526390 455
1526400 455
1526410 455
1526420 454
1526430 454
1526440 454
1526450 453
1526460 453
1526470 453
1526480 452
1526490 452
1526500 452
1526510 452
1526520 451
1526530 451
1526540 451
1526550 450
1526560 450
1526570 450
1526580 449
1526590 449
1526600 449
1526610 448
1526620 448
1526630 448
1526640 447
1526650 447
1526660 447
1526670 446
1526680 446
1526690 446
1526700 445
1526710 445
1526720 445
1526730 445
1526740 445
1526750 444
1526760 443
1526770 443
1526780 443
1526790 443
1526800 443
1526810 442
1526820 442
1526830 442
1526840 441
1526850 441
1526860 441
1526870 441
1526880 441
1526890 441
1526900 440
1526910 440
1526920 440
1526930 440
1526940 440
1526950 439
1526960 439
1526970 439
1526980 439
1526990 439
1527000 439
1527010 439
1527020 438
1527030 438
1527040 438
1527050 438
1527060 438
1527070 438
1527080 437
1527090 437
1527100 437
1527110 437
1527120 437
1527130 436
1527140 436
1527150 436
1527160 436
1527170 436
1527180 436
1527190 435
1527200 435
1527210 435
1527220 435
1527230 435
1527240 435
1527250 434
1527260 434
1527270 434
1527280 434
1527290 434
1527300 434
1527310 434
1527320 434
1527330 434
1527340 434
1527350 433
1527360 433
1527370 433
1527380 433
1527390 433
1527400 433
1527410 433
1527420 433
1527430 433
1527440 432
1527450 432
1527460 432
1527470 432
1527480 432
1527490 432
1527500 432
1527510 432
1527520 432
1527530 432
1527540 432
1527550 432
1527560 432
1527570 432
1527580 432
1527590 432
1527600 432
1527610 432
1527620 432
1527630 432
1527640 432
1527650 432
1527660 432
1527670 433
1527680 433
1527690 433
1527700 434
1527710 434
1527720 434
1527730 434
1527740 435
1527750 435
1527760 435
1527770 436
1527780 436
1527790 436
1527800 436
1527810 436
1527820 437
1527830 437
1527840 437
1527850 438
1527860 438
1527870 438
1527880 439
1527890 439
1527900 439
1527910 439
1527920 440
1527930 440
1527940 440
1527950 440
1527960 440
1527970 440
1527980 440
1527990 440
1528000 440
1528010 440
1528020 440
1528030 440
1528040 440
1528050 440
1528060 440
1528070 439
1528080 439
1528090 439
1528100 438
1528110 438
1528120 438
1528130 437
1528140 437
1528150 437
1528160 436
1528170 436
1528180 436
1528190 436
1528200 436
1528210 435
1528220 435
1528230 435
1528240 435
1528250 434
1528260 434
1528270 434
1528280 433
1528290 433
1528300 433
1528310 432
1528320 432
1528330 432
1528340 432
1528350 432
1528360 431
1528370 431
1528380 431
1528390 431
1528400 431
1528410 431
1528420 431
1528430 431
1528440 431
1528450 431
1528460 431
1528470 431
1528480 431
1528490 430
1528500 430
1528510 430
1528520 430
1528530 430
1528540 430
1528550 430
1528560 430
1528570 431
1528580 431
1528590 431
1528600 432
1528610 433
1528620 433
1528630 433
1528640 433
1528650 433
1528660 434
1528670 435
1528680 435
1528690 435
1528700 436
1528710 436
1528720 436
1528730 437
1528740 437
1528750 437
1528760 438
1528770 438
1528780 438
1528790 439
1528800 439
1528810 439
1528820 439
1528830 439
1528840 439
1528850 438
1528860 438
1528870 438
1528880 438
1528890 438
1528900 437
1528910 436
1528920 436
1528930 436
1528940 435
1528950 435
1528960 435
1528970 435
1528980 435
1528990 435
1529000 435
1529010 435
1529020 434
1529030 434
1529040 434
1529050 433
1529060 432
1529070 432
1529080 432
1529090 431
1529100 431
1529110 431
1529120 431
1529130 432
1529140 432
1529150 432
1529160 432
1529170 432
1529180 432
1529190 432
1529200 432
1529210 432
1529220 432
1529230 432
1529240 432
1529250 432
1529260 432
1529270 432
1529280 432
1529290 433
1529300 433
1529310 433
1529320 433
1529330 433
1529340 433
1529350 433
1529360 433
1529370 433
1529380 433
1529390 433
1529400 433
1529410 433
1529420 433
1529430 433
1529440 433
1529450 433
1529460 433
1529470 433
1529480 433
1529490 434
1529500 434
1529510 434
1529520 435
1529530 435
1529540 435
1529550 435
1529560 436
1529570 436
1529580 436
1529590 436
1529600 436
1529610 436
1529620 437
1529630 437
1529640 437
1529650 437
1529660 437
1529670 437
1529680 437
1529690 437
1529700 437
1529710 437
1529720 437
1529730 437
1529740 437
1529750 437
1529760 437
1529770 437
1529780 437
1529790 437
1529800 436
1529810 436
1529820 436
1529830 436
1529840 436
1529850 436
1529860 436
1529870 436
1529880 436
1529890 435
1529900 435
1529910 435
1529920 435
1529930 435
1529940 435
1529950 435
1529960 435
1529970 434
1529980 434
1529990 434
1530000 434
1530010 433
1530020 433
1530030 433
1530040 433
1530050 433
1530060 432
1530070 432
1530080 432
1530090 432
1530100 431
1530110 431
1530120 431
1530130 431
1530140 431
1530150 430
1530160 430
1530170 430
1530180 430
1530190 429
1530200 429
1530210 429
1530220 429
1530230 429
1530240 428
1530250 428
1530260 428
1530270 428
1530280 428
1530290 428
1530300 427
1530310 427
1530320 427
1530330 427
1530340 427
1530350 427
1530360 426
1530370 426
1530380 426
1530390 426
1530400 426
1530410 426
1530420 426
1530430 425
1530440 425
1530450 425
1530460 425
1530470 425
1530480 424
1530490 424
1530500 424
1530510 424
1530520 424
1530530 424
1530540 424
1530550 424
1530560 424
1530570 424
1530580 424
1530590 424
1530600 425
1530610 425
1530620 425
1530630 425
1530640 425
1530650 425
1530660 425
1530670 425
1530680 425
1530690 425
1530700 425
1530710 425
1530720 425
1530730 426
1530740 426
1530750 426
1530760 426
1530770 426
1530780 426
1530790 427
1530800 427
1530810 427
1530820 427
1530830 427
1530840 427
1530850 427
1530860 427
1530870 427
1530880 427
1530890 427
1530900 427
1530910 427
1530920 427
1530930 427
1530940 427
1530950 427
1530960 427
1530970 427
1530980 427
1530990 427
1531000 427
1531010 427
1531020 427
1531030 427
1531040 427
1531050 427
1531060 427
1531070 427
1531080 427
1531090 427
1531100 427
1531110 426
1531120 426
1531130 426
1531140 426
1531150 426
1531160 426
1531170 426
1531180 426
1531190 426
1531200 426
1531210 426
1531220 426
1531230 426
1531240 426
1531250 426
1531260 426
1531270 425
1531280 425
1531290 425
1531300 425
1531310 425
1531320 425
1531330 424
1531340 424
1531350 425
1531360 426
1531370 426
1531380 426
1531390 426
1531400 426
1531410 426
1531420 426
1531430 426
1531440 426
1531450 426
1531460 426
1531470 426
1531480 426
1531490 426
1531500 427
1531510 427
1531520 427
1531530 427
1531540 427
1531550 427
1531560 427
1531570 427
1531580 427
1531590 428
1531600 428
1531610 428
1531620 428
1531630 428
1531640 429
1531650 429
1531660 429
1531670 429
1531680 430
1531690 430
1531700 430
1531710 430
1531720 430
1531730 431
1531740 431
1531750 431
1531760 432
1531770 432
1531780 432
1531790 433
1531800 433
1531810 433
1531820 433
1531830 433
1531840 433
1531850 433
1531860 433
1531870 433
1531880 434
1531890 434
1531900 434
1531910 435
1531920 436
1531930 436
1531940 436
1531950 437
1531960 437
1531970 438
1531980 439
1531990 439
1532000 440
1532010 440
1532020 440
1532030 441
1532040 442
1532050 442
1532060 443
1532070 444
1532080 444
1532090 445
1532100 446
1532110 446
1532120 447
1532130 449
1532140 449
1532150 450
1532160 452
1532170 452
1532180 454
1532190 456
1532200 456
1532210 457
1532220 459
1532230 459
1532240 460
1532250 461
1532260 461
1532270 463
1532280 464
1532290 464
1532300 466
1532310 467
1532320 467
1532330 469
1532340 470
1532350 470
1532360 472
1532370 473
1532380 473
1532390 475
1532400 477
1532410 477
1532420 478
1532430 480
1532440 480
1532450 481
1532460 483
1532470 483
1532480 485
1532490 486
1532500 486
1532510 488
1532520 489
1532530 489
1532540 491
1532550 492
1532560 492
1532570 494
1532580 495
1532590 495
1532600 496
1532610 497
1532620 497
1532630 498
1532640 499
1532650 499
1532660 500
1532670 501
1532680 501
1532690 501
1532700 502
1532710 502
1532720 502
1532730 503
1532740 503
1532750 503
1532760 503
1532770 503
1532780 502
1532790 502
1532800 502
1532810 502
1532820 502
1532830 502
1532840 501
1532850 500
1532860 500
1532870 499
1532880 497
1532890 497
1532900 496
1532910 494
1532920 494
1532930 492
1532940 490
1532950 490
1532960 489
1532970 488
1532980 488
1532990 486
1533000 485
1533010 485
1533020 484
1533030 482
1533040 482
1533050 480
1533060 478
1533070 478
1533080 476
1533090 475
1533100 475
1533110 474
1533120 474
1533130 474
1533140 473
1533150 471
1533160 471
1533170 470
1533180 469
1533190 469
1533200 468
1533210 467
1533220 467
1533230 465
1533240 464
1533250 464
1533260 462
1533270 461
1533280 461
1533290 460
1533300 459
1533310 459
1533320 458
1533330 459
1533340 459
1533350 458
1533360 457
1533370 457
1533380 457
1533390 457
1533400 457
1533410 457
1533420 458
1533430 458
1533440 459
1533450 460
1533460 460
1533470 461
1533480 461
1533490 461
1533500 462
1533510 463
1533520 463
1533530 463
1533540 464
1533550 464
1533560 464
1533570 464
1533580 464
1533590 463
1533600 462
1533610 462
1533620 460
1533630 457
1533640 457
1533650 453
1533660 453
1533670 450
1533680 447
1533690 447
1533700 445
1533710 443
1533720 443
1533730 442
1533740 441
1533750 441
1533760 440
1533770 439
1533780 439
1533790 437
1533800 436
1533810 436
1533820 434
1533830 434
1533840 434
1533850 434
1533860 434
1533870 434
1533880 434
1533890 436
1533900 436
1533910 440
1533920 443
1533930 443
1533940 445
1533950 448
1533960 448
1533970 449
1533980 451
1533990 451
1534000 452
1534010 453
1534020 453
1534030 455
1534040 455
1534050 455
1534060 456
1534070 456
1534080 456
1534090 456
1534100 456
1534110 456
1534120 456
1534130 456
1534140 456
1534150 455
1534160 454
1534170 454
1534180 452
1534190 451
1534200 451
1534210 450
1534220 448
1534230 448
1534240 448
1534250 450
1534260 450
1534270 452
1534280 453
1534290 453
1534300 455
1534310 456
1534320 456
1534330 457
1534340 459
1534350 459
1534360 459
1534370 459
1534380 459
1534390 457
1534400 453
1534410 453
1534420 448
1534430 446
1534440 446
1534450 447
1534460 449
1534470 449
1534480 452
1534490 455
1534500 455
1534510 459
1534520 462
1534530 462
1534540 466
1534550 469
1534560 469
1534570 473
1534580 476
1534590 476
1534600 480
1534610 483
1534620 483
1534630 486
1534640 489
1534650 489
1534660 492
1534670 494
1534680 494
1534690 495
1534700 496
1534710 496
1534720 497
1534730 498
1534740 498
1534750 498
1534760 498
1534770 498
1534780 498
1534790 498
1534800 498
1534810 497
1534820 496
1534830 496
1534840 495
1534850 495
1534860 495
1534870 494
1534880 492
1534890 492
1534900 491
1534910 490
1534920 490
1534930 489
1534940 488
1534950 488
1534960 487
1534970 486
1534980 486
1534990 485
1535000 484
1535010 484
1535020 483
1535030 482
1535040 482
1535050 480
1535060 478
1535070 478
1535080 477
1535090 474
1535100 474
1535110 471
1535120 469
1535130 469
1535140 467
1535150 464
1535160 464
1535170 459
1535180 455
1535190 455
1535200 452
1535210 446
1535220 446
1535230 445
1535240 445
1535250 445
1535260 444
1535270 442
1535280 442
1535290 440
1535300 441
1535310 441
1535320 443
1535330 443
1535340 443
1535350 443
1535360 443
1535370 443
1535380 442
1535390 442
1535400 442
1535410 441
1535420 441
1535430 441
1535440 440
1535450 440
1535460 440
1535470 439
1535480 438
1535490 438
1535500 437
1535510 435
1535520 435
1535530 434
1535540 433
1535550 433
1535560 432
1535570 430
1535580 430
1535590 429
1535600 430
1535610 430
1535620 432
1535630 434
1535640 434
1535650 435
1535660 436
1535670 436
1535680 437
1535690 439
1535700 439
1535710 441
1535720 443
1535730 443
1535740 445
1535750 447
1535760 447
1535770 449
1535780 450
1535790 450
1535800 451
1535810 451
1535820 451
1535830 451
1535840 450
1535850 450
1535860 449
1535870 448
1535880 448
1535890 447
1535900 445
1535910 445
1535920 443
1535930 443
1535940 440
1535950 438
1535960 438
1535970 435
1535980 433
1535990 433
1536000 431
1536010 428
1536020 428
1536030 426
1536040 424
1536050 424
1536060 421
1536070 419
1536080 419
1536090 415
1536100 413
1536110 413
1536120 412
1536130 411
1536140 411
1536150 409
1536160 408
1536170 408
1536180 407
1536190 406
1536200 406
1536210 404
1536220 402
1536230 402
1536240 401
1536250 400
1536260 400
1536270 399
1536280 398
1536290 398
1536300 397
1536310 397
1536320 397
1536330 396
1536340 396
1536350 396
1536360 397
1536370 397
1536380 397
1536390 397
1536400 397
1536410 397
1536420 399
1536430 399
1536440 399
1536450 399
1536460 399
1536470 399
1536480 398
1536490 398
1536500 398
1536510 397
1536520 396
1536530 396
1536540 395
1536550 395
1536560 395
1536570 393
1536580 392
1536590 392
1536600 389
1536610 387
1536620 387
1536630 386
1536640 385
1536650 385
1536660 384
1536670 383
1536680 383
1536690 382
1536700 383
1536710 383
1536720 383
1536730 384
1536740 384
1536750 385
1536760 385
1536770 385
1536780 385
1536790 386
1536800 386
1536810 386
1536820 386
1536830 386
1536840 386
1536850 387
1536860 387
1536870 387
1536880 387
1536890 387
1536900 387
1536910 388
1536920 388
1536930 388
1536940 388
1536950 388
1536960 388
1536970 389
1536980 389
1536990 389
1537000 389
1537010 389
1537020 388
1537030 388
1537040 388
1537050 388
1537060 387
1537070 387
1537080 387
1537090 386
1537100 386
1537110 385
1537120 383
1537130 383
1537140 380
1537150 378
1537160 378
1537170 376
1537180 374
1537190 374
1537200 373
1537210 372
1537220 372
1537230 372
1537240 372
1537250 372
1537260 372
1537270 372
1537280 372
1537290 371
1537300 371
1537310 371
1537320 371
1537330 371
1537340 371
1537350 371
1537360 371
1537370 371
1537380 372
1537390 371
1537400 371
1537410 371
1537420 371
1537430 371
1537440 371
1537450 371
1537460 371
1537470 371
1537480 371
1537490 371
1537500 371
1537510 371
1537520 371
1537530 372
1537540 374
1537550 374
1537560 375
1537570 376
1537580 376
1537590 376
1537600 377
1537610 377
1537620 377
1537630 378
1537640 378
1537650 378
1537660 378
1537670 378
1537680 378
1537690 378
1537700 378
1537710 378
1537720 378
1537730 378
1537740 379
1537750 379
1537760 379
1537770 380
1537780 381
1537790 381
1537800 381
1537810 380
1537820 380
1537830 379
1537840 377
1537850 377
1537860 375
1537870 371
1537880 371
1537890 368
1537900 367
1537910 367
1537920 367
1537930 367
1537940 367
1537950 366
1537960 366
1537970 366
1537980 366
1537990 366
1538000 366
1538010 366
1538020 366
1538030 366
1538040 366
1538050 366
1538060 366
1538070 367
1538080 367
1538090 367
1538100 367
1538110 367
1538120 367
1538130 367
1538140 367
1538150 367
1538160 367
1538170 367
1538180 367
1538190 367
1538200 367
1538210 367
1538220 367
1538230 367
1538240 367
1538250 367
1538260 367
1538270 367
1538280 368
1538290 368
1538300 370
1538310 373
1538320 373
1538330 375
1538340 376
1538350 376
1538360 377
1538370 378
1538380 378
1538390 380
1538400 381
1538410 381
1538420 383
1538430 385
1538440 385
1538450 387
1538460 389
1538470 389
1538480 390
1538490 392
1538500 392
1538510 394
1538520 395
1538530 395
1538540 396
1538550 398
1538560 398
1538570 399
1538580 400
1538590 400
1538600 401
1538610 402
1538620 402
1538630 403
1538640 404
1538650 404
1538660 405
1538670 405
1538680 405
1538690 405
1538700 406
1538710 406
1538720 406
1538730 405
1538740 405
1538750 405
1538760 404
1538770 404
1538780 403
1538790 402
1538800 402
1538810 400
1538820 399
1538830 399
1538840 398
1538850 396
1538860 396
1538870 393
1538880 392
1538890 392
1538900 392
1538910 392
1538920 392
1538930 393
1538940 395
1538950 395
1538960 395
1538970 395
1538980 395
1538990 395
1539000 395
1539010 395
1539020 395
1539030 393
1539040 393
1539050 394
1539060 396
1539070 396
1539080 398
1539090 397
1539100 397
1539110 398
1539120 400
1539130 400
1539140 402
1539150 403
1539160 403
1539170 404
1539180 405
1539190 405
1539200 407
1539210 408
1539220 408
1539230 409
1539240 410
1539250 410
1539260 412
1539270 413
1539280 413
1539290 415
1539300 416
1539310 416
1539320 418
1539330 419
1539340 419
1539350 420
1539360 421
1539370 421
1539380 422
1539390 423
1539400 423
1539410 424
1539420 425
1539430 425
1539440 427
1539450 428
1539460 428
1539470 430
1539480 431
1539490 431
1539500 433
1539510 434
1539520 434
1539530 436
1539540 438
1539550 438
1539560 440
1539570 441
1539580 441
1539590 443
1539600 445
1539610 445
1539620 447
1539630 449
1539640 449
1539650 451
1539660 453
1539670 453
1539680 455
1539690 457
1539700 457
1539710 458
1539720 460
1539730 460
1539740 461
1539750 463
1539760 463
1539770 464
1539780 464
1539790 464
1539800 465
1539810 465
1539820 465
1539830 464
1539840 462
1539850 462
1539860 460
1539870 457
1539880 457
1539890 455
1539900 454
1539910 454
1539920 454
1539930 455
1539940 455
1539950 456
1539960 458
1539970 458
1539980 461
1539990 464
