1520000 449
1520010 451
1520020 453
1520030 453
1520040 454
1520050 454
1520060 454
1520070 455
1520080 455
1520090 455
1520100 455
1520110 455
1520120 455
1520130 456
1520140 456
1520150 456
1520160 457
1520170 457
1520180 457
1520190 458
1520200 458
1520210 458
1520220 458
1520230 459
1520240 459
1520250 459
1520260 459
1520270 459
1520280 460
1520290 459
1520300 459
1520310 457
1520320 458
1520330 458
1520340 460
1520350 462
1520360 462
1520370 464
1520380 466
1520390 466
1520400 468
1520410 470
1520420 470
1520430 471
1520440 472
1520450 472
1520460 474
1520470 475
1520480 475
1520490 476
1520500 477
1520510 477
1520520 478
1520530 480
1520540 480
1520550 482
1520560 483
1520570 483
1520580 484
1520590 485
1520600 485
1520610 485
1520620 485
1520630 485
1520640 485
1520650 484
1520660 484
1520670 484
1520680 484
1520690 484
1520700 484
1520710 487
1520720 487
1520730 492
1520740 496
1520750 496
1520760 499
1520770 501
1520780 501
1520790 503
1520800 506
1520810 506
1520820 508
1520830 510
1520840 510
1520850 512
1520860 514
1520870 514
1520880 516
1520890 518
1520900 518
1520910 520
1520920 521
1520930 521
1520940 523
1520950 525
1520960 525
1520970 526
1520980 528
1520990 528
1521000 529
1521010 531
1521020 531
1521030 532
1521040 532
1521050 533
1521060 535
1521070 535
1521080 536
1521090 537
1521100 537
1521110 539
1521120 540
1521130 540
1521140 540
1521150 541
1521160 541
1521170 542
1521180 543
1521190 543
1521200 544
1521210 545
1521220 545
1521230 545
1521240 546
1521250 546
1521260 546
1521270 547
1521280 547
1521290 548
1521300 548
1521310 548
1521320 549
1521330 549
1521340 549
1521350 548
1521360 548
1521370 548
1521380 548
1521390 548
1521400 548
1521410 548
1521420 548
1521430 548
1521440 548
1521450 549
1521460 549
1521470 549
1521480 550
1521490 550
1521500 550
1521510 551
1521520 551
1521530 552
1521540 553
1521550 553
1521560 554
1521570 555
1521580 555
1521590 556
1521600 557
1521610 557
1521620 558
1521630 558
1521640 558
1521650 559
1521660 560
1521670 560
1521680 560
1521690 561
1521700 561
1521710 562
1521720 562
1521730 562
1521740 562
1521750 563
1521760 563
1521770 563
1521780 563
1521790 563
1521800 563
1521810 563
1521820 563
1521830 562
1521840 562
1521850 562
1521860 562
1521870 561
1521880 561
1521890 561
1521900 560
1521910 560
1521920 559
1521930 558
1521940 558
1521950 557
1521960 556
1521970 556
1521980 556
1521990 555
1522000 555
1522010 554
1522020 554
1522030 554
1522040 553
1522050 552
1522060 552
1522070 551
1522080 550
1522090 550
1522100 549
1522110 548
1522120 548
1522130 547
1522140 547
1522150 547
1522160 545
1522170 544
1522180 544
1522190 542
1522200 541
1522210 541
1522220 539
1522230 537
1522240 537
1522250 535
1522260 533
1522270 533
1522280 531
1522290 529
1522300 529
1522310 527
1522320 525
1522330 525
1522340 523
1522350 520
1522360 520
1522370 518
1522380 515
1522390 515
1522400 513
1522410 511
1522420 511
1522430 510
1522440 509
1522450 509
1522460 509
1522470 509
1522480 509
1522490 508
1522500 507
1522510 507
1522520 505
1522530 504
1522540 504
1522550 503
1522560 502
1522570 502
1522580 501
1522590 499
1522600 499
1522610 497
1522620 495
1522630 495
1522640 493
1522650 491
1522660 491
1522670 488
1522680 486
1522690 486
1522700 482
1522710 478
1522720 478
1522730 475
1522740 472
1522750 472
1522760 472
1522770 475
1522780 475
1522790 479
1522800 481
1522810 481
1522820 483
1522830 485
1522840 485
1522850 487
1522860 488
1522870 488
1522880 488
1522890 487
1522900 487
1522910 486
1522920 485
1522930 485
1522940 483
1522950 482
1522960 482
1522970 480
1522980 479
1522990 479
1523000 477
1523010 475
1523020 475
1523030 474
1523040 472
1523050 472
1523060 471
1523070 469
1523080 469
1523090 468
1523100 467
1523110 467
1523120 467
1523130 467
1523140 467
1523150 468
1523160 468
1523170 468
1523180 469
1523190 469
1523200 470
1523210 470
1523220 470
1523230 470
1523240 471
1523250 471
1523260 471
1523270 472
1523280 472
1523290 472
1523300 472
1523310 472
1523320 473
1523330 475
1523340 475
1523350 476
1523360 477
1523370 477
1523380 479
1523390 480
1523400 480
1523410 481
1523420 482
1523430 482
1523440 482
1523450 483
1523460 483
1523470 484
1523480 484
1523490 484
1523500 484
1523510 485
1523520 485
1523530 485
1523540 485
1523550 485
1523560 485
1523570 485
1523580 485
1523590 485
1523600 484
1523610 484
1523620 483
1523630 481
1523640 481
1523650 479
1523660 478
1523670 478
1523680 476
1523690 475
1523700 475
1523710 473
1523720 472
1523730 472
1523740 471
1523750 470
1523760 470
1523770 469
1523780 468
1523790 468
1523800 466
1523810 466
1523820 466
1523830 465
1523840 464
1523850 464
1523860 463
1523870 463
1523880 463
1523890 462
1523900 461
1523910 461
1523920 460
1523930 459
1523940 459
1523950 458
1523960 459
1523970 459
1523980 462
1523990 464
1524000 464
1524010 465
1524020 466
1524030 466
1524040 467
1524050 468
1524060 468
1524070 469
1524080 469
1524090 469
1524100 470
1524110 471
1524120 471
1524130 472
1524140 473
1524150 473
1524160 474
1524170 475
1524180 475
1524190 476
1524200 477
1524210 477
1524220 478
1524230 479
1524240 479
1524250 480
1524260 481
1524270 481
1524280 482
1524290 483
1524300 483
1524310 483
1524320 484
1524330 484
1524340 485
1524350 486
1524360 486
1524370 487
1524380 488
1524390 488
1524400 490
1524410 491
1524420 491
1524430 493
1524440 494
1524450 494
1524460 496
1524470 497
1524480 497
1524490 499
1524500 500
1524510 500
1524520 501
1524530 503
1524540 503
1524550 504
1524560 505
1524570 505
1524580 506
1524590 507
1524600 507
1524610 508
1524620 509
1524630 509
1524640 510
1524650 510
1524660 510
1524670 511
1524680 512
1524690 512
1524700 512
1524710 513
1524720 513
1524730 513
1524740 514
1524750 514
1524760 514
1524770 515
1524780 515
1524790 515
1524800 516
1524810 516
1524820 516
1524830 516
1524840 516
1524850 516
1524860 517
1524870 517
1524880 517
1524890 517
1524900 517
1524910 517
1524920 516
1524930 516
1524940 515
1524950 514
1524960 514
1524970 513
1524980 512
1524990 512
1525000 510
1525010 509
1525020 509
1525030 507
1525040 504
1525050 504
1525060 502
1525070 500
1525080 500
1525090 499
1525100 497
1525110 497
1525120 496
1525130 494
1525140 494
1525150 492
1525160 490
1525170 490
1525180 488
1525190 488
1525200 486
1525210 484
1525220 484
1525230 483
1525240 482
1525250 482
1525260 481
1525270 480
1525280 480
1525290 479
1525300 478
1525310 478
1525320 476
1525330 474
1525340 474
1525350 472
1525360 469
1525370 469
1525380 467
1525390 464
1525400 464
1525410 461
1525420 459
1525430 459
1525440 455
1525450 452
1525460 452
1525470 452
1525480 452
1525490 452
1525500 451
1525510 449
1525520 449
1525530 448
1525540 446
1525550 446
1525560 445
1525570 444
1525580 444
1525590 444
1525600 444
1525610 444
1525620 443
1525630 443
1525640 443
1525650 443
1525660 444
1525670 444
1525680 444
1525690 444
1525700 444
1525710 444
1525720 444
1525730 444
1525740 445
1525750 445
1525760 445
1525770 446
1525780 447
1525790 447
1525800 448
1525810 448
1525820 448
1525830 449
1525840 450
1525850 450
1525860 450
1525870 451
1525880 451
1525890 451
1525900 452
1525910 452
1525920 452
1525930 453
1525940 453
1525950 454
1525960 454
1525970 454
1525980 455
1525990 455
1526000 455
1526010 455
1526020 455
1526030 455
1526040 455
1526050 455
1526060 455
1526070 455
1526080 455
1526090 455
1526100 454
1526110 454
1526120 456
1526130 456
1526140 455
1526150 455
1526160 455
1526170 454
1526180 454
1526190 454
1526200 453
1526210 453
1526220 451
1526230 450
1526240 450
1526250 448
1526260 447
1526270 447
1526280 447
1526290 446
1526300 446
1526310 446
1526320 445
1526330 445
1526340 446
1526350 446
1526360 446
1526370 446
1526380 447
1526390 447
1526400 448
1526410 448
1526420 448
1526430 448
1526440 449
1526450 449
1526460 449
1526470 449
1526480 449
1526490 450
1526500 450
1526510 450
1526520 450
1526530 451
1526540 451
1526550 450
1526560 450
1526570 450
1526580 450
1526590 450
1526600 450
1526610 450
1526620 449
1526630 449
1526640 449
1526650 448
1526660 448
1526670 448
1526680 448
1526690 448
1526700 447
1526710 447
1526720 447
1526730 446
1526740 446
1526750 446
1526760 447
1526770 447
1526780 447
1526790 447
1526800 448
1526810 448
1526820 448
1526830 448
1526840 448
1526850 448
1526860 448
1526870 448
1526880 448
1526890 449
1526900 449
1526910 449
1526920 450
1526930 450
1526940 451
1526950 451
1526960 451
1526970 451
1526980 451
1526990 451
1527000 451
1527010 451
1527020 451
1527030 451
1527040 451
1527050 451
1527060 451
1527070 451
1527080 451
1527090 451
1527100 452
1527110 452
1527120 452
1527130 452
1527140 452
1527150 451
1527160 451
1527170 451
1527180 450
1527190 449
1527200 449
1527210 448
1527220 447
1527230 447
1527240 446
1527250 446
1527260 446
1527270 445
1527280 445
1527290 444
1527300 444
1527310 444
1527320 443
1527330 443
1527340 443
1527350 442
1527360 442
1527370 442
1527380 441
1527390 441
1527400 441
1527410 441
1527420 441
1527430 441
1527440 441
1527450 440
1527460 440
1527470 440
1527480 439
1527490 439
1527500 439
1527510 439
1527520 439
1527530 439
1527540 438
1527550 438
1527560 438
1527570 438
1527580 438
1527590 437
1527600 437
1527610 437
1527620 437
1527630 437
1527640 437
1527650 437
1527660 438
1527670 438
1527680 438
1527690 438
1527700 438
1527710 438
1527720 438
1527730 438
1527740 437
1527750 437
1527760 437
1527770 437
1527780 437
1527790 437
1527800 437
1527810 437
1527820 437
1527830 437
1527840 436
1527850 436
1527860 436
1527870 436
1527880 436
1527890 436
1527900 435
1527910 435
1527920 435
1527930 434
1527940 434
1527950 434
1527960 434
1527970 434
1527980 433
1527990 433
1528000 433
1528010 432
1528020 432
1528030 432
1528040 432
1528050 432
1528060 432
1528070 432
1528080 431
1528090 431
1528100 431
1528110 431
1528120 431
1528130 431
1528140 431
1528150 431
1528160 431
1528170 431
1528180 431
1528190 431
1528200 431
1528210 431
1528220 431
1528230 431
1528240 431
1528250 431
1528260 431
1528270 431
1528280 431
1528290 430
1528300 430
1528310 430
1528320 430
1528330 430
1528340 430
1528350 430
1528360 430
1528370 430
1528380 430
1528390 430
1528400 430
1528410 430
1528420 430
1528430 430
1528440 430
1528450 430
1528460 430
1528470 430
1528480 430
1528490 430
1528500 430
1528510 430
1528520 430
1528530 430
1528540 430
1528550 430
1528560 430
1528570 430
1528580 430
1528590 430
1528600 430
1528610 430
1528620 430
1528630 430
1528640 430
1528650 430
1528660 430
1528670 430
1528680 430
1528690 430
1528700 429
1528710 429
1528720 429
1528730 429
1528740 429
1528750 429
1528760 429
1528770 429
1528780 429
1528790 430
1528800 429
1528810 429
1528820 430
1528830 430
1528840 430
1528850 430
1528860 431
1528870 431
1528880 432
1528890 432
1528900 432
1528910 432
1528920 432
1528930 432
1528940 433
1528950 433
1528960 433
1528970 433
1528980 433
1528990 433
1529000 433
1529010 433
1529020 433
1529030 433
1529040 433
1529050 433
1529060 433
1529070 433
1529080 433
1529090 433
1529100 433
1529110 433
1529120 433
1529130 434
1529140 434
1529150 434
1529160 435
1529170 435
1529180 435
1529190 435
1529200 435
1529210 436
1529220 436
1529230 436
1529240 436
1529250 437
1529260 437
1529270 437
1529280 437
1529290 437
1529300 437
1529310 438
1529320 438
1529330 438
1529340 438
1529350 439
1529360 439
1529370 439
1529380 439
1529390 440
1529400 440
1529410 440
1529420 440
1529430 440
1529440 440
1529450 440
1529460 440
1529470 440
1529480 439
1529490 439
1529500 439
1529510 439
1529520 439
1529530 439
1529540 438
1529550 438
1529560 438
1529570 438
1529580 438
1529590 438
1529600 438
1529610 438
1529620 438
1529630 438
1529640 438
1529650 438
1529660 438
1529670 438
1529680 438
1529690 438
1529700 438
1529710 438
1529720 437
1529730 437
1529740 437
1529750 437
1529760 437
1529770 437
1529780 437
1529790 437
1529800 437
1529810 436
1529820 436
1529830 436
1529840 436
1529850 436
1529860 436
1529870 436
1529880 436
1529890 435
1529900 435
1529910 435
1529920 435
1529930 435
1529940 435
1529950 435
1529960 434
1529970 434
1529980 434
1529990 433
1530000 433
1530010 433
1530020 433
1530030 433
1530040 432
1530050 432
1530060 432
1530070 432
1530080 432
1530090 432
1530100 431
1530110 431
1530120 431
1530130 431
1530140 431
1530150 431
1530160 431
1530170 431
1530180 431
1530190 431
1530200 431
1530210 431
1530220 430
1530230 430
1530240 430
1530250 430
1530260 430
1530270 430
1530280 430
1530290 430
1530300 430
1530310 430
1530320 429
1530330 429
1530340 429
1530350 429
1530360 429
1530370 429
1530380 430
1530390 430
1530400 430
1530410 429
1530420 429
1530430 428
1530440 429
1530450 429
1530460 430
1530470 430
1530480 430
1530490 431
1530500 431
1530510 431
1530520 431
1530530 432
1530540 432
1530550 432
1530560 433
1530570 433
1530580 433
1530590 433
1530600 433
1530610 433
1530620 432
1530630 432
1530640 432
1530650 432
1530660 432
1530670 433
1530680 433
1530690 433
1530700 432
1530710 432
1530720 432
1530730 432
1530740 433
1530750 433
1530760 433
1530770 434
1530780 434
1530790 435
1530800 436
1530810 436
1530820 436
1530830 437
1530840 437
1530850 438
1530860 439
1530870 439
1530880 440
1530890 441
1530900 441
1530910 442
1530920 444
1530930 444
1530940 444
1530950 444
1530960 444
1530970 445
1530980 447
1530990 447
1531000 447
1531010 448
1531020 448
1531030 449
1531040 450
1531050 450
1531060 451
1531070 452
1531080 452
1531090 454
1531100 455
1531110 455
1531120 456
1531130 457
1531140 457
1531150 458
1531160 459
1531170 459
1531180 460
1531190 462
1531200 462
1531210 463
1531220 465
1531230 465
1531240 466
1531250 468
1531260 468
1531270 469
1531280 471
1531290 471
1531300 473
1531310 474
1531320 474
1531330 476
1531340 478
1531350 478
1531360 480
1531370 482
1531380 482
1531390 483
1531400 484
1531410 484
1531420 486
1531430 486
1531440 488
1531450 489
1531460 489
1531470 491
1531480 492
1531490 492
1531500 494
1531510 495
1531520 495
1531530 497
1531540 498
1531550 498
1531560 500
1531570 502
1531580 502
1531590 504
1531600 505
1531610 505
1531620 507
1531630 508
1531640 508
1531650 509
1531660 511
1531670 511
1531680 513
1531690 515
1531700 515
1531710 516
1531720 518
1531730 518
1531740 519
1531750 520
1531760 520
1531770 522
1531780 523
1531790 523
1531800 524
1531810 525
1531820 525
1531830 527
1531840 528
1531850 528
1531860 529
1531870 530
1531880 530
1531890 531
1531900 532
1531910 532
1531920 533
1531930 534
1531940 534
1531950 535
1531960 536
1531970 536
1531980 536
1531990 536
1532000 536
1532010 536
1532020 536
1532030 536
1532040 536
1532050 536
1532060 536
1532070 536
1532080 537
1532090 537
1532100 537
1532110 537
1532120 537
1532130 537
1532140 537
1532150 537
1532160 537
1532170 538
1532180 538
1532190 538
1532200 539
1532210 539
1532220 539
1532230 540
1532240 540
1532250 540
1532260 541
1532270 541
1532280 541
1532290 542
1532300 542
1532310 542
1532320 543
1532330 543
1532340 543
1532350 544
1532360 544
1532370 544
1532380 545
1532390 545
1532400 545
1532410 545
1532420 545
1532430 544
1532440 544
1532450 544
1532460 544
1532470 544
1532480 544
1532490 544
1532500 544
1532510 544
1532520 544
1532530 544
1532540 544
1532550 545
1532560 545
1532570 545
1532580 545
1532590 545
1532600 545
1532610 546
1532620 546
1532630 546
1532640 546
1532650 546
1532660 546
1532670 546
1532680 546
1532690 546
1532700 546
1532710 546
1532720 546
1532730 546
1532740 546
1532750 546
1532760 546
1532770 546
1532780 546
1532790 546
1532800 546
1532810 546
1532820 546
1532830 545
1532840 545
1532850 545
1532860 545
1532870 545
1532880 545
1532890 545
1532900 545
1532910 545
1532920 545
1532930 545
1532940 545
1532950 544
1532960 544
1532970 544
1532980 544
1532990 544
1533000 544
1533010 544
1533020 544
1533030 543
1533040 543
1533050 543
1533060 543
1533070 543
1533080 543
1533090 542
1533100 542
1533110 542
1533120 542
1533130 541
1533140 541
1533150 541
1533160 540
1533170 540
1533180 540
1533190 539
1533200 539
1533210 539
1533220 538
1533230 538
1533240 538
1533250 537
1533260 537
1533270 536
1533280 535
1533290 535
1533300 534
1533310 534
1533320 534
1533330 534
1533340 533
1533350 533
1533360 533
1533370 533
1533380 533
1533390 532
1533400 532
1533410 532
1533420 532
1533430 532
1533440 532
1533450 532
1533460 531
1533470 531
1533480 531
1533490 531
1533500 531
1533510 531
1533520 531
1533530 530
1533540 530
1533550 530
1533560 529
1533570 529
1533580 529
1533590 530
1533600 529
1533610 529
1533620 529
1533630 529
1533640 529
1533650 528
1533660 528
1533670 528
1533680 527
1533690 527
1533700 527
1533710 526
1533720 525
1533730 525
1533740 524
1533750 523
1533760 523
1533770 521
1533780 520
1533790 520
1533800 519
1533810 519
1533820 519
1533830 519
1533840 519
1533850 519
1533860 520
1533870 520
1533880 520
1533890 520
1533900 519
1533910 519
1533920 518
1533930 517
1533940 517
1533950 515
1533960 512
1533970 512
1533980 509
1533990 508
1534000 508
1534010 509
1534020 509
1534030 509
1534040 510
1534050 510
1534060 510
1534070 512
1534080 514
1534090 514
1534100 516
1534110 518
1534120 518
1534130 519
1534140 521
1534150 521
1534160 522
1534170 522
1534180 522
1534190 523
1534200 524
1534210 524
1534220 524
1534230 525
1534240 525
1534250 525
1534260 525
1534270 525
1534280 526
1534290 526
1534300 526
1534310 526
1534320 526
1534330 526
1534340 526
1534350 525
1534360 525
1534370 525
1534380 525
1534390 525
1534400 526
1534410 527
1534420 527
1534430 529
1534440 529
1534450 529
1534460 530
1534470 530
1534480 530
1534490 530
1534500 530
1534510 530
1534520 530
1534530 530
1534540 530
1534550 530
1534560 530
1534570 530
1534580 530
1534590 530
1534600 530
1534610 530
1534620 530
1534630 530
1534640 530
1534650 530
1534660 530
1534670 531
1534680 531
1534690 531
1534700 531
1534710 531
1534720 531
1534730 531
1534740 531
1534750 531
1534760 531
1534770 531
1534780 531
1534790 531
1534800 531
1534810 531
1534820 531
1534830 530
1534840 530
1534850 530
1534860 530
1534870 530
1534880 530
1534890 529
1534900 529
1534910 529
1534920 528
1534930 528
1534940 528
1534950 527
1534960 527
1534970 526
1534980 526
1534990 526
1535000 524
1535010 522
1535020 522
1535030 520
1535040 518
1535050 518
1535060 516
1535070 515
1535080 515
1535090 514
1535100 513
1535110 513
1535120 513
1535130 513
1535140 513
1535150 514
1535160 514
1535170 514
1535180 514
1535190 514
1535200 514
1535210 514
1535220 513
1535230 513
1535240 513
1535250 512
1535260 512
1535270 512
1535280 511
1535290 511
1535300 510
1535310 509
1535320 509
1535330 507
1535340 505
1535350 505
1535360 502
1535370 497
1535380 497
1535390 494
1535400 493
1535410 493
1535420 492
1535430 492
1535440 492
1535450 491
1535460 491
1535470 491
1535480 490
1535490 490
1535500 490
1535510 489
1535520 489
1535530 489
1535540 488
1535550 488
1535560 487
1535570 487
1535580 487
1535590 487
1535600 487
1535610 487
1535620 487
1535630 487
1535640 487
1535650 486
1535660 486
1535670 486
1535680 485
1535690 484
1535700 484
1535710 484
1535720 484
1535730 484
1535740 483
1535750 482
1535760 482
1535770 482
1535780 481
1535790 481
1535800 480
1535810 480
1535820 480
1535830 480
1535840 480
1535850 480
1535860 480
1535870 479
1535880 479
1535890 479
1535900 478
1535910 478
1535920 477
1535930 475
1535940 475
1535950 473
1535960 472
1535970 472
1535980 472
1535990 472
1536000 472
1536010 471
1536020 471
1536030 471
1536040 471
1536050 471
1536060 471
1536070 470
1536080 469
1536090 469
1536100 469
1536110 470
1536120 470
1536130 470
1536140 469
1536150 469
1536160 470
1536170 470
1536180 470
1536190 470
1536200 471
1536210 471
1536220 471
1536230 471
1536240 471
1536250 471
1536260 471
1536270 471
1536280 472
1536290 472
1536300 472
1536310 472
1536320 472
1536330 472
1536340 472
1536350 471
1536360 471
1536370 471
1536380 470
1536390 470
1536400 469
1536410 467
1536420 467
1536430 464
1536440 461
1536450 461
1536460 458
1536470 457
1536480 457
1536490 456
1536500 456
1536510 456
1536520 456
1536530 457
1536540 457
1536550 457
1536560 458
1536570 458
1536580 459
1536590 460
1536600 460
1536610 461
1536620 461
1536630 461
1536640 462
1536650 462
1536660 462
1536670 461
1536680 461
1536690 461
1536700 460
1536710 459
1536720 459
1536730 458
1536740 457
1536750 457
1536760 456
1536770 454
1536780 454
1536790 453
1536800 452
1536810 452
1536820 450
1536830 448
1536840 448
1536850 446
1536860 444
1536870 444
1536880 442
1536890 440
1536900 440
1536910 438
1536920 436
1536930 436
1536940 434
1536950 432
1536960 432
1536970 431
1536980 427
1536990 427
1537000 424
1537010 423
1537020 423
1537030 422
1537040 420
1537050 420
1537060 418
1537070 417
1537080 417
1537090 417
1537100 417
1537110 417
1537120 417
1537130 418
1537140 418
1537150 418
1537160 417
1537170 417
1537180 417
1537190 417
1537200 417
1537210 416
1537220 415
1537230 415
1537240 415
1537250 414
1537260 414
1537270 413
1537280 412
1537290 412
1537300 411
1537310 411
1537320 411
1537330 410
1537340 410
1537350 410
1537360 409
1537370 410
1537380 410
1537390 412
1537400 413
1537410 413
1537420 415
1537430 416
1537440 416
1537450 417
1537460 418
1537470 418
1537480 420
1537490 421
1537500 421
1537510 421
1537520 422
1537530 422
1537540 422
1537550 422
1537560 422
1537570 421
1537580 420
1537590 420
1537600 419
1537610 418
1537620 418
1537630 417
1537640 417
1537650 415
1537660 413
1537670 413
1537680 411
1537690 409
1537700 409
1537710 407
1537720 405
1537730 405
1537740 404
1537750 402
1537760 402
1537770 400
1537780 399
1537790 399
1537800 397
1537810 396
1537820 396
1537830 395
1537840 395
1537850 395
1537860 394
1537870 394
1537880 394
1537890 393
1537900 392
1537910 392
1537920 391
1537930 390
1537940 390
1537950 389
1537960 388
1537970 388
1537980 386
1537990 385
1538000 385
1538010 385
1538020 385
1538030 385
1538040 384
1538050 383
1538060 383
1538070 382
1538080 382
1538090 382
1538100 382
1538110 382
1538120 382
1538130 382
1538140 382
1538150 382
1538160 382
1538170 381
1538180 381
1538190 381
1538200 381
1538210 381
1538220 381
1538230 381
1538240 381
1538250 383
1538260 386
1538270 386
1538280 389
1538290 391
1538300 391
1538310 393
1538320 395
1538330 395
1538340 395
1538350 396
1538360 396
1538370 397
1538380 400
1538390 400
1538400 402
1538410 404
1538420 404
1538430 407
1538440 409
1538450 409
1538460 412
1538470 415
1538480 415
1538490 419
1538500 422
1538510 422
1538520 425
1538530 427
1538540 427
1538550 430
1538560 432
1538570 432
1538580 434
1538590 436
1538600 436
1538610 438
1538620 440
1538630 440
1538640 441
1538650 442
1538660 442
1538670 443
1538680 444
1538690 444
1538700 444
1538710 445
1538720 445
1538730 446
1538740 446
1538750 446
1538760 447
1538770 449
1538780 449
1538790 450
1538800 452
1538810 452
1538820 454
1538830 456
1538840 456
1538850 457
1538860 459
1538870 459
1538880 462
1538890 464
1538900 464
1538910 465
1538920 467
1538930 467
1538940 469
1538950 471
1538960 471
1538970 472
1538980 474
1538990 474
1539000 475
1539010 476
1539020 476
1539030 477
1539040 478
1539050 478
1539060 479
1539070 479
1539080 479
1539090 480
1539100 480
1539110 480
1539120 479
1539130 478
1539140 478
1539150 475
1539160 473
1539170 473
1539180 470
1539190 468
1539200 468
1539210 466
1539220 466
1539230 466
1539240 467
1539250 467
1539260 467
1539270 467
1539280 466
1539290 466
1539300 464
1539310 461
1539320 461
1539330 458
1539340 455
1539350 455
1539360 449
1539370 445
1539380 445
1539390 444
1539400 444
1539410 444
1539420 449
1539430 453
1539440 453
1539450 458
1539460 461
1539470 461
1539480 465
1539490 469
1539500 469
1539510 473
1539520 477
1539530 477
1539540 480
1539550 484
1539560 484
1539570 487
1539580 490
1539590 490
1539600 494
1539610 496
1539620 496
1539630 499
1539640 501
1539650 501
1539660 503
1539670 506
1539680 506
1539690 508
1539700 508
1539710 510
1539720 511
1539730 511
1539740 512
1539750 514
1539760 514
1539770 515
1539780 516
1539790 516
1539800 517
1539810 518
1539820 518
1539830 519
1539840 519
1539850 519
1539860 520
1539870 520
1539880 520
1539890 521
1539900 521
1539910 521
1539920 521
1539930 521
1539940 521
1539950 521
1539960 520
1539970 520
1539980 520
1539990 520
