1520000 469
1520010 469
1520020 469
1520030 469
1520040 469
1520050 468
1520060 468
1520070 468
1520080 466
1520090 464
1520100 464
1520110 462
1520120 458
1520130 458
1520140 456
1520150 456
1520160 456
1520170 457
1520180 459
1520190 459
1520200 463
1520210 466
1520220 466
1520230 469
1520240 471
1520250 471
1520260 473
1520270 475
1520280 475
1520290 477
1520300 479
1520310 479
1520320 481
1520330 483
1520340 483
1520350 485
1520360 486
1520370 486
1520380 488
1520390 489
1520400 489
1520410 490
1520420 491
1520430 491
1520440 492
1520450 493
1520460 493
1520470 494
1520480 494
1520490 494
1520500 495
1520510 495
1520520 495
1520530 496
1520540 496
1520550 496
1520560 496
1520570 496
1520580 496
1520590 496
1520600 495
1520610 495
1520620 495
1520630 494
1520640 494
1520650 493
1520660 493
1520670 493
1520680 492
1520690 491
1520700 491
1520710 491
1520720 492
1520730 492
1520740 492
1520750 492
1520760 492
1520770 492
1520780 493
1520790 493
1520800 494
1520810 494
1520820 494
1520830 495
1520840 496
1520850 496
1520860 496
1520870 496
1520880 496
1520890 496
1520900 497
1520910 497
1520920 497
1520930 497
1520940 497
1520950 498
1520960 498
1520970 498
1520980 498
1520990 497
1521000 497
1521010 497
1521020 496
1521030 496
1521040 495
1521050 495
1521060 495
1521070 494
1521080 493
1521090 493
1521100 492
1521110 491
1521120 491
1521130 490
1521140 489
1521150 489
1521160 487
1521170 485
1521180 485
1521190 481
1521200 477
1521210 477
1521220 477
1521230 480
1521240 480
1521250 484
1521260 487
1521270 487
1521280 490
1521290 493
1521300 493
1521310 495
1521320 497
1521330 497
1521340 498
1521350 500
1521360 500
1521370 501
1521380 501
1521390 501
1521400 502
1521410 503
1521420 503
1521430 504
1521440 504
1521450 504
1521460 505
1521470 505
1521480 505
1521490 506
1521500 506
1521510 506
1521520 506
1521530 506
1521540 506
1521550 506
1521560 506
1521570 506
1521580 506
1521590 506
1521600 505
1521610 505
1521620 505
1521630 506
1521640 507
1521650 507
1521660 509
1521670 510
1521680 510
1521690 511
1521700 512
1521710 512
1521720 513
1521730 514
1521740 514
1521750 514
1521760 515
1521770 515
1521780 516
1521790 517
1521800 517
1521810 517
1521820 518
1521830 518
1521840 519
1521850 519
1521860 519
1521870 520
1521880 520
1521890 520
1521900 521
1521910 521
1521920 521
1521930 522
1521940 522
1521950 522
1521960 523
1521970 523
1521980 523
1521990 523
1522000 523
1522010 523
1522020 523
1522030 523
1522040 523
1522050 523
1522060 521
1522070 521
1522080 520
1522090 519
1522100 519
1522110 518
1522120 517
1522130 517
1522140 517
1522150 516
1522160 516
1522170 515
1522180 515
1522190 515
1522200 514
1522210 514
1522220 514
1522230 513
1522240 512
1522250 512
1522260 510
1522270 509
1522280 509
1522290 507
1522300 505
1522310 505
1522320 503
1522330 502
1522340 502
1522350 502
1522360 503
1522370 503
1522380 506
1522390 509
1522400 509
1522410 512
1522420 514
1522430 514
1522440 516
1522450 518
1522460 518
1522470 519
1522480 520
1522490 520
1522500 521
1522510 522
1522520 522
1522530 523
1522540 523
1522550 523
1522560 524
1522570 524
1522580 524
1522590 525
1522600 525
1522610 525
1522620 526
1522630 526
1522640 526
1522650 526
1522660 526
1522670 526
1522680 526
1522690 527
1522700 527
1522710 527
1522720 527
1522730 527
1522740 527
1522750 527
1522760 527
1522770 528
1522780 529
1522790 529
1522800 530
1522810 530
1522820 530
1522830 531
1522840 532
1522850 532
1522860 532
1522870 533
1522880 533
1522890 534
1522900 535
1522910 535
1522920 535
1522930 536
1522940 536
1522950 536
1522960 537
1522970 537
1522980 537
1522990 538
1523000 538
1523010 538
1523020 538
1523030 538
1523040 538
1523050 539
1523060 539
1523070 538
1523080 538
1523090 538
1523100 537
1523110 536
1523120 536
1523130 536
1523140 535
1523150 535
1523160 534
1523170 534
1523180 534
1523190 534
1523200 534
1523210 534
1523220 534
1523230 534
1523240 534
1523250 534
1523260 533
1523270 533
1523280 532
1523290 531
1523300 531
1523310 531
1523320 530
1523330 530
1523340 529
1523350 529
1523360 529
1523370 529
1523380 529
1523390 529
1523400 529
1523410 529
1523420 529
1523430 530
1523440 530
1523450 532
1523460 533
1523470 533
1523480 534
1523490 534
1523500 534
1523510 535
1523520 537
1523530 537
1523540 540
1523550 541
1523560 541
1523570 542
1523580 544
1523590 544
1523600 546
1523610 548
1523620 548
1523630 550
1523640 552
1523650 552
1523660 553
1523670 555
1523680 555
1523690 556
1523700 558
1523710 558
1523720 559
1523730 560
1523740 560
1523750 561
1523760 561
1523770 561
1523780 562
1523790 562
1523800 562
1523810 561
1523820 561
1523830 561
1523840 560
1523850 560
1523860 560
1523870 561
1523880 561
1523890 561
1523900 562
1523910 562
1523920 562
1523930 563
1523940 564
1523950 564
1523960 564
1523970 564
1523980 564
1523990 564
1524000 564
1524010 564
1524020 565
1524030 565
1524040 565
1524050 565
1524060 565
1524070 565
1524080 565
1524090 566
1524100 566
1524110 566
1524120 566
1524130 566
1524140 567
1524150 567
1524160 567
1524170 567
1524180 566
1524190 566
1524200 566
1524210 566
1524220 566
1524230 566
1524240 566
1524250 566
1524260 566
1524270 567
1524280 567
1524290 569
1524300 569
1524310 569
1524320 570
1524330 570
1524340 570
1524350 570
1524360 570
1524370 570
1524380 569
1524390 567
1524400 567
1524410 564
1524420 562
1524430 562
1524440 561
1524450 561
1524460 561
1524470 562
1524480 561
1524490 561
1524500 562
1524510 564
1524520 564
1524530 567
1524540 569
1524550 569
1524560 571
1524570 574
1524580 574
1524590 576
1524600 578
1524610 578
1524620 580
1524630 582
1524640 582
1524650 583
1524660 585
1524670 585
1524680 586
1524690 588
1524700 588
1524710 589
1524720 590
1524730 590
1524740 591
1524750 592
1524760 592
1524770 591
1524780 591
1524790 591
1524800 591
1524810 592
1524820 592
1524830 593
1524840 594
1524850 594
1524860 595
1524870 595
1524880 595
1524890 595
1524900 596
1524910 596
1524920 596
1524930 596
1524940 596
1524950 596
1524960 595
1524970 595
1524980 592
1524990 590
1525000 590
1525010 588
1525020 587
1525030 587
1525040 586
1525050 586
1525060 586
1525070 586
1525080 586
1525090 586
1525100 587
1525110 588
1525120 588
1525130 589
1525140 589
1525150 589
1525160 590
1525170 591
1525180 591
1525190 591
1525200 592
1525210 592
1525220 593
1525230 593
1525240 593
1525250 594
1525260 595
1525270 595
1525280 595
1525290 595
1525300 596
1525310 596
1525320 596
1525330 597
1525340 597
1525350 597
1525360 597
1525370 598
1525380 598
1525390 598
1525400 597
1525410 597
1525420 596
1525430 595
1525440 595
1525450 594
1525460 593
1525470 593
1525480 593
1525490 592
1525500 592
1525510 591
1525520 591
1525530 591
1525540 591
1525550 590
1525560 590
1525570 590
1525580 590
1525590 590
1525600 589
1525610 589
1525620 589
1525630 589
1525640 588
1525650 588
1525660 587
1525670 586
1525680 586
1525690 585
1525700 585
1525710 585
1525720 584
1525730 583
1525740 583
1525750 582
1525760 581
1525770 581
1525780 581
1525790 580
1525800 580
1525810 579
1525820 578
1525830 578
1525840 578
1525850 577
1525860 577
1525870 576
1525880 575
1525890 575
1525900 575
1525910 574
1525920 574
1525930 574
1525940 574
1525950 574
1525960 574
1525970 573
1525980 573
1525990 573
1526000 573
1526010 573
1526020 572
1526030 571
1526040 571
1526050 571
1526060 570
1526070 570
1526080 569
1526090 567
1526100 567
1526110 566
1526120 564
1526130 564
1526140 563
1526150 561
1526160 561
1526170 559
1526180 558
1526190 558
1526200 556
1526210 555
1526220 555
1526230 553
1526240 552
1526250 552
1526260 550
1526270 549
1526280 549
1526290 548
1526300 548
1526310 548
1526320 548
1526330 547
1526340 547
1526350 546
1526360 546
1526370 546
1526380 545
1526390 545
1526400 545
1526410 544
1526420 544
1526430 544
1526440 543
1526450 543
1526460 543
1526470 542
1526480 541
1526490 541
1526500 540
1526510 538
1526520 538
1526530 537
1526540 537
1526550 537
1526560 536
1526570 535
1526580 535
1526590 534
1526600 532
1526610 532
1526620 530
1526630 529
1526640 529
1526650 527
1526660 526
1526670 526
1526680 524
1526690 522
1526700 522
1526710 520
1526720 518
1526730 518
1526740 517
1526750 515
1526760 515
1526770 513
1526780 511
1526790 511
1526800 509
1526810 507
1526820 507
1526830 505
1526840 503
1526850 503
1526860 502
1526870 500
1526880 500
1526890 498
1526900 496
1526910 496
1526920 495
1526930 492
1526940 492
1526950 489
1526960 485
1526970 485
1526980 483
1526990 481
1527000 481
1527010 480
1527020 479
1527030 479
1527040 478
1527050 478
1527060 478
1527070 479
1527080 480
1527090 480
1527100 482
1527110 484
1527120 484
1527130 486
1527140 489
1527150 489
1527160 490
1527170 490
1527180 491
1527190 492
1527200 492
1527210 493
1527220 493
1527230 493
1527240 495
1527250 496
1527260 496
1527270 496
1527280 497
1527290 497
1527300 498
1527310 499
1527320 499
1527330 500
1527340 501
1527350 501
1527360 502
1527370 503
1527380 503
1527390 504
1527400 505
1527410 505
1527420 506
1527430 507
1527440 507
1527450 508
1527460 508
1527470 508
1527480 509
1527490 509
1527500 509
1527510 509
1527520 509
1527530 509
1527540 509
1527550 511
1527560 511
1527570 511
1527580 511
1527590 511
1527600 511
1527610 512
1527620 512
1527630 512
1527640 512
1527650 512
1527660 513
1527670 513
1527680 513
1527690 512
1527700 513
1527710 513
1527720 513
1527730 513
1527740 513
1527750 513
1527760 513
1527770 513
1527780 514
1527790 515
1527800 515
1527810 515
1527820 515
1527830 515
1527840 514
1527850 514
1527860 514
1527870 514
1527880 514
1527890 514
1527900 514
1527910 514
1527920 514
1527930 513
1527940 513
1527950 513
1527960 513
1527970 513
1527980 513
1527990 512
1528000 512
1528010 512
1528020 512
1528030 512
1528040 512
1528050 511
1528060 511
1528070 511
1528080 511
1528090 510
1528100 510
1528110 509
1528120 508
1528130 508
1528140 506
1528150 505
1528160 505
1528170 502
1528180 500
1528190 500
1528200 498
1528210 496
1528220 496
1528230 494
1528240 493
1528250 493
1528260 491
1528270 490
1528280 490
1528290 489
1528300 487
1528310 487
1528320 485
1528330 483
1528340 483
1528350 481
1528360 479
1528370 479
1528380 477
1528390 477
1528400 477
1528410 475
1528420 474
1528430 474
1528440 473
1528450 472
1528460 472
1528470 470
1528480 469
1528490 469
1528500 468
1528510 467
1528520 467
1528530 466
1528540 465
1528550 465
1528560 464
1528570 463
1528580 463
1528590 461
1528600 460
1528610 460
1528620 458
1528630 457
1528640 457
1528650 456
1528660 455
1528670 455
1528680 453
1528690 453
1528700 453
1528710 452
1528720 453
1528730 453
1528740 453
1528750 453
1528760 453
1528770 454
1528780 458
1528790 458
1528800 461
1528810 463
1528820 463
1528830 465
1528840 468
1528850 468
1528860 470
1528870 472
1528880 472
1528890 474
1528900 476
1528910 476
1528920 479
1528930 481
1528940 481
1528950 483
1528960 485
1528970 485
1528980 486
1528990 487
1529000 487
1529010 488
1529020 489
1529030 489
1529040 489
1529050 489
1529060 490
1529070 490
1529080 490
1529090 490
1529100 490
1529110 490
1529120 490
1529130 489
1529140 489
1529150 488
1529160 488
1529170 488
1529180 487
1529190 487
1529200 487
1529210 487
1529220 487
1529230 487
1529240 488
1529250 488
1529260 488
1529270 488
1529280 488
1529290 488
1529300 489
1529310 489
1529320 489
1529330 490
1529340 490
1529350 490
1529360 492
1529370 493
1529380 493
1529390 493
1529400 495
1529410 495
1529420 496
1529430 498
1529440 498
1529450 499
1529460 500
1529470 500
1529480 502
1529490 503
1529500 503
1529510 504
1529520 505
1529530 505
1529540 506
1529550 507
1529560 507
1529570 508
1529580 508
1529590 508
1529600 509
1529610 509
1529620 509
1529630 510
1529640 511
1529650 511
1529660 511
1529670 512
1529680 512
1529690 512
1529700 512
1529710 512
1529720 512
1529730 512
1529740 512
1529750 511
1529760 509
1529770 509
1529780 506
1529790 503
1529800 503
1529810 501
1529820 500
1529830 500
1529840 499
1529850 498
1529860 498
1529870 498
1529880 497
1529890 497
1529900 496
1529910 495
1529920 495
1529930 495
1529940 494
1529950 494
1529960 493
1529970 496
1529980 496
1529990 499
1530000 500
1530010 500
1530020 502
1530030 503
1530040 503
1530050 504
1530060 505
1530070 505
1530080 507
1530090 508
1530100 508
1530110 509
1530120 511
1530130 511
1530140 512
1530150 513
1530160 513
1530170 515
1530180 516
1530190 516
1530200 517
1530210 519
1530220 519
1530230 520
1530240 521
1530250 521
1530260 523
1530270 524
1530280 524
1530290 524
1530300 525
1530310 525
1530320 526
1530330 526
1530340 526
1530350 527
1530360 527
1530370 527
1530380 528
1530390 528
1530400 528
1530410 529
1530420 529
1530430 529
1530440 529
1530450 529
1530460 529
1530470 530
1530480 530
1530490 530
1530500 530
1530510 530
1530520 530
1530530 531
1530540 531
1530550 531
1530560 531
1530570 531
1530580 531
1530590 531
1530600 532
1530610 532
1530620 532
1530630 532
1530640 532
1530650 533
1530660 533
1530670 533
1530680 534
1530690 534
1530700 534
1530710 535
1530720 535
1530730 535
1530740 536
1530750 536
1530760 536
1530770 537
1530780 537
1530790 537
1530800 538
1530810 538
1530820 538
1530830 539
1530840 539
1530850 539
1530860 539
1530870 539
1530880 539
1530890 539
1530900 539
1530910 539
1530920 539
1530930 538
1530940 538
1530950 538
1530960 538
1530970 537
1530980 536
1530990 536
1531000 535
1531010 534
1531020 534
1531030 533
1531040 532
1531050 532
1531060 530
1531070 529
1531080 529
1531090 528
1531100 526
1531110 526
1531120 525
1531130 524
1531140 524
1531150 524
1531160 524
1531170 524
1531180 524
1531190 524
1531200 524
1531210 524
1531220 524
1531230 524
1531240 524
1531250 525
1531260 525
1531270 525
1531280 526
1531290 526
1531300 526
1531310 526
1531320 526
1531330 526
1531340 527
1531350 527
1531360 527
1531370 527
1531380 527
1531390 528
1531400 528
1531410 528
1531420 529
1531430 529
1531440 529
1531450 529
1531460 530
1531470 530
1531480 530
1531490 531
1531500 531
1531510 531
1531520 531
1531530 531
1531540 532
1531550 532
1531560 532
1531570 533
1531580 533
1531590 533
1531600 533
1531610 534
1531620 534
1531630 534
1531640 534
1531650 534
1531660 534
1531670 534
1531680 534
1531690 535
1531700 535
1531710 535
1531720 535
1531730 535
1531740 535
1531750 535
1531760 535
1531770 535
1531780 535
1531790 535
1531800 535
1531810 535
1531820 534
1531830 534
1531840 534
1531850 533
1531860 533
1531870 533
1531880 533
1531890 533
1531900 533
1531910 533
1531920 533
1531930 533
1531940 533
1531950 533
1531960 533
1531970 532
1531980 532
1531990 532
1532000 532
1532010 532
1532020 532
1532030 532
1532040 532
1532050 532
1532060 531
1532070 531
1532080 531
1532090 531
1532100 531
1532110 531
1532120 532
1532130 532
1532140 532
1532150 532
1532160 532
1532170 531
1532180 531
1532190 531
1532200 531
1532210 530
1532220 530
1532230 530
1532240 530
1532250 530
1532260 530
1532270 531
1532280 531
1532290 531
1532300 531
1532310 531
1532320 531
1532330 531
1532340 531
1532350 531
1532360 531
1532370 531
1532380 531
1532390 530
1532400 530
1532410 530
1532420 530
1532430 530
1532440 529
1532450 528
1532460 528
1532470 527
1532480 526
1532490 526
1532500 525
1532510 525
1532520 525
1532530 525
1532540 525
1532550 525
1532560 525
1532570 525
1532580 525
1532590 525
1532600 525
1532610 525
1532620 526
1532630 527
1532640 527
1532650 528
1532660 529
1532670 529
1532680 530
1532690 531
1532700 531
1532710 532
1532720 532
1532730 532
1532740 533
1532750 534
1532760 534
1532770 534
1532780 534
1532790 534
1532800 534
1532810 535
1532820 535
1532830 535
1532840 535
1532850 535
1532860 536
1532870 536
1532880 536
1532890 535
1532900 535
1532910 534
1532920 533
1532930 533
1532940 534
1532950 534
1532960 534
1532970 532
1532980 531
1532990 531
1533000 530
1533010 528
1533020 528
1533030 528
1533040 528
1533050 528
1533060 528
1533070 528
1533080 528
1533090 528
1533100 528
1533110 528
1533120 529
1533130 529
1533140 529
1533150 530
1533160 530
1533170 530
1533180 531
1533190 532
1533200 532
1533210 533
1533220 534
1533230 534
1533240 535
1533250 535
1533260 535
1533270 536
1533280 537
1533290 537
1533300 537
1533310 538
1533320 538
1533330 539
1533340 539
1533350 539
1533360 539
1533370 540
1533380 540
1533390 540
1533400 541
1533410 541
1533420 541
1533430 542
1533440 542
1533450 542
1533460 543
1533470 543
1533480 543
1533490 543
1533500 543
1533510 544
1533520 544
1533530 544
1533540 545
1533550 545
1533560 545
1533570 545
1533580 545
1533590 545
1533600 546
1533610 546
1533620 546
1533630 546
1533640 546
1533650 546
1533660 546
1533670 547
1533680 547
1533690 547
1533700 546
1533710 546
1533720 547
1533730 547
1533740 547
1533750 547
1533760 547
1533770 547
1533780 546
1533790 545
1533800 545
1533810 544
1533820 543
1533830 543
1533840 542
1533850 542
1533860 542
1533870 541
1533880 540
1533890 540
1533900 540
1533910 539
1533920 539
1533930 539
1533940 538
1533950 538
1533960 538
1533970 538
1533980 538
1533990 538
1534000 538
1534010 538
1534020 538
1534030 539
1534040 539
1534050 539
1534060 539
1534070 539
1534080 539
1534090 539
1534100 539
1534110 538
1534120 538
1534130 538
1534140 537
1534150 537
1534160 537
1534170 537
1534180 536
1534190 536
1534200 536
1534210 535
1534220 535
1534230 535
1534240 535
1534250 535
1534260 534
1534270 534
1534280 534
1534290 533
1534300 533
1534310 533
1534320 533
1534330 532
1534340 532
1534350 532
1534360 532
1534370 532
1534380 531
1534390 530
1534400 530
1534410 530
1534420 528
1534430 528
1534440 527
1534450 526
1534460 526
1534470 526
1534480 527
1534490 527
1534500 528
1534510 529
1534520 529
1534530 530
1534540 530
1534550 530
1534560 531
1534570 532
1534580 532
1534590 532
1534600 532
1534610 532
1534620 532
1534630 532
1534640 532
1534650 532
1534660 532
1534670 532
1534680 532
1534690 532
1534700 531
1534710 530
1534720 530
1534730 530
1534740 529
1534750 529
1534760 528
1534770 527
1534780 527
1534790 526
1534800 525
1534810 525
1534820 524
1534830 523
1534840 523
1534850 522
1534860 520
1534870 520
1534880 519
1534890 518
1534900 518
1534910 518
1534920 519
1534930 519
1534940 520
1534950 520
1534960 520
1534970 520
1534980 521
1534990 521
1535000 521
1535010 521
1535020 521
1535030 521
1535040 521
1535050 521
1535060 521
1535070 520
1535080 520
1535090 519
1535100 519
1535110 519
1535120 519
1535130 519
1535140 519
1535150 519
1535160 518
1535170 518
1535180 517
1535190 517
1535200 517
1535210 516
1535220 516
1535230 516
1535240 515
1535250 515
1535260 515
1535270 515
1535280 515
1535290 515
1535300 515
1535310 515
1535320 515
1535330 516
1535340 516
1535350 516
1535360 516
1535370 516
1535380 516
1535390 514
1535400 512
1535410 512
1535420 510
1535430 508
1535440 508
1535450 505
1535460 502
1535470 502
1535480 498
1535490 494
1535500 494
1535510 491
1535520 488
1535530 488
1535540 485
1535550 482
1535560 482
1535570 480
1535580 478
1535590 478
1535600 475
1535610 473
1535620 473
1535630 470
1535640 468
1535650 468
1535660 466
1535670 464
1535680 464
1535690 462
1535700 460
1535710 460
1535720 458
1535730 456
1535740 456
1535750 453
1535760 451
1535770 451
1535780 450
1535790 449
1535800 449
1535810 448
1535820 448
1535830 448
1535840 447
1535850 446
1535860 446
1535870 446
1535880 447
1535890 447
1535900 448
1535910 451
1535920 451
1535930 456
1535940 460
1535950 460
1535960 464
1535970 467
1535980 467
1535990 471
1536000 474
1536010 474
1536020 478
1536030 482
1536040 482
1536050 486
1536060 489
1536070 489
1536080 490
1536090 489
1536100 489
1536110 488
1536120 486
1536130 486
1536140 484
1536150 483
1536160 483
1536170 480
1536180 478
1536190 478
1536200 476
1536210 473
1536220 473
1536230 471
1536240 468
1536250 468
1536260 466
1536270 463
1536280 463
1536290 460
1536300 458
1536310 458
1536320 456
1536330 454
1536340 454
1536350 452
1536360 451
1536370 451
1536380 449
1536390 448
1536400 448
1536410 448
1536420 447
1536430 447
1536440 447
1536450 447
1536460 447
1536470 447
1536480 448
1536490 448
1536500 449
1536510 449
1536520 449
1536530 450
1536540 451
1536550 451
1536560 452
1536570 452
1536580 452
1536590 454
1536600 454
1536610 454
1536620 454
1536630 454
1536640 453
1536650 452
1536660 452
1536670 451
1536680 450
1536690 450
1536700 448
1536710 446
1536720 446
1536730 444
1536740 442
1536750 442
1536760 440
1536770 439
1536780 439
1536790 438
1536800 437
1536810 437
1536820 435
1536830 431
1536840 431
1536850 427
1536860 425
1536870 425
1536880 424
1536890 423
1536900 423
1536910 422
1536920 423
1536930 423
1536940 423
1536950 427
1536960 427
1536970 433
1536980 438
1536990 438
1537000 443
1537010 447
1537020 447
1537030 451
1537040 455
1537050 455
1537060 459
1537070 463
1537080 463
1537090 467
1537100 471
1537110 471
1537120 473
1537130 475
1537140 475
1537150 477
1537160 479
1537170 479
1537180 481
1537190 482
1537200 482
1537210 484
1537220 485
1537230 485
1537240 486
1537250 487
1537260 487
1537270 488
1537280 489
1537290 489
1537300 490
1537310 491
1537320 491
1537330 493
1537340 494
1537350 494
1537360 497
1537370 499
1537380 499
1537390 501
1537400 503
1537410 503
1537420 505
1537430 506
1537440 506
1537450 507
1537460 508
1537470 508
1537480 509
1537490 510
1537500 510
1537510 511
1537520 512
1537530 512
1537540 514
1537550 514
1537560 514
1537570 515
1537580 516
1537590 516
1537600 518
1537610 518
1537620 518
1537630 519
1537640 519
1537650 519
1537660 520
1537670 520
1537680 520
1537690 521
1537700 521
1537710 521
1537720 521
1537730 521
1537740 521
1537750 522
1537760 522
1537770 522
1537780 522
1537790 522
1537800 522
1537810 522
1537820 522
1537830 522
1537840 521
1537850 521
1537860 521
1537870 521
1537880 521
1537890 521
1537900 520
1537910 520
1537920 520
1537930 518
1537940 517
1537950 517
1537960 515
1537970 513
1537980 513
1537990 511
1538000 508
1538010 508
1538020 506
1538030 505
1538040 505
1538050 505
1538060 505
1538070 505
1538080 506
1538090 508
1538100 508
1538110 509
1538120 510
1538130 510
1538140 510
1538150 510
1538160 510
1538170 508
1538180 506
1538190 506
1538200 504
1538210 501
1538220 501
1538230 499
1538240 496
1538250 496
1538260 493
1538270 492
1538280 492
1538290 494
1538300 495
1538310 495
1538320 496
1538330 496
1538340 496
1538350 494
1538360 491
1538370 491
1538380 487
1538390 485
1538400 485
1538410 485
1538420 487
1538430 487
1538440 489
1538450 489
1538460 492
1538470 495
1538480 495
1538490 499
1538500 502
1538510 502
1538520 505
1538530 509
1538540 509
1538550 513
1538560 515
1538570 515
1538580 518
1538590 519
1538600 519
1538610 521
1538620 522
1538630 522
1538640 523
1538650 525
1538660 525
1538670 526
1538680 527
1538690 527
1538700 527
1538710 527
1538720 527
1538730 527
1538740 526
1538750 526
1538760 525
1538770 524
1538780 524
1538790 523
1538800 521
1538810 521
1538820 520
1538830 518
1538840 518
1538850 516
1538860 515
1538870 515
1538880 516
1538890 517
1538900 517
1538910 519
1538920 520
1538930 520
1538940 522
1538950 524
1538960 524
1538970 525
1538980 527
1538990 527
1539000 528
1539010 529
1539020 529
1539030 530
1539040 531
1539050 531
1539060 532
1539070 533
1539080 534
1539090 535
1539100 536
1539110 536
1539120 536
1539130 537
1539140 537
1539150 538
1539160 538
1539170 538
1539180 539
1539190 539
1539200 539
1539210 539
1539220 540
1539230 540
1539240 541
1539250 542
1539260 542
1539270 543
1539280 543
1539290 543
1539300 544
1539310 545
1539320 545
1539330 545
1539340 546
1539350 546
1539360 546
1539370 546
1539380 546
1539390 547
1539400 547
1539410 547
1539420 547
1539430 547
1539440 547
1539450 547
1539460 548
1539470 548
1539480 548
1539490 548
1539500 548
1539510 548
1539520 549
1539530 549
1539540 549
1539550 549
1539560 549
1539570 549
1539580 549
1539590 549
1539600 548
1539610 548
1539620 548
1539630 547
1539640 547
1539650 547
1539660 547
1539670 547
1539680 547
1539690 547
1539700 547
1539710 547
1539720 548
1539730 548
1539740 548
1539750 548
1539760 549
1539770 549
1539780 549
1539790 549
1539800 549
1539810 550
1539820 550
1539830 550
1539840 550
1539850 549
1539860 549
1539870 549
1539880 549
1539890 549
1539900 549
1539910 548
1539920 548
1539930 548
1539940 547
1539950 547
1539960 546
1539970 546
1539980 546
1539990 546
