1520000 455
1520010 455
1520020 455
1520030 455
1520040 455
1520050 454
1520060 453
1520070 453
1520080 452
1520090 450
1520100 450
1520110 450
1520120 453
1520130 453
1520140 456
1520150 458
1520160 458
1520170 461
1520180 463
1520190 463
1520200 466
1520210 468
1520220 468
1520230 470
1520240 471
1520250 471
1520260 473
1520270 474
1520280 474
1520290 475
1520300 476
1520310 476
1520320 477
1520330 478
1520340 478
1520350 479
1520360 480
1520370 480
1520380 480
1520390 481
1520400 481
1520410 481
1520420 480
1520430 480
1520440 480
1520450 480
1520460 480
1520470 480
1520480 480
1520490 480
1520500 480
1520510 480
1520520 480
1520530 480
1520540 480
1520550 480
1520560 479
1520570 479
1520580 479
1520590 479
1520600 479
1520610 479
1520620 480
1520630 481
1520640 481
1520650 482
1520660 482
1520670 482
1520680 482
1520690 484
1520700 484
1520710 485
1520720 486
1520730 486
1520740 487
1520750 488
1520760 488
1520770 489
1520780 489
1520790 489
1520800 490
1520810 490
1520820 490
1520830 490
1520840 490
1520850 490
1520860 490
1520870 490
1520880 490
1520890 490
1520900 489
1520910 489
1520920 488
1520930 487
1520940 487
1520950 485
1520960 483
1520970 483
1520980 480
1520990 478
1521000 478
1521010 476
1521020 475
1521030 475
1521040 474
1521050 472
1521060 472
1521070 470
1521080 469
1521090 469
1521100 468
1521110 467
1521120 467
1521130 467
1521140 468
1521150 468
1521160 470
1521170 472
1521180 472
1521190 475
1521200 478
1521210 478
1521220 481
1521230 484
1521240 484
1521250 486
1521260 488
1521270 488
1521280 490
1521290 490
1521300 490
1521310 490
1521320 491
1521330 491
1521340 491
1521350 491
1521360 492
1521370 493
1521380 493
1521390 493
1521400 494
1521410 494
1521420 494
1521430 494
1521440 494
1521450 496
1521460 496
1521470 496
1521480 497
1521490 498
1521500 498
1521510 499
1521520 500
1521530 500
1521540 501
1521550 502
1521560 502
1521570 503
1521580 504
1521590 504
1521600 505
1521610 506
1521620 506
1521630 507
1521640 507
1521650 507
1521660 508
1521670 509
1521680 509
1521690 510
1521700 510
1521710 510
1521720 511
1521730 512
1521740 512
1521750 513
1521760 514
1521770 514
1521780 515
1521790 516
1521800 516
1521810 517
1521820 518
1521830 518
1521840 519
1521850 519
1521860 519
1521870 520
1521880 521
1521890 521
1521900 521
1521910 522
1521920 522
1521930 522
1521940 523
1521950 523
1521960 523
1521970 523
1521980 523
1521990 523
1522000 523
1522010 523
1522020 522
1522030 522
1522040 522
1522050 521
1522060 520
1522070 520
1522080 519
1522090 518
1522100 518
1522110 517
1522120 516
1522130 516
1522140 515
1522150 514
1522160 514
1522170 512
1522180 511
1522190 511
1522200 510
1522210 510
1522220 510
1522230 509
1522240 508
1522250 508
1522260 506
1522270 504
1522280 504
1522290 502
1522300 500
1522310 500
1522320 499
1522330 499
1522340 499
1522350 502
1522360 506
1522370 506
1522380 509
1522390 511
1522400 511
1522410 514
1522420 515
1522430 515
1522440 516
1522450 517
1522460 517
1522470 518
1522480 518
1522490 518
1522500 518
1522510 517
1522520 517
1522530 516
1522540 516
1522550 516
1522560 515
1522570 515
1522580 515
1522590 514
1522600 514
1522610 514
1522620 514
1522630 515
1522640 515
1522650 515
1522660 516
1522670 516
1522680 518
1522690 520
1522700 520
1522710 522
1522720 523
1522730 523
1522740 524
1522750 525
1522760 525
1522770 526
1522780 527
1522790 527
1522800 527
1522810 527
1522820 527
1522830 528
1522840 528
1522850 528
1522860 528
1522870 529
1522880 529
1522890 530
1522900 530
1522910 530
1522920 531
1522930 531
1522940 531
1522950 531
1522960 531
1522970 531
1522980 531
1522990 531
1523000 531
1523010 530
1523020 530
1523030 530
1523040 530
1523050 529
1523060 529
1523070 529
1523080 528
1523090 528
1523100 527
1523110 526
1523120 526
1523130 525
1523140 524
1523150 524
1523160 524
1523170 524
1523180 524
1523190 523
1523200 523
1523210 523
1523220 523
1523230 523
1523240 523
1523250 523
1523260 523
1523270 522
1523280 522
1523290 522
1523300 522
1523310 522
1523320 522
1523330 523
1523340 524
1523350 524
1523360 524
1523370 525
1523380 525
1523390 525
1523400 525
1523410 525
1523420 526
1523430 527
1523440 527
1523450 528
1523460 528
1523470 528
1523480 529
1523490 530
1523500 530
1523510 531
1523520 532
1523530 532
1523540 533
1523550 534
1523560 534
1523570 535
1523580 535
1523590 535
1523600 537
1523610 538
1523620 538
1523630 539
1523640 540
1523650 540
1523660 542
1523670 543
1523680 543
1523690 544
1523700 545
1523710 545
1523720 546
1523730 546
1523740 546
1523750 547
1523760 548
1523770 548
1523780 549
1523790 551
1523800 551
1523810 552
1523820 553
1523830 553
1523840 554
1523850 555
1523860 555
1523870 557
1523880 558
1523890 558
1523900 560
1523910 562
1523920 562
1523930 563
1523940 565
1523950 565
1523960 566
1523970 567
1523980 567
1523990 569
1524000 570
1524010 570
1524020 571
1524030 572
1524040 572
1524050 573
1524060 574
1524070 574
1524080 575
1524090 576
1524100 576
1524110 577
1524120 577
1524130 577
1524140 578
1524150 578
1524160 578
1524170 579
1524180 579
1524190 579
1524200 579
1524210 579
1524220 579
1524230 579
1524240 579
1524250 579
1524260 578
1524270 578
1524280 578
1524290 577
1524300 578
1524310 578
1524320 578
1524330 578
1524340 578
1524350 578
1524360 577
1524370 577
1524380 577
1524390 576
1524400 576
1524410 576
1524420 574
1524430 574
1524440 572
1524450 571
1524460 571
1524470 571
1524480 571
1524490 571
1524500 572
1524510 573
1524520 573
1524530 573
1524540 574
1524550 574
1524560 576
1524570 579
1524580 579
1524590 581
1524600 583
1524610 583
1524620 586
1524630 588
1524640 588
1524650 590
1524660 592
1524670 592
1524680 593
1524690 595
1524700 595
1524710 597
1524720 598
1524730 598
1524740 600
1524750 601
1524760 601
1524770 601
1524780 602
1524790 602
1524800 603
1524810 603
1524820 603
1524830 603
1524840 604
1524850 604
1524860 604
1524870 604
1524880 604
1524890 604
1524900 605
1524910 605
1524920 605
1524930 605
1524940 605
1524950 604
1524960 604
1524970 604
1524980 604
1524990 604
1525000 604
1525010 603
1525020 603
1525030 603
1525040 602
1525050 602
1525060 602
1525070 602
1525080 602
1525090 602
1525100 601
1525110 601
1525120 601
1525130 600
1525140 600
1525150 600
1525160 600
1525170 600
1525180 600
1525190 600
1525200 600
1525210 600
1525220 600
1525230 600
1525240 600
1525250 599
1525260 599
1525270 599
1525280 599
1525290 599
1525300 598
1525310 598
1525320 598
1525330 598
1525340 598
1525350 598
1525360 597
1525370 597
1525380 597
1525390 597
1525400 596
1525410 596
1525420 596
1525430 596
1525440 596
1525450 597
1525460 597
1525470 597
1525480 597
1525490 597
1525500 597
1525510 596
1525520 595
1525530 595
1525540 594
1525550 593
1525560 593
1525570 592
1525580 591
1525590 591
1525600 590
1525610 589
1525620 589
1525630 587
1525640 586
1525650 586
1525660 584
1525670 583
1525680 583
1525690 581
1525700 580
1525710 580
1525720 579
1525730 577
1525740 577
1525750 576
1525760 575
1525770 575
1525780 574
1525790 574
1525800 574
1525810 573
1525820 573
1525830 573
1525840 572
1525850 572
1525860 572
1525870 571
1525880 570
1525890 570
1525900 569
1525910 569
1525920 569
1525930 568
1525940 568
1525950 568
1525960 568
1525970 567
1525980 567
1525990 567
1526000 566
1526010 566
1526020 566
1526030 565
1526040 565
1526050 564
1526060 562
1526070 562
1526080 561
1526090 559
1526100 559
1526110 557
1526120 556
1526130 556
1526140 555
1526150 554
1526160 554
1526170 553
1526180 551
1526190 551
1526200 550
1526210 549
1526220 549
1526230 547
1526240 545
1526250 545
1526260 543
1526270 542
1526280 542
1526290 542
1526300 542
1526310 542
1526320 543
1526330 544
1526340 544
1526350 544
1526360 544
1526370 544
1526380 544
1526390 544
1526400 544
1526410 544
1526420 544
1526430 544
1526440 543
1526450 542
1526460 542
1526470 541
1526480 540
1526490 540
1526500 539
1526510 538
1526520 538
1526530 537
1526540 535
1526550 535
1526560 534
1526570 532
1526580 532
1526590 530
1526600 529
1526610 529
1526620 527
1526630 525
1526640 525
1526650 524
1526660 522
1526670 522
1526680 519
1526690 517
1526700 517
1526710 515
1526720 513
1526730 513
1526740 510
1526750 508
1526760 508
1526770 506
1526780 503
1526790 503
1526800 501
1526810 499
1526820 499
1526830 497
1526840 495
1526850 495
1526860 492
1526870 490
1526880 490
1526890 490
1526900 489
1526910 489
1526920 488
1526930 487
1526940 487
1526950 486
1526960 485
1526970 485
1526980 485
1526990 485
1527000 486
1527010 487
1527020 487
1527030 488
1527040 489
1527050 489
1527060 490
1527070 493
1527080 493
1527090 495
1527100 497
1527110 497
1527120 499
1527130 500
1527140 500
1527150 502
1527160 502
1527170 502
1527180 503
1527190 504
1527200 504
1527210 504
1527220 505
1527230 505
1527240 506
1527250 507
1527260 507
1527270 508
1527280 508
1527290 508
1527300 510
1527310 511
1527320 511
1527330 511
1527340 513
1527350 513
1527360 514
1527370 514
1527380 514
1527390 514
1527400 515
1527410 515
1527420 515
1527430 515
1527440 515
1527450 515
1527460 516
1527470 516
1527480 517
1527490 518
1527500 518
1527510 519
1527520 520
1527530 520
1527540 521
1527550 522
1527560 522
1527570 522
1527580 523
1527590 523
1527600 523
1527610 524
1527620 524
1527630 524
1527640 524
1527650 524
1527660 524
1527670 525
1527680 525
1527690 525
1527700 525
1527710 525
1527720 525
1527730 525
1527740 525
1527750 525
1527760 525
1527770 525
1527780 525
1527790 525
1527800 525
1527810 525
1527820 525
1527830 525
1527840 525
1527850 525
1527860 525
1527870 525
1527880 525
1527890 525
1527900 525
1527910 525
1527920 525
1527930 525
1527940 524
1527950 524
1527960 524
1527970 524
1527980 524
1527990 523
1528000 522
1528010 522
1528020 522
1528030 521
1528040 521
1528050 519
1528060 518
1528070 518
1528080 516
1528090 513
1528100 513
1528110 510
1528120 508
1528130 508
1528140 505
1528150 503
1528160 503
1528170 502
1528180 501
1528190 501
1528200 499
1528210 498
1528220 498
1528230 496
1528240 494
1528250 494
1528260 492
1528270 490
1528280 490
1528290 489
1528300 488
1528310 488
1528320 487
1528330 486
1528340 486
1528350 485
1528360 483
1528370 483
1528380 482
1528390 480
1528400 480
1528410 478
1528420 476
1528430 476
1528440 473
1528450 471
1528460 471
1528470 468
1528480 467
1528490 467
1528500 465
1528510 464
1528520 464
1528530 463
1528540 462
1528550 462
1528560 461
1528570 460
1528580 460
1528590 459
1528600 458
1528610 458
1528620 457
1528630 457
1528640 457
1528650 456
1528660 456
1528670 456
1528680 455
1528690 455
1528700 455
1528710 455
1528720 457
1528730 457
1528740 460
1528750 461
1528760 461
1528770 462
1528780 462
1528790 462
1528800 461
1528810 465
1528820 465
1528830 469
1528840 473
1528850 473
1528860 477
1528870 477
1528880 480
1528890 483
1528900 483
1528910 484
1528920 486
1528930 486
1528940 487
1528950 488
1528960 488
1528970 489
1528980 489
1528990 489
1529000 490
1529010 491
1529020 491
1529030 491
1529040 492
1529050 492
1529060 492
1529070 493
1529080 493
1529090 493
1529100 493
1529110 493
1529120 494
1529130 494
1529140 494
1529150 494
1529160 494
1529170 494
1529180 494
1529190 494
1529200 494
1529210 494
1529220 494
1529230 494
1529240 494
1529250 494
1529260 494
1529270 495
1529280 495
1529290 495
1529300 496
1529310 496
1529320 496
1529330 497
1529340 497
1529350 497
1529360 498
1529370 499
1529380 499
1529390 500
1529400 501
1529410 501
1529420 502
1529430 503
1529440 503
1529450 503
1529460 504
1529470 504
1529480 505
1529490 506
1529500 506
1529510 507
1529520 509
1529530 509
1529540 510
1529550 512
1529560 512
1529570 514
1529580 515
1529590 515
1529600 516
1529610 517
1529620 517
1529630 517
1529640 518
1529650 518
1529660 518
1529670 518
1529680 518
1529690 518
1529700 519
1529710 519
1529720 519
1529730 519
1529740 519
1529750 519
1529760 518
1529770 518
1529780 518
1529790 518
1529800 518
1529810 517
1529820 517
1529830 517
1529840 515
1529850 514
1529860 514
1529870 512
1529880 510
1529890 510
1529900 508
1529910 508
1529920 508
1529930 508
1529940 508
1529950 508
1529960 508
1529970 506
1529980 506
1529990 504
1530000 502
1530010 502
1530020 501
1530030 501
1530040 501
1530050 502
1530060 503
1530070 503
1530080 504
1530090 506
1530100 506
1530110 506
1530120 507
1530130 507
1530140 508
1530150 510
1530160 510
1530170 512
1530180 514
1530190 514
1530200 515
1530210 518
1530220 518
1530230 520
1530240 521
1530250 521
1530260 523
1530270 525
1530280 525
1530290 526
1530300 527
1530310 527
1530320 529
1530330 530
1530340 530
1530350 530
1530360 531
1530370 531
1530380 532
1530390 532
1530400 532
1530410 532
1530420 532
1530430 532
1530440 533
1530450 533
1530460 533
1530470 533
1530480 534
1530490 534
1530500 534
1530510 535
1530520 535
1530530 535
1530540 536
1530550 536
1530560 536
1530570 537
1530580 537
1530590 537
1530600 538
1530610 538
1530620 539
1530630 539
1530640 539
1530650 539
1530660 540
1530670 540
1530680 540
1530690 541
1530700 541
1530710 541
1530720 542
1530730 542
1530740 542
1530750 542
1530760 543
1530770 543
1530780 543
1530790 544
1530800 544
1530810 544
1530820 545
1530830 545
1530840 545
1530850 545
1530860 545
1530870 545
1530880 545
1530890 544
1530900 544
1530910 544
1530920 544
1530930 544
1530940 543
1530950 543
1530960 543
1530970 542
1530980 542
1530990 542
1531000 541
1531010 540
1531020 540
1531030 539
1531040 538
1531050 538
1531060 537
1531070 536
1531080 536
1531090 535
1531100 534
1531110 534
1531120 533
1531130 533
1531140 533
1531150 532
1531160 532
1531170 532
1531180 531
1531190 531
1531200 531
1531210 530
1531220 530
1531230 530
1531240 530
1531250 530
1531260 530
1531270 529
1531280 529
1531290 529
1531300 529
1531310 529
1531320 529
1531330 528
1531340 528
1531350 528
1531360 528
1531370 529
1531380 529
1531390 530
1531400 530
1531410 530
1531420 530
1531430 530
1531440 530
1531450 530
1531460 531
1531470 531
1531480 531
1531490 532
1531500 532
1531510 533
1531520 533
1531530 533
1531540 534
1531550 534
1531560 534
1531570 534
1531580 535
1531590 535
1531600 535
1531610 535
1531620 535
1531630 536
1531640 536
1531650 536
1531660 536
1531670 536
1531680 536
1531690 536
1531700 536
1531710 536
1531720 537
1531730 537
1531740 537
1531750 536
1531760 536
1531770 536
1531780 535
1531790 536
1531800 536
1531810 535
1531820 535
1531830 535
1531840 535
1531850 535
1531860 535
1531870 535
1531880 535
1531890 535
1531900 535
1531910 535
1531920 535
1531930 534
1531940 534
1531950 534
1531960 534
1531970 534
1531980 534
1531990 534
1532000 534
1532010 534
1532020 534
1532030 534
1532040 534
1532050 533
1532060 533
1532070 533
1532080 532
1532090 532
1532100 532
1532110 532
1532120 531
1532130 531
1532140 531
1532150 530
1532160 530
1532170 530
1532180 530
1532190 530
1532200 529
1532210 529
1532220 529
1532230 528
1532240 527
1532250 527
1532260 527
1532270 527
1532280 527
1532290 528
1532300 528
1532310 528
1532320 529
1532330 529
1532340 529
1532350 529
1532360 529
1532370 529
1532380 529
1532390 529
1532400 529
1532410 529
1532420 528
1532430 528
1532440 528
1532450 528
1532460 528
1532470 528
1532480 527
1532490 527
1532500 527
1532510 527
1532520 527
1532530 526
1532540 526
1532550 526
1532560 525
1532570 524
1532580 524
1532590 524
1532600 524
1532610 524
1532620 524
1532630 524
1532640 524
1532650 525
1532660 525
1532670 527
1532680 528
1532690 528
1532700 530
1532710 531
1532720 531
1532730 531
1532740 532
1532750 532
1532760 532
1532770 532
1532780 532
1532790 533
1532800 533
1532810 533
1532820 533
1532830 532
1532840 532
1532850 532
1532860 532
1532870 532
1532880 531
1532890 530
1532900 530
1532910 528
1532920 527
1532930 527
1532940 527
1532950 527
1532960 527
1532970 529
1532980 529
1532990 529
1533000 526
1533010 525
1533020 525
1533030 525
1533040 525
1533050 525
1533060 525
1533070 526
1533080 526
1533090 527
1533100 527
1533110 527
1533120 528
1533130 529
1533140 529
1533150 530
1533160 531
1533170 531
1533180 532
1533190 533
1533200 533
1533210 533
1533220 534
1533230 534
1533240 535
1533250 536
1533260 536
1533270 537
1533280 537
1533290 537
1533300 538
1533310 539
1533320 539
1533330 540
1533340 541
1533350 541
1533360 542
1533370 542
1533380 542
1533390 543
1533400 543
1533410 543
1533420 544
1533430 544
1533440 544
1533450 545
1533460 545
1533470 545
1533480 545
1533490 545
1533500 545
1533510 546
1533520 546
1533530 546
1533540 546
1533550 547
1533560 547
1533570 547
1533580 547
1533590 547
1533600 547
1533610 547
1533620 547
1533630 547
1533640 547
1533650 547
1533660 547
1533670 547
1533680 547
1533690 547
1533700 546
1533710 546
1533720 546
1533730 545
1533740 545
1533750 545
1533760 544
1533770 544
1533780 544
1533790 544
1533800 544
1533810 543
1533820 543
1533830 543
1533840 543
1533850 543
1533860 543
1533870 542
1533880 542
1533890 542
1533900 541
1533910 540
1533920 540
1533930 539
1533940 538
1533950 538
1533960 537
1533970 536
1533980 536
1533990 535
1534000 534
1534010 534
1534020 534
1534030 533
1534040 533
1534050 533
1534060 532
1534070 532
1534080 532
1534090 532
1534100 532
1534110 532
1534120 532
1534130 532
1534140 531
1534150 531
1534160 531
1534170 531
1534180 531
1534190 531
1534200 531
1534210 531
1534220 531
1534230 531
1534240 530
1534250 530
1534260 530
1534270 530
1534280 530
1534290 529
1534300 529
1534310 529
1534320 528
1534330 528
1534340 528
1534350 527
1534360 527
1534370 527
1534380 526
1534390 526
1534400 526
1534410 525
1534420 524
1534430 524
1534440 523
1534450 523
1534460 523
1534470 522
1534480 522
1534490 522
1534500 521
1534510 521
1534520 521
1534530 521
1534540 521
1534550 522
1534560 523
1534570 523
1534580 523
1534590 524
1534600 524
1534610 524
1534620 524
1534630 524
1534640 525
1534650 525
1534660 525
1534670 525
1534680 525
1534690 525
1534700 525
1534710 525
1534720 525
1534730 524
1534740 524
1534750 524
1534760 523
1534770 523
1534780 523
1534790 522
1534800 522
1534810 522
1534820 521
1534830 521
1534840 521
1534850 520
1534860 519
1534870 519
1534880 518
1534890 517
1534900 517
1534910 516
1534920 514
1534930 514
1534940 513
1534950 512
1534960 512
1534970 512
1534980 511
1534990 511
1535000 511
1535010 512
1535020 512
1535030 510
1535040 510
1535050 510
1535060 510
1535070 510
1535080 510
1535090 510
1535100 509
1535110 509
1535120 509
1535130 509
1535140 509
1535150 508
1535160 508
1535170 508
1535180 507
1535190 507
1535200 507
1535210 506
1535220 506
1535230 506
1535240 506
1535250 506
1535260 506
1535270 507
1535280 507
1535290 507
1535300 507
1535310 506
1535320 506
1535330 504
1535340 502
1535350 502
1535360 499
1535370 496
1535380 496
1535390 492
1535400 489
1535410 489
1535420 487
1535430 484
1535440 484
1535450 481
1535460 478
1535470 478
1535480 475
1535490 473
1535500 473
1535510 470
1535520 468
1535530 468
1535540 465
1535550 461
1535560 461
1535570 458
1535580 456
1535590 456
1535600 455
1535610 456
1535620 456
1535630 456
1535640 457
1535650 457
1535660 459
1535670 462
1535680 462
1535690 466
1535700 469
1535710 469
1535720 472
1535730 474
1535740 474
1535750 476
1535760 477
1535770 477
1535780 478
1535790 478
1535800 478
1535810 479
1535820 481
1535830 481
1535840 482
1535850 483
1535860 483
1535870 484
1535880 484
1535890 484
1535900 485
1535910 485
1535920 485
1535930 485
1535940 486
1535950 486
1535960 487
1535970 488
1535980 488
1535990 489
1536000 489
1536010 489
1536020 489
1536030 488
1536040 488
1536050 488
1536060 487
1536070 487
1536080 486
1536090 486
1536100 486
1536110 484
1536120 483
1536130 483
1536140 482
1536150 480
1536160 480
1536170 478
1536180 476
1536190 476
1536200 473
1536210 471
1536220 471
1536230 469
1536240 467
1536250 467
1536260 465
1536270 462
1536280 462
1536290 460
1536300 457
1536310 457
1536320 456
1536330 454
1536340 454
1536350 453
1536360 453
1536370 452
1536380 452
1536390 452
1536400 452
1536410 452
1536420 452
1536430 452
1536440 452
1536450 452
1536460 452
1536470 453
1536480 453
1536490 453
1536500 453
1536510 453
1536520 454
1536530 454
1536540 454
1536550 455
1536560 455
1536570 455
1536580 455
1536590 455
1536600 455
1536610 454
1536620 453
1536630 453
1536640 452
1536650 450
1536660 450
1536670 448
1536680 446
1536690 446
1536700 442
1536710 439
1536720 439
1536730 436
1536740 434
1536750 434
1536760 433
1536770 433
1536780 433
1536790 433
1536800 433
1536810 433
1536820 432
1536830 429
1536840 429
1536850 427
1536860 426
1536870 426
1536880 426
1536890 426
1536900 426
1536910 426
1536920 427
1536930 427
1536940 431
1536950 435
1536960 435
1536970 439
1536980 443
1536990 443
1537000 447
1537010 452
1537020 452
1537030 457
1537040 461
1537050 461
1537060 465
1537070 469
1537080 469
1537090 473
1537100 477
1537110 477
1537120 480
1537130 482
1537140 482
1537150 484
1537160 487
1537170 487
1537180 489
1537190 492
1537200 492
1537210 494
1537220 496
1537230 496
1537240 498
1537250 499
1537260 499
1537270 501
1537280 502
1537290 502
1537300 504
1537310 505
1537320 505
1537330 506
1537340 507
1537350 507
1537360 508
1537370 509
1537380 509
1537390 510
1537400 510
1537410 510
1537420 511
1537430 513
1537440 513
1537450 514
1537460 514
1537470 514
1537480 515
1537490 516
1537500 516
1537510 517
1537520 518
1537530 518
1537540 519
1537550 521
1537560 521
1537570 522
1537580 523
1537590 523
1537600 523
1537610 524
1537620 524
1537630 524
1537640 524
1537650 524
1537660 524
1537670 524
1537680 524
1537690 524
1537700 524
1537710 524
1537720 524
1537730 525
1537740 525
1537750 525
1537760 525
1537770 525
1537780 525
1537790 525
1537800 525
1537810 525
1537820 525
1537830 525
1537840 525
1537850 525
1537860 525
1537870 524
1537880 524
1537890 524
1537900 523
1537910 522
1537920 522
1537930 521
1537940 520
1537950 520
1537960 520
1537970 519
1537980 519
1537990 519
1538000 519
1538010 519
1538020 519
1538030 519
1538040 519
1538050 517
1538060 515
1538070 515
1538080 513
1538090 511
1538100 511
1538110 509
1538120 507
1538130 507
1538140 506
1538150 506
1538160 506
1538170 505
1538180 506
1538190 506
1538200 507
1538210 508
1538220 508
1538230 509
1538240 509
1538250 510
1538260 511
1538270 511
1538280 511
1538290 512
1538300 512
1538310 512
1538320 513
1538330 513
1538340 514
1538350 514
1538360 514
1538370 513
1538380 512
1538390 512
1538400 509
1538410 506
1538420 506
1538430 506
1538440 507
1538450 507
1538460 507
1538470 505
1538480 505
1538490 502
1538500 499
1538510 499
1538520 497
1538530 496
1538540 496
1538550 496
1538560 498
1538570 498
1538580 502
1538590 504
1538600 504
1538610 507
1538620 510
1538630 510
1538640 511
1538650 512
1538660 512
1538670 512
1538680 511
1538690 511
1538700 511
1538710 511
1538720 511
1538730 511
1538740 510
1538750 510
1538760 510
1538770 508
1538780 508
1538790 508
1538800 509
1538810 509
1538820 511
1538830 513
1538840 513
1538850 515
1538860 518
1538870 518
1538880 520
1538890 522
1538900 522
1538910 524
1538920 526
1538930 526
1538940 527
1538950 529
1538960 529
1538970 530
1538980 531
1538990 531
1539000 533
1539010 534
1539020 534
1539030 535
1539040 535
1539050 535
1539060 536
1539070 537
1539080 537
1539090 538
1539100 539
1539110 539
1539120 540
1539130 541
1539140 541
1539150 541
1539160 542
1539170 542
1539180 542
1539190 543
1539200 543
1539210 543
1539220 544
1539230 544
1539240 544
1539250 545
1539260 545
1539270 545
1539280 546
1539290 546
1539300 546
1539310 546
1539320 546
1539330 547
1539340 547
1539350 547
1539360 548
1539370 548
1539380 548
1539390 548
1539400 548
1539410 548
1539420 549
1539430 549
1539440 549
1539450 549
1539460 549
1539470 549
1539480 549
1539490 550
1539500 550
1539510 550
1539520 550
1539530 550
1539540 550
1539550 550
1539560 550
1539570 550
1539580 550
1539590 550
1539600 550
1539610 550
1539620 550
1539630 551
1539640 551
1539650 551
1539660 551
1539670 551
1539680 551
1539690 551
1539700 551
1539710 551
1539720 551
1539730 551
1539740 551
1539750 551
1539760 551
1539770 551
1539780 551
1539790 551
1539800 551
1539810 551
1539820 551
1539830 551
1539840 551
1539850 551
1539860 551
1539870 550
1539880 550
1539890 550
1539900 550
1539910 549
1539920 549
1539930 549
1539940 549
1539950 550
1539960 550
1539970 549
1539980 549
1539990 549
