1520000 502
1520010 503
1520020 503
1520030 504
1520040 506
1520050 506
1520060 507
1520070 508
1520080 508
1520090 509
1520100 510
1520110 510
1520120 511
1520130 511
1520140 511
1520150 512
1520160 513
1520170 513
1520180 513
1520190 514
1520200 514
1520210 514
1520220 515
1520230 515
1520240 515
1520250 515
1520260 515
1520270 515
1520280 515
1520290 515
1520300 515
1520310 515
1520320 515
1520330 514
1520340 514
1520350 514
1520360 514
1520370 513
1520380 513
1520390 514
1520400 514
1520410 514
1520420 513
1520430 513
1520440 513
1520450 512
1520460 512
1520470 512
1520480 511
1520490 512
1520500 512
1520510 512
1520520 513
1520530 513
1520540 515
1520550 516
1520560 516
1520570 517
1520580 518
1520590 518
1520600 519
1520610 520
1520620 520
1520630 520
1520640 521
1520650 521
1520660 521
1520670 521
1520680 521
1520690 521
1520700 521
1520710 522
1520720 522
1520730 522
1520740 523
1520750 523
1520760 523
1520770 524
1520780 525
1520790 525
1520800 525
1520810 525
1520820 525
1520830 526
1520840 526
1520850 526
1520860 526
1520870 526
1520880 526
1520890 526
1520900 527
1520910 527
1520920 527
1520930 528
1520940 528
1520950 529
1520960 529
1520970 529
1520980 529
1520990 529
1521000 529
1521010 528
1521020 528
1521030 528
1521040 529
1521050 531
1521060 531
1521070 533
1521080 534
1521090 534
1521100 534
1521110 535
1521120 535
1521130 535
1521140 536
1521150 536
1521160 537
1521170 537
1521180 537
1521190 538
1521200 539
1521210 539
1521220 539
1521230 540
1521240 540
1521250 540
1521260 539
1521270 539
1521280 539
1521290 538
1521300 538
1521310 536
1521320 533
1521330 533
1521340 530
1521350 529
1521360 529
1521370 528
1521380 528
1521390 528
1521400 528
1521410 528
1521420 528
1521430 528
1521440 528
1521450 528
1521460 529
1521470 530
1521480 530
1521490 531
1521500 531
1521510 531
1521520 532
1521530 532
1521540 532
1521550 532
1521560 532
1521570 532
1521580 532
1521590 532
1521600 532
1521610 533
1521620 533
1521630 533
1521640 533
1521650 533
1521660 533
1521670 533
1521680 533
1521690 533
1521700 534
1521710 535
1521720 535
1521730 536
1521740 537
1521750 537
1521760 538
1521770 539
1521780 539
1521790 539
1521800 540
1521810 540
1521820 541
1521830 542
1521840 542
1521850 542
1521860 543
1521870 543
1521880 543
1521890 543
1521900 543
1521910 544
1521920 544
1521930 544
1521940 545
1521950 545
1521960 545
1521970 545
1521980 545
1521990 545
1522000 545
1522010 544
1522020 544
1522030 542
1522040 540
1522050 540
1522060 539
1522070 539
1522080 539
1522090 539
1522100 539
1522110 539
1522120 539
1522130 539
1522140 539
1522150 540
1522160 540
1522170 540
1522180 540
1522190 541
1522200 541
1522210 541
1522220 542
1522230 542
1522240 542
1522250 543
1522260 543
1522270 544
1522280 546
1522290 546
1522300 547
1522310 548
1522320 548
1522330 549
1522340 549
1522350 549
1522360 550
1522370 550
1522380 551
1522390 551
1522400 551
1522410 552
1522420 554
1522430 554
1522440 556
1522450 557
1522460 557
1522470 559
1522480 560
1522490 560
1522500 561
1522510 562
1522520 562
1522530 564
1522540 566
1522550 566
1522560 568
1522570 570
1522580 570
1522590 571
1522600 572
1522610 572
1522620 573
1522630 574
1522640 574
1522650 576
1522660 578
1522670 578
1522680 579
1522690 580
1522700 580
1522710 582
1522720 583
1522730 583
1522740 584
1522750 585
1522760 585
1522770 586
1522780 587
1522790 587
1522800 588
1522810 589
1522820 589
1522830 590
1522840 591
1522850 591
1522860 591
1522870 592
1522880 592
1522890 593
1522900 594
1522910 594
1522920 595
1522930 596
1522940 596
1522950 597
1522960 598
1522970 598
1522980 599
1522990 599
1523000 599
1523010 600
1523020 601
1523030 601
1523040 601
1523050 602
1523060 602
1523070 602
1523080 602
1523090 602
1523100 603
1523110 603
1523120 603
1523130 603
1523140 603
1523150 603
1523160 604
1523170 603
1523180 603
1523190 603
1523200 603
1523210 603
1523220 603
1523230 603
1523240 603
1523250 603
1523260 603
1523270 603
1523280 604
1523290 604
1523300 604
1523310 605
1523320 606
1523330 606
1523340 607
1523350 608
1523360 608
1523370 608
1523380 609
1523390 609
1523400 609
1523410 610
1523420 610
1523430 611
1523440 612
1523450 612
1523460 613
1523470 615
1523480 615
1523490 616
1523500 617
1523510 617
1523520 618
1523530 619
1523540 619
1523550 620
1523560 621
1523570 621
1523580 622
1523590 624
1523600 624
1523610 625
1523620 626
1523630 626
1523640 628
1523650 628
1523660 628
1523670 629
1523680 629
1523690 629
1523700 629
1523710 630
1523720 630
1523730 630
1523740 629
1523750 629
1523760 629
1523770 629
1523780 629
1523790 629
1523800 629
1523810 629
1523820 629
1523830 628
1523840 628
1523850 628
1523860 628
1523870 628
1523880 628
1523890 627
1523900 627
1523910 627
1523920 627
1523930 627
1523940 626
1523950 625
1523960 625
1523970 625
1523980 624
1523990 624
1524000 623
1524010 623
1524020 623
1524030 622
1524040 622
1524050 621
1524060 620
1524070 620
1524080 619
1524090 618
1524100 618
1524110 618
1524120 617
1524130 617
1524140 615
1524150 614
1524160 614
1524170 612
1524180 612
1524190 612
1524200 611
1524210 611
1524220 611
1524230 610
1524240 610
1524250 610
1524260 610
1524270 610
1524280 610
1524290 610
1524300 610
1524310 610
1524320 611
1524330 611
1524340 611
1524350 611
1524360 611
1524370 611
1524380 611
1524390 612
1524400 612
1524410 612
1524420 613
1524430 613
1524440 613
1524450 614
1524460 614
1524470 614
1524480 615
1524490 615
1524500 615
1524510 614
1524520 614
1524530 614
1524540 614
1524550 614
1524560 614
1524570 615
1524580 615
1524590 615
1524600 614
1524610 614
1524620 614
1524630 613
1524640 613
1524650 614
1524660 614
1524670 614
1524680 614
1524690 614
1524700 614
1524710 614
1524720 613
1524730 613
1524740 613
1524750 613
1524760 614
1524770 614
1524780 614
1524790 614
1524800 614
1524810 613
1524820 613
1524830 612
1524840 612
1524850 612
1524860 612
1524870 613
1524880 613
1524890 613
1524900 614
1524910 614
1524920 616
1524930 617
1524940 617
1524950 619
1524960 619
1524970 619
1524980 620
1524990 620
1525000 620
1525010 620
1525020 620
1525030 620
1525040 619
1525050 619
1525060 619
1525070 618
1525080 618
1525090 618
1525100 617
1525110 617
1525120 617
1525130 617
1525140 617
1525150 617
1525160 616
1525170 616
1525180 616
1525190 616
1525200 615
1525210 615
1525220 615
1525230 615
1525240 615
1525250 615
1525260 615
1525270 615
1525280 615
1525290 616
1525300 616
1525310 616
1525320 616
1525330 616
1525340 615
1525350 615
1525360 615
1525370 615
1525380 615
1525390 615
1525400 614
1525410 612
1525420 612
1525430 611
1525440 609
1525450 609
1525460 607
1525470 605
1525480 605
1525490 605
1525500 605
1525510 605
1525520 605
1525530 604
1525540 604
1525550 604
1525560 604
1525570 604
1525580 604
1525590 603
1525600 603
1525610 603
1525620 604
1525630 604
1525640 604
1525650 604
1525660 604
1525670 604
1525680 604
1525690 604
1525700 604
1525710 604
1525720 604
1525730 605
1525740 605
1525750 605
1525760 606
1525770 606
1525780 606
1525790 606
1525800 606
1525810 606
1525820 607
1525830 607
1525840 607
1525850 607
1525860 607
1525870 607
1525880 607
1525890 607
1525900 607
1525910 607
1525920 607
1525930 607
1525940 607
1525950 607
1525960 607
1525970 607
1525980 607
1525990 606
1526000 606
1526010 606
1526020 606
1526030 606
1526040 606
1526050 606
1526060 605
1526070 605
1526080 605
1526090 604
1526100 604
1526110 603
1526120 602
1526130 602
1526140 601
1526150 600
1526160 600
1526170 599
1526180 597
1526190 597
1526200 596
1526210 595
1526220 595
1526230 593
1526240 591
1526250 591
1526260 589
1526270 589
1526280 589
1526290 588
1526300 587
1526310 587
1526320 587
1526330 586
1526340 586
1526350 586
1526360 585
1526370 585
1526380 585
1526390 584
1526400 584
1526410 583
1526420 583
1526430 583
1526440 584
1526450 584
1526460 584
1526470 585
1526480 585
1526490 585
1526500 585
1526510 585
1526520 585
1526530 585
1526540 585
1526550 585
1526560 585
1526570 584
1526580 584
1526590 584
1526600 583
1526610 583
1526620 582
1526630 581
1526640 581
1526650 580
1526660 579
1526670 579
1526680 578
1526690 576
1526700 576
1526710 573
1526720 570
1526730 570
1526740 569
1526750 568
1526760 568
1526770 567
1526780 566
1526790 566
1526800 565
1526810 565
1526820 565
1526830 564
1526840 563
1526850 563
1526860 561
1526870 559
1526880 559
1526890 558
1526900 556
1526910 556
1526920 555
1526930 555
1526940 555
1526950 555
1526960 555
1526970 555
1526980 556
1526990 557
1527000 557
1527010 557
1527020 558
1527030 558
1527040 559
1527050 561
1527060 561
1527070 563
1527080 564
1527090 564
1527100 566
1527110 567
1527120 567
1527130 568
1527140 569
1527150 569
1527160 570
1527170 571
1527180 571
1527190 572
1527200 573
1527210 573
1527220 574
1527230 575
1527240 575
1527250 575
1527260 576
1527270 576
1527280 576
1527290 576
1527300 576
1527310 576
1527320 576
1527330 576
1527340 576
1527350 576
1527360 575
1527370 575
1527380 575
1527390 574
1527400 574
1527410 574
1527420 573
1527430 572
1527440 572
1527450 572
1527460 571
1527470 571
1527480 570
1527490 569
1527500 569
1527510 567
1527520 566
1527530 566
1527540 565
1527550 564
1527560 564
1527570 563
1527580 563
1527590 563
1527600 563
1527610 563
1527620 563
1527630 562
1527640 562
1527650 562
1527660 562
1527670 562
1527680 562
1527690 562
1527700 562
1527710 562
1527720 562
1527730 562
1527740 562
1527750 562
1527760 562
1527770 562
1527780 561
1527790 561
1527800 561
1527810 561
1527820 561
1527830 561
1527840 561
1527850 560
1527860 560
1527870 560
1527880 560
1527890 560
1527900 559
1527910 559
1527920 559
1527930 558
1527940 558
1527950 558
1527960 558
1527970 558
1527980 558
1527990 557
1528000 557
1528010 557
1528020 556
1528030 556
1528040 556
1528050 556
1528060 555
1528070 555
1528080 553
1528090 552
1528100 552
1528110 551
1528120 551
1528130 551
1528140 550
1528150 550
1528160 550
1528170 550
1528180 550
1528190 550
1528200 550
1528210 550
1528220 550
1528230 550
1528240 550
1528250 550
1528260 551
1528270 552
1528280 552
1528290 553
1528300 555
1528310 555
1528320 556
1528330 557
1528340 557
1528350 558
1528360 559
1528370 559
1528380 560
1528390 561
1528400 561
1528410 563
1528420 564
1528430 564
1528440 565
1528450 566
1528460 566
1528470 567
1528480 568
1528490 568
1528500 568
1528510 569
1528520 569
1528530 569
1528540 569
1528550 569
1528560 568
1528570 568
1528580 568
1528590 568
1528600 568
1528610 568
1528620 568
1528630 568
1528640 568
1528650 567
1528660 567
1528670 567
1528680 567
1528690 567
1528700 567
1528710 567
1528720 566
1528730 566
1528740 566
1528750 566
1528760 566
1528770 565
1528780 565
1528790 565
1528800 565
1528810 564
1528820 564
1528830 564
1528840 563
1528850 563
1528860 563
1528870 563
1528880 563
1528890 562
1528900 562
1528910 562
1528920 562
1528930 562
1528940 562
1528950 561
1528960 561
1528970 561
1528980 561
1528990 561
1529000 561
1529010 561
1529020 561
1529030 561
1529040 561
1529050 561
1529060 560
1529070 560
1529080 560
1529090 559
1529100 559
1529110 559
1529120 558
1529130 558
1529140 558
1529150 558
1529160 557
1529170 557
1529180 557
1529190 556
1529200 556
1529210 555
1529220 555
1529230 555
1529240 554
1529250 553
1529260 553
1529270 552
1529280 551
1529290 551
1529300 550
1529310 549
1529320 549
1529330 548
1529340 547
1529350 547
1529360 546
1529370 545
1529380 545
1529390 544
1529400 543
1529410 543
1529420 542
1529430 542
1529440 542
1529450 542
1529460 542
1529470 542
1529480 542
1529490 542
1529500 542
1529510 542
1529520 542
1529530 542
1529540 542
1529550 542
1529560 542
1529570 542
1529580 542
1529590 542
1529600 542
1529610 543
1529620 543
1529630 544
1529640 544
1529650 544
1529660 545
1529670 546
1529680 546
1529690 546
1529700 546
1529710 546
1529720 546
1529730 547
1529740 547
1529750 547
1529760 547
1529770 547
1529780 548
1529790 549
1529800 549
1529810 549
1529820 549
1529830 549
1529840 549
1529850 550
1529860 550
1529870 550
1529880 549
1529890 549
1529900 549
1529910 549
1529920 549
1529930 548
1529940 548
1529950 548
1529960 547
1529970 547
1529980 547
1529990 546
1530000 546
1530010 546
1530020 545
1530030 545
1530040 545
1530050 544
1530060 544
1530070 544
1530080 543
1530090 543
1530100 543
1530110 542
1530120 541
1530130 541
1530140 540
1530150 539
1530160 539
1530170 538
1530180 537
1530190 537
1530200 537
1530210 537
1530220 537
1530230 538
1530240 538
1530250 538
1530260 538
1530270 538
1530280 538
1530290 538
1530300 538
1530310 538
1530320 538
1530330 539
1530340 539
1530350 539
1530360 539
1530370 539
1530380 539
1530390 539
1530400 539
1530410 539
1530420 539
1530430 539
1530440 539
1530450 539
1530460 539
1530470 540
1530480 540
1530490 540
1530500 540
1530510 539
1530520 539
1530530 539
1530540 539
1530550 539
1530560 539
1530570 539
1530580 539
1530590 539
1530600 539
1530610 539
1530620 539
1530630 538
1530640 538
1530650 538
1530660 538
1530670 538
1530680 538
1530690 538
1530700 538
1530710 538
1530720 538
1530730 539
1530740 539
1530750 539
1530760 538
1530770 538
1530780 538
1530790 538
1530800 538
1530810 538
1530820 537
1530830 537
1530840 537
1530850 538
1530860 538
1530870 538
1530880 538
1530890 539
1530900 539
1530910 540
1530920 540
1530930 540
1530940 541
1530950 541
1530960 541
1530970 542
1530980 543
1530990 543
1531000 543
1531010 544
1531020 544
1531030 544
1531040 545
1531050 545
1531060 545
1531070 546
1531080 546
1531090 546
1531100 547
1531110 547
1531120 547
1531130 547
1531140 547
1531150 548
1531160 548
1531170 548
1531180 548
1531190 549
1531200 549
1531210 549
1531220 549
1531230 549
1531240 549
1531250 550
1531260 550
1531270 550
1531280 550
1531290 550
1531300 550
1531310 550
1531320 550
1531330 551
1531340 551
1531350 551
1531360 552
1531370 552
1531380 552
1531390 552
1531400 552
1531410 552
1531420 552
1531430 552
1531440 552
1531450 552
1531460 552
1531470 552
1531480 552
1531490 552
1531500 552
1531510 552
1531520 552
1531530 552
1531540 552
1531550 552
1531560 552
1531570 552
1531580 553
1531590 553
1531600 553
1531610 553
1531620 553
1531630 553
1531640 553
1531650 553
1531660 553
1531670 553
1531680 553
1531690 553
1531700 553
1531710 553
1531720 553
1531730 553
1531740 553
1531750 553
1531760 554
1531770 554
1531780 554
1531790 554
1531800 554
1531810 554
1531820 555
1531830 555
1531840 555
1531850 555
1531860 555
1531870 555
1531880 556
1531890 556
1531900 556
1531910 555
1531920 555
1531930 555
1531940 555
1531950 555
1531960 555
1531970 555
1531980 555
1531990 554
1532000 554
1532010 554
1532020 554
1532030 553
1532040 553
1532050 553
1532060 552
1532070 552
1532080 551
1532090 550
1532100 550
1532110 550
1532120 549
1532130 549
1532140 549
1532150 548
1532160 548
1532170 547
1532180 547
1532190 547
1532200 546
1532210 545
1532220 545
1532230 544
1532240 543
1532250 543
1532260 543
1532270 542
1532280 542
1532290 542
1532300 542
1532310 542
1532320 542
1532330 543
1532340 543
1532350 543
1532360 543
1532370 544
1532380 545
1532390 545
1532400 546
1532410 546
1532420 546
1532430 546
1532440 546
1532450 546
1532460 546
1532470 546
1532480 546
1532490 546
1532500 546
1532510 546
1532520 545
1532530 545
1532540 545
1532550 544
1532560 543
1532570 543
1532580 542
1532590 541
1532600 541
1532610 541
1532620 540
1532630 540
1532640 539
1532650 538
1532660 538
1532670 537
1532680 537
1532690 537
1532700 536
1532710 535
1532720 535
1532730 535
1532740 534
1532750 534
1532760 535
1532770 535
1532780 535
1532790 535
1532800 536
1532810 536
1532820 536
1532830 536
1532840 536
1532850 536
1532860 536
1532870 536
1532880 535
1532890 534
1532900 534
1532910 533
1532920 532
1532930 532
1532940 532
1532950 531
1532960 531
1532970 530
1532980 529
1532990 529
1533000 528
1533010 527
1533020 527
1533030 527
1533040 527
1533050 527
1533060 528
1533070 528
1533080 528
1533090 528
1533100 529
1533110 529
1533120 529
1533130 529
1533140 529
1533150 528
1533160 528
1533170 528
1533180 528
1533190 527
1533200 527
1533210 526
1533220 524
1533230 524
1533240 520
1533250 519
1533260 519
1533270 518
1533280 518
1533290 518
1533300 519
1533310 520
1533320 520
1533330 522
1533340 524
1533350 524
1533360 526
1533370 528
1533380 528
1533390 530
1533400 532
1533410 532
1533420 533
1533430 534
1533440 534
1533450 535
1533460 536
1533470 536
1533480 536
1533490 537
1533500 537
1533510 537
1533520 538
1533530 538
1533540 538
1533550 539
1533560 539
1533570 539
1533580 539
1533590 539
1533600 538
1533610 538
1533620 538
1533630 537
1533640 536
1533650 536
1533660 535
1533670 534
1533680 534
1533690 533
1533700 532
1533710 532
1533720 529
1533730 525
1533740 525
1533750 523
1533760 523
1533770 523
1533780 523
1533790 526
1533800 526
1533810 529
1533820 532
1533830 532
1533840 533
1533850 533
1533860 533
1533870 533
1533880 533
1533890 533
1533900 533
1533910 534
1533920 534
1533930 534
1533940 535
1533950 535
1533960 536
1533970 536
1533980 536
1533990 537
1534000 537
1534010 537
1534020 538
1534030 538
1534040 538
1534050 538
1534060 538
1534070 538
1534080 539
1534090 539
1534100 539
1534110 540
1534120 540
1534130 540
1534140 540
1534150 540
1534160 541
1534170 540
1534180 540
1534190 540
1534200 540
1534210 540
1534220 540
1534230 540
1534240 540
1534250 539
1534260 538
1534270 538
1534280 536
1534290 534
1534300 534
1534310 532
1534320 531
1534330 531
1534340 531
1534350 531
1534360 531
1534370 531
1534380 531
1534390 531
1534400 532
1534410 533
1534420 533
1534430 535
1534440 536
1534450 536
1534460 537
1534470 537
1534480 537
1534490 537
1534500 538
1534510 538
1534520 538
1534530 538
1534540 538
1534550 538
1534560 538
1534570 538
1534580 538
1534590 538
1534600 538
1534610 538
1534620 538
1534630 538
1534640 538
1534650 538
1534660 538
1534670 538
1534680 538
1534690 538
1534700 538
1534710 537
1534720 537
1534730 537
1534740 536
1534750 536
1534760 536
1534770 535
1534780 535
1534790 535
1534800 534
1534810 534
1534820 534
1534830 533
1534840 533
1534850 533
1534860 532
1534870 532
1534880 531
1534890 531
1534900 531
1534910 529
1534920 528
1534930 528
1534940 528
1534950 528
1534960 528
1534970 529
1534980 531
1534990 531
1535000 532
1535010 534
1535020 534
1535030 535
1535040 536
1535050 536
1535060 537
1535070 538
1535080 538
1535090 539
1535100 540
1535110 540
1535120 541
1535130 542
1535140 542
1535150 542
1535160 543
1535170 543
1535180 543
1535190 544
1535200 544
1535210 544
1535220 544
1535230 544
1535240 544
1535250 544
1535260 544
1535270 544
1535280 544
1535290 544
1535300 544
1535310 544
1535320 544
1535330 543
1535340 543
1535350 543
1535360 542
1535370 541
1535380 541
1535390 540
1535400 539
1535410 539
1535420 539
1535430 538
1535440 538
1535450 537
1535460 536
1535470 536
1535480 535
1535490 535
1535500 535
1535510 535
1535520 535
1535530 535
1535540 536
1535550 536
1535560 536
1535570 536
1535580 536
1535590 536
1535600 537
1535610 537
1535620 537
1535630 537
1535640 538
1535650 538
1535660 538
1535670 538
1535680 538
1535690 538
1535700 538
1535710 538
1535720 538
1535730 538
1535740 537
1535750 537
1535760 537
1535770 536
1535780 534
1535790 534
1535800 532
1535810 531
1535820 531
1535830 529
1535840 528
1535850 528
1535860 528
1535870 527
1535880 527
1535890 527
1535900 527
1535910 527
1535920 526
1535930 526
1535940 526
1535950 526
1535960 526
1535970 526
1535980 526
1535990 526
1536000 526
1536010 526
1536020 527
1536030 527
1536040 527
1536050 528
1536060 528
1536070 528
1536080 529
1536090 529
1536100 530
1536110 530
1536120 530
1536130 531
1536140 531
1536150 531
1536160 532
1536170 533
1536180 533
1536190 533
1536200 534
1536210 534
1536220 534
1536230 535
1536240 535
1536250 535
1536260 536
1536270 536
1536280 536
1536290 536
1536300 536
1536310 537
1536320 537
1536330 537
1536340 537
1536350 537
1536360 537
1536370 537
1536380 537
1536390 537
1536400 537
1536410 537
1536420 537
1536430 536
1536440 536
1536450 536
1536460 536
1536470 535
1536480 535
1536490 535
1536500 535
1536510 535
1536520 534
1536530 534
1536540 534
1536550 534
1536560 533
1536570 533
1536580 533
1536590 533
1536600 533
1536610 532
1536620 532
1536630 532
1536640 531
1536650 531
1536660 531
1536670 530
1536680 530
1536690 530
1536700 529
1536710 529
1536720 529
1536730 528
1536740 528
1536750 528
1536760 527
1536770 525
1536780 525
1536790 524
1536800 524
1536810 524
1536820 523
1536830 523
1536840 523
1536850 523
1536860 522
1536870 522
1536880 522
1536890 522
1536900 522
1536910 522
1536920 522
1536930 522
1536940 522
1536950 522
1536960 522
1536970 522
1536980 522
1536990 522
1537000 522
1537010 522
1537020 522
1537030 522
1537040 522
1537050 522
1537060 522
1537070 522
1537080 522
1537090 522
1537100 522
1537110 522
1537120 522
1537130 522
1537140 522
1537150 522
1537160 523
1537170 523
1537180 523
1537190 523
1537200 523
1537210 524
1537220 525
1537230 525
1537240 526
1537250 527
1537260 527
1537270 527
1537280 528
1537290 528
1537300 529
1537310 530
1537320 530
1537330 531
1537340 532
1537350 532
1537360 532
1537370 532
1537380 533
1537390 534
1537400 534
1537410 535
1537420 537
1537430 537
1537440 539
1537450 540
1537460 540
1537470 541
1537480 542
1537490 542
1537500 543
1537510 544
1537520 544
1537530 544
1537540 545
1537550 545
1537560 546
1537570 547
1537580 547
1537590 547
1537600 548
1537610 548
1537620 548
1537630 549
1537640 549
1537650 549
1537660 549
1537670 549
1537680 549
1537690 549
1537700 549
1537710 549
1537720 550
1537730 550
1537740 550
1537750 550
1537760 550
1537770 550
1537780 550
1537790 550
1537800 551
1537810 551
1537820 551
1537830 552
1537840 552
1537850 552
1537860 552
1537870 553
1537880 553
1537890 553
1537900 554
1537910 554
1537920 554
1537930 555
1537940 555
1537950 555
1537960 555
1537970 555
1537980 556
1537990 556
1538000 556
1538010 556
1538020 556
1538030 556
1538040 557
1538050 557
1538060 557
1538070 557
1538080 557
1538090 557
1538100 557
1538110 556
1538120 556
1538130 556
1538140 556
1538150 556
1538160 556
1538170 556
1538180 556
1538190 554
1538200 554
1538210 554
1538220 553
1538230 553
1538240 553
1538250 552
1538260 552
1538270 552
1538280 551
1538290 551
1538300 551
1538310 550
1538320 550
1538330 550
1538340 549
1538350 549
1538360 549
1538370 548
1538380 548
1538390 548
1538400 547
1538410 546
1538420 546
1538430 544
1538440 543
1538450 543
1538460 543
1538470 543
1538480 543
1538490 543
1538500 544
1538510 544
1538520 544
1538530 544
1538540 544
1538550 545
1538560 545
1538570 545
1538580 546
1538590 546
1538600 546
1538610 547
1538620 548
1538630 548
1538640 549
1538650 549
1538660 549
1538670 550
1538680 551
1538690 551
1538700 552
1538710 553
1538720 553
1538730 553
1538740 554
1538750 554
1538760 555
1538770 556
1538780 556
1538790 557
1538800 558
1538810 558
1538820 559
1538830 559
1538840 559
1538850 560
1538860 561
1538870 561
1538880 562
1538890 563
1538900 563
1538910 563
1538920 564
1538930 564
1538940 565
1538950 565
1538960 565
1538970 566
1538980 567
1538990 567
1539000 567
1539010 568
1539020 568
1539030 568
1539040 568
1539050 569
1539060 570
1539070 570
1539080 570
1539090 571
1539100 571
1539110 571
1539120 571
1539130 571
1539140 572
1539150 572
1539160 572
1539170 572
1539180 572
1539190 572
1539200 571
1539210 570
1539220 570
1539230 567
1539240 564
1539250 564
1539260 561
1539270 561
1539280 561
1539290 560
1539300 560
1539310 560
1539320 560
1539330 560
1539340 560
1539350 561
1539360 562
1539370 562
1539380 563
1539390 564
1539400 564
1539410 565
1539420 566
1539430 566
1539440 568
1539450 569
1539460 569
1539470 570
1539480 572
1539490 572
1539500 573
1539510 575
1539520 575
1539530 576
1539540 578
1539550 578
1539560 579
1539570 580
1539580 580
1539590 581
1539600 583
1539610 583
1539620 584
1539630 585
1539640 585
1539650 586
1539660 586
1539670 586
1539680 587
1539690 588
1539700 588
1539710 589
1539720 589
1539730 589
1539740 590
1539750 591
1539760 591
1539770 591
1539780 591
1539790 591
1539800 591
1539810 591
1539820 591
1539830 591
1539840 591
1539850 591
1539860 591
1539870 591
1539880 591
1539890 590
1539900 589
1539910 589
1539920 589
1539930 588
1539940 588
1539950 587
1539960 587
1539970 587
1539980 586
1539990 586
