1520000 559
1520010 558
1520020 557
1520030 557
1520040 556
1520050 555
1520060 555
1520070 554
1520080 554
1520090 554
1520100 553
1520110 553
1520120 553
1520130 552
1520140 552
1520150 552
1520160 551
1520170 551
1520180 551
1520190 551
1520200 551
1520210 551
1520220 551
1520230 552
1520240 552
1520250 552
1520260 552
1520270 552
1520280 552
1520290 552
1520300 553
1520310 554
1520320 554
1520330 555
1520340 556
1520350 556
1520360 557
1520370 557
1520380 557
1520390 558
1520400 559
1520410 559
1520420 559
1520430 560
1520440 560
1520450 561
1520460 562
1520470 562
1520480 563
1520490 564
1520500 564
1520510 566
1520520 567
1520530 567
1520540 567
1520550 568
1520560 568
1520570 569
1520580 570
1520590 570
1520600 570
1520610 571
1520620 571
1520630 572
1520640 573
1520650 573
1520660 575
1520670 575
1520680 575
1520690 575
1520700 576
1520710 576
1520720 578
1520730 578
1520740 578
1520750 578
1520760 578
1520770 578
1520780 578
1520790 579
1520800 579
1520810 580
1520820 582
1520830 582
1520840 583
1520850 584
1520860 584
1520870 583
1520880 584
1520890 584
1520900 584
1520910 585
1520920 585
1520930 585
1520940 586
1520950 586
1520960 586
1520970 587
1520980 587
1520990 588
1521000 588
1521010 588
1521020 589
1521030 589
1521040 589
1521050 590
1521060 590
1521070 590
1521080 591
1521090 592
1521100 592
1521110 592
1521120 593
1521130 593
1521140 593
1521150 593
1521160 593
1521170 594
1521180 594
1521190 594
1521200 594
1521210 594
1521220 594
1521230 594
1521240 594
1521250 594
1521260 594
1521270 594
1521280 594
1521290 594
1521300 593
1521310 593
1521320 594
1521330 594
1521340 594
1521350 594
1521360 594
1521370 594
1521380 595
1521390 595
1521400 595
1521410 595
1521420 596
1521430 596
1521440 596
1521450 596
1521460 596
1521470 596
1521480 596
1521490 596
1521500 596
1521510 596
1521520 596
1521530 596
1521540 595
1521550 595
1521560 595
1521570 594
1521580 594
1521590 595
1521600 594
1521610 594
1521620 594
1521630 593
1521640 593
1521650 593
1521660 593
1521670 593
1521680 592
1521690 592
1521700 592
1521710 592
1521720 591
1521730 591
1521740 590
1521750 592
1521760 592
1521770 593
1521780 593
1521790 593
1521800 593
1521810 593
1521820 594
1521830 594
1521840 594
1521850 593
1521860 593
1521870 593
1521880 593
1521890 594
1521900 594
1521910 594
1521920 594
1521930 594
1521940 594
1521950 594
1521960 594
1521970 594
1521980 594
1521990 594
1522000 595
1522010 595
1522020 595
1522030 595
1522040 595
1522050 595
1522060 596
1522070 596
1522080 596
1522090 596
1522100 597
1522110 597
1522120 598
1522130 598
1522140 598
1522150 599
1522160 600
1522170 600
1522180 600
1522190 600
1522200 600
1522210 599
1522220 599
1522230 599
1522240 599
1522250 598
1522260 598
1522270 597
1522280 595
1522290 595
1522300 594
1522310 592
1522320 592
1522330 591
1522340 590
1522350 590
1522360 589
1522370 589
1522380 589
1522390 588
1522400 588
1522410 588
1522420 588
1522430 587
1522440 587
1522450 586
1522460 587
1522470 587
1522480 587
1522490 587
1522500 587
1522510 588
1522520 587
1522530 587
1522540 587
1522550 587
1522560 587
1522570 586
1522580 586
1522590 586
1522600 587
1522610 586
1522620 586
1522630 586
1522640 585
1522650 585
1522660 584
1522670 583
1522680 583
1522690 580
1522700 578
1522710 578
1522720 575
1522730 572
1522740 572
1522750 570
1522760 570
1522770 570
1522780 570
1522790 572
1522800 572
1522810 574
1522820 575
1522830 575
1522840 578
1522850 581
1522860 581
1522870 583
1522880 586
1522890 586
1522900 589
1522910 591
1522920 591
1522930 593
1522940 595
1522950 595
1522960 597
1522970 599
1522980 599
1522990 600
1523000 601
1523010 601
1523020 602
1523030 603
1523040 603
1523050 604
1523060 604
1523070 604
1523080 605
1523090 605
1523100 605
1523110 605
1523120 606
1523130 606
1523140 606
1523150 606
1523160 606
1523170 606
1523180 606
1523190 606
1523200 607
1523210 607
1523220 607
1523230 607
1523240 607
1523250 607
1523260 607
1523270 607
1523280 607
1523290 607
1523300 607
1523310 607
1523320 607
1523330 607
1523340 607
1523350 608
1523360 608
1523370 608
1523380 608
1523390 608
1523400 608
1523410 607
1523420 607
1523430 607
1523440 607
1523450 607
1523460 607
1523470 608
1523480 608
1523490 608
1523500 608
1523510 608
1523520 608
1523530 608
1523540 608
1523550 608
1523560 608
1523570 608
1523580 608
1523590 608
1523600 608
1523610 608
1523620 608
1523630 608
1523640 608
1523650 608
1523660 608
1523670 608
1523680 608
1523690 608
1523700 608
1523710 607
1523720 607
1523730 607
1523740 607
1523750 607
1523760 606
1523770 606
1523780 606
1523790 606
1523800 606
1523810 606
1523820 605
1523830 605
1523840 605
1523850 604
1523860 604
1523870 604
1523880 604
1523890 603
1523900 603
1523910 603
1523920 602
1523930 602
1523940 601
1523950 600
1523960 600
1523970 600
1523980 599
1523990 599
1524000 598
1524010 598
1524020 598
1524030 597
1524040 596
1524050 596
1524060 596
1524070 595
1524080 595
1524090 594
1524100 593
1524110 593
1524120 593
1524130 593
1524140 593
1524150 592
1524160 592
1524170 592
1524180 591
1524190 591
1524200 591
1524210 591
1524220 590
1524230 590
1524240 590
1524250 590
1524260 590
1524270 590
1524280 590
1524290 590
1524300 590
1524310 590
1524320 590
1524330 590
1524340 590
1524350 590
1524360 590
1524370 590
1524380 590
1524390 591
1524400 591
1524410 591
1524420 591
1524430 591
1524440 591
1524450 591
1524460 591
1524470 591
1524480 590
1524490 589
1524500 589
1524510 588
1524520 587
1524530 587
1524540 585
1524550 584
1524560 584
1524570 583
1524580 582
1524590 582
1524600 582
1524610 582
1524620 582
1524630 581
1524640 581
1524650 581
1524660 581
1524670 580
1524680 580
1524690 580
1524700 580
1524710 580
1524720 580
1524730 579
1524740 579
1524750 579
1524760 579
1524770 579
1524780 579
1524790 578
1524800 578
1524810 578
1524820 578
1524830 578
1524840 577
1524850 577
1524860 577
1524870 577
1524880 577
1524890 577
1524900 577
1524910 577
1524920 577
1524930 576
1524940 576
1524950 576
1524960 576
1524970 576
1524980 576
1524990 576
1525000 576
1525010 576
1525020 575
1525030 575
1525040 575
1525050 575
1525060 575
1525070 575
1525080 575
1525090 575
1525100 575
1525110 575
1525120 575
1525130 575
1525140 575
1525150 575
1525160 575
1525170 575
1525180 575
1525190 575
1525200 574
1525210 574
1525220 574
1525230 573
1525240 573
1525250 573
1525260 573
1525270 573
1525280 572
1525290 572
1525300 572
1525310 573
1525320 572
1525330 572
1525340 572
1525350 572
1525360 572
1525370 572
1525380 572
1525390 572
1525400 572
1525410 571
1525420 571
1525430 571
1525440 571
1525450 571
1525460 571
1525470 571
1525480 571
1525490 571
1525500 571
1525510 571
1525520 571
1525530 570
1525540 570
1525550 570
1525560 570
1525570 570
1525580 570
1525590 569
1525600 569
1525610 569
1525620 569
1525630 569
1525640 569
1525650 569
1525660 569
1525670 569
1525680 569
1525690 569
1525700 569
1525710 569
1525720 569
1525730 569
1525740 569
1525750 569
1525760 569
1525770 569
1525780 569
1525790 569
1525800 569
1525810 569
1525820 569
1525830 569
1525840 569
1525850 569
1525860 569
1525870 569
1525880 569
1525890 570
1525900 570
1525910 570
1525920 569
1525930 569
1525940 569
1525950 569
1525960 569
1525970 570
1525980 570
1525990 570
1526000 570
1526010 570
1526020 570
1526030 570
1526040 570
1526050 570
1526060 570
1526070 570
1526080 570
1526090 570
1526100 570
1526110 570
1526120 570
1526130 569
1526140 569
1526150 569
1526160 569
1526170 569
1526180 569
1526190 569
1526200 569
1526210 569
1526220 569
1526230 569
1526240 569
1526250 570
1526260 570
1526270 570
1526280 570
1526290 570
1526300 570
1526310 570
1526320 570
1526330 570
1526340 570
1526350 571
1526360 570
1526370 570
1526380 570
1526390 570
1526400 570
1526410 571
1526420 571
1526430 571
1526440 571
1526450 570
1526460 570
1526470 570
1526480 571
1526490 571
1526500 571
1526510 571
1526520 571
1526530 572
1526540 572
1526550 572
1526560 572
1526570 572
1526580 572
1526590 572
1526600 572
1526610 572
1526620 571
1526630 571
1526640 571
1526650 571
1526660 570
1526670 570
1526680 569
1526690 568
1526700 568
1526710 567
1526720 566
1526730 566
1526740 565
1526750 565
1526760 565
1526770 565
1526780 566
1526790 566
1526800 566
1526810 566
1526820 566
1526830 566
1526840 566
1526850 566
1526860 566
1526870 566
1526880 566
1526890 567
1526900 567
1526910 567
1526920 567
1526930 567
1526940 567
1526950 567
1526960 567
1526970 567
1526980 566
1526990 566
1527000 566
1527010 565
1527020 563
1527030 563
1527040 561
1527050 560
1527060 560
1527070 561
1527080 561
1527090 561
1527100 561
1527110 561
1527120 561
1527130 562
1527140 563
1527150 563
1527160 564
1527170 565
1527180 565
1527190 566
1527200 566
1527210 566
1527220 566
1527230 566
1527240 566
1527250 566
1527260 566
1527270 566
1527280 566
1527290 566
1527300 566
1527310 566
1527320 566
1527330 566
1527340 566
1527350 566
1527360 566
1527370 567
1527380 566
1527390 566
1527400 566
1527410 567
1527420 567
1527430 567
1527440 567
1527450 567
1527460 567
1527470 567
1527480 567
1527490 567
1527500 566
1527510 566
1527520 566
1527530 565
1527540 565
1527550 564
1527560 564
1527570 564
1527580 563
1527590 563
1527600 563
1527610 562
1527620 562
1527630 562
1527640 561
1527650 561
1527660 561
1527670 560
1527680 560
1527690 560
1527700 560
1527710 560
1527720 560
1527730 560
1527740 560
1527750 560
1527760 560
1527770 560
1527780 560
1527790 560
1527800 560
1527810 560
1527820 560
1527830 560
1527840 560
1527850 560
1527860 560
1527870 560
1527880 559
1527890 559
1527900 559
1527910 559
1527920 559
1527930 558
1527940 558
1527950 558
1527960 557
1527970 557
1527980 557
1527990 556
1528000 556
1528010 556
1528020 555
1528030 554
1528040 554
1528050 553
1528060 552
1528070 552
1528080 551
1528090 550
1528100 550
1528110 550
1528120 550
1528130 550
1528140 550
1528150 550
1528160 550
1528170 551
1528180 551
1528190 551
1528200 551
1528210 552
1528220 553
1528230 553
1528240 553
1528250 553
1528260 553
1528270 553
1528280 553
1528290 553
1528300 553
1528310 553
1528320 552
1528330 552
1528340 552
1528350 552
1528360 551
1528370 551
1528380 550
1528390 548
1528400 548
1528410 546
1528420 545
1528430 545
1528440 545
1528450 544
1528460 544
1528470 544
1528480 544
1528490 544
1528500 544
1528510 544
1528520 544
1528530 544
1528540 544
1528550 544
1528560 544
1528570 544
1528580 544
1528590 544
1528600 545
1528610 545
1528620 545
1528630 546
1528640 546
1528650 546
1528660 546
1528670 546
1528680 547
1528690 547
1528700 547
1528710 547
1528720 548
1528730 548
1528740 548
1528750 548
1528760 548
1528770 549
1528780 549
1528790 549
1528800 550
1528810 551
1528820 551
1528830 551
1528840 552
1528850 552
1528860 553
1528870 553
1528880 553
1528890 553
1528900 553
1528910 553
1528920 553
1528930 553
1528940 553
1528950 552
1528960 552
1528970 552
1528980 552
1528990 553
1529000 553
1529010 553
1529020 553
1529030 553
1529040 553
1529050 553
1529060 553
1529070 553
1529080 552
1529090 552
1529100 553
1529110 553
1529120 553
1529130 553
1529140 554
1529150 554
1529160 554
1529170 554
1529180 554
1529190 554
1529200 555
1529210 555
1529220 555
1529230 555
1529240 555
1529250 555
1529260 555
1529270 555
1529280 555
1529290 555
1529300 555
1529310 555
1529320 555
1529330 555
1529340 555
1529350 556
1529360 556
1529370 556
1529380 556
1529390 556
1529400 556
1529410 556
1529420 556
1529430 556
1529440 556
1529450 556
1529460 556
1529470 556
1529480 556
1529490 556
1529500 556
1529510 556
1529520 555
1529530 555
1529540 555
1529550 555
1529560 555
1529570 555
1529580 554
1529590 554
1529600 554
1529610 553
1529620 553
1529630 553
1529640 552
1529650 552
1529660 551
1529670 550
1529680 550
1529690 549
1529700 547
1529710 547
1529720 546
1529730 546
1529740 546
1529750 546
1529760 545
1529770 545
1529780 544
1529790 544
1529800 544
1529810 543
1529820 542
1529830 542
1529840 541
1529850 540
1529860 540
1529870 540
1529880 540
1529890 540
1529900 540
1529910 539
1529920 539
1529930 539
1529940 538
1529950 538
1529960 537
1529970 536
1529980 536
1529990 535
1530000 534
1530010 534
1530020 534
1530030 533
1530040 533
1530050 532
1530060 531
1530070 531
1530080 531
1530090 530
1530100 530
1530110 530
1530120 530
1530130 530
1530140 530
1530150 531
1530160 531
1530170 531
1530180 531
1530190 531
1530200 532
1530210 532
1530220 532
1530230 532
1530240 532
1530250 532
1530260 533
1530270 534
1530280 534
1530290 534
1530300 534
1530310 534
1530320 535
1530330 535
1530340 535
1530350 535
1530360 534
1530370 534
1530380 535
1530390 535
1530400 535
1530410 534
1530420 534
1530430 534
1530440 533
1530450 533
1530460 533
1530470 532
1530480 532
1530490 532
1530500 531
1530510 531
1530520 531
1530530 530
1530540 528
1530550 528
1530560 527
1530570 525
1530580 525
1530590 524
1530600 524
1530610 524
1530620 523
1530630 523
1530640 523
1530650 522
1530660 521
1530670 521
1530680 521
1530690 520
1530700 520
1530710 520
1530720 519
1530730 519
1530740 519
1530750 519
1530760 519
1530770 519
1530780 519
1530790 519
1530800 519
1530810 519
1530820 519
1530830 519
1530840 519
1530850 519
1530860 519
1530870 519
1530880 520
1530890 522
1530900 522
1530910 523
1530920 524
1530930 524
1530940 525
1530950 527
1530960 527
1530970 528
1530980 530
1530990 530
1531000 532
1531010 533
1531020 533
1531030 535
1531040 536
1531050 536
1531060 538
1531070 539
1531080 539
1531090 540
1531100 541
1531110 541
1531120 543
1531130 545
1531140 545
1531150 545
1531160 546
1531170 546
1531180 547
1531190 547
1531200 547
1531210 548
1531220 549
1531230 549
1531240 549
1531250 550
1531260 550
1531270 550
1531280 551
1531290 551
1531300 551
1531310 551
1531320 551
1531330 551
1531340 551
1531350 551
1531360 550
1531370 550
1531380 550
1531390 550
1531400 549
1531410 549
1531420 548
1531430 546
1531440 546
1531450 546
1531460 545
1531470 545
1531480 545
1531490 544
1531500 544
1531510 544
1531520 544
1531530 544
1531540 544
1531550 543
1531560 543
1531570 542
1531580 542
1531590 542
1531600 541
1531610 541
1531620 541
1531630 540
1531640 540
1531650 540
1531660 539
1531670 539
1531680 539
1531690 539
1531700 538
1531710 538
1531720 538
1531730 538
1531740 538
1531750 537
1531760 537
1531770 537
1531780 537
1531790 537
1531800 537
1531810 536
1531820 536
1531830 536
1531840 535
1531850 535
1531860 535
1531870 534
1531880 533
1531890 533
1531900 532
1531910 531
1531920 531
1531930 530
1531940 530
1531950 530
1531960 529
1531970 528
1531980 528
1531990 527
1532000 526
1532010 526
1532020 525
1532030 525
1532040 525
1532050 524
1532060 524
1532070 524
1532080 524
1532090 525
1532100 525
1532110 526
1532120 527
1532130 527
1532140 528
1532150 528
1532160 528
1532170 527
1532180 527
1532190 527
1532200 526
1532210 526
1532220 526
1532230 525
1532240 524
1532250 524
1532260 524
1532270 523
1532280 523
1532290 523
1532300 523
1532310 523
1532320 523
1532330 522
1532340 522
1532350 522
1532360 521
1532370 521
1532380 521
1532390 521
1532400 520
1532410 519
1532420 519
1532430 518
1532440 517
1532450 517
1532460 516
1532470 513
1532480 513
1532490 510
1532500 508
1532510 508
1532520 506
1532530 505
1532540 505
1532550 505
1532560 506
1532570 506
1532580 506
1532590 505
1532600 505
1532610 502
1532620 501
1532630 501
1532640 500
1532650 500
1532660 500
1532670 502
1532680 504
1532690 504
1532700 507
1532710 510
1532720 510
1532730 511
1532740 513
1532750 513
1532760 515
1532770 517
1532780 517
1532790 519
1532800 520
1532810 520
1532820 521
1532830 522
1532840 522
1532850 523
1532860 523
1532870 523
1532880 524
1532890 524
1532900 524
1532910 524
1532920 524
1532930 524
1532940 524
1532950 524
1532960 524
1532970 524
1532980 524
1532990 524
1533000 524
1533010 523
1533020 523
1533030 523
1533040 523
1533050 523
1533060 523
1533070 523
1533080 523
1533090 523
1533100 523
1533110 523
1533120 523
1533130 523
1533140 523
1533150 523
1533160 523
1533170 523
1533180 522
1533190 522
1533200 522
1533210 522
1533220 521
1533230 521
1533240 521
1533250 520
1533260 520
1533270 519
1533280 519
1533290 519
1533300 518
1533310 516
1533320 516
1533330 515
1533340 513
1533350 513
1533360 512
1533370 510
1533380 510
1533390 508
1533400 506
1533410 506
1533420 504
1533430 503
1533440 503
1533450 503
1533460 503
1533470 503
1533480 504
1533490 505
1533500 505
1533510 506
1533520 506
1533530 506
1533540 506
1533550 506
1533560 506
1533570 506
1533580 505
1533590 505
1533600 505
1533610 504
1533620 504
1533630 502
1533640 498
1533650 498
1533660 494
1533670 489
1533680 489
1533690 484
1533700 480
1533710 480
1533720 475
1533730 470
1533740 470
1533750 468
1533760 469
1533770 469
1533780 471
1533790 474
1533800 474
1533810 478
1533820 482
1533830 482
1533840 488
1533850 499
1533860 499
1533870 503
1533880 506
1533890 506
1533900 507
1533910 507
1533920 508
1533930 509
1533940 509
1533950 509
1533960 509
1533970 509
1533980 508
1533990 507
1534000 507
1534010 505
1534020 504
1534030 504
1534040 503
1534050 505
1534060 505
1534070 508
1534080 510
1534090 510
1534100 512
1534110 514
1534120 514
1534130 516
1534140 517
1534150 517
1534160 519
1534170 520
1534180 520
1534190 521
1534200 522
1534210 522
1534220 524
1534230 525
1534240 525
1534250 527
1534260 528
1534270 528
1534280 529
1534290 531
1534300 531
1534310 532
1534320 533
1534330 533
1534340 535
1534350 536
1534360 536
1534370 538
1534380 539
1534390 539
1534400 541
1534410 543
1534420 543
1534430 545
1534440 546
1534450 546
1534460 548
1534470 550
1534480 550
1534490 552
1534500 554
1534510 554
1534520 555
1534530 557
1534540 557
1534550 559
1534560 560
1534570 560
1534580 562
1534590 563
1534600 563
1534610 564
1534620 565
1534630 565
1534640 566
1534650 568
1534660 568
1534670 569
1534680 569
1534690 569
1534700 570
1534710 571
1534720 571
1534730 572
1534740 573
1534750 573
1534760 573
1534770 574
1534780 574
1534790 575
1534800 576
1534810 576
1534820 576
1534830 577
1534840 577
1534850 577
1534860 578
1534870 578
1534880 578
1534890 579
1534900 579
1534910 579
1534920 580
1534930 580
1534940 580
1534950 581
1534960 581
1534970 581
1534980 581
1534990 581
1535000 581
1535010 581
1535020 581
1535030 581
1535040 581
1535050 581
1535060 581
1535070 581
1535080 581
1535090 581
1535100 581
1535110 581
1535120 581
1535130 581
1535140 581
1535150 580
1535160 580
1535170 580
1535180 580
1535190 580
1535200 580
1535210 580
1535220 579
1535230 579
1535240 579
1535250 579
1535260 579
1535270 579
1535280 579
1535290 579
1535300 579
1535310 579
1535320 579
1535330 579
1535340 579
1535350 579
1535360 579
1535370 579
1535380 579
1535390 579
1535400 579
1535410 579
1535420 580
1535430 580
1535440 579
1535450 579
1535460 579
1535470 579
1535480 578
1535490 578
1535500 578
1535510 578
1535520 578
1535530 578
1535540 578
1535550 578
1535560 578
1535570 578
1535580 578
1535590 578
1535600 578
1535610 578
1535620 578
1535630 577
1535640 577
1535650 577
1535660 577
1535670 577
1535680 577
1535690 576
1535700 576
1535710 576
1535720 575
1535730 575
1535740 575
1535750 575
1535760 575
1535770 574
1535780 574
1535790 574
1535800 574
1535810 573
1535820 573
1535830 573
1535840 572
1535850 572
1535860 570
1535870 568
1535880 568
1535890 564
1535900 563
1535910 563
1535920 562
1535930 563
1535940 563
1535950 564
1535960 566
1535970 566
1535980 568
1535990 569
1536000 569
1536010 571
1536020 571
1536030 571
1536040 572
1536050 573
1536060 573
1536070 573
1536080 574
1536090 574
1536100 574
1536110 575
1536120 575
1536130 575
1536140 575
1536150 575
1536160 575
1536170 575
1536180 575
1536190 575
1536200 575
1536210 575
1536220 575
1536230 575
1536240 575
1536250 575
1536260 575
1536270 575
1536280 574
1536290 574
1536300 574
1536310 573
1536320 573
1536330 573
1536340 573
1536350 572
1536360 572
1536370 571
1536380 569
1536390 569
1536400 569
1536410 570
1536420 570
1536430 571
1536440 572
1536450 572
1536460 573
1536470 575
1536480 575
1536490 576
1536500 577
1536510 577
1536520 578
1536530 579
1536540 579
1536550 580
1536560 580
1536570 580
1536580 581
1536590 582
1536600 582
1536610 583
1536620 583
1536630 583
1536640 584
1536650 584
1536660 584
1536670 584
1536680 584
1536690 584
1536700 584
1536710 584
1536720 584
1536730 584
1536740 584
1536750 584
1536760 584
1536770 584
1536780 584
1536790 585
1536800 585
1536810 585
1536820 585
1536830 585
1536840 585
1536850 585
1536860 585
1536870 585
1536880 585
1536890 586
1536900 586
1536910 586
1536920 586
1536930 586
1536940 587
1536950 587
1536960 587
1536970 587
1536980 587
1536990 587
1537000 587
1537010 587
1537020 587
1537030 587
1537040 587
1537050 587
1537060 587
1537070 587
1537080 586
1537090 586
1537100 586
1537110 585
1537120 585
1537130 585
1537140 585
1537150 584
1537160 584
1537170 584
1537180 583
1537190 583
1537200 583
1537210 582
1537220 582
1537230 581
1537240 580
1537250 580
1537260 579
1537270 578
1537280 578
1537290 577
1537300 577
1537310 577
1537320 577
1537330 579
1537340 579
1537350 580
1537360 581
1537370 581
1537380 581
1537390 582
1537400 582
1537410 583
1537420 583
1537430 583
1537440 584
1537450 584
1537460 584
1537470 585
1537480 585
1537490 585
1537500 586
1537510 587
1537520 587
1537530 588
1537540 589
1537550 589
1537560 590
1537570 590
1537580 590
1537590 591
1537600 592
1537610 592
1537620 594
1537630 596
1537640 596
1537650 597
1537660 597
1537670 597
1537680 597
1537690 596
1537700 596
1537710 596
1537720 596
1537730 596
1537740 596
1537750 596
1537760 596
1537770 595
1537780 595
1537790 595
1537800 594
1537810 592
1537820 592
1537830 591
1537840 590
1537850 590
1537860 589
1537870 589
1537880 589
1537890 589
1537900 589
1537910 589
1537920 590
1537930 590
1537940 590
1537950 590
1537960 590
1537970 590
1537980 590
1537990 590
1538000 590
1538010 590
1538020 590
1538030 590
1538040 590
1538050 590
1538060 590
1538070 591
1538080 592
1538090 592
1538100 592
1538110 593
1538120 593
1538130 592
1538140 592
1538150 592
1538160 590
1538170 589
1538180 589
1538190 588
1538200 586
1538210 586
1538220 583
1538230 581
1538240 581
1538250 578
1538260 576
1538270 576
1538280 574
1538290 572
1538300 572
1538310 570
1538320 567
1538330 567
1538340 565
1538350 562
1538360 562
1538370 560
1538380 557
1538390 557
1538400 555
1538410 555
1538420 552
1538430 549
1538440 549
1538450 547
1538460 544
1538470 544
1538480 541
1538490 538
1538500 538
1538510 535
1538520 532
1538530 532
1538540 528
1538550 526
1538560 526
1538570 523
1538580 519
1538590 519
1538600 516
1538610 513
1538620 513
1538630 509
1538640 505
1538650 505
1538660 500
1538670 495
1538680 495
1538690 491
1538700 486
1538710 486
1538720 482
1538730 478
1538740 478
1538750 474
1538760 470
1538770 470
1538780 467
1538790 464
1538800 464
1538810 461
1538820 459
1538830 459
1538840 457
1538850 455
1538860 455
1538870 453
1538880 446
1538890 446
1538900 445
1538910 444
1538920 444
1538930 441
1538940 436
1538950 436
1538960 432
1538970 426
1538980 426
1538990 420
1539000 415
1539010 415
1539020 410
1539030 406
1539040 406
1539050 402
1539060 397
1539070 397
1539080 393
1539090 389
1539100 389
1539110 385
1539120 382
1539130 382
1539140 379
1539150 376
1539160 376
1539170 374
1539180 371
1539190 371
1539200 368
1539210 366
1539220 366
1539230 363
1539240 361
1539250 361
1539260 358
1539270 356
1539280 356
1539290 353
1539300 351
1539310 351
1539320 349
1539330 346
1539340 346
1539350 344
1539360 342
1539370 342
1539380 340
1539390 338
1539400 338
1539410 336
1539420 334
1539430 334
1539440 331
1539450 328
1539460 328
1539470 326
1539480 323
1539490 323
1539500 321
1539510 320
1539520 320
1539530 317
1539540 315
1539550 315
1539560 312
1539570 309
1539580 309
1539590 306
1539600 302
1539610 302
1539620 296
1539630 290
1539640 290
1539650 286
1539660 282
1539670 282
1539680 281
1539690 280
1539700 280
1539710 280
1539720 280
1539730 280
1539740 280
1539750 280
1539760 280
1539770 280
1539780 280
1539790 280
1539800 280
1539810 280
1539820 280
1539830 280
1539840 280
1539850 280
1539860 280
1539870 280
1539880 280
1539890 280
1539900 280
1539910 280
1539920 280
1539930 280
1539940 280
1539950 280
1539960 280
1539970 280
1539980 280
1539990 280
