1520000 555
1520010 556
1520020 556
1520030 558
1520040 561
1520050 561
1520060 563
1520070 564
1520080 564
1520090 565
1520100 566
1520110 566
1520120 567
1520130 567
1520140 567
1520150 567
1520160 567
1520170 567
1520180 568
1520190 568
1520200 568
1520210 569
1520220 569
1520230 569
1520240 569
1520250 569
1520260 569
1520270 569
1520280 570
1520290 570
1520300 570
1520310 570
1520320 570
1520330 570
1520340 571
1520350 571
1520360 571
1520370 572
1520380 572
1520390 573
1520400 573
1520410 573
1520420 574
1520430 574
1520440 574
1520450 575
1520460 575
1520470 576
1520480 576
1520490 576
1520500 576
1520510 577
1520520 577
1520530 577
1520540 577
1520550 577
1520560 578
1520570 578
1520580 578
1520590 578
1520600 578
1520610 578
1520620 578
1520630 578
1520640 578
1520650 578
1520660 578
1520670 578
1520680 578
1520690 579
1520700 579
1520710 579
1520720 579
1520730 579
1520740 579
1520750 580
1520760 580
1520770 580
1520780 580
1520790 580
1520800 581
1520810 581
1520820 581
1520830 581
1520840 581
1520850 581
1520860 581
1520870 581
1520880 581
1520890 580
1520900 580
1520910 580
1520920 580
1520930 580
1520940 580
1520950 580
1520960 580
1520970 580
1520980 580
1520990 581
1521000 581
1521010 581
1521020 582
1521030 582
1521040 582
1521050 583
1521060 583
1521070 584
1521080 585
1521090 585
1521100 586
1521110 588
1521120 588
1521130 589
1521140 591
1521150 591
1521160 592
1521170 593
1521180 593
1521190 595
1521200 596
1521210 596
1521220 598
1521230 599
1521240 599
1521250 600
1521260 601
1521270 601
1521280 602
1521290 602
1521300 602
1521310 603
1521320 604
1521330 604
1521340 604
1521350 605
1521360 605
1521370 605
1521380 606
1521390 606
1521400 607
1521410 607
1521420 607
1521430 608
1521440 609
1521450 609
1521460 610
1521470 610
1521480 610
1521490 611
1521500 611
1521510 611
1521520 612
1521530 613
1521540 613
1521550 614
1521560 614
1521570 614
1521580 615
1521590 615
1521600 615
1521610 615
1521620 616
1521630 616
1521640 616
1521650 617
1521660 617
1521670 617
1521680 618
1521690 618
1521700 618
1521710 619
1521720 619
1521730 619
1521740 619
1521750 619
1521760 620
1521770 620
1521780 620
1521790 620
1521800 620
1521810 620
1521820 620
1521830 621
1521840 621
1521850 621
1521860 621
1521870 621
1521880 620
1521890 620
1521900 620
1521910 620
1521920 620
1521930 619
1521940 618
1521950 618
1521960 618
1521970 617
1521980 617
1521990 616
1522000 616
1522010 616
1522020 615
1522030 614
1522040 614
1522050 613
1522060 611
1522070 611
1522080 610
1522090 609
1522100 609
1522110 608
1522120 607
1522130 607
1522140 606
1522150 604
1522160 604
1522170 603
1522180 602
1522190 602
1522200 601
1522210 600
1522220 600
1522230 599
1522240 598
1522250 598
1522260 598
1522270 597
1522280 597
1522290 596
1522300 595
1522310 595
1522320 594
1522330 594
1522340 594
1522350 593
1522360 593
1522370 593
1522380 593
1522390 593
1522400 593
1522410 593
1522420 593
1522430 593
1522440 594
1522450 596
1522460 596
1522470 597
1522480 598
1522490 598
1522500 599
1522510 600
1522520 600
1522530 600
1522540 601
1522550 601
1522560 602
1522570 603
1522580 603
1522590 603
1522600 604
1522610 604
1522620 604
1522630 605
1522640 605
1522650 606
1522660 606
1522670 606
1522680 607
1522690 607
1522700 607
1522710 607
1522720 608
1522730 608
1522740 608
1522750 608
1522760 608
1522770 608
1522780 608
1522790 608
1522800 608
1522810 608
1522820 608
1522830 609
1522840 609
1522850 609
1522860 609
1522870 609
1522880 609
1522890 610
1522900 610
1522910 610
1522920 611
1522930 612
1522940 612
1522950 613
1522960 613
1522970 613
1522980 613
1522990 613
1523000 613
1523010 613
1523020 613
1523030 613
1523040 613
1523050 613
1523060 613
1523070 613
1523080 613
1523090 613
1523100 613
1523110 613
1523120 613
1523130 612
1523140 611
1523150 611
1523160 610
1523170 609
1523180 609
1523190 608
1523200 607
1523210 607
1523220 605
1523230 604
1523240 604
1523250 602
1523260 601
1523270 601
1523280 601
1523290 601
1523300 601
1523310 601
1523320 601
1523330 601
1523340 600
1523350 600
1523360 600
1523370 600
1523380 600
1523390 600
1523400 600
1523410 600
1523420 599
1523430 599
1523440 599
1523450 598
1523460 597
1523470 597
1523480 597
1523490 597
1523500 597
1523510 596
1523520 596
1523530 596
1523540 596
1523550 596
1523560 596
1523570 596
1523580 597
1523590 597
1523600 597
1523610 598
1523620 598
1523630 599
1523640 600
1523650 600
1523660 601
1523670 602
1523680 602
1523690 603
1523700 604
1523710 604
1523720 605
1523730 607
1523740 607
1523750 608
1523760 609
1523770 609
1523780 610
1523790 612
1523800 612
1523810 611
1523820 611
1523830 611
1523840 611
1523850 613
1523860 613
1523870 615
1523880 616
1523890 616
1523900 617
1523910 618
1523920 618
1523930 619
1523940 619
1523950 619
1523960 619
1523970 619
1523980 619
1523990 619
1524000 619
1524010 619
1524020 619
1524030 619
1524040 619
1524050 619
1524060 619
1524070 619
1524080 619
1524090 619
1524100 619
1524110 619
1524120 619
1524130 619
1524140 619
1524150 619
1524160 619
1524170 620
1524180 620
1524190 620
1524200 621
1524210 622
1524220 622
1524230 622
1524240 623
1524250 623
1524260 623
1524270 623
1524280 623
1524290 622
1524300 622
1524310 622
1524320 622
1524330 621
1524340 621
1524350 621
1524360 621
1524370 621
1524380 621
1524390 621
1524400 621
1524410 621
1524420 620
1524430 620
1524440 620
1524450 621
1524460 621
1524470 621
1524480 623
1524490 623
1524500 624
1524510 625
1524520 625
1524530 626
1524540 627
1524550 627
1524560 628
1524570 629
1524580 629
1524590 630
1524600 631
1524610 631
1524620 633
1524630 634
1524640 634
1524650 635
1524660 636
1524670 636
1524680 638
1524690 639
1524700 639
1524710 640
1524720 641
1524730 641
1524740 642
1524750 643
1524760 643
1524770 644
1524780 644
1524790 645
1524800 645
1524810 645
1524820 645
1524830 644
1524840 644
1524850 644
1524860 642
1524870 642
1524880 640
1524890 638
1524900 638
1524910 636
1524920 633
1524930 633
1524940 631
1524950 629
1524960 629
1524970 627
1524980 623
1524990 623
1525000 619
1525010 616
1525020 616
1525030 615
1525040 614
1525050 614
1525060 613
1525070 613
1525080 613
1525090 613
1525100 613
1525110 613
1525120 613
1525130 613
1525140 613
1525150 612
1525160 612
1525170 612
1525180 611
1525190 611
1525200 611
1525210 611
1525220 610
1525230 610
1525240 609
1525250 609
1525260 609
1525270 608
1525280 607
1525290 607
1525300 606
1525310 605
1525320 605
1525330 604
1525340 603
1525350 603
1525360 602
1525370 601
1525380 601
1525390 600
1525400 598
1525410 598
1525420 597
1525430 596
1525440 596
1525450 594
1525460 592
1525470 592
1525480 591
1525490 589
1525500 589
1525510 587
1525520 583
1525530 583
1525540 580
1525550 576
1525560 576
1525570 574
1525580 572
1525590 572
1525600 571
1525610 570
1525620 570
1525630 568
1525640 566
1525650 566
1525660 565
1525670 564
1525680 564
1525690 566
1525700 568
1525710 568
1525720 570
1525730 572
1525740 572
1525750 573
1525760 574
1525770 574
1525780 574
1525790 574
1525800 574
1525810 574
1525820 574
1525830 574
1525840 573
1525850 572
1525860 572
1525870 572
1525880 572
1525890 572
1525900 571
1525910 571
1525920 571
1525930 571
1525940 570
1525950 570
1525960 570
1525970 570
1525980 570
1525990 569
1526000 569
1526010 569
1526020 569
1526030 568
1526040 568
1526050 568
1526060 568
1526070 568
1526080 567
1526090 567
1526100 567
1526110 567
1526120 567
1526130 567
1526140 567
1526150 568
1526160 568
1526170 568
1526180 568
1526190 568
1526200 568
1526210 568
1526220 568
1526230 569
1526240 569
1526250 569
1526260 569
1526270 569
1526280 569
1526290 569
1526300 569
1526310 569
1526320 569
1526330 569
1526340 569
1526350 569
1526360 569
1526370 568
1526380 568
1526390 568
1526400 567
1526410 567
1526420 567
1526430 566
1526440 565
1526450 565
1526460 563
1526470 562
1526480 562
1526490 561
1526500 561
1526510 561
1526520 560
1526530 559
1526540 559
1526550 558
1526560 558
1526570 558
1526580 558
1526590 557
1526600 557
1526610 557
1526620 557
1526630 557
1526640 557
1526650 557
1526660 557
1526670 557
1526680 557
1526690 557
1526700 558
1526710 558
1526720 558
1526730 558
1526740 558
1526750 558
1526760 558
1526770 558
1526780 558
1526790 558
1526800 558
1526810 558
1526820 558
1526830 557
1526840 557
1526850 558
1526860 557
1526870 557
1526880 557
1526890 557
1526900 557
1526910 557
1526920 557
1526930 557
1526940 557
1526950 557
1526960 557
1526970 556
1526980 556
1526990 556
1527000 556
1527010 555
1527020 555
1527030 555
1527040 554
1527050 554
1527060 553
1527070 553
1527080 553
1527090 552
1527100 551
1527110 551
1527120 549
1527130 548
1527140 548
1527150 548
1527160 548
1527170 548
1527180 548
1527190 548
1527200 548
1527210 549
1527220 549
1527230 549
1527240 549
1527250 548
1527260 548
1527270 548
1527280 547
1527290 547
1527300 546
1527310 544
1527320 544
1527330 543
1527340 542
1527350 542
1527360 541
1527370 541
1527380 541
1527390 540
1527400 540
1527410 540
1527420 539
1527430 539
1527440 539
1527450 539
1527460 539
1527470 539
1527480 538
1527490 538
1527500 538
1527510 538
1527520 538
1527530 538
1527540 537
1527550 537
1527560 537
1527570 537
1527580 537
1527590 537
1527600 537
1527610 537
1527620 537
1527630 537
1527640 537
1527650 537
1527660 537
1527670 537
1527680 537
1527690 537
1527700 537
1527710 537
1527720 537
1527730 537
1527740 537
1527750 537
1527760 537
1527770 536
1527780 536
1527790 536
1527800 535
1527810 535
1527820 535
1527830 535
1527840 535
1527850 535
1527860 535
1527870 535
1527880 535
1527890 535
1527900 535
1527910 535
1527920 535
1527930 535
1527940 535
1527950 535
1527960 534
1527970 534
1527980 534
1527990 534
1528000 534
1528010 534
1528020 534
1528030 534
1528040 534
1528050 534
1528060 534
1528070 534
1528080 534
1528090 534
1528100 534
1528110 534
1528120 534
1528130 534
1528140 533
1528150 533
1528160 533
1528170 533
1528180 533
1528190 533
1528200 533
1528210 533
1528220 533
1528230 533
1528240 533
1528250 532
1528260 532
1528270 532
1528280 532
1528290 532
1528300 532
1528310 532
1528320 532
1528330 532
1528340 532
1528350 532
1528360 532
1528370 533
1528380 533
1528390 533
1528400 533
1528410 533
1528420 533
1528430 533
1528440 533
1528450 533
1528460 534
1528470 534
1528480 534
1528490 534
1528500 534
1528510 534
1528520 535
1528530 535
1528540 535
1528550 536
1528560 536
1528570 536
1528580 536
1528590 537
1528600 537
1528610 537
1528620 537
1528630 537
1528640 538
1528650 539
1528660 539
1528670 539
1528680 540
1528690 540
1528700 541
1528710 542
1528720 542
1528730 543
1528740 543
1528750 543
1528760 544
1528770 544
1528780 544
1528790 545
1528800 545
1528810 545
1528820 545
1528830 546
1528840 546
1528850 546
1528860 546
1528870 546
1528880 546
1528890 546
1528900 546
1528910 545
1528920 545
1528930 545
1528940 546
1528950 547
1528960 547
1528970 547
1528980 547
1528990 547
1529000 548
1529010 548
1529020 548
1529030 549
1529040 549
1529050 549
1529060 550
1529070 550
1529080 550
1529090 550
1529100 550
1529110 550
1529120 550
1529130 550
1529140 550
1529150 550
1529160 550
1529170 550
1529180 549
1529190 549
1529200 548
1529210 547
1529220 547
1529230 546
1529240 545
1529250 545
1529260 545
1529270 544
1529280 544
1529290 543
1529300 542
1529310 542
1529320 541
1529330 540
1529340 540
1529350 540
1529360 539
1529370 539
1529380 539
1529390 539
1529400 539
1529410 539
1529420 539
1529430 539
1529440 539
1529450 540
1529460 540
1529470 540
1529480 540
1529490 540
1529500 540
1529510 539
1529520 539
1529530 538
1529540 537
1529550 537
1529560 536
1529570 535
1529580 535
1529590 534
1529600 533
1529610 533
1529620 533
1529630 533
1529640 533
1529650 534
1529660 535
1529670 535
1529680 537
1529690 539
1529700 539
1529710 540
1529720 541
1529730 541
1529740 541
1529750 542
1529760 542
1529770 542
1529780 543
1529790 543
1529800 544
1529810 544
1529820 544
1529830 544
1529840 544
1529850 544
1529860 544
1529870 544
1529880 544
1529890 544
1529900 544
1529910 544
1529920 543
1529930 543
1529940 543
1529950 543
1529960 542
1529970 542
1529980 542
1529990 541
1530000 541
1530010 539
1530020 537
1530030 537
1530040 534
1530050 533
1530060 533
1530070 532
1530080 532
1530090 532
1530100 533
1530110 533
1530120 533
1530130 534
1530140 536
1530150 536
1530160 537
1530170 538
1530180 538
1530190 538
1530200 539
1530210 539
1530220 540
1530230 541
1530240 541
1530250 541
1530260 542
1530270 542
1530280 542
1530290 542
1530300 542
1530310 543
1530320 543
1530330 543
1530340 543
1530350 542
1530360 542
1530370 542
1530380 541
1530390 541
1530400 541
1530410 542
1530420 542
1530430 542
1530440 541
1530450 541
1530460 541
1530470 541
1530480 541
1530490 541
1530500 541
1530510 541
1530520 541
1530530 541
1530540 541
1530550 541
1530560 541
1530570 541
1530580 541
1530590 541
1530600 540
1530610 539
1530620 539
1530630 538
1530640 536
1530650 536
1530660 534
1530670 532
1530680 532
1530690 531
1530700 530
1530710 530
1530720 530
1530730 530
1530740 530
1530750 530
1530760 530
1530770 530
1530780 531
1530790 531
1530800 531
1530810 530
1530820 530
1530830 530
1530840 530
1530850 530
1530860 530
1530870 530
1530880 530
1530890 530
1530900 529
1530910 530
1530920 530
1530930 530
1530940 529
1530950 529
1530960 529
1530970 529
1530980 529
1530990 529
1531000 529
1531010 529
1531020 529
1531030 528
1531040 528
1531050 528
1531060 527
1531070 527
1531080 526
1531090 525
1531100 525
1531110 524
1531120 523
1531130 523
1531140 522
1531150 520
1531160 520
1531170 517
1531180 515
1531190 515
1531200 514
1531210 513
1531220 513
1531230 513
1531240 512
1531250 512
1531260 512
1531270 512
1531280 512
1531290 511
1531300 512
1531310 512
1531320 512
1531330 514
1531340 514
1531350 516
1531360 518
1531370 518
1531380 520
1531390 521
1531400 521
1531410 522
1531420 522
1531430 522
1531440 523
1531450 524
1531460 524
1531470 524
1531480 525
1531490 525
1531500 525
1531510 525
1531520 525
1531530 526
1531540 526
1531550 526
1531560 526
1531570 527
1531580 527
1531590 527
1531600 528
1531610 528
1531620 528
1531630 529
1531640 529
1531650 530
1531660 530
1531670 530
1531680 530
1531690 530
1531700 530
1531710 531
1531720 530
1531730 530
1531740 531
1531750 532
1531760 532
1531770 532
1531780 533
1531790 533
1531800 533
1531810 533
1531820 533
1531830 534
1531840 534
1531850 534
1531860 534
1531870 534
1531880 534
1531890 535
1531900 535
1531910 535
1531920 535
1531930 536
1531940 536
1531950 536
1531960 536
1531970 536
1531980 536
1531990 536
1532000 536
1532010 535
1532020 535
1532030 535
1532040 535
1532050 535
1532060 534
1532070 534
1532080 534
1532090 534
1532100 534
1532110 534
1532120 533
1532130 533
1532140 533
1532150 532
1532160 531
1532170 531
1532180 530
1532190 529
1532200 529
1532210 528
1532220 527
1532230 527
1532240 526
1532250 525
1532260 525
1532270 524
1532280 523
1532290 523
1532300 522
1532310 521
1532320 521
1532330 520
1532340 520
1532350 520
1532360 519
1532370 517
1532380 517
1532390 516
1532400 515
1532410 515
1532420 515
1532430 514
1532440 514
1532450 514
1532460 513
1532470 513
1532480 513
1532490 513
1532500 513
1532510 512
1532520 512
1532530 512
1532540 512
1532550 512
1532560 512
1532570 512
1532580 511
1532590 511
1532600 510
1532610 508
1532620 508
1532630 505
1532640 503
1532650 503
1532660 503
1532670 504
1532680 504
1532690 506
1532700 507
1532710 507
1532720 509
1532730 511
1532740 511
1532750 513
1532760 514
1532770 514
1532780 516
1532790 517
1532800 517
1532810 518
1532820 518
1532830 518
1532840 517
1532850 516
1532860 516
1532870 516
1532880 515
1532890 515
1532900 514
1532910 512
1532920 512
1532930 510
1532940 507
1532950 507
1532960 503
1532970 498
1532980 498
1532990 492
1533000 486
1533010 486
1533020 479
1533030 473
1533040 473
1533050 468
1533060 462
1533070 462
1533080 456
1533090 450
1533100 450
1533110 445
1533120 442
1533130 442
1533140 439
1533150 436
1533160 436
1533170 432
1533180 427
1533190 427
1533200 424
1533210 423
1533220 423
1533230 423
1533240 426
1533250 426
1533260 430
1533270 435
1533280 435
1533290 441
1533300 447
1533310 447
1533320 452
1533330 463
1533340 463
1533350 469
1533360 478
1533370 478
1533380 482
1533390 484
1533400 484
1533410 486
1533420 487
1533430 487
1533440 493
1533450 500
1533460 500
1533470 506
1533480 512
1533490 512
1533500 517
1533510 517
1533520 521
1533530 524
1533540 524
1533550 526
1533560 528
1533570 528
1533580 529
1533590 530
1533600 530
1533610 531
1533620 531
1533630 531
1533640 531
1533650 531
1533660 531
1533670 532
1533680 532
1533690 532
1533700 533
1533710 534
1533720 534
1533730 536
1533740 537
1533750 537
1533760 538
1533770 540
1533780 540
1533790 542
1533800 544
1533810 544
1533820 545
1533830 546
1533840 546
1533850 548
1533860 551
1533870 551
1533880 552
1533890 554
1533900 554
1533910 555
1533920 557
1533930 557
1533940 558
1533950 560
1533960 560
1533970 561
1533980 563
1533990 563
1534000 564
1534010 565
1534020 565
1534030 567
1534040 568
1534050 568
1534060 569
1534070 571
1534080 571
1534090 572
1534100 573
1534110 573
1534120 575
1534130 576
1534140 576
1534150 577
1534160 579
1534170 579
1534180 580
1534190 581
1534200 581
1534210 582
1534220 583
1534230 583
1534240 584
1534250 584
1534260 584
1534270 584
1534280 585
1534290 585
1534300 585
1534310 584
1534320 584
1534330 584
1534340 585
1534350 585
1534360 585
1534370 586
1534380 586
1534390 586
1534400 587
1534410 587
1534420 587
1534430 587
1534440 587
1534450 587
1534460 586
1534470 586
1534480 586
1534490 585
1534500 585
1534510 585
1534520 584
1534530 584
1534540 583
1534550 583
1534560 583
1534570 582
1534580 580
1534590 580
1534600 579
1534610 578
1534620 578
1534630 577
1534640 576
1534650 576
1534660 576
1534670 576
1534680 576
1534690 577
1534700 577
1534710 577
1534720 578
1534730 579
1534740 579
1534750 580
1534760 581
1534770 581
1534780 582
1534790 582
1534800 582
1534810 583
1534820 584
1534830 584
1534840 585
1534850 586
1534860 586
1534870 586
1534880 587
1534890 587
1534900 588
1534910 588
1534920 588
1534930 588
1534940 589
1534950 589
1534960 589
1534970 589
1534980 589
1534990 588
1535000 588
1535010 588
1535020 588
1535030 588
1535040 588
1535050 588
1535060 588
1535070 587
1535080 587
1535090 587
1535100 587
1535110 586
1535120 586
1535130 585
1535140 585
1535150 585
1535160 584
1535170 583
1535180 583
1535190 583
1535200 582
1535210 582
1535220 582
1535230 581
1535240 581
1535250 580
1535260 580
1535270 580
1535280 579
1535290 579
1535300 579
1535310 578
1535320 578
1535330 578
1535340 577
1535350 576
1535360 576
1535370 575
1535380 573
1535390 573
1535400 572
1535410 571
1535420 571
1535430 569
1535440 568
1535450 568
1535460 565
1535470 563
1535480 563
1535490 561
1535500 560
1535510 560
1535520 559
1535530 558
1535540 558
1535550 558
1535560 558
1535570 558
1535580 558
1535590 560
1535600 560
1535610 561
1535620 563
1535630 563
1535640 564
1535650 564
1535660 564
1535670 565
1535680 566
1535690 566
1535700 567
1535710 568
1535720 568
1535730 568
1535740 569
1535750 569
1535760 571
1535770 572
1535780 572
1535790 573
1535800 574
1535810 574
1535820 575
1535830 576
1535840 576
1535850 577
1535860 579
1535870 579
1535880 580
1535890 581
1535900 581
1535910 583
1535920 584
1535930 585
1535940 586
1535950 587
1535960 587
1535970 588
1535980 590
1535990 590
1536000 591
1536010 592
1536020 592
1536030 592
1536040 593
1536050 593
1536060 594
1536070 594
1536080 594
1536090 595
1536100 596
1536110 596
1536120 596
1536130 597
1536140 597
1536150 597
1536160 598
1536170 598
1536180 598
1536190 599
1536200 599
1536210 599
1536220 600
1536230 600
1536240 600
1536250 600
1536260 600
1536270 600
1536280 600
1536290 600
1536300 600
1536310 599
1536320 599
1536330 599
1536340 598
1536350 598
1536360 598
1536370 598
1536380 598
1536390 598
1536400 598
1536410 598
1536420 598
1536430 598
1536440 597
1536450 597
1536460 597
1536470 596
1536480 596
1536490 596
1536500 594
1536510 593
1536520 593
1536530 591
1536540 589
1536550 589
1536560 587
1536570 586
1536580 586
1536590 586
1536600 586
1536610 586
1536620 586
1536630 586
1536640 586
1536650 586
1536660 585
1536670 585
1536680 585
1536690 584
1536700 584
1536710 583
1536720 582
1536730 582
1536740 581
1536750 579
1536760 579
1536770 579
1536780 578
1536790 578
1536800 577
1536810 576
1536820 576
1536830 574
1536840 573
1536850 573
1536860 571
1536870 568
1536880 568
1536890 564
1536900 560
1536910 560
1536920 554
1536930 553
1536940 553
1536950 553
1536960 552
1536970 552
1536980 550
1536990 549
1537000 549
1537010 547
1537020 545
1537030 545
1537040 543
1537050 541
1537060 541
1537070 539
1537080 537
1537090 537
1537100 536
1537110 534
1537120 534
1537130 533
1537140 531
1537150 531
1537160 529
1537170 527
1537180 527
1537190 524
1537200 521
1537210 521
1537220 517
1537230 512
1537240 512
1537250 507
1537260 502
1537270 502
1537280 497
1537290 491
1537300 491
1537310 485
1537320 481
1537330 481
1537340 481
1537350 481
1537360 481
1537370 481
1537380 479
1537390 479
1537400 478
1537410 477
1537420 477
1537430 476
1537440 476
1537450 476
1537460 476
1537470 477
1537480 477
1537490 478
1537500 480
1537510 480
1537520 483
1537530 485
1537540 485
1537550 486
1537560 486
1537570 486
1537580 485
1537590 482
1537600 482
1537610 478
1537620 475
1537630 475
1537640 472
1537650 469
1537660 469
1537670 467
1537680 466
1537690 466
1537700 465
1537710 465
1537720 465
1537730 465
1537740 465
1537750 465
1537760 466
1537770 467
1537780 467
1537790 466
1537800 464
1537810 464
1537820 461
1537830 457
1537840 457
1537850 453
1537860 453
1537870 448
1537880 442
1537890 442
1537900 438
1537910 434
1537920 434
1537930 430
1537940 425
1537950 425
1537960 421
1537970 417
1537980 417
1537990 413
1538000 410
1538010 410
1538020 407
1538030 404
1538040 404
1538050 401
1538060 399
1538070 399
1538080 396
1538090 393
1538100 393
1538110 390
1538120 387
1538130 387
1538140 384
1538150 381
1538160 381
1538170 379
1538180 377
1538190 377
1538200 374
1538210 371
1538220 371
1538230 368
1538240 365
1538250 365
1538260 363
1538270 360
1538280 360
1538290 357
1538300 352
1538310 352
1538320 350
1538330 348
1538340 348
1538350 344
1538360 341
1538370 341
1538380 338
1538390 334
1538400 334
1538410 330
1538420 326
1538430 326
1538440 322
1538450 317
1538460 317
1538470 315
1538480 315
1538490 315
1538500 315
1538510 313
1538520 313
1538530 310
1538540 305
1538550 305
1538560 304
1538570 303
1538580 303
1538590 302
1538600 300
1538610 300
1538620 294
1538630 287
1538640 287
1538650 282
1538660 281
1538670 281
1538680 280
1538690 280
1538700 280
1538710 280
1538720 280
1538730 280
1538740 280
1538750 280
1538760 280
1538770 280
1538780 280
1538790 280
1538800 280
1538810 280
1538820 280
1538830 280
1538840 280
1538850 280
1538860 280
1538870 280
1538880 280
1538890 280
1538900 281
1538910 281
1538920 281
1538930 280
1538940 280
1538950 280
1538960 280
1538970 280
1538980 280
1538990 280
1539000 280
1539010 280
1539020 280
1539030 280
1539040 280
1539050 280
1539060 280
1539070 280
1539080 280
1539090 280
1539100 280
1539110 280
1539120 280
1539130 280
1539140 280
1539150 280
1539160 280
1539170 280
1539180 280
1539190 281
1539200 282
1539210 282
1539220 282
1539230 282
1539240 282
1539250 282
1539260 282
1539270 282
1539280 283
1539290 284
1539300 284
1539310 284
1539320 284
1539330 285
1539340 284
1539350 284
1539360 284
1539370 284
1539380 284
1539390 284
1539400 284
1539410 284
1539420 285
1539430 286
1539440 286
1539450 288
1539460 290
1539470 290
1539480 294
1539490 299
1539500 299
1539510 305
1539520 310
1539530 310
1539540 313
1539550 317
1539560 317
1539570 322
1539580 326
1539590 326
1539600 332
1539610 338
1539620 338
1539630 344
1539640 351
1539650 351
1539660 358
1539670 367
1539680 367
1539690 373
1539700 377
1539710 377
1539720 381
1539730 385
1539740 385
1539750 389
1539760 393
1539770 393
1539780 397
1539790 400
1539800 400
1539810 403
1539820 406
1539830 406
1539840 409
1539850 413
1539860 413
1539870 419
1539880 424
1539890 424
1539900 430
1539910 437
1539920 437
1539930 445
1539940 452
1539950 452
1539960 458
1539970 464
1539980 464
1539990 471
