1520000 601
1520010 601
1520020 601
1520030 602
1520040 602
1520050 602
1520060 603
1520070 604
1520080 604
1520090 606
1520100 608
1520110 608
1520120 610
1520130 611
1520140 611
1520150 612
1520160 613
1520170 613
1520180 614
1520190 615
1520200 615
1520210 615
1520220 616
1520230 616
1520240 617
1520250 619
1520260 619
1520270 620
1520280 622
1520290 622
1520300 626
1520310 627
1520320 627
1520330 627
1520340 628
1520350 628
1520360 629
1520370 630
1520380 630
1520390 630
1520400 631
1520410 631
1520420 631
1520430 631
1520440 631
1520450 631
1520460 631
1520470 631
1520480 632
1520490 632
1520500 632
1520510 632
1520520 633
1520530 633
1520540 633
1520550 633
1520560 633
1520570 634
1520580 636
1520590 636
1520600 637
1520610 637
1520620 637
1520630 638
1520640 639
1520650 639
1520660 640
1520670 641
1520680 641
1520690 641
1520700 642
1520710 642
1520720 643
1520730 644
1520740 644
1520750 645
1520760 646
1520770 646
1520780 647
1520790 648
1520800 648
1520810 649
1520820 650
1520830 650
1520840 651
1520850 653
1520860 653
1520870 654
1520880 655
1520890 655
1520900 656
1520910 656
1520920 657
1520930 658
1520940 658
1520950 660
1520960 661
1520970 661
1520980 662
1520990 663
1521000 663
1521010 664
1521020 665
1521030 665
1521040 666
1521050 668
1521060 668
1521070 669
1521080 670
1521090 670
1521100 671
1521110 672
1521120 672
1521130 673
1521140 675
1521150 675
1521160 676
1521170 677
1521180 677
1521190 677
1521200 677
1521210 677
1521220 676
1521230 676
1521240 676
1521250 675
1521260 674
1521270 674
1521280 672
1521290 670
1521300 670
1521310 669
1521320 668
1521330 668
1521340 668
1521350 667
1521360 667
1521370 667
1521380 666
1521390 666
1521400 666
1521410 666
1521420 666
1521430 666
1521440 666
1521450 666
1521460 666
1521470 666
1521480 666
1521490 666
1521500 666
1521510 666
1521520 666
1521530 666
1521540 666
1521550 666
1521560 666
1521570 666
1521580 666
1521590 666
1521600 666
1521610 665
1521620 665
1521630 665
1521640 665
1521650 665
1521660 665
1521670 665
1521680 665
1521690 665
1521700 665
1521710 665
1521720 665
1521730 665
1521740 665
1521750 665
1521760 665
1521770 665
1521780 665
1521790 665
1521800 666
1521810 666
1521820 666
1521830 666
1521840 666
1521850 666
1521860 667
1521870 667
1521880 667
1521890 667
1521900 667
1521910 668
1521920 668
1521930 668
1521940 668
1521950 669
1521960 669
1521970 669
1521980 669
1521990 669
1522000 669
1522010 670
1522020 670
1522030 670
1522040 670
1522050 670
1522060 670
1522070 670
1522080 670
1522090 671
1522100 671
1522110 671
1522120 671
1522130 671
1522140 671
1522150 672
1522160 672
1522170 673
1522180 673
1522190 673
1522200 674
1522210 674
1522220 674
1522230 675
1522240 676
1522250 676
1522260 677
1522270 679
1522280 679
1522290 680
1522300 681
1522310 681
1522320 682
1522330 684
1522340 684
1522350 685
1522360 686
1522370 686
1522380 686
1522390 687
1522400 687
1522410 687
1522420 687
1522430 687
1522440 686
1522450 686
1522460 686
1522470 686
1522480 685
1522490 685
1522500 684
1522510 683
1522520 683
1522530 682
1522540 681
1522550 681
1522560 679
1522570 678
1522580 678
1522590 678
1522600 678
1522610 678
1522620 677
1522630 678
1522640 678
1522650 679
1522660 680
1522670 680
1522680 680
1522690 680
1522700 680
1522710 680
1522720 681
1522730 681
1522740 681
1522750 682
1522760 682
1522770 682
1522780 683
1522790 683
1522800 683
1522810 683
1522820 683
1522830 683
1522840 684
1522850 684
1522860 684
1522870 684
1522880 684
1522890 685
1522900 685
1522910 685
1522920 686
1522930 687
1522940 687
1522950 687
1522960 688
1522970 688
1522980 688
1522990 689
1523000 689
1523010 689
1523020 690
1523030 690
1523040 690
1523050 691
1523060 691
1523070 693
1523080 693
1523090 693
1523100 694
1523110 695
1523120 695
1523130 696
1523140 697
1523150 697
1523160 698
1523170 700
1523180 700
1523190 701
1523200 703
1523210 703
1523220 704
1523230 706
1523240 706
1523250 706
1523260 707
1523270 707
1523280 708
1523290 708
1523300 709
1523310 710
1523320 710
1523330 710
1523340 711
1523350 711
1523360 712
1523370 713
1523380 713
1523390 713
1523400 714
1523410 714
1523420 715
1523430 715
1523440 715
1523450 716
1523460 717
1523470 717
1523480 718
1523490 718
1523500 718
1523510 719
1523520 719
1523530 719
1523540 720
1523550 720
1523560 720
1523570 721
1523580 722
1523590 722
1523600 722
1523610 723
1523620 723
1523630 723
1523640 724
1523650 724
1523660 724
1523670 725
1523680 725
1523690 726
1523700 726
1523710 726
1523720 726
1523730 727
1523740 727
1523750 727
1523760 728
1523770 728
1523780 728
1523790 729
1523800 729
1523810 729
1523820 728
1523830 728
1523840 726
1523850 723
1523860 723
1523870 719
1523880 717
1523890 717
1523900 714
1523910 712
1523920 712
1523930 709
1523940 707
1523950 707
1523960 704
1523970 702
1523980 702
1523990 700
1524000 698
1524010 698
1524020 697
1524030 697
1524040 697
1524050 695
1524060 692
1524070 692
1524080 691
1524090 690
1524100 690
1524110 690
1524120 689
1524130 689
1524140 688
1524150 686
1524160 686
1524170 684
1524180 683
1524190 683
1524200 682
1524210 681
1524220 681
1524230 680
1524240 679
1524250 679
1524260 678
1524270 678
1524280 678
1524290 677
1524300 677
1524310 677
1524320 677
1524330 676
1524340 676
1524350 675
1524360 675
1524370 675
1524380 674
1524390 673
1524400 673
1524410 673
1524420 673
1524430 673
1524440 672
1524450 672
1524460 672
1524470 672
1524480 672
1524490 671
1524500 671
1524510 671
1524520 671
1524530 670
1524540 670
1524550 670
1524560 669
1524570 669
1524580 668
1524590 667
1524600 667
1524610 665
1524620 663
1524630 663
1524640 662
1524650 662
1524660 662
1524670 662
1524680 661
1524690 661
1524700 661
1524710 661
1524720 661
1524730 660
1524740 658
1524750 658
1524760 657
1524770 656
1524780 656
1524790 656
1524800 655
1524810 655
1524820 655
1524830 654
1524840 654
1524850 654
1524860 654
1524870 654
1524880 654
1524890 654
1524900 654
1524910 654
1524920 654
1524930 654
1524940 654
1524950 655
1524960 655
1524970 656
1524980 656
1524990 656
1525000 656
1525010 656
1525020 656
1525030 656
1525040 655
1525050 655
1525060 654
1525070 653
1525080 653
1525090 653
1525100 652
1525110 652
1525120 651
1525130 650
1525140 650
1525150 649
1525160 647
1525170 647
1525180 646
1525190 645
1525200 645
1525210 643
1525220 642
1525230 642
1525240 640
1525250 639
1525260 639
1525270 636
1525280 634
1525290 634
1525300 632
1525310 630
1525320 630
1525330 628
1525340 627
1525350 627
1525360 626
1525370 625
1525380 625
1525390 624
1525400 623
1525410 623
1525420 623
1525430 622
1525440 622
1525450 620
1525460 620
1525470 620
1525480 620
1525490 620
1525500 620
1525510 620
1525520 620
1525530 620
1525540 620
1525550 620
1525560 620
1525570 620
1525580 620
1525590 620
1525600 621
1525610 622
1525620 622
1525630 622
1525640 623
1525650 623
1525660 624
1525670 624
1525680 625
1525690 627
1525700 627
1525710 628
1525720 629
1525730 629
1525740 630
1525750 631
1525760 631
1525770 632
1525780 633
1525790 633
1525800 634
1525810 635
1525820 635
1525830 636
1525840 637
1525850 637
1525860 638
1525870 637
1525880 637
1525890 637
1525900 636
1525910 636
1525920 635
1525930 634
1525940 634
1525950 633
1525960 632
1525970 632
1525980 631
1525990 630
1526000 630
1526010 629
1526020 628
1526030 628
1526040 627
1526050 626
1526060 626
1526070 624
1526080 622
1526090 622
1526100 621
1526110 619
1526120 619
1526130 618
1526140 617
1526150 617
1526160 616
1526170 614
1526180 614
1526190 613
1526200 611
1526210 611
1526220 609
1526230 607
1526240 607
1526250 606
1526260 605
1526270 605
1526280 604
1526290 603
1526300 603
1526310 602
1526320 601
1526330 601
1526340 600
1526350 599
1526360 599
1526370 598
1526380 597
1526390 597
1526400 595
1526410 594
1526420 594
1526430 593
1526440 592
1526450 592
1526460 592
1526470 590
1526480 590
1526490 590
1526500 591
1526510 591
1526520 592
1526530 592
1526540 592
1526550 593
1526560 593
1526570 593
1526580 593
1526590 593
1526600 593
1526610 593
1526620 593
1526630 593
1526640 593
1526650 593
1526660 593
1526670 593
1526680 593
1526690 593
1526700 593
1526710 593
1526720 593
1526730 593
1526740 592
1526750 592
1526760 592
1526770 592
1526780 592
1526790 592
1526800 592
1526810 590
1526820 590
1526830 590
1526840 590
1526850 589
1526860 589
1526870 589
1526880 589
1526890 589
1526900 588
1526910 588
1526920 588
1526930 588
1526940 588
1526950 588
1526960 588
1526970 588
1526980 588
1526990 587
1527000 587
1527010 587
1527020 586
1527030 586
1527040 586
1527050 586
1527060 586
1527070 586
1527080 585
1527090 585
1527100 585
1527110 585
1527120 585
1527130 585
1527140 585
1527150 585
1527160 585
1527170 584
1527180 584
1527190 584
1527200 584
1527210 584
1527220 584
1527230 584
1527240 584
1527250 584
1527260 584
1527270 584
1527280 584
1527290 584
1527300 584
1527310 584
1527320 584
1527330 584
1527340 584
1527350 583
1527360 582
1527370 582
1527380 581
1527390 580
1527400 580
1527410 578
1527420 577
1527430 577
1527440 575
1527450 574
1527460 574
1527470 572
1527480 571
1527490 571
1527500 569
1527510 568
1527520 568
1527530 567
1527540 566
1527550 566
1527560 565
1527570 565
1527580 565
1527590 564
1527600 564
1527610 564
1527620 563
1527630 562
1527640 562
1527650 561
1527660 561
1527670 561
1527680 560
1527690 560
1527700 560
1527710 559
1527720 559
1527730 559
1527740 559
1527750 559
1527760 559
1527770 559
1527780 559
1527790 559
1527800 559
1527810 560
1527820 560
1527830 560
1527840 561
1527850 561
1527860 562
1527870 562
1527880 562
1527890 562
1527900 562
1527910 562
1527920 562
1527930 562
1527940 562
1527950 562
1527960 562
1527970 562
1527980 563
1527990 564
1528000 564
1528010 565
1528020 565
1528030 565
1528040 566
1528050 566
1528060 566
1528070 567
1528080 567
1528090 567
1528100 568
1528110 568
1528120 568
1528130 570
1528140 570
1528150 571
1528160 572
1528170 572
1528180 573
1528190 574
1528200 574
1528210 574
1528220 575
1528230 575
1528240 576
1528250 577
1528260 577
1528270 577
1528280 577
1528290 577
1528300 576
1528310 575
1528320 575
1528330 573
1528340 572
1528350 572
1528360 572
1528370 574
1528380 574
1528390 576
1528400 579
1528410 579
1528420 582
1528430 582
1528440 582
1528450 583
1528460 582
1528470 582
1528480 581
1528490 580
1528500 580
1528510 580
1528520 579
1528530 579
1528540 578
1528550 577
1528560 577
1528570 576
1528580 574
1528590 574
1528600 573
1528610 571
1528620 571
1528630 569
1528640 566
1528650 566
1528660 563
1528670 560
1528680 560
1528690 555
1528700 551
1528710 551
1528720 547
1528730 544
1528740 544
1528750 541
1528760 538
1528770 538
1528780 534
1528790 531
1528800 531
1528810 528
1528820 524
1528830 524
1528840 521
1528850 517
1528860 517
1528870 513
1528880 508
1528890 508
1528900 503
1528910 500
1528920 500
1528930 496
1528940 492
1528950 492
1528960 488
1528970 484
1528980 484
1528990 480
1529000 475
1529010 475
1529020 471
1529030 468
1529040 468
1529050 466
1529060 464
1529070 464
1529080 461
1529090 458
1529100 458
1529110 456
1529120 454
1529130 454
1529140 453
1529150 450
1529160 450
1529170 447
1529180 445
1529190 445
1529200 443
1529210 443
1529220 441
1529230 439
1529240 439
1529250 436
1529260 433
1529270 433
1529280 429
1529290 424
1529300 424
1529310 418
1529320 412
1529330 412
1529340 406
1529350 400
1529360 400
1529370 394
1529380 388
1529390 388
1529400 381
1529410 377
1529420 377
1529430 373
1529440 368
1529450 368
1529460 363
1529470 359
1529480 359
1529490 357
1529500 355
1529510 355
1529520 352
1529530 350
1529540 350
1529550 349
1529560 347
1529570 347
1529580 344
1529590 339
1529600 339
1529610 335
1529620 331
1529630 331
1529640 328
1529650 325
1529660 325
1529670 322
1529680 320
1529690 320
1529700 317
1529710 315
1529720 315
1529730 312
1529740 311
1529750 311
1529760 310
1529770 308
1529780 308
1529790 307
1529800 301
1529810 301
1529820 298
1529830 295
1529840 295
1529850 293
1529860 292
1529870 292
1529880 289
1529890 287
1529900 287
1529910 287
1529920 287
1529930 287
1529940 287
1529950 287
1529960 287
1529970 288
1529980 289
1529990 289
1530000 289
1530010 286
1530020 286
1530030 282
1530040 281
1530050 281
1530060 281
1530070 281
1530080 281
1530090 281
1530100 281
1530110 281
1530120 281
1530130 281
1530140 281
1530150 281
1530160 281
1530170 281
1530180 281
1530190 281
1530200 281
1530210 281
1530220 281
1530230 281
1530240 281
1530250 281
1530260 281
1530270 281
1530280 281
1530290 281
1530300 281
1530310 281
1530320 281
1530330 281
1530340 281
1530350 281
1530360 281
1530370 281
1530380 281
1530390 281
1530400 281
1530410 281
1530420 281
1530430 281
1530440 281
1530450 281
1530460 281
1530470 281
1530480 281
1530490 281
1530500 281
1530510 281
1530520 281
1530530 281
1530540 282
1530550 282
1530560 285
1530570 286
1530580 286
1530590 287
1530600 287
1530610 287
1530620 287
1530630 287
1530640 287
1530650 287
1530660 286
1530670 286
1530680 286
1530690 286
1530700 286
1530710 286
1530720 287
1530730 287
1530740 287
1530750 287
1530760 287
1530770 287
1530780 289
1530790 289
1530800 292
1530810 295
1530820 295
1530830 298
1530840 302
1530850 302
1530860 306
1530870 310
1530880 310
1530890 313
1530900 313
1530910 313
1530920 312
1530930 312
1530940 312
1530950 314
1530960 318
1530970 318
1530980 320
1530990 322
1531000 322
1531010 327
1531020 331
1531030 331
1531040 335
1531050 339
1531060 339
1531070 342
1531080 346
1531090 346
1531100 351
1531110 356
1531120 356
1531130 362
1531140 369
1531150 369
1531160 374
1531170 379
1531180 379
1531190 382
1531200 385
1531210 385
1531220 389
1531230 393
1531240 393
1531250 397
1531260 402
1531270 402
1531280 406
1531290 410
1531300 410
1531310 414
1531320 418
1531330 418
1531340 422
1531350 426
1531360 426
1531370 431
1531380 437
1531390 437
1531400 443
1531410 450
1531420 450
1531430 457
1531440 464
1531450 464
1531460 472
1531470 481
1531480 481
1531490 489
1531500 496
1531510 496
1531520 501
1531530 506
1531540 506
1531550 510
1531560 514
1531570 514
1531580 518
1531590 518
1531600 521
1531610 523
1531620 523
1531630 525
1531640 526
1531650 526
1531660 527
1531670 528
1531680 528
1531690 529
1531700 531
1531710 531
1531720 531
1531730 532
1531740 532
1531750 533
1531760 534
1531770 534
1531780 534
1531790 535
1531800 535
1531810 535
1531820 536
1531830 536
1531840 537
1531850 537
1531860 537
1531870 538
1531880 538
1531890 538
1531900 539
1531910 539
1531920 539
1531930 540
1531940 540
1531950 540
1531960 541
1531970 541
1531980 541
1531990 542
1532000 542
1532010 542
1532020 542
1532030 543
1532040 543
1532050 543
1532060 543
1532070 543
1532080 544
1532090 544
1532100 544
1532110 544
1532120 544
1532130 544
1532140 545
1532150 545
1532160 545
1532170 545
1532180 546
1532190 546
1532200 546
1532210 546
1532220 546
1532230 546
1532240 546
1532250 546
1532260 546
1532270 546
1532280 546
1532290 547
1532300 547
1532310 547
1532320 547
1532330 547
1532340 547
1532350 547
1532360 548
1532370 548
1532380 548
1532390 548
1532400 548
1532410 548
1532420 548
1532430 548
1532440 548
1532450 548
1532460 548
1532470 549
1532480 549
1532490 549
1532500 549
1532510 549
1532520 549
1532530 550
1532540 550
1532550 550
1532560 549
1532570 549
1532580 549
1532590 548
1532600 548
1532610 548
1532620 547
1532630 546
1532640 546
1532650 546
1532660 545
1532670 545
1532680 544
1532690 543
1532700 543
1532710 542
1532720 541
1532730 541
1532740 540
1532750 539
1532760 539
1532770 537
1532780 537
1532790 536
1532800 534
1532810 534
1532820 532
1532830 530
1532840 530
1532850 528
1532860 526
1532870 526
1532880 524
1532890 523
1532900 523
1532910 522
1532920 521
1532930 521
1532940 520
1532950 519
1532960 519
1532970 518
1532980 518
1532990 518
1533000 518
1533010 517
1533020 517
1533030 517
1533040 515
1533050 515
1533060 514
1533070 512
1533080 512
1533090 510
1533100 512
1533110 512
1533120 515
1533130 518
1533140 518
1533150 520
1533160 522
1533170 522
1533180 524
1533190 525
1533200 525
1533210 526
1533220 526
1533230 526
1533240 527
1533250 528
1533260 528
1533270 528
1533280 529
1533290 529
1533300 530
1533310 530
1533320 530
1533330 531
1533340 532
1533350 532
1533360 532
1533370 532
1533380 532
1533390 533
1533400 533
1533410 533
1533420 533
1533430 532
1533440 532
1533450 531
1533460 529
1533470 529
1533480 526
1533490 521
1533500 521
1533510 516
1533520 511
1533530 511
1533540 505
1533550 500
1533560 500
1533570 494
1533580 488
1533590 488
1533600 484
1533610 479
1533620 479
1533630 474
1533640 469
1533650 469
1533660 464
1533670 460
1533680 460
1533690 455
1533700 450
1533710 450
1533720 446
1533730 441
1533740 441
1533750 437
1533760 432
1533770 432
1533780 428
1533790 424
1533800 424
1533810 420
1533820 417
1533830 417
1533840 413
1533850 409
1533860 409
1533870 405
1533880 401
1533890 401
1533900 397
1533910 393
1533920 393
1533930 388
1533940 388
1533950 382
1533960 377
1533970 377
1533980 371
1533990 364
1534000 364
1534010 358
1534020 352
1534030 352
1534040 346
1534050 341
1534060 341
1534070 335
1534080 329
1534090 329
1534100 325
1534110 324
1534120 324
1534130 325
1534140 327
1534150 327
1534160 330
1534170 334
1534180 334
1534190 339
1534200 343
1534210 343
1534220 348
1534230 354
1534240 354
1534250 364
1534260 380
1534270 380
1534280 391
1534290 401
1534300 401
1534310 410
1534320 417
1534330 417
1534340 424
1534350 432
1534360 432
1534370 441
1534380 448
1534390 448
1534400 454
1534410 461
1534420 461
1534430 467
1534440 475
1534450 475
1534460 482
1534470 488
1534480 488
1534490 494
1534500 500
1534510 500
1534520 507
1534530 514
1534540 514
1534550 521
1534560 529
1534570 529
1534580 537
1534590 545
1534600 545
1534610 551
1534620 557
1534630 557
1534640 563
1534650 568
1534660 568
1534670 570
1534680 571
1534690 571
1534700 571
1534710 571
1534720 571
1534730 571
1534740 572
1534750 572
1534760 572
1534770 573
1534780 573
1534790 573
1534800 574
1534810 574
1534820 575
1534830 577
1534840 577
1534850 578
1534860 580
1534870 580
1534880 582
1534890 584
1534900 584
1534910 586
1534920 587
1534930 587
1534940 589
1534950 591
1534960 591
1534970 593
1534980 595
1534990 595
1535000 597
1535010 600
1535020 600
1535030 602
1535040 605
1535050 605
1535060 607
1535070 609
1535080 609
1535090 611
1535100 612
1535110 612
1535120 614
1535130 614
1535140 616
1535150 618
1535160 618
1535170 620
1535180 622
1535190 622
1535200 623
1535210 625
1535220 625
1535230 626
1535240 628
1535250 629
1535260 630
1535270 631
1535280 631
1535290 631
1535300 631
1535310 631
1535320 631
1535330 630
1535340 630
1535350 628
1535360 627
1535370 627
1535380 625
1535390 624
1535400 624
1535410 623
1535420 623
1535430 623
1535440 623
1535450 624
1535460 624
1535470 623
1535480 623
1535490 623
1535500 623
1535510 622
1535520 622
1535530 622
1535540 622
1535550 622
1535560 621
1535570 621
1535580 621
1535590 620
1535600 620
1535610 620
1535620 619
1535630 618
1535640 618
1535650 617
1535660 616
1535670 616
1535680 615
1535690 614
1535700 614
1535710 612
1535720 611
1535730 611
1535740 610
1535750 609
1535760 609
1535770 609
1535780 608
1535790 608
1535800 608
1535810 607
1535820 607
1535830 606
1535840 605
1535850 605
1535860 603
1535870 602
1535880 602
1535890 600
1535900 598
1535910 598
1535920 598
1535930 599
1535940 599
1535950 601
1535960 602
1535970 602
1535980 602
1535990 603
1536000 603
1536010 604
1536020 605
1536030 605
1536040 606
1536050 607
1536060 607
1536070 608
1536080 609
1536090 609
1536100 611
1536110 612
1536120 612
1536130 614
1536140 615
1536150 615
1536160 616
1536170 618
1536180 618
1536190 619
1536200 619
1536210 619
1536220 620
1536230 621
1536240 621
1536250 621
1536260 622
1536270 622
1536280 623
1536290 623
1536300 623
1536310 623
1536320 623
1536330 624
1536340 624
1536350 624
1536360 624
1536370 624
1536380 624
1536390 624
1536400 624
1536410 624
1536420 624
1536430 625
1536440 625
1536450 625
1536460 625
1536470 625
1536480 625
1536490 625
1536500 625
1536510 624
1536520 623
1536530 623
1536540 622
1536550 621
1536560 621
1536570 619
1536580 618
1536590 618
1536600 616
1536610 616
1536620 616
1536630 615
1536640 614
1536650 614
1536660 614
1536670 612
1536680 612
1536690 610
1536700 610
1536710 610
1536720 609
1536730 608
1536740 608
1536750 609
1536760 609
1536770 609
1536780 609
1536790 610
1536800 610
1536810 610
1536820 611
1536830 611
1536840 611
1536850 612
1536860 612
1536870 612
1536880 613
1536890 613
1536900 613
1536910 613
1536920 613
1536930 614
1536940 615
1536950 615
1536960 616
1536970 616
1536980 616
1536990 617
1537000 617
1537010 617
1537020 618
1537030 618
1537040 618
1537050 619
1537060 619
1537070 619
1537080 620
1537090 620
1537100 620
1537110 621
1537120 622
1537130 622
1537140 622
1537150 623
1537160 623
1537170 623
1537180 624
1537190 624
1537200 625
1537210 625
1537220 625
1537230 626
1537240 627
1537250 627
1537260 628
1537270 629
1537280 629
1537290 630
1537300 630
1537310 630
1537320 631
1537330 632
1537340 632
1537350 633
1537360 634
1537370 634
1537380 635
1537390 636
1537400 636
1537410 637
1537420 639
1537430 639
1537440 640
1537450 640
1537460 640
1537470 641
1537480 642
1537490 642
1537500 642
1537510 642
1537520 643
1537530 644
1537540 644
1537550 644
1537560 645
1537570 645
1537580 646
1537590 647
1537600 647
1537610 647
1537620 648
1537630 648
1537640 649
1537650 650
1537660 650
1537670 651
1537680 651
1537690 651
1537700 652
1537710 652
1537720 652
1537730 651
1537740 651
1537750 651
1537760 651
1537770 653
1537780 653
1537790 654
1537800 655
1537810 655
1537820 656
1537830 657
1537840 657
1537850 657
1537860 658
1537870 658
1537880 658
1537890 659
1537900 659
1537910 660
1537920 661
1537930 661
1537940 661
1537950 660
1537960 660
1537970 660
1537980 659
1537990 659
1538000 658
1538010 657
1538020 657
1538030 656
1538040 656
1538050 656
1538060 655
1538070 655
1538080 655
1538090 655
1538100 655
1538110 655
1538120 654
1538130 654
1538140 654
1538150 654
1538160 654
1538170 654
1538180 654
1538190 653
1538200 653
1538210 653
1538220 653
1538230 653
1538240 653
1538250 653
1538260 653
1538270 653
1538280 653
1538290 653
1538300 654
1538310 654
1538320 654
1538330 655
1538340 656
1538350 656
1538360 657
1538370 658
1538380 658
1538390 660
1538400 661
1538410 661
1538420 662
1538430 663
1538440 663
1538450 664
1538460 664
1538470 664
1538480 665
1538490 665
1538500 665
1538510 665
1538520 665
1538530 665
1538540 665
1538550 664
1538560 664
1538570 664
1538580 663
1538590 663
1538600 663
1538610 662
1538620 662
1538630 661
1538640 661
1538650 661
1538660 660
1538670 660
1538680 660
1538690 659
1538700 659
1538710 658
1538720 657
1538730 657
1538740 655
1538750 653
1538760 653
1538770 653
1538780 652
1538790 652
1538800 652
1538810 651
1538820 651
1538830 650
1538840 649
1538850 649
1538860 649
1538870 648
1538880 648
1538890 648
1538900 647
1538910 647
1538920 644
1538930 643
1538940 643
1538950 646
1538960 649
1538970 649
1538980 651
1538990 653
1539000 653
1539010 654
1539020 656
1539030 656
1539040 658
1539050 659
1539060 659
1539070 661
1539080 662
1539090 662
1539100 664
1539110 666
1539120 666
1539130 668
1539140 669
1539150 669
1539160 671
1539170 672
1539180 672
1539190 674
1539200 675
1539210 675
1539220 677
1539230 678
1539240 678
1539250 680
1539260 681
1539270 681
1539280 683
1539290 684
1539300 684
1539310 685
1539320 687
1539330 687
1539340 688
1539350 689
1539360 689
1539370 691
1539380 692
1539390 692
1539400 694
1539410 695
1539420 695
1539430 696
1539440 698
1539450 698
1539460 699
1539470 700
1539480 700
1539490 701
1539500 702
1539510 702
1539520 703
1539530 705
1539540 705
1539550 706
1539560 707
1539570 707
1539580 708
1539590 709
1539600 709
1539610 711
1539620 712
1539630 712
1539640 714
1539650 715
1539660 715
1539670 718
1539680 720
1539690 720
1539700 722
1539710 723
1539720 723
1539730 725
1539740 727
1539750 727
1539760 728
1539770 729
1539780 729
1539790 730
1539800 731
1539810 731
1539820 731
1539830 732
1539840 732
1539850 733
1539860 733
1539870 734
1539880 735
1539890 735
1539900 737
1539910 738
1539920 738
1539930 739
1539940 740
1539950 740
1539960 740
1539970 741
1539980 741
1539990 741
