1520000 615
1520010 616
1520020 616
1520030 616
1520040 617
1520050 617
1520060 617
1520070 618
1520080 618
1520090 618
1520100 619
1520110 619
1520120 619
1520130 620
1520140 620
1520150 620
1520160 621
1520170 621
1520180 622
1520190 624
1520200 624
1520210 625
1520220 626
1520230 626
1520240 627
1520250 628
1520260 628
1520270 630
1520280 631
1520290 631
1520300 633
1520310 635
1520320 635
1520330 636
1520340 637
1520350 637
1520360 639
1520370 640
1520380 640
1520390 642
1520400 643
1520410 643
1520420 644
1520430 645
1520440 645
1520450 646
1520460 647
1520470 647
1520480 648
1520490 649
1520500 649
1520510 650
1520520 650
1520530 650
1520540 651
1520550 652
1520560 652
1520570 653
1520580 654
1520590 654
1520600 654
1520610 654
1520620 655
1520630 656
1520640 656
1520650 657
1520660 657
1520670 657
1520680 657
1520690 657
1520700 657
1520710 658
1520720 658
1520730 658
1520740 657
1520750 657
1520760 657
1520770 657
1520780 656
1520790 656
1520800 655
1520810 654
1520820 654
1520830 653
1520840 652
1520850 652
1520860 650
1520870 649
1520880 649
1520890 648
1520900 647
1520910 647
1520920 646
1520930 646
1520940 646
1520950 646
1520960 647
1520970 647
1520980 647
1520990 646
1521000 646
1521010 646
1521020 646
1521030 646
1521040 646
1521050 646
1521060 646
1521070 646
1521080 645
1521090 645
1521100 645
1521110 645
1521120 645
1521130 645
1521140 645
1521150 645
1521160 645
1521170 644
1521180 644
1521190 644
1521200 644
1521210 644
1521220 644
1521230 644
1521240 644
1521250 644
1521260 644
1521270 644
1521280 644
1521290 643
1521300 643
1521310 643
1521320 642
1521330 642
1521340 642
1521350 642
1521360 642
1521370 641
1521380 640
1521390 640
1521400 639
1521410 639
1521420 639
1521430 639
1521440 638
1521450 638
1521460 638
1521470 639
1521480 639
1521490 638
1521500 637
1521510 637
1521520 638
1521530 639
1521540 639
1521550 640
1521560 641
1521570 641
1521580 642
1521590 644
1521600 644
1521610 646
1521620 649
1521630 649
1521640 653
1521650 655
1521660 655
1521670 657
1521680 659
1521690 659
1521700 661
1521710 662
1521720 662
1521730 664
1521740 665
1521750 665
1521760 665
1521770 666
1521780 666
1521790 666
1521800 666
1521810 667
1521820 667
1521830 667
1521840 668
1521850 668
1521860 668
1521870 668
1521880 669
1521890 669
1521900 669
1521910 670
1521920 670
1521930 670
1521940 670
1521950 670
1521960 671
1521970 671
1521980 671
1521990 672
1522000 673
1522010 673
1522020 673
1522030 674
1522040 674
1522050 675
1522060 676
1522070 676
1522080 676
1522090 677
1522100 677
1522110 678
1522120 679
1522130 679
1522140 679
1522150 680
1522160 680
1522170 681
1522180 682
1522190 682
1522200 682
1522210 683
1522220 683
1522230 683
1522240 684
1522250 684
1522260 684
1522270 685
1522280 685
1522290 686
1522300 686
1522310 686
1522320 687
1522330 688
1522340 688
1522350 689
1522360 689
1522370 689
1522380 690
1522390 691
1522400 691
1522410 691
1522420 692
1522430 692
1522440 693
1522450 693
1522460 693
1522470 694
1522480 695
1522490 695
1522500 695
1522510 695
1522520 695
1522530 694
1522540 693
1522550 693
1522560 692
1522570 691
1522580 691
1522590 691
1522600 692
1522610 692
1522620 693
1522630 693
1522640 693
1522650 693
1522660 694
1522670 694
1522680 694
1522690 694
1522700 694
1522710 695
1522720 695
1522730 695
1522740 695
1522750 696
1522760 696
1522770 697
1522780 697
1522790 697
1522800 698
1522810 698
1522820 698
1522830 699
1522840 700
1522850 700
1522860 701
1522870 701
1522880 701
1522890 701
1522900 701
1522910 701
1522920 702
1522930 702
1522940 702
1522950 703
1522960 703
1522970 703
1522980 704
1522990 704
1523000 704
1523010 704
1523020 704
1523030 705
1523040 705
1523050 705
1523060 706
1523070 706
1523080 706
1523090 707
1523100 707
1523110 707
1523120 708
1523130 708
1523140 708
1523150 709
1523160 710
1523170 710
1523180 710
1523190 710
1523200 710
1523210 712
1523220 713
1523230 713
1523240 713
1523250 712
1523260 712
1523270 713
1523280 713
1523290 713
1523300 714
1523310 714
1523320 714
1523330 715
1523340 715
1523350 715
1523360 716
1523370 716
1523380 716
1523390 717
1523400 718
1523410 718
1523420 718
1523430 718
1523440 718
1523450 719
1523460 719
1523470 719
1523480 720
1523490 721
1523500 721
1523510 721
1523520 722
1523530 722
1523540 723
1523550 724
1523560 724
1523570 725
1523580 725
1523590 725
1523600 725
1523610 725
1523620 725
1523630 725
1523640 724
1523650 724
1523660 723
1523670 722
1523680 722
1523690 721
1523700 720
1523710 720
1523720 719
1523730 718
1523740 718
1523750 716
1523760 715
1523770 715
1523780 713
1523790 712
1523800 712
1523810 712
1523820 711
1523830 711
1523840 709
1523850 708
1523860 708
1523870 708
1523880 707
1523890 707
1523900 706
1523910 705
1523920 705
1523930 704
1523940 703
1523950 703
1523960 701
1523970 699
1523980 699
1523990 697
1524000 694
1524010 694
1524020 692
1524030 691
1524040 691
1524050 690
1524060 689
1524070 689
1524080 689
1524090 688
1524100 688
1524110 687
1524120 685
1524130 685
1524140 684
1524150 684
1524160 683
1524170 682
1524180 682
1524190 682
1524200 682
1524210 682
1524220 683
1524230 683
1524240 683
1524250 682
1524260 682
1524270 682
1524280 682
1524290 681
1524300 681
1524310 681
1524320 681
1524330 681
1524340 680
1524350 680
1524360 680
1524370 679
1524380 679
1524390 679
1524400 678
1524410 678
1524420 678
1524430 678
1524440 678
1524450 678
1524460 677
1524470 677
1524480 677
1524490 676
1524500 676
1524510 676
1524520 676
1524530 675
1524540 675
1524550 675
1524560 675
1524570 675
1524580 675
1524590 675
1524600 675
1524610 675
1524620 675
1524630 675
1524640 674
1524650 673
1524660 673
1524670 672
1524680 670
1524690 670
1524700 668
1524710 666
1524720 666
1524730 666
1524740 665
1524750 665
1524760 664
1524770 663
1524780 663
1524790 662
1524800 661
1524810 661
1524820 660
1524830 659
1524840 659
1524850 657
1524860 654
1524870 654
1524880 650
1524890 647
1524900 647
1524910 645
1524920 643
1524930 643
1524940 641
1524950 640
1524960 640
1524970 639
1524980 638
1524990 638
1525000 637
1525010 636
1525020 636
1525030 635
1525040 635
1525050 635
1525060 634
1525070 633
1525080 633
1525090 632
1525100 631
1525110 631
1525120 630
1525130 629
1525140 629
1525150 630
1525160 630
1525170 630
1525180 630
1525190 630
1525200 630
1525210 630
1525220 628
1525230 628
1525240 626
1525250 625
1525260 625
1525270 624
1525280 624
1525290 624
1525300 623
1525310 623
1525320 623
1525330 622
1525340 622
1525350 621
1525360 620
1525370 620
1525380 619
1525390 619
1525400 619
1525410 618
1525420 618
1525430 618
1525440 618
1525450 618
1525460 618
1525470 617
1525480 617
1525490 617
1525500 616
1525510 616
1525520 616
1525530 616
1525540 615
1525550 615
1525560 615
1525570 615
1525580 615
1525590 614
1525600 614
1525610 614
1525620 614
1525630 613
1525640 613
1525650 613
1525660 613
1525670 613
1525680 612
1525690 612
1525700 612
1525710 612
1525720 612
1525730 612
1525740 611
1525750 611
1525760 611
1525770 611
1525780 611
1525790 611
1525800 611
1525810 611
1525820 611
1525830 611
1525840 611
1525850 611
1525860 610
1525870 610
1525880 610
1525890 610
1525900 610
1525910 610
1525920 609
1525930 609
1525940 609
1525950 608
1525960 608
1525970 608
1525980 608
1525990 608
1526000 608
1526010 609
1526020 609
1526030 609
1526040 609
1526050 609
1526060 609
1526070 610
1526080 610
1526090 610
1526100 611
1526110 611
1526120 611
1526130 612
1526140 612
1526150 612
1526160 612
1526170 611
1526180 611
1526190 611
1526200 610
1526210 610
1526220 609
1526230 609
1526240 609
1526250 608
1526260 608
1526270 608
1526280 608
1526290 607
1526300 607
1526310 607
1526320 606
1526330 606
1526340 604
1526350 602
1526360 602
1526370 599
1526380 596
1526390 596
1526400 594
1526410 593
1526420 593
1526430 593
1526440 592
1526450 592
1526460 592
1526470 591
1526480 591
1526490 590
1526500 590
1526510 589
1526520 588
1526530 588
1526540 587
1526550 586
1526560 586
1526570 585
1526580 584
1526590 584
1526600 583
1526610 583
1526620 583
1526630 582
1526640 582
1526650 582
1526660 583
1526670 583
1526680 583
1526690 585
1526700 586
1526710 586
1526720 588
1526730 589
1526740 589
1526750 590
1526760 590
1526770 590
1526780 590
1526790 589
1526800 589
1526810 588
1526820 588
1526830 588
1526840 586
1526850 585
1526860 585
1526870 584
1526880 582
1526890 582
1526900 580
1526910 579
1526920 579
1526930 577
1526940 576
1526950 576
1526960 574
1526970 573
1526980 573
1526990 572
1527000 571
1527010 571
1527020 571
1527030 570
1527040 570
1527050 570
1527060 569
1527070 569
1527080 569
1527090 569
1527100 569
1527110 569
1527120 568
1527130 568
1527140 568
1527150 568
1527160 568
1527170 567
1527180 567
1527190 567
1527200 567
1527210 567
1527220 567
1527230 567
1527240 567
1527250 567
1527260 566
1527270 566
1527280 566
1527290 566
1527300 566
1527310 566
1527320 566
1527330 566
1527340 566
1527350 566
1527360 566
1527370 566
1527380 566
1527390 565
1527400 565
1527410 565
1527420 565
1527430 565
1527440 566
1527450 566
1527460 566
1527470 566
1527480 566
1527490 566
1527500 567
1527510 567
1527520 567
1527530 568
1527540 568
1527550 568
1527560 569
1527570 569
1527580 569
1527590 570
1527600 571
1527610 571
1527620 573
1527630 574
1527640 574
1527650 575
1527660 575
1527670 575
1527680 576
1527690 576
1527700 577
1527710 578
1527720 578
1527730 579
1527740 579
1527750 579
1527760 580
1527770 581
1527780 581
1527790 581
1527800 582
1527810 582
1527820 582
1527830 582
1527840 582
1527850 582
1527860 581
1527870 581
1527880 581
1527890 580
1527900 580
1527910 580
1527920 579
1527930 579
1527940 579
1527950 578
1527960 578
1527970 578
1527980 577
1527990 577
1528000 576
1528010 576
1528020 576
1528030 576
1528040 575
1528050 575
1528060 575
1528070 575
1528080 575
1528090 575
1528100 576
1528110 576
1528120 575
1528130 574
1528140 574
1528150 573
1528160 571
1528170 571
1528180 568
1528190 565
1528200 565
1528210 561
1528220 556
1528230 556
1528240 551
1528250 546
1528260 546
1528270 542
1528280 536
1528290 536
1528300 531
1528310 526
1528320 526
1528330 521
1528340 517
1528350 517
1528360 513
1528370 509
1528380 509
1528390 506
1528400 505
1528410 505
1528420 506
1528430 506
1528440 506
1528450 506
1528460 507
1528470 507
1528480 509
1528490 509
1528500 509
1528510 508
1528520 507
1528530 507
1528540 505
1528550 503
1528560 503
1528570 501
1528580 498
1528590 498
1528600 495
1528610 491
1528620 491
1528630 489
1528640 486
1528650 486
1528660 482
1528670 479
1528680 479
1528690 475
1528700 472
1528710 472
1528720 469
1528730 465
1528740 465
1528750 461
1528760 458
1528770 458
1528780 455
1528790 453
1528800 453
1528810 450
1528820 447
1528830 447
1528840 444
1528850 444
1528860 441
1528870 439
1528880 439
1528890 436
1528900 432
1528910 432
1528920 429
1528930 426
1528940 426
1528950 423
1528960 420
1528970 420
1528980 416
1528990 414
1529000 414
1529010 412
1529020 410
1529030 410
1529040 406
1529050 403
1529060 403
1529070 399
1529080 396
1529090 396
1529100 393
1529110 390
1529120 390
1529130 387
1529140 383
1529150 383
1529160 380
1529170 378
1529180 378
1529190 375
1529200 372
1529210 372
1529220 369
1529230 366
1529240 366
1529250 363
1529260 360
1529270 360
1529280 357
1529290 354
1529300 354
1529310 351
1529320 347
1529330 347
1529340 344
1529350 340
1529360 340
1529370 336
1529380 332
1529390 332
1529400 328
1529410 324
1529420 324
1529430 321
1529440 318
1529450 318
1529460 316
1529470 313
1529480 313
1529490 310
1529500 306
1529510 306
1529520 302
1529530 297
1529540 297
1529550 293
1529560 290
1529570 290
1529580 289
1529590 289
1529600 289
1529610 289
1529620 289
1529630 289
1529640 289
1529650 289
1529660 289
1529670 289
1529680 289
1529690 289
1529700 288
1529710 288
1529720 288
1529730 287
1529740 287
1529750 287
1529760 287
1529770 287
1529780 287
1529790 287
1529800 287
1529810 287
1529820 287
1529830 285
1529840 285
1529850 283
1529860 281
1529870 281
1529880 281
1529890 281
1529900 281
1529910 281
1529920 281
1529930 281
1529940 281
1529950 281
1529960 281
1529970 281
1529980 281
1529990 281
1530000 281
1530010 281
1530020 281
1530030 281
1530040 281
1530050 281
1530060 281
1530070 281
1530080 281
1530090 281
1530100 281
1530110 281
1530120 281
1530130 281
1530140 281
1530150 281
1530160 281
1530170 281
1530180 281
1530190 281
1530200 281
1530210 281
1530220 281
1530230 281
1530240 281
1530250 281
1530260 281
1530270 281
1530280 281
1530290 281
1530300 281
1530310 281
1530320 282
1530330 284
1530340 284
1530350 285
1530360 285
1530370 285
1530380 286
1530390 286
1530400 286
1530410 287
1530420 287
1530430 287
1530440 287
1530450 288
1530460 288
1530470 288
1530480 289
1530490 289
1530500 289
1530510 290
1530520 290
1530530 291
1530540 293
1530550 293
1530560 295
1530570 296
1530580 296
1530590 298
1530600 301
1530610 301
1530620 305
1530630 310
1530640 310
1530650 316
1530660 323
1530670 323
1530680 329
1530690 335
1530700 335
1530710 340
1530720 345
1530730 345
1530740 350
1530750 355
1530760 355
1530770 360
1530780 365
1530790 365
1530800 369
1530810 374
1530820 374
1530830 378
1530840 382
1530850 382
1530860 385
1530870 388
1530880 388
1530890 392
1530900 397
1530910 397
1530920 401
1530930 406
1530940 406
1530950 411
1530960 416
1530970 416
1530980 421
1530990 426
1531000 426
1531010 431
1531020 435
1531030 435
1531040 439
1531050 442
1531060 442
1531070 444
1531080 446
1531090 446
1531100 447
1531110 449
1531120 449
1531130 451
1531140 453
1531150 453
1531160 455
1531170 467
1531180 467
1531190 469
1531200 469
1531210 471
1531220 473
1531230 473
1531240 473
1531250 473
1531260 473
1531270 473
1531280 474
1531290 474
1531300 475
1531310 476
1531320 476
1531330 478
1531340 479
1531350 479
1531360 480
1531370 480
1531380 480
1531390 481
1531400 481
1531410 481
1531420 480
1531430 480
1531440 480
1531450 480
1531460 483
1531470 483
1531480 483
1531490 483
1531500 483
1531510 485
1531520 488
1531530 488
1531540 491
1531550 495
1531560 495
1531570 500
1531580 506
1531590 506
1531600 512
1531610 519
1531620 519
1531630 524
1531640 529
1531650 529
1531660 532
1531670 536
1531680 536
1531690 538
1531700 538
1531710 538
1531720 539
1531730 540
1531740 540
1531750 541
1531760 542
1531770 542
1531780 543
1531790 544
1531800 544
1531810 545
1531820 546
1531830 546
1531840 547
1531850 548
1531860 548
1531870 549
1531880 549
1531890 549
1531900 550
1531910 550
1531920 550
1531930 551
1531940 552
1531950 552
1531960 552
1531970 553
1531980 553
1531990 554
1532000 554
1532010 554
1532020 554
1532030 554
1532040 554
1532050 554
1532060 555
1532070 555
1532080 555
1532090 555
1532100 555
1532110 554
1532120 554
1532130 554
1532140 554
1532150 554
1532160 554
1532170 553
1532180 553
1532190 553
1532200 552
1532210 552
1532220 552
1532230 551
1532240 550
1532250 550
1532260 549
1532270 548
1532280 548
1532290 547
1532300 546
1532310 546
1532320 545
1532330 544
1532340 544
1532350 544
1532360 544
1532370 543
1532380 541
1532390 541
1532400 540
1532410 540
1532420 540
1532430 539
1532440 539
1532450 539
1532460 539
1532470 538
1532480 538
1532490 538
1532500 538
1532510 538
1532520 537
1532530 537
1532540 537
1532550 536
1532560 536
1532570 536
1532580 536
1532590 535
1532600 535
1532610 535
1532620 535
1532630 535
1532640 535
1532650 535
1532660 535
1532670 534
1532680 534
1532690 534
1532700 533
1532710 533
1532720 533
1532730 533
1532740 532
1532750 532
1532760 532
1532770 532
1532780 532
1532790 532
1532800 532
1532810 532
1532820 532
1532830 532
1532840 532
1532850 532
1532860 532
1532870 532
1532880 532
1532890 531
1532900 531
1532910 530
1532920 529
1532930 529
1532940 527
1532950 526
1532960 526
1532970 524
1532980 523
1532990 523
1533000 524
1533010 525
1533020 525
1533030 526
1533040 528
1533050 528
1533060 530
1533070 531
1533080 531
1533090 532
1533100 533
1533110 533
1533120 534
1533130 534
1533140 534
1533150 535
1533160 535
1533170 535
1533180 535
1533190 535
1533200 535
1533210 535
1533220 535
1533230 535
1533240 534
1533250 534
1533260 534
1533270 533
1533280 532
1533290 532
1533300 531
1533310 529
1533320 529
1533330 527
1533340 523
1533350 523
1533360 518
1533370 513
1533380 513
1533390 508
1533400 503
1533410 503
1533420 497
1533430 491
1533440 491
1533450 486
1533460 481
1533470 481
1533480 475
1533490 470
1533500 470
1533510 465
1533520 460
1533530 460
1533540 454
1533550 454
1533560 449
1533570 445
1533580 445
1533590 440
1533600 435
1533610 435
1533620 428
1533630 421
1533640 421
1533650 415
1533660 408
1533670 408
1533680 401
1533690 394
1533700 394
1533710 389
1533720 383
1533730 383
1533740 377
1533750 371
1533760 371
1533770 368
1533780 364
1533790 364
1533800 359
1533810 355
1533820 355
1533830 351
1533840 347
1533850 347
1533860 343
1533870 340
1533880 340
1533890 336
1533900 332
1533910 332
1533920 333
1533930 333
1533940 333
1533950 333
1533960 333
1533970 333
1533980 340
1533990 348
1534000 348
1534010 353
1534020 358
1534030 358
1534040 362
1534050 367
1534060 367
1534070 371
1534080 374
1534090 374
1534100 376
1534110 377
1534120 377
1534130 376
1534140 371
1534150 371
1534160 371
1534170 377
1534180 377
1534190 385
1534200 394
1534210 394
1534220 401
1534230 407
1534240 407
1534250 413
1534260 419
1534270 419
1534280 424
1534290 430
1534300 430
1534310 436
1534320 441
1534330 441
1534340 446
1534350 451
1534360 451
1534370 455
1534380 459
1534390 459
1534400 463
1534410 467
1534420 467
1534430 471
1534440 474
1534450 474
1534460 478
1534470 481
1534480 481
1534490 485
1534500 489
1534510 489
1534520 493
1534530 498
1534540 498
1534550 502
1534560 505
1534570 505
1534580 507
1534590 508
1534600 508
1534610 509
1534620 510
1534630 510
1534640 513
1534650 516
1534660 516
1534670 518
1534680 522
1534690 522
1534700 526
1534710 526
1534720 529
1534730 534
1534740 534
1534750 539
1534760 543
1534770 543
1534780 548
1534790 552
1534800 552
1534810 555
1534820 558
1534830 558
1534840 562
1534850 565
1534860 565
1534870 568
1534880 571
1534890 571
1534900 574
1534910 576
1534920 576
1534930 579
1534940 581
1534950 581
1534960 584
1534970 586
1534980 586
1534990 588
1535000 590
1535010 590
1535020 592
1535030 595
1535040 595
1535050 597
1535060 598
1535070 598
1535080 600
1535090 601
1535100 601
1535110 603
1535120 604
1535130 604
1535140 605
1535150 606
1535160 606
1535170 607
1535180 608
1535190 608
1535200 609
1535210 610
1535220 610
1535230 610
1535240 611
1535250 611
1535260 612
1535270 612
1535280 612
1535290 613
1535300 614
1535310 614
1535320 614
1535330 615
1535340 615
1535350 615
1535360 616
1535370 616
1535380 617
1535390 618
1535400 618
1535410 619
1535420 620
1535430 620
1535440 620
1535450 620
1535460 620
1535470 620
1535480 620
1535490 620
1535500 620
1535510 620
1535520 620
1535530 620
1535540 620
1535550 620
1535560 620
1535570 620
1535580 620
1535590 620
1535600 620
1535610 620
1535620 620
1535630 620
1535640 620
1535650 620
1535660 619
1535670 619
1535680 619
1535690 618
1535700 618
1535710 618
1535720 617
1535730 617
1535740 616
1535750 615
1535760 615
1535770 614
1535780 614
1535790 614
1535800 613
1535810 613
1535820 613
1535830 612
1535840 612
1535850 612
1535860 611
1535870 611
1535880 610
1535890 609
1535900 609
1535910 610
1535920 612
1535930 612
1535940 613
1535950 614
1535960 614
1535970 615
1535980 616
1535990 616
1536000 617
1536010 617
1536020 617
1536030 618
1536040 619
1536050 619
1536060 619
1536070 620
1536080 620
1536090 620
1536100 621
1536110 621
1536120 621
1536130 622
1536140 622
1536150 622
1536160 623
1536170 623
1536180 624
1536190 624
1536200 624
1536210 624
1536220 625
1536230 625
1536240 625
1536250 626
1536260 626
1536270 626
1536280 627
1536290 627
1536300 627
1536310 627
1536320 627
1536330 628
1536340 628
1536350 628
1536360 629
1536370 629
1536380 629
1536390 629
1536400 629
1536410 629
1536420 630
1536430 629
1536440 629
1536450 629
1536460 629
1536470 629
1536480 630
1536490 629
1536500 629
1536510 628
1536520 627
1536530 627
1536540 625
1536550 623
1536560 623
1536570 621
1536580 619
1536590 619
1536600 618
1536610 617
1536620 617
1536630 616
1536640 616
1536650 616
1536660 615
1536670 615
1536680 615
1536690 616
1536700 616
1536710 616
1536720 617
1536730 618
1536740 618
1536750 619
1536760 620
1536770 620
1536780 621
1536790 622
1536800 622
1536810 624
1536820 625
1536830 625
1536840 626
1536850 627
1536860 627
1536870 628
1536880 629
1536890 629
1536900 630
1536910 631
1536920 631
1536930 632
1536940 634
1536950 634
1536960 635
1536970 636
1536980 636
1536990 637
1537000 639
1537010 639
1537020 640
1537030 641
1537040 641
1537050 642
1537060 642
1537070 643
1537080 644
1537090 644
1537100 644
1537110 645
1537120 645
1537130 645
1537140 645
1537150 645
1537160 645
1537170 644
1537180 644
1537190 643
1537200 642
1537210 642
1537220 641
1537230 640
1537240 640
1537250 641
1537260 641
1537270 641
1537280 642
1537290 643
1537300 643
1537310 644
1537320 645
1537330 645
1537340 646
1537350 647
1537360 647
1537370 649
1537380 651
1537390 651
1537400 653
1537410 655
1537420 655
1537430 657
1537440 659
1537450 659
1537460 661
1537470 663
1537480 663
1537490 665
1537500 667
1537510 667
1537520 669
1537530 671
1537540 671
1537550 672
1537560 673
1537570 673
1537580 674
1537590 676
1537600 676
1537610 677
1537620 678
1537630 678
1537640 679
1537650 680
1537660 680
1537670 681
1537680 682
1537690 682
1537700 682
1537710 683
1537720 683
1537730 683
1537740 684
1537750 684
1537760 684
1537770 684
1537780 684
1537790 684
1537800 684
1537810 684
1537820 684
1537830 684
1537840 684
1537850 684
1537860 683
1537870 683
1537880 682
1537890 681
1537900 681
1537910 681
1537920 682
1537930 682
1537940 683
1537950 683
1537960 683
1537970 684
1537980 685
1537990 685
1538000 687
1538010 688
1538020 688
1538030 689
1538040 690
1538050 690
1538060 690
1538070 691
1538080 691
1538090 692
1538100 692
1538110 692
1538120 693
1538130 693
1538140 693
1538150 694
1538160 695
1538170 695
1538180 695
1538190 695
1538200 695
1538210 695
1538220 695
1538230 695
1538240 695
1538250 695
1538260 696
1538270 696
1538280 696
1538290 695
1538300 695
1538310 695
1538320 695
1538330 694
1538340 694
1538350 693
1538360 693
1538370 693
1538380 692
1538390 691
1538400 691
1538410 691
1538420 690
1538430 690
1538440 690
1538450 689
1538460 689
1538470 689
1538480 688
1538490 688
1538500 686
1538510 685
1538520 685
1538530 684
1538540 683
1538550 683
1538560 682
1538570 682
1538580 682
1538590 681
1538600 680
1538610 680
1538620 678
1538630 677
1538640 677
1538650 675
1538660 673
1538670 673
1538680 672
1538690 670
1538700 670
1538710 669
1538720 668
1538730 668
1538740 667
1538750 667
1538760 667
1538770 666
1538780 666
1538790 666
1538800 667
1538810 668
1538820 668
1538830 669
1538840 670
1538850 670
1538860 671
1538870 671
1538880 671
1538890 672
1538900 672
1538910 672
1538920 672
1538930 675
1538940 675
1538950 676
1538960 677
1538970 677
1538980 678
1538990 679
1539000 679
1539010 679
1539020 680
1539030 680
1539040 682
1539050 683
1539060 683
1539070 684
1539080 685
1539090 685
1539100 687
1539110 688
1539120 688
1539130 689
1539140 690
1539150 690
1539160 692
1539170 693
1539180 693
1539190 694
1539200 696
1539210 696
1539220 697
1539230 698
1539240 698
1539250 700
1539260 701
1539270 701
1539280 702
1539290 704
1539300 704
1539310 705
1539320 708
1539330 708
1539340 710
1539350 712
1539360 712
1539370 714
1539380 716
1539390 716
1539400 718
1539410 718
1539420 721
1539430 723
1539440 723
1539450 726
1539460 728
1539470 728
1539480 730
1539490 733
1539500 733
1539510 735
1539520 738
1539530 738
1539540 740
1539550 742
1539560 742
1539570 744
1539580 745
1539590 745
1539600 746
1539610 747
1539620 747
1539630 748
1539640 749
1539650 749
1539660 750
1539670 751
1539680 751
1539690 752
1539700 753
1539710 753
1539720 755
1539730 756
1539740 756
1539750 757
1539760 759
1539770 759
1539780 760
1539790 762
1539800 762
1539810 764
1539820 765
1539830 765
1539840 766
1539850 767
1539860 767
1539870 769
1539880 770
1539890 770
1539900 770
1539910 771
1539920 771
1539930 770
1539940 771
1539950 771
1539960 770
1539970 771
1539980 771
1539990 771
