1520000 623
1520010 623
1520020 624
1520030 625
1520040 625
1520050 626
1520060 628
1520070 628
1520080 629
1520090 631
1520100 631
1520110 633
1520120 634
1520130 634
1520140 636
1520150 638
1520160 638
1520170 640
1520180 641
1520190 641
1520200 643
1520210 644
1520220 644
1520230 646
1520240 647
1520250 647
1520260 648
1520270 649
1520280 649
1520290 650
1520300 650
1520310 652
1520320 653
1520330 653
1520340 654
1520350 655
1520360 655
1520370 656
1520380 657
1520390 657
1520400 658
1520410 659
1520420 659
1520430 661
1520440 662
1520450 662
1520460 664
1520470 665
1520480 665
1520490 666
1520500 668
1520510 668
1520520 669
1520530 669
1520540 669
1520550 670
1520560 671
1520570 671
1520580 672
1520590 672
1520600 672
1520610 673
1520620 674
1520630 674
1520640 675
1520650 676
1520660 676
1520670 677
1520680 677
1520690 677
1520700 678
1520710 679
1520720 679
1520730 679
1520740 680
1520750 680
1520760 681
1520770 681
1520780 681
1520790 682
1520800 683
1520810 683
1520820 683
1520830 684
1520840 684
1520850 684
1520860 685
1520870 685
1520880 686
1520890 686
1520900 686
1520910 687
1520920 688
1520930 688
1520940 688
1520950 689
1520960 689
1520970 689
1520980 690
1520990 690
1521000 690
1521010 691
1521020 691
1521030 692
1521040 692
1521050 692
1521060 693
1521070 694
1521080 694
1521090 694
1521100 695
1521110 695
1521120 696
1521130 697
1521140 697
1521150 698
1521160 698
1521170 698
1521180 699
1521190 699
1521200 699
1521210 700
1521220 701
1521230 701
1521240 701
1521250 702
1521260 702
1521270 702
1521280 702
1521290 702
1521300 703
1521310 703
1521320 703
1521330 704
1521340 704
1521350 704
1521360 705
1521370 705
1521380 705
1521390 707
1521400 708
1521410 708
1521420 708
1521430 708
1521440 709
1521450 710
1521460 710
1521470 711
1521480 712
1521490 712
1521500 713
1521510 714
1521520 714
1521530 715
1521540 716
1521550 716
1521560 717
1521570 718
1521580 718
1521590 718
1521600 719
1521610 719
1521620 720
1521630 721
1521640 721
1521650 722
1521660 723
1521670 723
1521680 724
1521690 725
1521700 725
1521710 726
1521720 728
1521730 728
1521740 729
1521750 730
1521760 730
1521770 731
1521780 732
1521790 732
1521800 732
1521810 734
1521820 734
1521830 735
1521840 736
1521850 736
1521860 737
1521870 738
1521880 738
1521890 739
1521900 741
1521910 741
1521920 742
1521930 743
1521940 743
1521950 744
1521960 745
1521970 745
1521980 746
1521990 746
1522000 746
1522010 747
1522020 749
1522030 749
1522040 751
1522050 752
1522060 752
1522070 754
1522080 756
1522090 756
1522100 758
1522110 759
1522120 759
1522130 760
1522140 762
1522150 762
1522160 763
1522170 765
1522180 765
1522190 767
1522200 769
1522210 769
1522220 771
1522230 773
1522240 773
1522250 776
1522260 778
1522270 778
1522280 780
1522290 782
1522300 782
1522310 784
1522320 786
1522330 786
1522340 788
1522350 791
1522360 791
1522370 793
1522380 796
1522390 796
1522400 799
1522410 802
1522420 802
1522430 806
1522440 808
1522450 808
1522460 811
1522470 812
1522480 812
1522490 814
1522500 816
1522510 816
1522520 818
1522530 819
1522540 819
1522550 821
1522560 821
1522570 822
1522580 824
1522590 824
1522600 826
1522610 827
1522620 827
1522630 829
1522640 830
1522650 830
1522660 832
1522670 833
1522680 833
1522690 834
1522700 835
1522710 835
1522720 836
1522730 837
1522740 837
1522750 839
1522760 841
1522770 841
1522780 844
1522790 845
1522800 845
1522810 847
1522820 848
1522830 848
1522840 848
1522850 847
1522860 847
1522870 847
1522880 846
1522890 846
1522900 844
1522910 843
1522920 843
1522930 841
1522940 839
1522950 839
1522960 837
1522970 835
1522980 835
1522990 834
1523000 832
1523010 832
1523020 830
1523030 829
1523040 829
1523050 827
1523060 826
1523070 826
1523080 824
1523090 823
1523100 823
1523110 821
1523120 819
1523130 819
1523140 817
1523150 816
1523160 816
1523170 815
1523180 814
1523190 814
1523200 812
1523210 811
1523220 811
1523230 810
1523240 809
1523250 809
1523260 808
1523270 807
1523280 807
1523290 806
1523300 806
1523310 806
1523320 805
1523330 804
1523340 804
1523350 803
1523360 802
1523370 802
1523380 800
1523390 799
1523400 799
1523410 798
1523420 798
1523430 798
1523440 796
1523450 795
1523460 795
1523470 794
1523480 793
1523490 793
1523500 792
1523510 791
1523520 791
1523530 790
1523540 789
1523550 789
1523560 787
1523570 785
1523580 785
1523590 784
1523600 783
1523610 783
1523620 781
1523630 778
1523640 778
1523650 775
1523660 774
1523670 774
1523680 772
1523690 772
1523700 770
1523710 768
1523720 768
1523730 767
1523740 766
1523750 766
1523760 765
1523770 765
1523780 765
1523790 763
1523800 762
1523810 762
1523820 761
1523830 760
1523840 760
1523850 758
1523860 757
1523870 757
1523880 756
1523890 755
1523900 755
1523910 753
1523920 752
1523930 752
1523940 750
1523950 749
1523960 749
1523970 748
1523980 748
1523990 748
1524000 747
1524010 747
1524020 747
1524030 747
1524040 747
1524050 747
1524060 746
1524070 746
1524080 746
1524090 746
1524100 746
1524110 746
1524120 745
1524130 744
1524140 744
1524150 744
1524160 743
1524170 743
1524180 741
1524190 740
1524200 740
1524210 738
1524220 736
1524230 736
1524240 734
1524250 731
1524260 731
1524270 729
1524280 728
1524290 728
1524300 727
1524310 726
1524320 726
1524330 725
1524340 724
1524350 724
1524360 724
1524370 724
1524380 724
1524390 723
1524400 723
1524410 723
1524420 723
1524430 723
1524440 723
1524450 723
1524460 723
1524470 723
1524480 723
1524490 723
1524500 723
1524510 723
1524520 723
1524530 723
1524540 722
1524550 722
1524560 722
1524570 722
1524580 722
1524590 722
1524600 722
1524610 722
1524620 722
1524630 722
1524640 722
1524650 722
1524660 722
1524670 721
1524680 721
1524690 720
1524700 719
1524710 719
1524720 719
1524730 718
1524740 718
1524750 717
1524760 716
1524770 716
1524780 715
1524790 713
1524800 713
1524810 712
1524820 712
1524830 711
1524840 710
1524850 710
1524860 709
1524870 708
1524880 708
1524890 707
1524900 707
1524910 707
1524920 706
1524930 706
1524940 706
1524950 706
1524960 706
1524970 706
1524980 706
1524990 707
1525000 707
1525010 708
1525020 708
1525030 708
1525040 707
1525050 706
1525060 706
1525070 705
1525080 702
1525090 702
1525100 700
1525110 698
1525120 698
1525130 696
1525140 694
1525150 694
1525160 692
1525170 690
1525180 690
1525190 688
1525200 687
1525210 687
1525220 685
1525230 684
1525240 684
1525250 682
1525260 680
1525270 680
1525280 678
1525290 675
1525300 675
1525310 673
1525320 671
1525330 671
1525340 667
1525350 664
1525360 664
1525370 662
1525380 659
1525390 659
1525400 657
1525410 655
1525420 655
1525430 654
1525440 652
1525450 652
1525460 650
1525470 649
1525480 649
1525490 648
1525500 647
1525510 647
1525520 646
1525530 644
1525540 644
1525550 642
1525560 641
1525570 641
1525580 639
1525590 637
1525600 637
1525610 635
1525620 633
1525630 633
1525640 631
1525650 630
1525660 630
1525670 627
1525680 625
1525690 625
1525700 624
1525710 623
1525720 623
1525730 622
1525740 620
1525750 620
1525760 619
1525770 617
1525780 617
1525790 615
1525800 614
1525810 614
1525820 612
1525830 610
1525840 610
1525850 608
1525860 607
1525870 607
1525880 606
1525890 606
1525900 606
1525910 605
1525920 604
1525930 604
1525940 603
1525950 603
1525960 603
1525970 602
1525980 602
1525990 602
1526000 601
1526010 601
1526020 599
1526030 600
1526040 600
1526050 600
1526060 600
1526070 600
1526080 599
1526090 599
1526100 599
1526110 598
1526120 598
1526130 598
1526140 598
1526150 596
1526160 596
1526170 595
1526180 594
1526190 594
1526200 592
1526210 591
1526220 591
1526230 589
1526240 589
1526250 589
1526260 588
1526270 589
1526280 589
1526290 589
1526300 588
1526310 588
1526320 587
1526330 587
1526340 587
1526350 586
1526360 585
1526370 585
1526380 583
1526390 581
1526400 581
1526410 578
1526420 575
1526430 575
1526440 573
1526450 572
1526460 572
1526470 571
1526480 571
1526490 571
1526500 571
1526510 573
1526520 573
1526530 573
1526540 574
1526550 574
1526560 574
1526570 575
1526580 575
1526590 574
1526600 574
1526610 574
1526620 573
1526630 573
1526640 573
1526650 572
1526660 571
1526670 571
1526680 569
1526690 568
1526700 568
1526710 565
1526720 562
1526730 562
1526740 558
1526750 554
1526760 554
1526770 551
1526780 550
1526790 550
1526800 548
1526810 547
1526820 547
1526830 544
1526840 541
1526850 541
1526860 538
1526870 533
1526880 533
1526890 529
1526900 526
1526910 526
1526920 524
1526930 526
1526940 526
1526950 530
1526960 536
1526970 536
1526980 540
1526990 544
1527000 544
1527010 548
1527020 550
1527030 550
1527040 552
1527050 553
1527060 553
1527070 553
1527080 553
1527090 553
1527100 553
1527110 553
1527120 553
1527130 552
1527140 552
1527150 551
1527160 550
1527170 550
1527180 549
1527190 548
1527200 548
1527210 547
1527220 546
1527230 546
1527240 546
1527250 546
1527260 546
1527270 546
1527280 545
1527290 545
1527300 545
1527310 545
1527320 545
1527330 544
1527340 543
1527350 543
1527360 542
1527370 541
1527380 541
1527390 540
1527400 538
1527410 538
1527420 537
1527430 535
1527440 535
1527450 533
1527460 531
1527470 531
1527480 528
1527490 526
1527500 526
1527510 523
1527520 518
1527530 518
1527540 513
1527550 507
1527560 507
1527570 500
1527580 495
1527590 495
1527600 491
1527610 488
1527620 488
1527630 483
1527640 479
1527650 479
1527660 474
1527670 469
1527680 469
1527690 465
1527700 461
1527710 461
1527720 459
1527730 458
1527740 458
1527750 456
1527760 454
1527770 454
1527780 451
1527790 449
1527800 449
1527810 447
1527820 444
1527830 444
1527840 441
1527850 438
1527860 438
1527870 433
1527880 430
1527890 430
1527900 426
1527910 423
1527920 423
1527930 420
1527940 418
1527950 418
1527960 416
1527970 414
1527980 414
1527990 412
1528000 409
1528010 409
1528020 405
1528030 405
1528040 405
1528050 404
1528060 401
1528070 401
1528080 399
1528090 397
1528100 397
1528110 395
1528120 392
1528130 392
1528140 389
1528150 386
1528160 386
1528170 382
1528180 378
1528190 378
1528200 375
1528210 375
1528220 373
1528230 370
1528240 370
1528250 367
1528260 363
1528270 363
1528280 360
1528290 356
1528300 356
1528310 351
1528320 347
1528330 347
1528340 342
1528350 338
1528360 338
1528370 335
1528380 334
1528390 334
1528400 333
1528410 332
1528420 332
1528430 330
1528440 329
1528450 329
1528460 327
1528470 325
1528480 325
1528490 323
1528500 320
1528510 320
1528520 319
1528530 317
1528540 317
1528550 316
1528560 315
1528570 315
1528580 314
1528590 313
1528600 313
1528610 313
1528620 312
1528630 312
1528640 311
1528650 310
1528660 310
1528670 308
1528680 307
1528690 307
1528700 304
1528710 300
1528720 300
1528730 296
1528740 294
1528750 294
1528760 293
1528770 293
1528780 293
1528790 292
1528800 292
1528810 292
1528820 292
1528830 292
1528840 292
1528850 291
1528860 291
1528870 291
1528880 291
1528890 291
1528900 291
1528910 291
1528920 291
1528930 291
1528940 291
1528950 290
1528960 290
1528970 290
1528980 289
1528990 289
1529000 288
1529010 287
1529020 287
1529030 287
1529040 288
1529050 288
1529060 288
1529070 288
1529080 288
1529090 288
1529100 287
1529110 287
1529120 284
1529130 282
1529140 282
1529150 281
1529160 281
1529170 281
1529180 281
1529190 282
1529200 282
1529210 282
1529220 281
1529230 281
1529240 281
1529250 281
1529260 281
1529270 281
1529280 282
1529290 282
1529300 282
1529310 282
1529320 282
1529330 282
1529340 282
1529350 281
1529360 281
1529370 281
1529380 282
1529390 282
1529400 282
1529410 282
1529420 282
1529430 282
1529440 282
1529450 282
1529460 282
1529470 281
1529480 282
1529490 282
1529500 283
1529510 287
1529520 288
1529530 293
1529540 298
1529550 298
1529560 305
1529570 313
1529580 313
1529590 321
1529600 328
1529610 328
1529620 335
1529630 342
1529640 342
1529650 349
1529660 355
1529670 355
1529680 360
1529690 365
1529700 365
1529710 371
1529720 376
1529730 376
1529740 383
1529750 389
1529760 389
1529770 395
1529780 401
1529790 401
1529800 408
1529810 416
1529820 416
1529830 423
1529840 430
1529850 430
1529860 437
1529870 444
1529880 444
1529890 449
1529900 456
1529910 456
1529920 462
1529930 469
1529940 469
1529950 475
1529960 481
1529970 481
1529980 487
1529990 494
1530000 494
1530010 500
1530020 506
1530030 506
1530040 512
1530050 520
1530060 520
1530070 528
1530080 535
1530090 535
1530100 541
1530110 546
1530120 546
1530130 551
1530140 553
1530150 553
1530160 554
1530170 552
1530180 552
1530190 549
1530200 549
1530210 549
1530220 551
1530230 553
1530240 553
1530250 554
1530260 555
1530270 555
1530280 555
1530290 555
1530300 555
1530310 555
1530320 554
1530330 554
1530340 555
1530350 556
1530360 556
1530370 557
1530380 557
1530390 557
1530400 558
1530410 559
1530420 559
1530430 560
1530440 559
1530450 559
1530460 558
1530470 558
1530480 556
1530490 552
1530500 552
1530510 548
1530520 544
1530530 544
1530540 545
1530550 548
1530560 548
1530570 551
1530580 554
1530590 554
1530600 556
1530610 557
1530620 557
1530630 558
1530640 559
1530650 559
1530660 560
1530670 560
1530680 560
1530690 560
1530700 561
1530710 561
1530720 561
1530730 562
1530740 562
1530750 562
1530760 562
1530770 562
1530780 563
1530790 563
1530800 563
1530810 563
1530820 563
1530830 563
1530840 563
1530850 562
1530860 562
1530870 562
1530880 562
1530890 562
1530900 561
1530910 560
1530920 560
1530930 560
1530940 559
1530950 559
1530960 559
1530970 559
1530980 559
1530990 559
1531000 560
1531010 560
1531020 560
1531030 561
1531040 561
1531050 562
1531060 562
1531070 562
1531080 563
1531090 563
1531100 563
1531110 564
1531120 565
1531130 565
1531140 565
1531150 566
1531160 566
1531170 566
1531180 567
1531190 567
1531200 567
1531210 568
1531220 568
1531230 569
1531240 569
1531250 569
1531260 569
1531270 569
1531280 569
1531290 570
1531300 571
1531310 571
1531320 571
1531330 572
1531340 572
1531350 572
1531360 573
1531370 573
1531380 573
1531390 573
1531400 573
1531410 574
1531420 574
1531430 574
1531440 574
1531450 575
1531460 575
1531470 575
1531480 575
1531490 575
1531500 575
1531510 575
1531520 575
1531530 575
1531540 575
1531550 575
1531560 575
1531570 575
1531580 574
1531590 574
1531600 574
1531610 574
1531620 573
1531630 573
1531640 573
1531650 572
1531660 572
1531670 572
1531680 571
1531690 571
1531700 570
1531710 570
1531720 570
1531730 569
1531740 569
1531750 569
1531760 569
1531770 568
1531780 568
1531790 567
1531800 566
1531810 566
1531820 565
1531830 564
1531840 564
1531850 562
1531860 561
1531870 561
1531880 560
1531890 559
1531900 559
1531910 558
1531920 557
1531930 557
1531940 556
1531950 556
1531960 556
1531970 555
1531980 555
1531990 555
1532000 554
1532010 553
1532020 553
1532030 552
1532040 550
1532050 550
1532060 548
1532070 546
1532080 546
1532090 543
1532100 541
1532110 541
1532120 539
1532130 538
1532140 538
1532150 537
1532160 536
1532170 536
1532180 535
1532190 535
1532200 535
1532210 534
1532220 535
1532230 535
1532240 535
1532250 535
1532260 535
1532270 534
1532280 533
1532290 533
1532300 533
1532310 532
1532320 532
1532330 532
1532340 532
1532350 532
1532360 531
1532370 530
1532380 530
1532390 529
1532400 528
1532410 528
1532420 526
1532430 524
1532440 524
1532450 521
1532460 519
1532470 519
1532480 517
1532490 514
1532500 514
1532510 512
1532520 509
1532530 509
1532540 507
1532550 505
1532560 505
1532570 503
1532580 501
1532590 501
1532600 499
1532610 497
1532620 497
1532630 492
1532640 487
1532650 487
1532660 482
1532670 479
1532680 479
1532690 477
1532700 477
1532710 476
1532720 474
1532730 474
1532740 471
1532750 468
1532760 468
1532770 464
1532780 461
1532790 461
1532800 458
1532810 455
1532820 455
1532830 452
1532840 449
1532850 449
1532860 446
1532870 443
1532880 443
1532890 440
1532900 436
1532910 436
1532920 431
1532930 426
1532940 426
1532950 420
1532960 413
1532970 413
1532980 406
1532990 401
1533000 401
1533010 397
1533020 392
1533030 392
1533040 387
1533050 382
1533060 382
1533070 378
1533080 375
1533090 375
1533100 374
1533110 374
1533120 374
1533130 375
1533140 377
1533150 377
1533160 378
1533170 378
1533180 378
1533190 379
1533200 381
1533210 381
1533220 383
1533230 386
1533240 386
1533250 389
1533260 393
1533270 393
1533280 396
1533290 400
1533300 400
1533310 404
1533320 408
1533330 408
1533340 412
1533350 416
1533360 416
1533370 420
1533380 424
1533390 424
1533400 428
1533410 432
1533420 432
1533430 436
1533440 441
1533450 441
1533460 447
1533470 452
1533480 452
1533490 459
1533500 466
1533510 466
1533520 472
1533530 476
1533540 476
1533550 480
1533560 483
1533570 483
1533580 487
1533590 492
1533600 492
1533610 497
1533620 502
1533630 502
1533640 507
1533650 513
1533660 513
1533670 519
1533680 526
1533690 526
1533700 534
1533710 539
1533720 539
1533730 541
1533740 543
1533750 543
1533760 544
1533770 546
1533780 546
1533790 547
1533800 548
1533810 548
1533820 550
1533830 550
1533840 551
1533850 552
1533860 552
1533870 554
1533880 555
1533890 555
1533900 557
1533910 558
1533920 558
1533930 559
1533940 561
1533950 561
1533960 562
1533970 564
1533980 564
1533990 565
1534000 567
1534010 567
1534020 568
1534030 570
1534040 570
1534050 571
1534060 573
1534070 573
1534080 575
1534090 577
1534100 577
1534110 578
1534120 580
1534130 580
1534140 581
1534150 583
1534160 583
1534170 585
1534180 587
1534190 587
1534200 588
1534210 590
1534220 590
1534230 591
1534240 594
1534250 594
1534260 596
1534270 596
1534280 596
1534290 597
1534300 598
1534310 598
1534320 600
1534330 601
1534340 601
1534350 602
1534360 603
1534370 603
1534380 605
1534390 606
1534400 606
1534410 608
1534420 610
1534430 610
1534440 612
1534450 614
1534460 614
1534470 615
1534480 616
1534490 616
1534500 617
1534510 618
1534520 618
1534530 618
1534540 619
1534550 619
1534560 620
1534570 620
1534580 620
1534590 621
1534600 621
1534610 621
1534620 621
1534630 621
1534640 621
1534650 621
1534660 620
1534670 620
1534680 619
1534690 618
1534700 618
1534710 617
1534720 615
1534730 615
1534740 614
1534750 612
1534760 612
1534770 611
1534780 609
1534790 609
1534800 608
1534810 607
1534820 607
1534830 606
1534840 605
1534850 605
1534860 604
1534870 604
1534880 604
1534890 604
1534900 604
1534910 604
1534920 604
1534930 604
1534940 604
1534950 604
1534960 604
1534970 604
1534980 605
1534990 605
1535000 607
1535010 608
1535020 608
1535030 609
1535040 610
1535050 610
1535060 612
1535070 613
1535080 613
1535090 615
1535100 617
1535110 617
1535120 619
1535130 621
1535140 621
1535150 624
1535160 627
1535170 627
1535180 630
1535190 633
1535200 633
1535210 635
1535220 637
1535230 637
1535240 639
1535250 641
1535260 641
1535270 642
1535280 644
1535290 644
1535300 645
1535310 646
1535320 646
1535330 647
1535340 648
1535350 648
1535360 648
1535370 649
1535380 649
1535390 649
1535400 650
1535410 650
1535420 650
1535430 651
1535440 651
1535450 652
1535460 652
1535470 652
1535480 652
1535490 653
1535500 653
1535510 654
1535520 654
1535530 654
1535540 654
1535550 655
1535560 655
1535570 655
1535580 656
1535590 656
1535600 656
1535610 656
1535620 656
1535630 657
1535640 657
1535650 657
1535660 657
1535670 658
1535680 658
1535690 658
1535700 658
1535710 658
1535720 658
1535730 658
1535740 658
1535750 659
1535760 659
1535770 659
1535780 659
1535790 659
1535800 659
1535810 659
1535820 659
1535830 659
1535840 659
1535850 658
1535860 658
1535870 658
1535880 658
1535890 658
1535900 658
1535910 657
1535920 657
1535930 656
1535940 655
1535950 655
1535960 654
1535970 653
1535980 653
1535990 652
1536000 651
1536010 651
1536020 650
1536030 649
1536040 649
1536050 648
1536060 647
1536070 647
1536080 646
1536090 646
1536100 645
1536110 644
1536120 644
1536130 643
1536140 643
1536150 643
1536160 642
1536170 642
1536180 642
1536190 641
1536200 640
1536210 640
1536220 640
1536230 639
1536240 639
1536250 638
1536260 637
1536270 637
1536280 637
1536290 636
1536300 636
1536310 635
1536320 635
1536330 635
1536340 634
1536350 633
1536360 633
1536370 632
1536380 631
1536390 631
1536400 630
1536410 629
1536420 629
1536430 627
1536440 626
1536450 626
1536460 624
1536470 622
1536480 622
1536490 621
1536500 618
1536510 618
1536520 616
1536530 615
1536540 615
1536550 613
1536560 612
1536570 612
1536580 612
1536590 611
1536600 611
1536610 610
1536620 609
1536630 609
1536640 609
1536650 608
1536660 608
1536670 608
1536680 608
1536690 608
1536700 609
1536710 609
1536720 609
1536730 609
1536740 609
1536750 609
1536760 609
1536770 608
1536780 608
1536790 608
1536800 609
1536810 609
1536820 611
1536830 613
1536840 613
1536850 615
1536860 616
1536870 616
1536880 618
1536890 620
1536900 620
1536910 622
1536920 624
1536930 624
1536940 625
1536950 627
1536960 627
1536970 629
1536980 630
1536990 630
1537000 632
1537010 633
1537020 633
1537030 634
1537040 636
1537050 636
1537060 637
1537070 639
1537080 639
1537090 640
1537100 641
1537110 641
1537120 642
1537130 644
1537140 644
1537150 645
1537160 646
1537170 646
1537180 647
1537190 648
1537200 648
1537210 649
1537220 649
1537230 650
1537240 651
1537250 651
1537260 652
1537270 653
1537280 653
1537290 654
1537300 655
1537310 655
1537320 655
1537330 656
1537340 656
1537350 657
1537360 657
1537370 657
1537380 658
1537390 658
1537400 658
1537410 658
1537420 658
1537430 658
1537440 657
1537450 656
1537460 656
1537470 655
1537480 655
1537490 655
1537500 654
1537510 653
1537520 653
1537530 652
1537540 652
1537550 652
1537560 652
1537570 653
1537580 653
1537590 653
1537600 654
1537610 654
1537620 654
1537630 654
1537640 654
1537650 656
1537660 657
1537670 657
1537680 659
1537690 660
1537700 660
1537710 661
1537720 662
1537730 662
1537740 663
1537750 665
1537760 665
1537770 666
1537780 667
1537790 667
1537800 669
1537810 670
1537820 670
1537830 672
1537840 674
1537850 674
1537860 675
1537870 677
1537880 677
1537890 678
1537900 679
1537910 679
1537920 681
1537930 682
1537940 682
1537950 684
1537960 685
1537970 685
1537980 687
1537990 688
1538000 688
1538010 690
1538020 691
1538030 691
1538040 693
1538050 694
1538060 694
1538070 695
1538080 697
1538090 697
1538100 698
1538110 700
1538120 700
1538130 702
1538140 704
1538150 704
1538160 706
1538170 707
1538180 707
1538190 708
1538200 710
1538210 710
1538220 712
1538230 714
1538240 714
1538250 716
1538260 718
1538270 718
1538280 720
1538290 722
1538300 722
1538310 724
1538320 726
1538330 726
1538340 727
1538350 727
1538360 729
1538370 731
1538380 731
1538390 733
1538400 735
1538410 735
1538420 738
1538430 740
1538440 740
1538450 742
1538460 745
1538470 745
1538480 747
1538490 750
1538500 750
1538510 752
1538520 754
1538530 754
1538540 757
1538550 759
1538560 759
1538570 761
1538580 764
1538590 764
1538600 766
1538610 768
1538620 768
1538630 770
1538640 772
1538650 772
1538660 773
1538670 775
1538680 775
1538690 776
1538700 777
1538710 777
1538720 778
1538730 780
1538740 780
1538750 781
1538760 782
1538770 782
1538780 783
1538790 785
1538800 785
1538810 787
1538820 789
1538830 789
1538840 790
1538850 790
1538860 790
1538870 792
1538880 793
1538890 793
1538900 794
1538910 795
1538920 795
1538930 796
1538940 796
1538950 796
1538960 797
1538970 797
1538980 797
1538990 798
1539000 798
1539010 798
1539020 798
1539030 799
1539040 799
1539050 799
1539060 800
1539070 800
1539080 800
1539090 800
1539100 800
1539110 800
1539120 800
1539130 800
1539140 800
1539150 800
1539160 800
1539170 800
1539180 801
1539190 801
1539200 801
1539210 800
1539220 800
1539230 800
1539240 800
1539250 800
1539260 800
1539270 799
1539280 799
1539290 799
1539300 799
1539310 799
1539320 797
1539330 796
1539340 796
1539350 795
1539360 794
1539370 794
1539380 793
1539390 792
1539400 792
1539410 791
1539420 790
1539430 790
1539440 789
1539450 789
1539460 787
1539470 786
1539480 786
1539490 785
1539500 783
1539510 783
1539520 781
1539530 780
1539540 780
1539550 778
1539560 776
1539570 776
1539580 775
1539590 775
1539600 775
1539610 774
1539620 774
1539630 774
1539640 773
1539650 773
1539660 773
1539670 772
1539680 772
1539690 772
1539700 771
1539710 769
1539720 769
1539730 767
1539740 765
1539750 765
1539760 763
1539770 761
1539780 761
1539790 759
1539800 758
1539810 758
1539820 756
1539830 755
1539840 755
1539850 753
1539860 752
1539870 752
1539880 750
1539890 748
1539900 748
1539910 745
1539920 743
1539930 743
1539940 741
1539950 740
1539960 740
1539970 739
1539980 738
1539990 738
