1520000 679
1520010 680
1520020 681
1520030 681
1520040 683
1520050 684
1520060 684
1520070 686
1520080 688
1520090 688
1520100 689
1520110 691
1520120 691
1520130 691
1520140 693
1520150 693
1520160 694
1520170 694
1520180 695
1520190 696
1520200 696
1520210 697
1520220 699
1520230 699
1520240 700
1520250 701
1520260 701
1520270 703
1520280 704
1520290 704
1520300 705
1520310 707
1520320 707
1520330 708
1520340 709
1520350 709
1520360 711
1520370 712
1520380 712
1520390 714
1520400 715
1520410 715
1520420 717
1520430 718
1520440 718
1520450 720
1520460 721
1520470 721
1520480 722
1520490 724
1520500 724
1520510 725
1520520 727
1520530 727
1520540 728
1520550 729
1520560 729
1520570 731
1520580 733
1520590 733
1520600 734
1520610 736
1520620 736
1520630 737
1520640 738
1520650 738
1520660 739
1520670 741
1520680 741
1520690 743
1520700 744
1520710 744
1520720 746
1520730 747
1520740 747
1520750 749
1520760 751
1520770 751
1520780 754
1520790 755
1520800 755
1520810 757
1520820 759
1520830 759
1520840 761
1520850 764
1520860 764
1520870 766
1520880 769
1520890 769
1520900 771
1520910 773
1520920 773
1520930 775
1520940 777
1520950 777
1520960 779
1520970 782
1520980 782
1520990 785
1521000 788
1521010 788
1521020 791
1521030 794
1521040 794
1521050 797
1521060 800
1521070 800
1521080 803
1521090 806
1521100 806
1521110 808
1521120 812
1521130 812
1521140 815
1521150 818
1521160 818
1521170 820
1521180 822
1521190 822
1521200 825
1521210 828
1521220 828
1521230 831
1521240 831
1521250 833
1521260 835
1521270 835
1521280 836
1521290 838
1521300 838
1521310 840
1521320 842
1521330 842
1521340 843
1521350 845
1521360 845
1521370 847
1521380 849
1521390 849
1521400 850
1521410 853
1521420 853
1521430 855
1521440 856
1521450 856
1521460 857
1521470 857
1521480 857
1521490 857
1521500 857
1521510 857
1521520 857
1521530 857
1521540 857
1521550 857
1521560 856
1521570 856
1521580 855
1521590 855
1521600 855
1521610 854
1521620 853
1521630 853
1521640 853
1521650 853
1521660 853
1521670 853
1521680 853
1521690 853
1521700 853
1521710 853
1521720 853
1521730 853
1521740 852
1521750 852
1521760 852
1521770 851
1521780 851
1521790 850
1521800 848
1521810 848
1521820 846
1521830 845
1521840 845
1521850 843
1521860 842
1521870 842
1521880 841
1521890 840
1521900 840
1521910 840
1521920 839
1521930 839
1521940 837
1521950 836
1521960 836
1521970 834
1521980 833
1521990 833
1522000 831
1522010 829
1522020 829
1522030 828
1522040 826
1522050 826
1522060 823
1522070 821
1522080 821
1522090 819
1522100 818
1522110 818
1522120 817
1522130 816
1522140 816
1522150 815
1522160 814
1522170 814
1522180 813
1522190 811
1522200 811
1522210 809
1522220 808
1522230 808
1522240 806
1522250 805
1522260 805
1522270 803
1522280 802
1522290 802
1522300 800
1522310 798
1522320 798
1522330 797
1522340 797
1522350 795
1522360 794
1522370 794
1522380 792
1522390 791
1522400 791
1522410 790
1522420 788
1522430 788
1522440 787
1522450 785
1522460 785
1522470 784
1522480 783
1522490 783
1522500 781
1522510 780
1522520 780
1522530 779
1522540 778
1522550 778
1522560 776
1522570 775
1522580 775
1522590 773
1522600 772
1522610 772
1522620 771
1522630 769
1522640 769
1522650 768
1522660 767
1522670 767
1522680 765
1522690 763
1522700 763
1522710 761
1522720 759
1522730 759
1522740 758
1522750 756
1522760 756
1522770 755
1522780 753
1522790 753
1522800 751
1522810 749
1522820 749
1522830 747
1522840 746
1522850 746
1522860 745
1522870 745
1522880 745
1522890 744
1522900 743
1522910 743
1522920 741
1522930 740
1522940 740
1522950 739
1522960 738
1522970 738
1522980 736
1522990 735
1523000 735
1523010 733
1523020 731
1523030 731
1523040 729
1523050 727
1523060 727
1523070 726
1523080 727
1523090 727
1523100 727
1523110 726
1523120 726
1523130 726
1523140 726
1523150 726
1523160 725
1523170 724
1523180 724
1523190 723
1523200 722
1523210 722
1523220 721
1523230 721
1523240 721
1523250 721
1523260 720
1523270 720
1523280 719
1523290 718
1523300 718
1523310 718
1523320 717
1523330 717
1523340 717
1523350 717
1523360 717
1523370 717
1523380 717
1523390 717
1523400 717
1523410 717
1523420 717
1523430 717
1523440 717
1523450 717
1523460 718
1523470 718
1523480 718
1523490 718
1523500 718
1523510 719
1523520 719
1523530 719
1523540 719
1523550 719
1523560 719
1523570 720
1523580 720
1523590 720
1523600 720
1523610 720
1523620 720
1523630 721
1523640 721
1523650 721
1523660 722
1523670 722
1523680 722
1523690 723
1523700 723
1523710 723
1523720 724
1523730 724
1523740 724
1523750 724
1523760 724
1523770 724
1523780 725
1523790 724
1523800 724
1523810 724
1523820 724
1523830 724
1523840 723
1523850 723
1523860 723
1523870 722
1523880 721
1523890 721
1523900 719
1523910 718
1523920 718
1523930 717
1523940 716
1523950 716
1523960 714
1523970 712
1523980 712
1523990 711
1524000 710
1524010 710
1524020 708
1524030 706
1524040 706
1524050 704
1524060 702
1524070 702
1524080 701
1524090 699
1524100 699
1524110 696
1524120 694
1524130 694
1524140 691
1524150 689
1524160 689
1524170 686
1524180 683
1524190 683
1524200 679
1524210 676
1524220 676
1524230 673
1524240 671
1524250 671
1524260 669
1524270 668
1524280 668
1524290 666
1524300 665
1524310 665
1524320 663
1524330 662
1524340 662
1524350 661
1524360 660
1524370 660
1524380 659
1524390 657
1524400 657
1524410 655
1524420 653
1524430 653
1524440 651
1524450 650
1524460 650
1524470 649
1524480 646
1524490 646
1524500 645
1524510 645
1524520 643
1524530 642
1524540 642
1524550 640
1524560 639
1524570 639
1524580 637
1524590 635
1524600 635
1524610 633
1524620 631
1524630 631
1524640 629
1524650 627
1524660 627
1524670 625
1524680 623
1524690 623
1524700 621
1524710 619
1524720 619
1524730 617
1524740 615
1524750 615
1524760 613
1524770 612
1524780 612
1524790 610
1524800 608
1524810 608
1524820 605
1524830 603
1524840 603
1524850 600
1524860 598
1524870 598
1524880 595
1524890 592
1524900 592
1524910 589
1524920 587
1524930 587
1524940 585
1524950 583
1524960 583
1524970 582
1524980 580
1524990 580
1525000 578
1525010 576
1525020 576
1525030 573
1525040 570
1525050 570
1525060 568
1525070 565
1525080 565
1525090 563
1525100 561
1525110 561
1525120 562
1525130 562
1525140 562
1525150 561
1525160 561
1525170 561
1525180 560
1525190 559
1525200 559
1525210 558
1525220 557
1525230 557
1525240 555
1525250 554
1525260 554
1525270 552
1525280 552
1525290 552
1525300 551
1525310 550
1525320 550
1525330 549
1525340 548
1525350 548
1525360 547
1525370 546
1525380 546
1525390 546
1525400 545
1525410 545
1525420 543
1525430 542
1525440 542
1525450 541
1525460 541
1525470 541
1525480 541
1525490 541
1525500 541
1525510 541
1525520 539
1525530 539
1525540 539
1525550 539
1525560 539
1525570 539
1525580 538
1525590 538
1525600 537
1525610 537
1525620 536
1525630 535
1525640 535
1525650 536
1525660 536
1525670 536
1525680 537
1525690 536
1525700 536
1525710 535
1525720 533
1525730 533
1525740 531
1525750 528
1525760 528
1525770 528
1525780 530
1525790 530
1525800 533
1525810 536
1525820 536
1525830 540
1525840 544
1525850 544
1525860 547
1525870 548
1525880 548
1525890 549
1525900 549
1525910 549
1525920 548
1525930 548
1525940 548
1525950 548
1525960 549
1525970 549
1525980 549
1525990 550
1526000 550
1526010 550
1526020 550
1526030 550
1526040 550
1526050 549
1526060 549
1526070 548
1526080 547
1526090 547
1526100 546
1526110 545
1526120 545
1526130 545
1526140 544
1526150 544
1526160 542
1526170 538
1526180 538
1526190 533
1526200 525
1526210 525
1526220 518
1526230 511
1526240 511
1526250 506
1526260 502
1526270 502
1526280 500
1526290 498
1526300 498
1526310 498
1526320 498
1526330 498
1526340 499
1526350 501
1526360 501
1526370 503
1526380 506
1526390 506
1526400 509
1526410 512
1526420 512
1526430 515
1526440 518
1526450 518
1526460 522
1526470 524
1526480 524
1526490 527
1526500 529
1526510 529
1526520 532
1526530 533
1526540 533
1526550 533
1526560 532
1526570 532
1526580 530
1526590 528
1526600 528
1526610 526
1526620 523
1526630 523
1526640 519
1526650 515
1526660 515
1526670 510
1526680 510
1526690 505
1526700 500
1526710 500
1526720 493
1526730 487
1526740 487
1526750 481
1526760 475
1526770 475
1526780 470
1526790 465
1526800 465
1526810 461
1526820 457
1526830 457
1526840 453
1526850 449
1526860 449
1526870 445
1526880 442
1526890 442
1526900 440
1526910 439
1526920 439
1526930 437
1526940 437
1526950 437
1526960 436
1526970 435
1526980 435
1526990 433
1527000 433
1527010 433
1527020 432
1527030 431
1527040 431
1527050 431
1527060 429
1527070 429
1527080 427
1527090 425
1527100 425
1527110 423
1527120 419
1527130 419
1527140 415
1527150 411
1527160 411
1527170 407
1527180 404
1527190 404
1527200 400
1527210 395
1527220 395
1527230 390
1527240 387
1527250 387
1527260 384
1527270 382
1527280 382
1527290 379
1527300 375
1527310 375
1527320 372
1527330 368
1527340 368
1527350 365
1527360 363
1527370 363
1527380 360
1527390 358
1527400 358
1527410 355
1527420 352
1527430 352
1527440 347
1527450 344
1527460 344
1527470 342
1527480 339
1527490 339
1527500 336
1527510 334
1527520 334
1527530 332
1527540 330
1527550 330
1527560 330
1527570 330
1527580 330
1527590 329
1527600 329
1527610 329
1527620 327
1527630 325
1527640 325
1527650 323
1527660 322
1527670 322
1527680 320
1527690 319
1527700 319
1527710 319
1527720 320
1527730 320
1527740 321
1527750 322
1527760 322
1527770 321
1527780 321
1527790 321
1527800 319
1527810 319
1527820 319
1527830 318
1527840 318
1527850 317
1527860 316
1527870 316
1527880 315
1527890 315
1527900 315
1527910 314
1527920 313
1527930 313
1527940 312
1527950 312
1527960 312
1527970 311
1527980 309
1527990 309
1528000 307
1528010 306
1528020 306
1528030 304
1528040 303
1528050 303
1528060 301
1528070 300
1528080 300
1528090 299
1528100 297
1528110 297
1528120 295
1528130 292
1528140 292
1528150 290
1528160 289
1528170 289
1528180 289
1528190 289
1528200 289
1528210 289
1528220 289
1528230 289
1528240 289
1528250 289
1528260 289
1528270 289
1528280 288
1528290 288
1528300 287
1528310 287
1528320 287
1528330 287
1528340 286
1528350 286
1528360 284
1528370 282
1528380 282
1528390 282
1528400 282
1528410 282
1528420 282
1528430 281
1528440 281
1528450 281
1528460 281
1528470 281
1528480 281
1528490 281
1528500 281
1528510 281
1528520 281
1528530 281
1528540 281
1528550 281
1528560 281
1528570 281
1528580 281
1528590 281
1528600 281
1528610 282
1528620 282
1528630 282
1528640 282
1528650 282
1528660 282
1528670 282
1528680 282
1528690 282
1528700 282
1528710 282
1528720 282
1528730 282
1528740 282
1528750 282
1528760 285
1528770 285
1528780 288
1528790 291
1528800 291
1528810 295
1528820 300
1528830 300
1528840 307
1528850 315
1528860 315
1528870 322
1528880 322
1528890 330
1528900 336
1528910 336
1528920 343
1528930 349
1528940 349
1528950 355
1528960 361
1528970 361
1528980 367
1528990 372
1529000 372
1529010 378
1529020 384
1529030 384
1529040 390
1529050 396
1529060 396
1529070 402
1529080 407
1529090 407
1529100 414
1529110 422
1529120 422
1529130 428
1529140 433
1529150 433
1529160 439
1529170 444
1529180 444
1529190 450
1529200 457
1529210 457
1529220 465
1529230 472
1529240 472
1529250 480
1529260 485
1529270 485
1529280 487
1529290 485
1529300 485
1529310 483
1529320 481
1529330 481
1529340 481
1529350 484
1529360 484
1529370 487
1529380 492
1529390 492
1529400 497
1529410 502
1529420 502
1529430 508
1529440 514
1529450 514
1529460 519
1529470 524
1529480 524
1529490 530
1529500 536
1529510 536
1529520 540
1529530 545
1529540 545
1529550 549
1529560 552
1529570 552
1529580 555
1529590 556
1529600 556
1529610 558
1529620 559
1529630 559
1529640 560
1529650 562
1529660 562
1529670 563
1529680 564
1529690 564
1529700 566
1529710 568
1529720 568
1529730 569
1529740 571
1529750 571
1529760 572
1529770 574
1529780 574
1529790 575
1529800 576
1529810 576
1529820 577
1529830 578
1529840 578
1529850 579
1529860 580
1529870 580
1529880 581
1529890 581
1529900 581
1529910 581
1529920 582
1529930 582
1529940 582
1529950 582
1529960 582
1529970 582
1529980 582
1529990 582
1530000 582
1530010 582
1530020 582
1530030 582
1530040 582
1530050 582
1530060 581
1530070 581
1530080 581
1530090 580
1530100 580
1530110 580
1530120 579
1530130 579
1530140 578
1530150 578
1530160 578
1530170 578
1530180 577
1530190 577
1530200 576
1530210 576
1530220 576
1530230 576
1530240 576
1530250 576
1530260 576
1530270 575
1530280 575
1530290 575
1530300 575
1530310 575
1530320 575
1530330 574
1530340 574
1530350 574
1530360 574
1530370 574
1530380 574
1530390 574
1530400 574
1530410 574
1530420 574
1530430 574
1530440 574
1530450 574
1530460 574
1530470 574
1530480 574
1530490 574
1530500 574
1530510 574
1530520 574
1530530 574
1530540 574
1530550 574
1530560 574
1530570 574
1530580 574
1530590 574
1530600 574
1530610 574
1530620 574
1530630 573
1530640 573
1530650 573
1530660 573
1530670 573
1530680 572
1530690 572
1530700 572
1530710 571
1530720 570
1530730 570
1530740 568
1530750 567
1530760 567
1530770 566
1530780 566
1530790 566
1530800 566
1530810 566
1530820 566
1530830 565
1530840 565
1530850 565
1530860 565
1530870 565
1530880 565
1530890 565
1530900 564
1530910 564
1530920 564
1530930 564
1530940 564
1530950 564
1530960 563
1530970 563
1530980 563
1530990 563
1531000 563
1531010 562
1531020 561
1531030 561
1531040 561
1531050 561
1531060 561
1531070 560
1531080 560
1531090 560
1531100 560
1531110 560
1531120 560
1531130 559
1531140 559
1531150 559
1531160 558
1531170 558
1531180 558
1531190 557
1531200 557
1531210 556
1531220 555
1531230 555
1531240 554
1531250 554
1531260 554
1531270 553
1531280 552
1531290 552
1531300 552
1531310 551
1531320 551
1531330 550
1531340 549
1531350 549
1531360 548
1531370 547
1531380 547
1531390 545
1531400 544
1531410 544
1531420 543
1531430 542
1531440 542
1531450 542
1531460 541
1531470 541
1531480 541
1531490 540
1531500 540
1531510 540
1531520 541
1531530 541
1531540 543
1531550 545
1531560 545
1531570 546
1531580 546
1531590 546
1531600 547
1531610 547
1531620 547
1531630 547
1531640 547
1531650 547
1531660 548
1531670 547
1531680 547
1531690 547
1531700 546
1531710 546
1531720 546
1531730 546
1531740 546
1531750 545
1531760 545
1531770 545
1531780 545
1531790 545
1531800 545
1531810 545
1531820 545
1531830 545
1531840 545
1531850 545
1531860 545
1531870 546
1531880 546
1531890 546
1531900 546
1531910 547
1531920 547
1531930 547
1531940 547
1531950 547
1531960 547
1531970 546
1531980 546
1531990 546
1532000 546
1532010 546
1532020 545
1532030 545
1532040 545
1532050 545
1532060 545
1532070 545
1532080 545
1532090 544
1532100 544
1532110 544
1532120 543
1532130 543
1532140 542
1532150 542
1532160 541
1532170 540
1532180 540
1532190 539
1532200 538
1532210 538
1532220 536
1532230 535
1532240 535
1532250 532
1532260 530
1532270 530
1532280 529
1532290 527
1532300 527
1532310 526
1532320 526
1532330 526
1532340 527
1532350 528
1532360 528
1532370 531
1532380 533
1532390 533
1532400 535
1532410 537
1532420 537
1532430 538
1532440 539
1532450 539
1532460 540
1532470 541
1532480 541
1532490 542
1532500 542
1532510 542
1532520 543
1532530 543
1532540 543
1532550 543
1532560 543
1532570 543
1532580 543
1532590 543
1532600 543
1532610 543
1532620 543
1532630 543
1532640 543
1532650 543
1532660 543
1532670 543
1532680 544
1532690 544
1532700 545
1532710 546
1532720 546
1532730 546
1532740 546
1532750 546
1532760 546
1532770 546
1532780 546
1532790 546
1532800 545
1532810 545
1532820 544
1532830 542
1532840 542
1532850 539
1532860 535
1532870 535
1532880 530
1532890 524
1532900 524
1532910 518
1532920 511
1532930 511
1532940 504
1532950 496
1532960 496
1532970 489
1532980 482
1532990 482
1533000 475
1533010 468
1533020 468
1533030 461
1533040 454
1533050 454
1533060 448
1533070 443
1533080 443
1533090 437
1533100 432
1533110 432
1533120 426
1533130 421
1533140 421
1533150 417
1533160 412
1533170 412
1533180 408
1533190 405
1533200 405
1533210 403
1533220 403
1533230 401
1533240 401
1533250 401
1533260 401
1533270 406
1533280 406
1533290 413
1533300 420
1533310 420
1533320 425
1533330 429
1533340 429
1533350 433
1533360 438
1533370 438
1533380 442
1533390 447
1533400 447
1533410 452
1533420 457
1533430 457
1533440 461
1533450 465
1533460 465
1533470 470
1533480 474
1533490 474
1533500 478
1533510 483
1533520 483
1533530 489
1533540 494
1533550 494
1533560 497
1533570 501
1533580 501
1533590 506
1533600 510
1533610 510
1533620 514
1533630 518
1533640 518
1533650 522
1533660 526
1533670 526
1533680 529
1533690 533
1533700 533
1533710 536
1533720 541
1533730 541
1533740 545
1533750 548
1533760 548
1533770 549
1533780 549
1533790 549
1533800 548
1533810 548
1533820 548
1533830 547
1533840 545
1533850 545
1533860 545
1533870 545
1533880 545
1533890 544
1533900 543
1533910 543
1533920 542
1533930 540
1533940 540
1533950 536
1533960 531
1533970 531
1533980 527
1533990 523
1534000 523
1534010 519
1534020 516
1534030 516
1534040 517
1534050 519
1534060 519
1534070 522
1534080 525
1534090 525
1534100 528
1534110 533
1534120 533
1534130 538
1534140 542
1534150 542
1534160 543
1534170 544
1534180 544
1534190 545
1534200 545
1534210 545
1534220 545
1534230 545
1534240 545
1534250 545
1534260 545
1534270 545
1534280 546
1534290 546
1534300 546
1534310 546
1534320 546
1534330 546
1534340 546
1534350 546
1534360 546
1534370 546
1534380 546
1534390 546
1534400 546
1534410 546
1534420 546
1534430 545
1534440 545
1534450 545
1534460 544
1534470 544
1534480 544
1534490 543
1534500 543
1534510 543
1534520 543
1534530 543
1534540 543
1534550 544
1534560 544
1534570 544
1534580 545
1534590 545
1534600 546
1534610 546
1534620 546
1534630 546
1534640 546
1534650 546
1534660 546
1534670 546
1534680 546
1534690 546
1534700 549
1534710 549
1534720 551
1534730 552
1534740 552
1534750 553
1534760 554
1534770 554
1534780 556
1534790 557
1534800 557
1534810 557
1534820 558
1534830 558
1534840 558
1534850 558
1534860 558
1534870 558
1534880 558
1534890 558
1534900 557
1534910 556
1534920 556
1534930 556
1534940 555
1534950 555
1534960 553
1534970 552
1534980 552
1534990 550
1535000 548
1535010 548
1535020 547
1535030 547
1535040 547
1535050 547
1535060 546
1535070 546
1535080 545
1535090 546
1535100 546
1535110 546
1535120 548
1535130 548
1535140 550
1535150 552
1535160 552
1535170 555
1535180 557
1535190 557
1535200 559
1535210 561
1535220 561
1535230 562
1535240 564
1535250 564
1535260 565
1535270 567
1535280 567
1535290 568
1535300 569
1535310 569
1535320 570
1535330 571
1535340 571
1535350 572
1535360 574
1535370 574
1535380 575
1535390 575
1535400 577
1535410 578
1535420 578
1535430 579
1535440 580
1535450 580
1535460 581
1535470 582
1535480 582
1535490 582
1535500 583
1535510 583
1535520 583
1535530 583
1535540 583
1535550 583
1535560 583
1535570 583
1535580 582
1535590 582
1535600 582
1535610 581
1535620 581
1535630 581
1535640 580
1535650 579
1535660 579
1535670 579
1535680 578
1535690 578
1535700 577
1535710 576
1535720 576
1535730 575
1535740 575
1535750 575
1535760 573
1535770 573
1535780 573
1535790 572
1535800 571
1535810 571
1535820 571
1535830 570
1535840 570
1535850 568
1535860 568
1535870 568
1535880 569
1535890 570
1535900 570
1535910 571
1535920 571
1535930 571
1535940 572
1535950 573
1535960 573
1535970 573
1535980 574
1535990 574
1536000 575
1536010 576
1536020 576
1536030 578
1536040 579
1536050 579
1536060 581
1536070 583
1536080 583
1536090 585
1536100 587
1536110 587
1536120 589
1536130 592
1536140 592
1536150 593
1536160 595
1536170 595
1536180 597
1536190 598
1536200 598
1536210 600
1536220 601
1536230 601
1536240 602
1536250 603
1536260 603
1536270 604
1536280 605
1536290 605
1536300 606
1536310 607
1536320 607
1536330 607
1536340 608
1536350 608
1536360 609
1536370 609
1536380 609
1536390 610
1536400 610
1536410 610
1536420 611
1536430 612
1536440 612
1536450 613
1536460 613
1536470 613
1536480 614
1536490 614
1536500 614
1536510 614
1536520 614
1536530 614
1536540 614
1536550 614
1536560 614
1536570 614
1536580 614
1536590 614
1536600 615
1536610 615
1536620 616
1536630 617
1536640 617
1536650 617
1536660 618
1536670 618
1536680 619
1536690 620
1536700 620
1536710 620
1536720 621
1536730 621
1536740 622
1536750 620
1536760 620
1536770 621
1536780 621
1536790 621
1536800 622
1536810 623
1536820 623
1536830 623
1536840 623
1536850 623
1536860 624
1536870 624
1536880 624
1536890 625
1536900 625
1536910 625
1536920 625
1536930 625
1536940 625
1536950 625
1536960 623
1536970 623
1536980 621
1536990 619
1537000 619
1537010 616
1537020 614
1537030 614
1537040 613
1537050 613
1537060 613
1537070 614
1537080 615
1537090 615
1537100 616
1537110 618
1537120 618
1537130 619
1537140 621
1537150 621
1537160 622
1537170 623
1537180 623
1537190 624
1537200 626
1537210 626
1537220 627
1537230 629
1537240 629
1537250 630
1537260 632
1537270 632
1537280 634
1537290 635
1537300 635
1537310 637
1537320 638
1537330 638
1537340 640
1537350 641
1537360 641
1537370 643
1537380 645
1537390 645
1537400 646
1537410 648
1537420 648
1537430 650
1537440 651
1537450 651
1537460 652
1537470 653
1537480 653
1537490 655
1537500 657
1537510 657
1537520 659
1537530 660
1537540 660
1537550 662
1537560 662
1537570 664
1537580 666
1537590 666
1537600 667
1537610 669
1537620 669
1537630 671
1537640 673
1537650 673
1537660 675
1537670 676
1537680 676
1537690 678
1537700 680
1537710 680
1537720 682
1537730 684
1537740 684
1537750 686
1537760 688
1537770 688
1537780 690
1537790 691
1537800 691
1537810 693
1537820 695
1537830 695
1537840 697
1537850 699
1537860 699
1537870 701
1537880 703
1537890 703
1537900 705
1537910 707
1537920 707
1537930 709
1537940 711
1537950 711
1537960 713
1537970 715
1537980 715
1537990 717
1538000 719
1538010 719
1538020 721
1538030 724
1538040 724
1538050 726
1538060 728
1538070 728
1538080 731
1538090 733
1538100 733
1538110 735
1538120 737
1538130 737
1538140 738
1538150 740
1538160 740
1538170 743
1538180 745
1538190 745
1538200 749
1538210 751
1538220 751
1538230 753
1538240 756
1538250 756
1538260 758
1538270 761
1538280 761
1538290 763
1538300 766
1538310 766
1538320 768
1538330 771
1538340 771
1538350 773
1538360 775
1538370 775
1538380 777
1538390 780
1538400 780
1538410 782
1538420 785
1538430 785
1538440 787
1538450 789
1538460 789
1538470 791
1538480 794
1538490 794
1538500 796
1538510 798
1538520 798
1538530 800
1538540 802
1538550 802
1538560 804
1538570 807
1538580 807
1538590 809
1538600 811
1538610 811
1538620 813
1538630 815
1538640 815
1538650 816
1538660 816
1538670 818
1538680 819
1538690 819
1538700 820
1538710 822
1538720 822
1538730 823
1538740 824
1538750 824
1538760 825
1538770 826
1538780 826
1538790 827
1538800 827
1538810 827
1538820 828
1538830 828
1538840 828
1538850 828
1538860 828
1538870 828
1538880 828
1538890 827
1538900 827
1538910 827
1538920 826
1538930 826
1538940 824
1538950 823
1538960 823
1538970 822
1538980 820
1538990 820
1539000 819
1539010 817
1539020 817
1539030 816
1539040 814
1539050 814
1539060 812
1539070 809
1539080 809
1539090 806
1539100 803
1539110 803
1539120 800
1539130 798
1539140 798
1539150 796
1539160 795
1539170 795
1539180 794
1539190 792
1539200 792
1539210 791
1539220 789
1539230 789
1539240 788
1539250 786
1539260 786
1539270 783
1539280 782
1539290 782
1539300 781
1539310 780
1539320 780
1539330 779
1539340 778
1539350 778
1539360 777
1539370 776
1539380 776
1539390 775
1539400 773
1539410 773
1539420 771
1539430 770
1539440 770
1539450 769
1539460 768
1539470 768
1539480 767
1539490 766
1539500 766
1539510 766
1539520 766
1539530 766
1539540 766
1539550 765
1539560 765
1539570 765
1539580 763
1539590 763
1539600 762
1539610 760
1539620 760
1539630 760
1539640 760
1539650 760
1539660 761
1539670 762
1539680 762
1539690 763
1539700 763
1539710 763
1539720 763
1539730 764
1539740 764
1539750 764
1539760 764
1539770 765
1539780 765
1539790 765
1539800 766
1539810 766
1539820 766
1539830 767
1539840 767
1539850 767
1539860 768
1539870 768
1539880 768
1539890 769
1539900 769
1539910 769
1539920 769
1539930 769
1539940 769
1539950 769
1539960 769
1539970 769
1539980 768
1539990 768
