1520000 719
1520010 720
1520020 720
1520030 721
1520040 723
1520050 723
1520060 725
1520070 727
1520080 727
1520090 729
1520100 730
1520110 730
1520120 732
1520130 733
1520140 733
1520150 735
1520160 737
1520170 737
1520180 738
1520190 740
1520200 740
1520210 741
1520220 743
1520230 743
1520240 745
1520250 747
1520260 747
1520270 750
1520280 752
1520290 752
1520300 754
1520310 757
1520320 757
1520330 760
1520340 763
1520350 763
1520360 766
1520370 770
1520380 770
1520390 774
1520400 778
1520410 778
1520420 782
1520430 785
1520440 785
1520450 788
1520460 790
1520470 790
1520480 793
1520490 796
1520500 796
1520510 800
1520520 804
1520530 804
1520540 807
1520550 807
1520560 807
1520570 808
1520580 809
1520590 809
1520600 809
1520610 810
1520620 810
1520630 811
1520640 812
1520650 812
1520660 813
1520670 814
1520680 814
1520690 814
1520700 814
1520710 815
1520720 816
1520730 816
1520740 817
1520750 818
1520760 818
1520770 818
1520780 818
1520790 818
1520800 817
1520810 817
1520820 817
1520830 816
1520840 816
1520850 816
1520860 816
1520870 816
1520880 816
1520890 815
1520900 814
1520910 814
1520920 814
1520930 813
1520940 813
1520950 813
1520960 813
1520970 813
1520980 810
1520990 807
1521000 807
1521010 806
1521020 804
1521030 804
1521040 802
1521050 801
1521060 801
1521070 799
1521080 797
1521090 797
1521100 794
1521110 792
1521120 792
1521130 790
1521140 789
1521150 789
1521160 789
1521170 788
1521180 788
1521190 787
1521200 787
1521210 787
1521220 787
1521230 786
1521240 786
1521250 786
1521260 786
1521270 786
1521280 786
1521290 787
1521300 787
1521310 786
1521320 787
1521330 787
1521340 788
1521350 789
1521360 789
1521370 789
1521380 789
1521390 789
1521400 788
1521410 787
1521420 787
1521430 785
1521440 784
1521450 784
1521460 783
1521470 782
1521480 782
1521490 780
1521500 778
1521510 778
1521520 777
1521530 776
1521540 776
1521550 775
1521560 774
1521570 774
1521580 774
1521590 773
1521600 773
1521610 773
1521620 773
1521630 773
1521640 773
1521650 772
1521660 772
1521670 772
1521680 771
1521690 771
1521700 771
1521710 770
1521720 770
1521730 770
1521740 770
1521750 770
1521760 769
1521770 769
1521780 769
1521790 768
1521800 768
1521810 768
1521820 768
1521830 768
1521840 768
1521850 768
1521860 768
1521870 768
1521880 768
1521890 768
1521900 768
1521910 768
1521920 768
1521930 768
1521940 768
1521950 768
1521960 768
1521970 768
1521980 768
1521990 768
1522000 768
1522010 768
1522020 769
1522030 768
1522040 768
1522050 768
1522060 769
1522070 769
1522080 769
1522090 769
1522100 769
1522110 769
1522120 768
1522130 768
1522140 768
1522150 768
1522160 768
1522170 767
1522180 767
1522190 767
1522200 766
1522210 765
1522220 765
1522230 763
1522240 762
1522250 762
1522260 760
1522270 758
1522280 758
1522290 755
1522300 753
1522310 753
1522320 753
1522330 751
1522340 751
1522350 749
1522360 747
1522370 747
1522380 744
1522390 740
1522400 740
1522410 736
1522420 733
1522430 733
1522440 730
1522450 727
1522460 727
1522470 724
1522480 723
1522490 723
1522500 721
1522510 718
1522520 718
1522530 715
1522540 712
1522550 712
1522560 710
1522570 709
1522580 709
1522590 708
1522600 706
1522610 706
1522620 704
1522630 702
1522640 702
1522650 701
1522660 699
1522670 699
1522680 698
1522690 696
1522700 696
1522710 695
1522720 694
1522730 694
1522740 693
1522750 692
1522760 692
1522770 689
1522780 686
1522790 686
1522800 684
1522810 682
1522820 682
1522830 680
1522840 680
1522850 678
1522860 676
1522870 676
1522880 675
1522890 674
1522900 674
1522910 674
1522920 674
1522930 674
1522940 673
1522950 673
1522960 673
1522970 672
1522980 672
1522990 672
1523000 671
1523010 670
1523020 670
1523030 670
1523040 669
1523050 669
1523060 668
1523070 667
1523080 667
1523090 666
1523100 664
1523110 664
1523120 662
1523130 660
1523140 660
1523150 659
1523160 658
1523170 658
1523180 656
1523190 655
1523200 655
1523210 652
1523220 651
1523230 651
1523240 649
1523250 645
1523260 645
1523270 641
1523280 639
1523290 639
1523300 637
1523310 637
1523320 637
1523330 635
1523340 634
1523350 634
1523360 633
1523370 633
1523380 633
1523390 632
1523400 631
1523410 631
1523420 629
1523430 627
1523440 627
1523450 626
1523460 625
1523470 625
1523480 625
1523490 623
1523500 623
1523510 623
1523520 622
1523530 622
1523540 623
1523550 623
1523560 623
1523570 624
1523580 623
1523590 623
1523600 623
1523610 624
1523620 624
1523630 625
1523640 625
1523650 625
1523660 626
1523670 627
1523680 627
1523690 628
1523700 629
1523710 629
1523720 629
1523730 630
1523740 630
1523750 631
1523760 632
1523770 632
1523780 632
1523790 633
1523800 633
1523810 633
1523820 633
1523830 633
1523840 634
1523850 633
1523860 633
1523870 633
1523880 634
1523890 634
1523900 634
1523910 634
1523920 634
1523930 634
1523940 634
1523950 633
1523960 633
1523970 633
1523980 633
1523990 633
1524000 633
1524010 633
1524020 633
1524030 633
1524040 634
1524050 634
1524060 634
1524070 634
1524080 635
1524090 635
1524100 635
1524110 635
1524120 635
1524130 634
1524140 634
1524150 634
1524160 633
1524170 631
1524180 631
1524190 629
1524200 627
1524210 627
1524220 624
1524230 621
1524240 621
1524250 617
1524260 613
1524270 613
1524280 610
1524290 606
1524300 606
1524310 603
1524320 598
1524330 598
1524340 594
1524350 589
1524360 589
1524370 585
1524380 583
1524390 583
1524400 580
1524410 577
1524420 577
1524430 573
1524440 569
1524450 569
1524460 566
1524470 562
1524480 562
1524490 559
1524500 556
1524510 556
1524520 552
1524530 549
1524540 549
1524550 546
1524560 542
1524570 542
1524580 538
1524590 533
1524600 533
1524610 528
1524620 524
1524630 524
1524640 521
1524650 518
1524660 518
1524670 516
1524680 514
1524690 514
1524700 513
1524710 510
1524720 510
1524730 508
1524740 506
1524750 506
1524760 504
1524770 503
1524780 503
1524790 501
1524800 499
1524810 499
1524820 497
1524830 494
1524840 494
1524850 492
1524860 491
1524870 491
1524880 488
1524890 486
1524900 486
1524910 484
1524920 483
1524930 483
1524940 483
1524950 483
1524960 483
1524970 485
1524980 485
1524990 486
1525000 488
1525010 488
1525020 489
1525030 489
1525040 489
1525050 487
1525060 485
1525070 485
1525080 482
1525090 479
1525100 479
1525110 477
1525120 474
1525130 474
1525140 472
1525150 470
1525160 470
1525170 469
1525180 467
1525190 467
1525200 465
1525210 464
1525220 464
1525230 463
1525240 462
1525250 462
1525260 461
1525270 461
1525280 461
1525290 462
1525300 462
1525310 462
1525320 462
1525330 460
1525340 460
1525350 458
1525360 456
1525370 456
1525380 454
1525390 451
1525400 451
1525410 449
1525420 447
1525430 447
1525440 446
1525450 441
1525460 441
1525470 440
1525480 439
1525490 439
1525500 439
1525510 438
1525520 438
1525530 436
1525540 434
1525550 434
1525560 431
1525570 429
1525580 429
1525590 427
1525600 425
1525610 425
1525620 423
1525630 421
1525640 421
1525650 420
1525660 420
1525670 420
1525680 420
1525690 420
1525700 420
1525710 420
1525720 419
1525730 419
1525740 415
1525750 409
1525760 409
1525770 401
1525780 393
1525790 393
1525800 386
1525810 380
1525820 380
1525830 373
1525840 366
1525850 366
1525860 358
1525870 352
1525880 352
1525890 347
1525900 342
1525910 342
1525920 339
1525930 337
1525940 337
1525950 338
1525960 340
1525970 340
1525980 340
1525990 340
1526000 340
1526010 340
1526020 340
1526030 340
1526040 338
1526050 338
1526060 336
1526070 334
1526080 334
1526090 332
1526100 331
1526110 331
1526120 330
1526130 329
1526140 329
1526150 328
1526160 328
1526170 328
1526180 328
1526190 327
1526200 327
1526210 328
1526220 328
1526230 328
1526240 327
1526250 327
1526260 327
1526270 327
1526280 327
1526290 327
1526300 327
1526310 327
1526320 327
1526330 327
1526340 328
1526350 328
1526360 329
1526370 330
1526380 330
1526390 331
1526400 332
1526410 332
1526420 332
1526430 332
1526440 332
1526450 332
1526460 332
1526470 332
1526480 332
1526490 333
1526500 333
1526510 332
1526520 333
1526530 333
1526540 334
1526550 336
1526560 336
1526570 338
1526580 340
1526590 340
1526600 342
1526610 344
1526620 344
1526630 346
1526640 349
1526650 349
1526660 351
1526670 354
1526680 354
1526690 355
1526700 356
1526710 356
1526720 356
1526730 356
1526740 356
1526750 356
1526760 354
1526770 354
1526780 352
1526790 352
1526800 352
1526810 351
1526820 350
1526830 350
1526840 348
1526850 347
1526860 347
1526870 345
1526880 344
1526890 344
1526900 342
1526910 340
1526920 340
1526930 338
1526940 336
1526950 336
1526960 333
1526970 330
1526980 330
1526990 328
1527000 326
1527010 326
1527020 323
1527030 321
1527040 321
1527050 319
1527060 317
1527070 317
1527080 315
1527090 312
1527100 312
1527110 310
1527120 310
1527130 308
1527140 305
1527150 305
1527160 303
1527170 302
1527180 302
1527190 301
1527200 300
1527210 300
1527220 298
1527230 296
1527240 296
1527250 294
1527260 292
1527270 292
1527280 289
1527290 287
1527300 287
1527310 285
1527320 284
1527330 284
1527340 284
1527350 283
1527360 283
1527370 282
1527380 282
1527390 282
1527400 282
1527410 282
1527420 282
1527430 282
1527440 282
1527450 282
1527460 282
1527470 282
1527480 282
1527490 282
1527500 282
1527510 282
1527520 282
1527530 282
1527540 282
1527550 282
1527560 282
1527570 282
1527580 282
1527590 282
1527600 282
1527610 282
1527620 282
1527630 282
1527640 282
1527650 282
1527660 282
1527670 282
1527680 282
1527690 282
1527700 282
1527710 282
1527720 282
1527730 282
1527740 282
1527750 282
1527760 282
1527770 282
1527780 282
1527790 282
1527800 282
1527810 282
1527820 282
1527830 282
1527840 282
1527850 282
1527860 282
1527870 282
1527880 282
1527890 282
1527900 282
1527910 282
1527920 282
1527930 282
1527940 282
1527950 282
1527960 282
1527970 282
1527980 282
1527990 282
1528000 282
1528010 282
1528020 282
1528030 282
1528040 282
1528050 282
1528060 282
1528070 282
1528080 282
1528090 282
1528100 282
1528110 282
1528120 282
1528130 282
1528140 282
1528150 282
1528160 282
1528170 282
1528180 282
1528190 282
1528200 282
1528210 282
1528220 282
1528230 282
1528240 282
1528250 282
1528260 282
1528270 282
1528280 282
1528290 283
1528300 285
1528310 285
1528320 286
1528330 287
1528340 287
1528350 289
1528360 290
1528370 290
1528380 292
1528390 295
1528400 295
1528410 299
1528420 303
1528430 303
1528440 306
1528450 311
1528460 311
1528470 315
1528480 320
1528490 320
1528500 325
1528510 330
1528520 330
1528530 338
1528540 344
1528550 344
1528560 350
1528570 357
1528580 357
1528590 364
1528600 372
1528610 372
1528620 380
1528630 388
1528640 388
1528650 396
1528660 404
1528670 404
1528680 413
1528690 420
1528700 420
1528710 428
1528720 435
1528730 435
1528740 443
1528750 450
1528760 450
1528770 457
1528780 464
1528790 464
1528800 473
1528810 482
1528820 482
1528830 490
1528840 499
1528850 499
1528860 507
1528870 512
1528880 512
1528890 517
1528900 522
1528910 522
1528920 524
1528930 525
1528940 525
1528950 527
1528960 531
1528970 531
1528980 536
1528990 542
1529000 542
1529010 548
1529020 553
1529030 553
1529040 558
1529050 562
1529060 562
1529070 565
1529080 567
1529090 567
1529100 568
1529110 569
1529120 569
1529130 571
1529140 573
1529150 573
1529160 574
1529170 575
1529180 575
1529190 577
1529200 577
1529210 577
1529220 578
1529230 579
1529240 579
1529250 580
1529260 580
1529270 580
1529280 581
1529290 581
1529300 582
1529310 582
1529320 582
1529330 583
1529340 584
1529350 584
1529360 585
1529370 586
1529380 586
1529390 586
1529400 587
1529410 587
1529420 587
1529430 588
1529440 588
1529450 588
1529460 588
1529470 588
1529480 588
1529490 589
1529500 589
1529510 589
1529520 589
1529530 589
1529540 589
1529550 589
1529560 589
1529570 589
1529580 589
1529590 589
1529600 589
1529610 589
1529620 589
1529630 589
1529640 588
1529650 588
1529660 588
1529670 588
1529680 588
1529690 587
1529700 587
1529710 587
1529720 587
1529730 586
1529740 586
1529750 585
1529760 584
1529770 584
1529780 584
1529790 583
1529800 583
1529810 583
1529820 583
1529830 583
1529840 583
1529850 582
1529860 582
1529870 582
1529880 581
1529890 581
1529900 581
1529910 580
1529920 580
1529930 580
1529940 579
1529950 579
1529960 578
1529970 577
1529980 577
1529990 576
1530000 575
1530010 575
1530020 575
1530030 574
1530040 574
1530050 574
1530060 574
1530070 574
1530080 574
1530090 574
1530100 574
1530110 574
1530120 574
1530130 574
1530140 574
1530150 573
1530160 573
1530170 573
1530180 573
1530190 573
1530200 573
1530210 572
1530220 572
1530230 572
1530240 571
1530250 571
1530260 570
1530270 569
1530280 569
1530290 568
1530300 567
1530310 567
1530320 566
1530330 566
1530340 566
1530350 565
1530360 565
1530370 564
1530380 563
1530390 563
1530400 562
1530410 561
1530420 561
1530430 560
1530440 560
1530450 560
1530460 559
1530470 558
1530480 558
1530490 557
1530500 556
1530510 556
1530520 555
1530530 555
1530540 555
1530550 555
1530560 555
1530570 555
1530580 555
1530590 555
1530600 555
1530610 555
1530620 556
1530630 556
1530640 556
1530650 557
1530660 557
1530670 557
1530680 558
1530690 558
1530700 558
1530710 559
1530720 559
1530730 560
1530740 561
1530750 561
1530760 562
1530770 563
1530780 563
1530790 563
1530800 564
1530810 564
1530820 565
1530830 565
1530840 565
1530850 565
1530860 565
1530870 565
1530880 565
1530890 565
1530900 565
1530910 565
1530920 564
1530930 564
1530940 563
1530950 563
1530960 563
1530970 562
1530980 562
1530990 562
1531000 561
1531010 561
1531020 561
1531030 560
1531040 559
1531050 559
1531060 559
1531070 558
1531080 558
1531090 558
1531100 557
1531110 557
1531120 557
1531130 556
1531140 556
1531150 555
1531160 555
1531170 555
1531180 554
1531190 553
1531200 553
1531210 552
1531220 552
1531230 552
1531240 551
1531250 551
1531260 551
1531270 550
1531280 550
1531290 550
1531300 549
1531310 548
1531320 548
1531330 548
1531340 547
1531350 547
1531360 547
1531370 547
1531380 547
1531390 548
1531400 548
1531410 548
1531420 548
1531430 548
1531440 549
1531450 550
1531460 550
1531470 550
1531480 551
1531490 551
1531500 551
1531510 551
1531520 551
1531530 552
1531540 553
1531550 553
1531560 553
1531570 554
1531580 554
1531590 555
1531600 556
1531610 556
1531620 558
1531630 559
1531640 559
1531650 560
1531660 562
1531670 562
1531680 563
1531690 564
1531700 564
1531710 565
1531720 566
1531730 566
1531740 567
1531750 568
1531760 568
1531770 568
1531780 568
1531790 568
1531800 569
1531810 569
1531820 569
1531830 569
1531840 569
1531850 569
1531860 569
1531870 569
1531880 569
1531890 570
1531900 570
1531910 570
1531920 569
1531930 569
1531940 569
1531950 569
1531960 569
1531970 569
1531980 568
1531990 568
1532000 568
1532010 568
1532020 567
1532030 567
1532040 567
1532050 566
1532060 566
1532070 565
1532080 564
1532090 564
1532100 563
1532110 562
1532120 562
1532130 561
1532140 560
1532150 560
1532160 559
1532170 558
1532180 558
1532190 557
1532200 555
1532210 555
1532220 554
1532230 552
1532240 552
1532250 551
1532260 551
1532270 551
1532280 550
1532290 550
1532300 550
1532310 549
1532320 547
1532330 547
1532340 544
1532350 542
1532360 542
1532370 540
1532380 539
1532390 539
1532400 538
1532410 538
1532420 538
1532430 537
1532440 537
1532450 537
1532460 537
1532470 536
1532480 536
1532490 536
1532500 536
1532510 536
1532520 535
1532530 535
1532540 535
1532550 535
1532560 535
1532570 535
1532580 534
1532590 534
1532600 532
1532610 529
1532620 529
1532630 525
1532640 522
1532650 522
1532660 521
1532670 518
1532680 518
1532690 516
1532700 516
1532710 516
1532720 517
1532730 519
1532740 519
1532750 523
1532760 526
1532770 526
1532780 529
1532790 531
1532800 531
1532810 533
1532820 534
1532830 534
1532840 535
1532850 536
1532860 536
1532870 537
1532880 537
1532890 537
1532900 535
1532910 529
1532920 529
1532930 522
1532940 514
1532950 514
1532960 507
1532970 499
1532980 499
1532990 492
1533000 484
1533010 484
1533020 477
1533030 471
1533040 471
1533050 465
1533060 459
1533070 459
1533080 453
1533090 450
1533100 450
1533110 449
1533120 448
1533130 448
1533140 447
1533150 445
1533160 445
1533170 444
1533180 446
1533190 446
1533200 449
1533210 448
1533220 448
1533230 447
1533240 447
1533250 447
1533260 449
1533270 451
1533280 451
1533290 454
1533300 459
1533310 459
1533320 465
1533330 471
1533340 471
1533350 481
1533360 489
1533370 489
1533380 493
1533390 495
1533400 495
1533410 498
1533420 502
1533430 502
1533440 506
1533450 509
1533460 509
1533470 512
1533480 511
1533490 511
1533500 506
1533510 501
1533520 501
1533530 497
1533540 497
1533550 496
1533560 496
1533570 496
1533580 496
1533590 486
1533600 486
1533610 471
1533620 458
1533630 458
1533640 448
1533650 438
1533660 438
1533670 431
1533680 431
1533690 431
1533700 434
1533710 438
1533720 438
1533730 443
1533740 448
1533750 448
1533760 454
1533770 460
1533780 460
1533790 466
1533800 472
1533810 472
1533820 478
1533830 484
1533840 484
1533850 490
1533860 497
1533870 497
1533880 503
1533890 510
1533900 510
1533910 519
1533920 532
1533930 532
1533940 543
1533950 547
1533960 547
1533970 549
1533980 550
1533990 550
1534000 550
1534010 550
1534020 550
1534030 549
1534040 549
1534050 549
1534060 549
1534070 549
1534080 549
1534090 549
1534100 549
1534110 549
1534120 547
1534130 546
1534140 546
1534150 546
1534160 545
1534170 545
1534180 545
1534190 544
1534200 544
1534210 543
1534220 541
1534230 541
1534240 538
1534250 535
1534260 535
1534270 532
1534280 528
1534290 528
1534300 527
1534310 527
1534320 527
1534330 528
1534340 530
1534350 530
1534360 532
1534370 534
1534380 534
1534390 536
1534400 537
1534410 537
1534420 538
1534430 539
1534440 539
1534450 539
1534460 539
1534470 539
1534480 538
1534490 538
1534500 538
1534510 538
1534520 538
1534530 538
1534540 538
1534550 539
1534560 539
1534570 539
1534580 539
1534590 539
1534600 539
1534610 539
1534620 539
1534630 539
1534640 539
1534650 540
1534660 540
1534670 540
1534680 540
1534690 540
1534700 540
1534710 541
1534720 541
1534730 541
1534740 542
1534750 542
1534760 542
1534770 543
1534780 544
1534790 544
1534800 545
1534810 545
1534820 545
1534830 546
1534840 548
1534850 548
1534860 549
1534870 550
1534880 550
1534890 551
1534900 551
1534910 551
1534920 552
1534930 555
1534940 555
1534950 556
1534960 555
1534970 555
1534980 556
1534990 556
1535000 556
1535010 557
1535020 558
1535030 558
1535040 558
1535050 559
1535060 559
1535070 560
1535080 560
1535090 560
1535100 561
1535110 562
1535120 562
1535130 563
1535140 564
1535150 564
1535160 564
1535170 566
1535180 566
1535190 567
1535200 569
1535210 569
1535220 570
1535230 571
1535240 571
1535250 572
1535260 573
1535270 573
1535280 574
1535290 576
1535300 576
1535310 577
1535320 578
1535330 578
1535340 580
1535350 581
1535360 581
1535370 583
1535380 584
1535390 584
1535400 585
1535410 586
1535420 586
1535430 588
1535440 589
1535450 589
1535460 591
1535470 592
1535480 592
1535490 593
1535500 595
1535510 595
1535520 596
1535530 598
1535540 598
1535550 599
1535560 600
1535570 600
1535580 602
1535590 603
1535600 603
1535610 604
1535620 603
1535630 603
1535640 604
1535650 604
1535660 604
1535670 604
1535680 604
1535690 604
1535700 604
1535710 604
1535720 603
1535730 603
1535740 603
1535750 602
1535760 602
1535770 602
1535780 602
1535790 601
1535800 601
1535810 600
1535820 599
1535830 599
1535840 597
1535850 595
1535860 595
1535870 591
1535880 589
1535890 589
1535900 587
1535910 586
1535920 586
1535930 585
1535940 584
1535950 584
1535960 583
1535970 582
1535980 582
1535990 582
1536000 584
1536010 584
1536020 587
1536030 589
1536040 589
1536050 588
1536060 588
1536070 588
1536080 588
1536090 589
1536100 589
1536110 589
1536120 590
1536130 590
1536140 590
1536150 591
1536160 591
1536170 592
1536180 593
1536190 593
1536200 593
1536210 594
1536220 594
1536230 595
1536240 595
1536250 595
1536260 595
1536270 595
1536280 595
1536290 595
1536300 595
1536310 595
1536320 595
1536330 595
1536340 595
1536350 595
1536360 595
1536370 595
1536380 595
1536390 595
1536400 595
1536410 596
1536420 596
1536430 596
1536440 596
1536450 597
1536460 597
1536470 597
1536480 598
1536490 598
1536500 598
1536510 598
1536520 598
1536530 598
1536540 599
1536550 599
1536560 599
1536570 599
1536580 599
1536590 598
1536600 596
1536610 596
1536620 594
1536630 592
1536640 592
1536650 591
1536660 591
1536670 591
1536680 591
1536690 590
1536700 591
1536710 592
1536720 594
1536730 594
1536740 596
1536750 600
1536760 600
1536770 604
1536780 604
1536790 606
1536800 607
1536810 607
1536820 608
1536830 609
1536840 609
1536850 610
1536860 611
1536870 611
1536880 611
1536890 611
1536900 611
1536910 611
1536920 610
1536930 610
1536940 608
1536950 607
1536960 607
1536970 607
1536980 608
1536990 608
1537000 609
1537010 610
1537020 610
1537030 611
1537040 611
1537050 611
1537060 612
1537070 613
1537080 613
1537090 614
1537100 615
1537110 615
1537120 616
1537130 617
1537140 617
1537150 618
1537160 619
1537170 619
1537180 620
1537190 621
1537200 621
1537210 623
1537220 624
1537230 624
1537240 625
1537250 626
1537260 626
1537270 628
1537280 629
1537290 629
1537300 631
1537310 632
1537320 632
1537330 633
1537340 635
1537350 635
1537360 636
1537370 638
1537380 638
1537390 639
1537400 641
1537410 641
1537420 642
1537430 643
1537440 643
1537450 645
1537460 646
1537470 646
1537480 647
1537490 649
1537500 649
1537510 651
1537520 652
1537530 652
1537540 654
1537550 656
1537560 656
1537570 658
1537580 660
1537590 660
1537600 662
1537610 664
1537620 664
1537630 666
1537640 667
1537650 667
1537660 669
1537670 670
1537680 670
1537690 672
1537700 674
1537710 674
1537720 676
1537730 677
1537740 677
1537750 679
1537760 681
1537770 681
1537780 682
1537790 684
1537800 684
1537810 685
1537820 687
1537830 687
1537840 689
1537850 689
1537860 690
1537870 692
1537880 692
1537890 694
1537900 695
1537910 695
1537920 697
1537930 699
1537940 699
1537950 700
1537960 701
1537970 701
1537980 702
1537990 703
1538000 703
1538010 705
1538020 707
1538030 707
1538040 708
1538050 709
1538060 709
1538070 710
1538080 712
1538090 712
1538100 715
1538110 717
1538120 717
1538130 718
1538140 719
1538150 719
1538160 721
1538170 723
1538180 723
1538190 725
1538200 727
1538210 727
1538220 728
1538230 730
1538240 730
1538250 732
1538260 733
1538270 733
1538280 735
1538290 737
1538300 737
1538310 738
1538320 740
1538330 740
1538340 741
1538350 743
1538360 743
1538370 745
1538380 746
1538390 746
1538400 748
1538410 750
1538420 750
1538430 751
1538440 753
1538450 753
1538460 754
1538470 756
1538480 756
1538490 757
1538500 759
1538510 759
1538520 761
1538530 763
1538540 763
1538550 764
1538560 766
1538570 766
1538580 767
1538590 769
1538600 769
1538610 770
1538620 772
1538630 772
1538640 774
1538650 776
1538660 776
1538670 777
1538680 779
1538690 779
1538700 781
1538710 783
1538720 783
1538730 785
1538740 787
1538750 787
1538760 789
1538770 791
1538780 791
1538790 794
1538800 796
1538810 796
1538820 798
1538830 801
1538840 801
1538850 803
1538860 805
1538870 805
1538880 808
1538890 811
1538900 811
1538910 813
1538920 813
1538930 815
1538940 818
1538950 818
1538960 821
1538970 823
1538980 823
1538990 826
1539000 829
1539010 829
1539020 831
1539030 833
1539040 833
1539050 836
1539060 838
1539070 838
1539080 840
1539090 841
1539100 841
1539110 843
1539120 845
1539130 845
1539140 849
1539150 851
1539160 851
1539170 853
1539180 855
1539190 855
1539200 857
1539210 858
1539220 858
1539230 859
1539240 860
1539250 860
1539260 860
1539270 861
1539280 861
1539290 861
1539300 861
1539310 861
1539320 860
1539330 860
1539340 860
1539350 859
1539360 859
1539370 859
1539380 858
1539390 857
1539400 857
1539410 856
1539420 855
1539430 855
1539440 854
1539450 853
1539460 853
1539470 852
1539480 850
1539490 850
1539500 848
1539510 846
1539520 846
1539530 844
1539540 842
1539550 842
1539560 841
1539570 839
1539580 839
1539590 837
1539600 835
1539610 835
1539620 833
1539630 831
1539640 831
1539650 829
1539660 826
1539670 826
1539680 824
1539690 823
1539700 823
1539710 821
1539720 820
1539730 820
1539740 819
1539750 817
1539760 817
1539770 816
1539780 813
1539790 813
1539800 809
1539810 805
1539820 805
1539830 802
1539840 800
1539850 800
1539860 798
1539870 796
1539880 796
1539890 794
1539900 793
1539910 793
1539920 792
1539930 791
1539940 791
1539950 789
1539960 788
1539970 788
1539980 786
1539990 786
