1520000 720
1520010 722
1520020 722
1520030 723
1520040 725
1520050 725
1520060 726
1520070 727
1520080 727
1520090 729
1520100 730
1520110 730
1520120 732
1520130 734
1520140 734
1520150 736
1520160 738
1520170 738
1520180 739
1520190 742
1520200 742
1520210 744
1520220 747
1520230 747
1520240 750
1520250 754
1520260 754
1520270 756
1520280 759
1520290 759
1520300 762
1520310 765
1520320 765
1520330 767
1520340 770
1520350 770
1520360 773
1520370 776
1520380 776
1520390 779
1520400 782
1520410 782
1520420 784
1520430 788
1520440 788
1520450 791
1520460 793
1520470 793
1520480 795
1520490 796
1520500 796
1520510 798
1520520 799
1520530 799
1520540 800
1520550 801
1520560 801
1520570 802
1520580 803
1520590 803
1520600 804
1520610 804
1520620 805
1520630 806
1520640 806
1520650 808
1520660 810
1520670 810
1520680 812
1520690 812
1520700 812
1520710 811
1520720 811
1520730 811
1520740 810
1520750 810
1520760 810
1520770 810
1520780 809
1520790 809
1520800 809
1520810 808
1520820 808
1520830 808
1520840 807
1520850 807
1520860 806
1520870 805
1520880 805
1520890 805
1520900 804
1520910 804
1520920 802
1520930 801
1520940 801
1520950 800
1520960 799
1520970 799
1520980 797
1520990 796
1521000 796
1521010 794
1521020 793
1521030 793
1521040 791
1521050 790
1521060 790
1521070 788
1521080 785
1521090 785
1521100 784
1521110 782
1521120 782
1521130 780
1521140 779
1521150 779
1521160 778
1521170 777
1521180 777
1521190 777
1521200 776
1521210 776
1521220 776
1521230 775
1521240 775
1521250 774
1521260 773
1521270 773
1521280 773
1521290 773
1521300 773
1521310 774
1521320 774
1521330 774
1521340 774
1521350 773
1521360 773
1521370 773
1521380 772
1521390 772
1521400 771
1521410 770
1521420 770
1521430 769
1521440 768
1521450 768
1521460 767
1521470 766
1521480 766
1521490 765
1521500 764
1521510 764
1521520 764
1521530 764
1521540 764
1521550 764
1521560 763
1521570 763
1521580 763
1521590 763
1521600 763
1521610 763
1521620 762
1521630 762
1521640 762
1521650 762
1521660 762
1521670 761
1521680 761
1521690 761
1521700 760
1521710 760
1521720 760
1521730 759
1521740 759
1521750 759
1521760 758
1521770 758
1521780 758
1521790 757
1521800 757
1521810 757
1521820 757
1521830 757
1521840 757
1521850 757
1521860 757
1521870 757
1521880 758
1521890 758
1521900 758
1521910 758
1521920 758
1521930 758
1521940 757
1521950 757
1521960 758
1521970 758
1521980 758
1521990 758
1522000 758
1522010 758
1522020 759
1522030 759
1522040 759
1522050 760
1522060 760
1522070 760
1522080 761
1522090 762
1522100 762
1522110 763
1522120 764
1522130 764
1522140 765
1522150 766
1522160 766
1522170 766
1522180 766
1522190 766
1522200 765
1522210 762
1522220 762
1522230 760
1522240 758
1522250 758
1522260 756
1522270 754
1522280 754
1522290 750
1522300 748
1522310 748
1522320 745
1522330 743
1522340 743
1522350 741
1522360 738
1522370 738
1522380 735
1522390 733
1522400 733
1522410 730
1522420 726
1522430 726
1522440 723
1522450 719
1522460 719
1522470 717
1522480 714
1522490 714
1522500 712
1522510 710
1522520 710
1522530 707
1522540 705
1522550 705
1522560 703
1522570 701
1522580 701
1522590 699
1522600 697
1522610 697
1522620 695
1522630 694
1522640 694
1522650 693
1522660 691
1522670 691
1522680 690
1522690 689
1522700 689
1522710 688
1522720 686
1522730 686
1522740 685
1522750 685
1522760 684
1522770 681
1522780 681
1522790 677
1522800 673
1522810 673
1522820 671
1522830 669
1522840 669
1522850 668
1522860 667
1522870 667
1522880 667
1522890 666
1522900 666
1522910 666
1522920 665
1522930 665
1522940 665
1522950 665
1522960 665
1522970 664
1522980 664
1522990 664
1523000 664
1523010 663
1523020 663
1523030 662
1523040 662
1523050 662
1523060 661
1523070 660
1523080 660
1523090 659
1523100 658
1523110 658
1523120 657
1523130 655
1523140 655
1523150 654
1523160 653
1523170 653
1523180 651
1523190 650
1523200 650
1523210 649
1523220 647
1523230 647
1523240 645
1523250 643
1523260 643
1523270 641
1523280 639
1523290 639
1523300 636
1523310 634
1523320 634
1523330 630
1523340 627
1523350 627
1523360 625
1523370 621
1523380 621
1523390 617
1523400 614
1523410 614
1523420 612
1523430 610
1523440 610
1523450 609
1523460 609
1523470 609
1523480 608
1523490 608
1523500 608
1523510 607
1523520 607
1523530 607
1523540 606
1523550 606
1523560 606
1523570 606
1523580 607
1523590 607
1523600 607
1523610 609
1523620 609
1523630 610
1523640 610
1523650 610
1523660 611
1523670 613
1523680 613
1523690 614
1523700 614
1523710 614
1523720 616
1523730 617
1523740 617
1523750 619
1523760 620
1523770 620
1523780 621
1523790 622
1523800 622
1523810 622
1523820 622
1523830 622
1523840 622
1523850 622
1523860 621
1523870 621
1523880 621
1523890 620
1523900 619
1523910 619
1523920 619
1523930 619
1523940 619
1523950 619
1523960 619
1523970 619
1523980 618
1523990 619
1524000 619
1524010 619
1524020 621
1524030 621
1524040 622
1524050 623
1524060 623
1524070 624
1524080 623
1524090 623
1524100 622
1524110 621
1524120 621
1524130 619
1524140 618
1524150 618
1524160 616
1524170 614
1524180 614
1524190 610
1524200 607
1524210 607
1524220 603
1524230 600
1524240 600
1524250 596
1524260 592
1524270 592
1524280 588
1524290 585
1524300 585
1524310 581
1524320 577
1524330 577
1524340 574
1524350 572
1524360 572
1524370 569
1524380 567
1524390 567
1524400 564
1524410 561
1524420 561
1524430 557
1524440 553
1524450 553
1524460 550
1524470 546
1524480 546
1524490 542
1524500 536
1524510 536
1524520 533
1524530 531
1524540 531
1524550 527
1524560 524
1524570 524
1524580 521
1524590 519
1524600 519
1524610 517
1524620 513
1524630 513
1524640 509
1524650 506
1524660 506
1524670 501
1524680 497
1524690 497
1524700 495
1524710 493
1524720 493
1524730 491
1524740 489
1524750 489
1524760 487
1524770 485
1524780 485
1524790 483
1524800 481
1524810 481
1524820 479
1524830 478
1524840 478
1524850 475
1524860 473
1524870 473
1524880 470
1524890 470
1524900 466
1524910 463
1524920 463
1524930 460
1524940 459
1524950 459
1524960 460
1524970 464
1524980 464
1524990 466
1525000 469
1525010 469
1525020 471
1525030 472
1525040 472
1525050 472
1525060 471
1525070 471
1525080 469
1525090 466
1525100 466
1525110 462
1525120 459
1525130 459
1525140 456
1525150 454
1525160 454
1525170 451
1525180 448
1525190 448
1525200 446
1525210 444
1525220 444
1525230 442
1525240 440
1525250 440
1525260 438
1525270 436
1525280 436
1525290 436
1525300 436
1525310 436
1525320 435
1525330 434
1525340 434
1525350 433
1525360 431
1525370 431
1525380 429
1525390 427
1525400 427
1525410 425
1525420 423
1525430 423
1525440 422
1525450 420
1525460 420
1525470 418
1525480 416
1525490 416
1525500 414
1525510 411
1525520 411
1525530 408
1525540 406
1525550 406
1525560 404
1525570 401
1525580 401
1525590 397
1525600 394
1525610 394
1525620 391
1525630 388
1525640 388
1525650 387
1525660 384
1525670 384
1525680 382
1525690 380
1525700 380
1525710 377
1525720 372
1525730 372
1525740 369
1525750 366
1525760 366
1525770 363
1525780 359
1525790 359
1525800 355
1525810 351
1525820 351
1525830 347
1525840 344
1525850 344
1525860 341
1525870 338
1525880 338
1525890 333
1525900 329
1525910 329
1525920 326
1525930 325
1525940 325
1525950 325
1525960 325
1525970 324
1525980 323
1525990 323
1526000 322
1526010 321
1526020 321
1526030 319
1526040 318
1526050 318
1526060 317
1526070 316
1526080 316
1526090 315
1526100 314
1526110 314
1526120 313
1526130 312
1526140 312
1526150 311
1526160 311
1526170 311
1526180 310
1526190 310
1526200 310
1526210 310
1526220 310
1526230 310
1526240 311
1526250 311
1526260 311
1526270 312
1526280 312
1526290 312
1526300 313
1526310 314
1526320 314
1526330 315
1526340 317
1526350 317
1526360 318
1526370 319
1526380 319
1526390 319
1526400 319
1526410 319
1526420 319
1526430 319
1526440 319
1526450 319
1526460 318
1526470 318
1526480 317
1526490 317
1526500 317
1526510 316
1526520 316
1526530 316
1526540 316
1526550 316
1526560 316
1526570 318
1526580 319
1526590 319
1526600 319
1526610 321
1526620 321
1526630 322
1526640 321
1526650 321
1526660 319
1526670 317
1526680 317
1526690 316
1526700 317
1526710 317
1526720 318
1526730 318
1526740 318
1526750 318
1526760 317
1526770 317
1526780 317
1526790 317
1526800 317
1526810 316
1526820 314
1526830 314
1526840 313
1526850 313
1526860 313
1526870 312
1526880 310
1526890 310
1526900 307
1526910 307
1526920 307
1526930 306
1526940 305
1526950 305
1526960 303
1526970 301
1526980 301
1526990 299
1527000 296
1527010 296
1527020 295
1527030 295
1527040 293
1527050 291
1527060 291
1527070 289
1527080 287
1527090 287
1527100 287
1527110 286
1527120 286
1527130 285
1527140 284
1527150 284
1527160 284
1527170 283
1527180 283
1527190 282
1527200 282
1527210 282
1527220 282
1527230 282
1527240 282
1527250 282
1527260 282
1527270 282
1527280 282
1527290 282
1527300 282
1527310 282
1527320 282
1527330 282
1527340 282
1527350 282
1527360 282
1527370 282
1527380 282
1527390 282
1527400 282
1527410 282
1527420 282
1527430 282
1527440 282
1527450 282
1527460 282
1527470 282
1527480 282
1527490 282
1527500 282
1527510 282
1527520 282
1527530 282
1527540 282
1527550 282
1527560 282
1527570 282
1527580 282
1527590 282
1527600 282
1527610 282
1527620 282
1527630 282
1527640 282
1527650 282
1527660 282
1527670 282
1527680 282
1527690 282
1527700 282
1527710 282
1527720 282
1527730 282
1527740 282
1527750 282
1527760 282
1527770 282
1527780 282
1527790 282
1527800 282
1527810 282
1527820 282
1527830 282
1527840 282
1527850 282
1527860 282
1527870 282
1527880 282
1527890 282
1527900 282
1527910 282
1527920 282
1527930 282
1527940 282
1527950 282
1527960 282
1527970 282
1527980 282
1527990 282
1528000 282
1528010 282
1528020 282
1528030 282
1528040 282
1528050 282
1528060 282
1528070 282
1528080 282
1528090 282
1528100 282
1528110 282
1528120 282
1528130 282
1528140 282
1528150 283
1528160 283
1528170 284
1528180 284
1528190 284
1528200 284
1528210 285
1528220 285
1528230 286
1528240 286
1528250 286
1528260 287
1528270 288
1528280 288
1528290 289
1528300 291
1528310 291
1528320 294
1528330 296
1528340 296
1528350 298
1528360 301
1528370 301
1528380 303
1528390 305
1528400 305
1528410 308
1528420 310
1528430 310
1528440 313
1528450 317
1528460 317
1528470 323
1528480 329
1528490 329
1528500 334
1528510 339
1528520 339
1528530 345
1528540 351
1528550 351
1528560 358
1528570 365
1528580 365
1528590 372
1528600 379
1528610 379
1528620 386
1528630 394
1528640 394
1528650 402
1528660 411
1528670 411
1528680 419
1528690 429
1528700 429
1528710 438
1528720 448
1528730 448
1528740 456
1528750 463
1528760 463
1528770 470
1528780 478
1528790 478
1528800 486
1528810 493
1528820 493
1528830 501
1528840 508
1528850 508
1528860 515
1528870 522
1528880 522
1528890 529
1528900 535
1528910 535
1528920 543
1528930 550
1528940 550
1528950 557
1528960 561
1528970 561
1528980 565
1528990 568
1529000 568
1529010 571
1529020 573
1529030 573
1529040 575
1529050 577
1529060 577
1529070 579
1529080 580
1529090 580
1529100 581
1529110 582
1529120 582
1529130 583
1529140 583
1529150 583
1529160 583
1529170 584
1529180 584
1529190 584
1529200 584
1529210 584
1529220 585
1529230 585
1529240 585
1529250 586
1529260 586
1529270 586
1529280 586
1529290 586
1529300 586
1529310 586
1529320 586
1529330 587
1529340 587
1529350 587
1529360 587
1529370 588
1529380 588
1529390 588
1529400 588
1529410 588
1529420 588
1529430 588
1529440 588
1529450 588
1529460 588
1529470 588
1529480 588
1529490 588
1529500 588
1529510 588
1529520 587
1529530 587
1529540 587
1529550 587
1529560 587
1529570 587
1529580 587
1529590 587
1529600 587
1529610 587
1529620 587
1529630 587
1529640 587
1529650 587
1529660 587
1529670 586
1529680 586
1529690 586
1529700 587
1529710 587
1529720 586
1529730 586
1529740 586
1529750 586
1529760 586
1529770 586
1529780 586
1529790 585
1529800 585
1529810 585
1529820 585
1529830 585
1529840 584
1529850 584
1529860 584
1529870 584
1529880 583
1529890 583
1529900 582
1529910 582
1529920 582
1529930 581
1529940 581
1529950 581
1529960 580
1529970 580
1529980 580
1529990 579
1530000 578
1530010 578
1530020 578
1530030 577
1530040 577
1530050 577
1530060 576
1530070 576
1530080 576
1530090 575
1530100 575
1530110 574
1530120 574
1530130 574
1530140 574
1530150 573
1530160 573
1530170 573
1530180 572
1530190 572
1530200 571
1530210 571
1530220 571
1530230 570
1530240 569
1530250 569
1530260 568
1530270 568
1530280 567
1530290 566
1530300 566
1530310 565
1530320 564
1530330 564
1530340 562
1530350 561
1530360 561
1530370 560
1530380 560
1530390 560
1530400 559
1530410 558
1530420 558
1530430 557
1530440 557
1530450 557
1530460 556
1530470 556
1530480 556
1530490 556
1530500 556
1530510 556
1530520 556
1530530 556
1530540 556
1530550 556
1530560 556
1530570 556
1530580 557
1530590 557
1530600 557
1530610 558
1530620 558
1530630 558
1530640 559
1530650 560
1530660 560
1530670 560
1530680 561
1530690 561
1530700 561
1530710 562
1530720 562
1530730 563
1530740 563
1530750 563
1530760 564
1530770 564
1530780 564
1530790 564
1530800 565
1530810 565
1530820 565
1530830 565
1530840 565
1530850 565
1530860 565
1530870 565
1530880 564
1530890 563
1530900 563
1530910 562
1530920 561
1530930 561
1530940 560
1530950 560
1530960 560
1530970 559
1530980 558
1530990 558
1531000 558
1531010 557
1531020 557
1531030 557
1531040 557
1531050 557
1531060 556
1531070 556
1531080 556
1531090 556
1531100 555
1531110 555
1531120 555
1531130 554
1531140 554
1531150 554
1531160 553
1531170 553
1531180 553
1531190 552
1531200 552
1531210 552
1531220 551
1531230 551
1531240 550
1531250 549
1531260 549
1531270 548
1531280 548
1531290 548
1531300 547
1531310 547
1531320 547
1531330 547
1531340 547
1531350 548
1531360 548
1531370 548
1531380 549
1531390 550
1531400 550
1531410 550
1531420 551
1531430 551
1531440 551
1531450 552
1531460 552
1531470 552
1531480 552
1531490 552
1531500 553
1531510 554
1531520 554
1531530 554
1531540 555
1531550 555
1531560 556
1531570 558
1531580 558
1531590 559
1531600 560
1531610 560
1531620 561
1531630 563
1531640 563
1531650 564
1531660 565
1531670 565
1531680 567
1531690 568
1531700 568
1531710 568
1531720 569
1531730 569
1531740 570
1531750 570
1531760 570
1531770 570
1531780 571
1531790 571
1531800 571
1531810 571
1531820 571
1531830 571
1531840 571
1531850 571
1531860 570
1531870 569
1531880 569
1531890 569
1531900 568
1531910 568
1531920 568
1531930 567
1531940 567
1531950 566
1531960 566
1531970 566
1531980 565
1531990 565
1532000 565
1532010 565
1532020 564
1532030 564
1532040 564
1532050 563
1532060 563
1532070 562
1532080 562
1532090 562
1532100 561
1532110 560
1532120 560
1532130 559
1532140 558
1532150 558
1532160 557
1532170 556
1532180 556
1532190 555
1532200 554
1532210 554
1532220 553
1532230 552
1532240 552
1532250 551
1532260 551
1532270 551
1532280 550
1532290 549
1532300 549
1532310 548
1532320 546
1532330 546
1532340 545
1532350 543
1532360 543
1532370 542
1532380 542
1532390 541
1532400 540
1532410 540
1532420 540
1532430 540
1532440 540
1532450 540
1532460 541
1532470 541
1532480 540
1532490 539
1532500 539
1532510 539
1532520 538
1532530 538
1532540 538
1532550 537
1532560 537
1532570 535
1532580 534
1532590 534
1532600 531
1532610 527
1532620 527
1532630 524
1532640 521
1532650 521
1532660 519
1532670 520
1532680 520
1532690 522
1532700 526
1532710 526
1532720 530
1532730 534
1532740 534
1532750 537
1532760 539
1532770 539
1532780 540
1532790 540
1532800 540
1532810 540
1532820 540
1532830 540
1532840 540
1532850 540
1532860 540
1532870 540
1532880 539
1532890 539
1532900 537
1532910 535
1532920 535
1532930 532
1532940 527
1532950 527
1532960 523
1532970 519
1532980 519
1532990 512
1533000 505
1533010 505
1533020 498
1533030 491
1533040 491
1533050 486
1533060 480
1533070 480
1533080 480
1533090 486
1533100 486
1533110 491
1533120 490
1533130 490
1533140 488
1533150 490
1533160 490
1533170 498
1533180 503
1533190 503
1533200 503
1533210 502
1533220 502
1533230 501
1533240 500
1533250 500
1533260 495
1533270 492
1533280 492
1533290 492
1533300 494
1533310 494
1533320 499
1533330 505
1533340 512
1533350 518
1533360 523
1533370 523
1533380 527
1533390 529
1533400 529
1533410 532
1533420 535
1533430 535
1533440 537
1533450 537
1533460 538
1533470 537
1533480 537
1533490 536
1533500 533
1533510 533
1533520 532
1533530 531
1533540 531
1533550 531
1533560 528
1533570 528
1533580 519
1533590 511
1533600 511
1533610 507
1533620 497
1533630 497
1533640 481
1533650 470
1533660 470
1533670 455
1533680 442
1533690 442
1533700 436
1533710 433
1533720 433
1533730 433
1533740 436
1533750 436
1533760 441
1533770 445
1533780 445
1533790 450
1533800 454
1533810 454
1533820 458
1533830 464
1533840 464
1533850 472
1533860 480
1533870 480
1533880 490
1533890 501
1533900 501
1533910 508
1533920 512
1533930 512
1533940 516
1533950 522
1533960 522
1533970 526
1533980 529
1533990 529
1534000 532
1534010 534
1534020 534
1534030 535
1534040 536
1534050 536
1534060 537
1534070 537
1534080 537
1534090 538
1534100 538
1534110 538
1534120 538
1534130 539
1534140 539
1534150 539
1534160 539
1534170 539
1534180 539
1534190 538
1534200 538
1534210 536
1534220 533
1534230 533
1534240 530
1534250 526
1534260 526
1534270 524
1534280 525
1534290 525
1534300 527
1534310 529
1534320 529
1534330 531
1534340 533
1534350 533
1534360 535
1534370 537
1534380 537
1534390 539
1534400 541
1534410 541
1534420 542
1534430 544
1534440 544
1534450 545
1534460 545
1534470 545
1534480 546
1534490 547
1534500 547
1534510 547
1534520 547
1534530 548
1534540 548
1534550 548
1534560 548
1534570 547
1534580 547
1534590 547
1534600 546
1534610 546
1534620 545
1534630 545
1534640 545
1534650 544
1534660 544
1534670 544
1534680 544
1534690 544
1534700 544
1534710 544
1534720 544
1534730 544
1534740 543
1534750 544
1534760 544
1534770 547
1534780 550
1534790 550
1534800 552
1534810 554
1534820 554
1534830 555
1534840 556
1534850 556
1534860 557
1534870 557
1534880 557
1534890 558
1534900 558
1534910 558
1534920 558
1534930 558
1534940 558
1534950 558
1534960 559
1534970 559
1534980 559
1534990 559
1535000 559
1535010 560
1535020 560
1535030 560
1535040 561
1535050 562
1535060 562
1535070 562
1535080 563
1535090 563
1535100 564
1535110 565
1535120 565
1535130 566
1535140 567
1535150 567
1535160 568
1535170 569
1535180 569
1535190 570
1535200 571
1535210 571
1535220 571
1535230 572
1535240 572
1535250 573
1535260 574
1535270 574
1535280 575
1535290 576
1535300 576
1535310 578
1535320 579
1535330 579
1535340 580
1535350 581
1535360 581
1535370 582
1535380 584
1535390 584
1535400 585
1535410 587
1535420 587
1535430 588
1535440 590
1535450 590
1535460 591
1535470 592
1535480 592
1535490 594
1535500 595
1535510 595
1535520 597
1535530 598
1535540 598
1535550 599
1535560 601
1535570 601
1535580 602
1535590 602
1535600 603
1535610 603
1535620 603
1535630 604
1535640 605
1535650 605
1535660 605
1535670 605
1535680 605
1535690 604
1535700 604
1535710 604
1535720 604
1535730 604
1535740 604
1535750 603
1535760 603
1535770 603
1535780 603
1535790 603
1535800 603
1535810 602
1535820 601
1535830 601
1535840 600
1535850 598
1535860 598
1535870 595
1535880 593
1535890 593
1535900 591
1535910 589
1535920 589
1535930 588
1535940 586
1535950 586
1535960 586
1535970 585
1535980 585
1535990 585
1536000 584
1536010 584
1536020 584
1536030 584
1536040 584
1536050 587
1536060 588
1536070 588
1536080 589
1536090 590
1536100 590
1536110 591
1536120 592
1536130 592
1536140 593
1536150 594
1536160 594
1536170 595
1536180 597
1536190 597
1536200 597
1536210 598
1536220 598
1536230 598
1536240 598
1536250 598
1536260 599
1536270 599
1536280 599
1536290 600
1536300 600
1536310 600
1536320 600
1536330 600
1536340 600
1536350 600
1536360 601
1536370 601
1536380 601
1536390 601
1536400 601
1536410 602
1536420 602
1536430 602
1536440 603
1536450 604
1536460 604
1536470 604
1536480 605
1536490 605
1536500 605
1536510 606
1536520 606
1536530 607
1536540 608
1536550 608
1536560 609
1536570 609
1536580 609
1536590 609
1536600 609
1536610 609
1536620 608
1536630 603
1536640 603
1536650 599
1536660 599
1536670 597
1536680 596
1536690 596
1536700 595
1536710 595
1536720 595
1536730 594
1536740 594
1536750 594
1536760 593
1536770 595
1536780 595
1536790 598
1536800 601
1536810 601
1536820 603
1536830 603
1536840 603
1536850 604
1536860 604
1536870 604
1536880 603
1536890 603
1536900 603
1536910 603
1536920 604
1536930 604
1536940 605
1536950 606
1536960 606
1536970 607
1536980 608
1536990 608
1537000 608
1537010 609
1537020 609
1537030 611
1537040 612
1537050 612
1537060 612
1537070 613
1537080 613
1537090 614
1537100 615
1537110 615
1537120 616
1537130 617
1537140 617
1537150 618
1537160 619
1537170 619
1537180 620
1537190 621
1537200 621
1537210 623
1537220 624
1537230 624
1537240 625
1537250 627
1537260 627
1537270 628
1537280 629
1537290 629
1537300 630
1537310 632
1537320 632
1537330 633
1537340 634
1537350 634
1537360 636
1537370 637
1537380 637
1537390 638
1537400 640
1537410 640
1537420 641
1537430 643
1537440 643
1537450 644
1537460 646
1537470 646
1537480 647
1537490 649
1537500 649
1537510 651
1537520 652
1537530 652
1537540 654
1537550 656
1537560 656
1537570 657
1537580 659
1537590 659
1537600 661
1537610 663
1537620 663
1537630 664
1537640 666
1537650 666
1537660 668
1537670 670
1537680 670
1537690 671
1537700 673
1537710 673
1537720 675
1537730 675
1537740 677
1537750 678
1537760 678
1537770 680
1537780 682
1537790 682
1537800 684
1537810 685
1537820 685
1537830 687
1537840 688
1537850 688
1537860 690
1537870 691
1537880 691
1537890 693
1537900 694
1537910 694
1537920 696
1537930 697
1537940 697
1537950 698
1537960 700
1537970 700
1537980 701
1537990 703
1538000 703
1538010 704
1538020 706
1538030 706
1538040 707
1538050 709
1538060 709
1538070 710
1538080 712
1538090 712
1538100 714
1538110 715
1538120 715
1538130 716
1538140 719
1538150 719
1538160 720
1538170 722
1538180 722
1538190 723
1538200 725
1538210 725
1538220 727
1538230 729
1538240 729
1538250 730
1538260 732
1538270 732
1538280 733
1538290 735
1538300 735
1538310 737
1538320 738
1538330 738
1538340 740
1538350 742
1538360 742
1538370 744
1538380 745
1538390 745
1538400 747
1538410 748
1538420 748
1538430 750
1538440 751
1538450 751
1538460 753
1538470 755
1538480 755
1538490 757
1538500 758
1538510 758
1538520 760
1538530 761
1538540 761
1538550 763
1538560 765
1538570 765
1538580 767
1538590 768
1538600 768
1538610 770
1538620 772
1538630 772
1538640 774
1538650 776
1538660 776
1538670 778
1538680 780
1538690 780
1538700 782
1538710 785
1538720 785
1538730 787
1538740 789
1538750 789
1538760 792
1538770 794
1538780 794
1538790 797
1538800 797
1538810 800
1538820 802
1538830 802
1538840 805
1538850 808
1538860 808
1538870 811
1538880 813
1538890 813
1538900 816
1538910 819
1538920 819
1538930 823
1538940 825
1538950 825
1538960 828
1538970 831
1538980 831
1538990 834
1539000 836
1539010 836
1539020 839
1539030 842
1539040 842
1539050 846
1539060 848
1539070 848
1539080 851
1539090 853
1539100 853
1539110 855
1539120 857
1539130 857
1539140 859
1539150 861
1539160 861
1539170 863
1539180 865
1539190 865
1539200 867
1539210 868
1539220 868
1539230 869
1539240 869
1539250 869
1539260 869
1539270 869
1539280 869
1539290 869
1539300 868
1539310 868
1539320 868
1539330 867
1539340 867
1539350 867
1539360 866
1539370 866
1539380 865
1539390 864
1539400 864
1539410 863
1539420 862
1539430 862
1539440 860
1539450 858
1539460 858
1539470 856
1539480 855
1539490 855
1539500 853
1539510 851
1539520 851
1539530 849
1539540 847
1539550 847
1539560 844
1539570 841
1539580 841
1539590 838
1539600 836
1539610 836
1539620 834
1539630 832
1539640 832
1539650 830
1539660 829
1539670 829
1539680 828
1539690 827
1539700 827
1539710 826
1539720 824
1539730 824
1539740 822
1539750 821
1539760 821
1539770 820
1539780 818
1539790 818
1539800 816
1539810 815
1539820 815
1539830 813
1539840 811
1539850 811
1539860 809
1539870 809
1539880 808
1539890 806
1539900 806
1539910 803
1539920 800
1539930 800
1539940 799
1539950 797
1539960 797
1539970 795
1539980 793
1539990 793
