1520000 721
1520010 723
1520020 723
1520030 725
1520040 727
1520050 727
1520060 729
1520070 731
1520080 731
1520090 733
1520100 735
1520110 735
1520120 737
1520130 739
1520140 739
1520150 740
1520160 741
1520170 741
1520180 743
1520190 744
1520200 744
1520210 745
1520220 746
1520230 746
1520240 746
1520250 747
1520260 747
1520270 748
1520280 748
1520290 748
1520300 749
1520310 749
1520320 749
1520330 750
1520340 750
1520350 750
1520360 750
1520370 750
1520380 750
1520390 750
1520400 750
1520410 750
1520420 750
1520430 750
1520440 750
1520450 750
1520460 750
1520470 749
1520480 750
1520490 750
1520500 750
1520510 750
1520520 750
1520530 751
1520540 751
1520550 751
1520560 751
1520570 751
1520580 751
1520590 752
1520600 752
1520610 752
1520620 752
1520630 753
1520640 753
1520650 753
1520660 753
1520670 753
1520680 754
1520690 754
1520700 754
1520710 755
1520720 755
1520730 755
1520740 755
1520750 755
1520760 755
1520770 756
1520780 756
1520790 756
1520800 756
1520810 756
1520820 756
1520830 756
1520840 756
1520850 756
1520860 756
1520870 756
1520880 756
1520890 755
1520900 755
1520910 755
1520920 755
1520930 755
1520940 755
1520950 755
1520960 754
1520970 754
1520980 754
1520990 754
1521000 754
1521010 754
1521020 753
1521030 753
1521040 753
1521050 753
1521060 753
1521070 753
1521080 752
1521090 752
1521100 752
1521110 751
1521120 751
1521130 751
1521140 750
1521150 750
1521160 749
1521170 748
1521180 748
1521190 747
1521200 747
1521210 747
1521220 746
1521230 745
1521240 745
1521250 744
1521260 742
1521270 742
1521280 741
1521290 739
1521300 739
1521310 737
1521320 736
1521330 736
1521340 734
1521350 734
1521360 732
1521370 731
1521380 731
1521390 730
1521400 729
1521410 729
1521420 729
1521430 728
1521440 728
1521450 728
1521460 727
1521470 727
1521480 727
1521490 726
1521500 726
1521510 726
1521520 725
1521530 725
1521540 724
1521550 724
1521560 724
1521570 723
1521580 722
1521590 722
1521600 722
1521610 721
1521620 721
1521630 720
1521640 719
1521650 719
1521660 719
1521670 719
1521680 719
1521690 719
1521700 719
1521710 719
1521720 718
1521730 716
1521740 716
1521750 715
1521760 715
1521770 715
1521780 715
1521790 715
1521800 715
1521810 714
1521820 714
1521830 714
1521840 713
1521850 713
1521860 713
1521870 713
1521880 713
1521890 713
1521900 713
1521910 713
1521920 713
1521930 713
1521940 713
1521950 713
1521960 713
1521970 713
1521980 713
1521990 713
1522000 713
1522010 713
1522020 714
1522030 714
1522040 714
1522050 714
1522060 715
1522070 715
1522080 716
1522090 716
1522100 716
1522110 717
1522120 717
1522130 717
1522140 718
1522150 718
1522160 718
1522170 718
1522180 717
1522190 717
1522200 716
1522210 715
1522220 715
1522230 713
1522240 712
1522250 712
1522260 710
1522270 708
1522280 708
1522290 705
1522300 703
1522310 703
1522320 701
1522330 698
1522340 698
1522350 696
1522360 693
1522370 693
1522380 691
1522390 688
1522400 688
1522410 685
1522420 685
1522430 683
1522440 681
1522450 681
1522460 678
1522470 676
1522480 676
1522490 674
1522500 673
1522510 673
1522520 671
1522530 670
1522540 670
1522550 668
1522560 667
1522570 667
1522580 666
1522590 664
1522600 664
1522610 663
1522620 662
1522630 662
1522640 661
1522650 659
1522660 659
1522670 658
1522680 657
1522690 657
1522700 657
1522710 655
1522720 655
1522730 654
1522740 652
1522750 652
1522760 650
1522770 648
1522780 648
1522790 647
1522800 645
1522810 645
1522820 643
1522830 642
1522840 642
1522850 640
1522860 638
1522870 638
1522880 636
1522890 634
1522900 634
1522910 632
1522920 630
1522930 630
1522940 628
1522950 625
1522960 625
1522970 621
1522980 617
1522990 617
1523000 615
1523010 613
1523020 613
1523030 611
1523040 608
1523050 608
1523060 605
1523070 604
1523080 604
1523090 603
1523100 604
1523110 604
1523120 605
1523130 605
1523140 605
1523150 605
1523160 604
1523170 604
1523180 603
1523190 603
1523200 603
1523210 602
1523220 601
1523230 601
1523240 600
1523250 600
1523260 600
1523270 599
1523280 599
1523290 599
1523300 598
1523310 597
1523320 597
1523330 596
1523340 596
1523350 596
1523360 595
1523370 593
1523380 593
1523390 591
1523400 589
1523410 589
1523420 585
1523430 581
1523440 581
1523450 575
1523460 570
1523470 570
1523480 567
1523490 567
1523500 564
1523510 561
1523520 561
1523530 558
1523540 554
1523550 554
1523560 548
1523570 541
1523580 541
1523590 535
1523600 529
1523610 529
1523620 522
1523630 515
1523640 515
1523650 509
1523660 506
1523670 506
1523680 507
1523690 510
1523700 510
1523710 512
1523720 515
1523730 515
1523740 517
1523750 519
1523760 519
1523770 522
1523780 525
1523790 525
1523800 527
1523810 529
1523820 529
1523830 530
1523840 531
1523850 531
1523860 530
1523870 528
1523880 528
1523890 527
1523900 526
1523910 526
1523920 524
1523930 522
1523940 522
1523950 521
1523960 519
1523970 519
1523980 518
1523990 517
1524000 517
1524010 517
1524020 515
1524030 515
1524040 515
1524050 514
1524060 514
1524070 513
1524080 513
1524090 513
1524100 512
1524110 511
1524120 511
1524130 510
1524140 508
1524150 508
1524160 507
1524170 506
1524180 506
1524190 505
1524200 503
1524210 503
1524220 502
1524230 500
1524240 500
1524250 499
1524260 497
1524270 497
1524280 496
1524290 494
1524300 494
1524310 492
1524320 491
1524330 491
1524340 489
1524350 488
1524360 488
1524370 487
1524380 485
1524390 485
1524400 484
1524410 482
1524420 482
1524430 480
1524440 478
1524450 478
1524460 477
1524470 474
1524480 474
1524490 472
1524500 470
1524510 470
1524520 468
1524530 468
1524540 466
1524550 464
1524560 464
1524570 463
1524580 462
1524590 462
1524600 461
1524610 459
1524620 459
1524630 458
1524640 457
1524650 457
1524660 455
1524670 454
1524680 454
1524690 453
1524700 452
1524710 452
1524720 450
1524730 448
1524740 448
1524750 447
1524760 445
1524770 445
1524780 444
1524790 443
1524800 443
1524810 441
1524820 439
1524830 439
1524840 437
1524850 434
1524860 434
1524870 430
1524880 426
1524890 426
1524900 421
1524910 417
1524920 417
1524930 412
1524940 406
1524950 406
1524960 399
1524970 393
1524980 393
1524990 387
1525000 383
1525010 383
1525020 380
1525030 377
1525040 377
1525050 375
1525060 373
1525070 373
1525080 373
1525090 368
1525100 368
1525110 367
1525120 366
1525130 366
1525140 366
1525150 367
1525160 367
1525170 367
1525180 367
1525190 367
1525200 365
1525210 364
1525220 364
1525230 362
1525240 360
1525250 360
1525260 357
1525270 353
1525280 353
1525290 350
1525300 347
1525310 347
1525320 343
1525330 340
1525340 340
1525350 337
1525360 335
1525370 335
1525380 332
1525390 330
1525400 330
1525410 327
1525420 325
1525430 325
1525440 323
1525450 321
1525460 321
1525470 319
1525480 317
1525490 317
1525500 315
1525510 313
1525520 313
1525530 311
1525540 309
1525550 309
1525560 308
1525570 305
1525580 305
1525590 301
1525600 301
1525610 299
1525620 298
1525630 298
1525640 296
1525650 293
1525660 293
1525670 292
1525680 291
1525690 291
1525700 291
1525710 290
1525720 290
1525730 290
1525740 291
1525750 291
1525760 287
1525770 283
1525780 283
1525790 282
1525800 282
1525810 282
1525820 282
1525830 282
1525840 282
1525850 282
1525860 282
1525870 282
1525880 282
1525890 282
1525900 282
1525910 282
1525920 282
1525930 282
1525940 282
1525950 282
1525960 282
1525970 282
1525980 282
1525990 282
1526000 282
1526010 282
1526020 282
1526030 282
1526040 282
1526050 282
1526060 282
1526070 282
1526080 282
1526090 282
1526100 282
1526110 282
1526120 282
1526130 282
1526140 282
1526150 282
1526160 282
1526170 282
1526180 282
1526190 282
1526200 282
1526210 282
1526220 282
1526230 282
1526240 282
1526250 282
1526260 282
1526270 282
1526280 282
1526290 282
1526300 282
1526310 282
1526320 282
1526330 282
1526340 282
1526350 282
1526360 282
1526370 282
1526380 282
1526390 282
1526400 282
1526410 282
1526420 282
1526430 282
1526440 282
1526450 282
1526460 282
1526470 282
1526480 282
1526490 282
1526500 282
1526510 282
1526520 282
1526530 282
1526540 282
1526550 282
1526560 282
1526570 282
1526580 282
1526590 282
1526600 282
1526610 282
1526620 282
1526630 282
1526640 282
1526650 282
1526660 282
1526670 282
1526680 282
1526690 282
1526700 282
1526710 282
1526720 282
1526730 282
1526740 282
1526750 282
1526760 282
1526770 282
1526780 282
1526790 282
1526800 282
1526810 282
1526820 282
1526830 282
1526840 282
1526850 282
1526860 282
1526870 282
1526880 282
1526890 282
1526900 282
1526910 282
1526920 282
1526930 282
1526940 282
1526950 282
1526960 282
1526970 282
1526980 282
1526990 282
1527000 282
1527010 282
1527020 282
1527030 282
1527040 282
1527050 282
1527060 282
1527070 283
1527080 284
1527090 284
1527100 285
1527110 285
1527120 285
1527130 285
1527140 285
1527150 285
1527160 285
1527170 286
1527180 286
1527190 286
1527200 286
1527210 286
1527220 286
1527230 286
1527240 286
1527250 286
1527260 286
1527270 286
1527280 286
1527290 287
1527300 287
1527310 287
1527320 287
1527330 287
1527340 287
1527350 287
1527360 287
1527370 287
1527380 288
1527390 288
1527400 288
1527410 288
1527420 288
1527430 288
1527440 288
1527450 288
1527460 288
1527470 288
1527480 288
1527490 289
1527500 289
1527510 289
1527520 288
1527530 288
1527540 288
1527550 288
1527560 288
1527570 288
1527580 288
1527590 288
1527600 288
1527610 288
1527620 288
1527630 288
1527640 288
1527650 288
1527660 288
1527670 288
1527680 288
1527690 288
1527700 288
1527710 288
1527720 288
1527730 288
1527740 288
1527750 288
1527760 289
1527770 289
1527780 289
1527790 289
1527800 289
1527810 289
1527820 289
1527830 289
1527840 289
1527850 288
1527860 288
1527870 288
1527880 288
1527890 288
1527900 287
1527910 287
1527920 287
1527930 287
1527940 289
1527950 289
1527960 291
1527970 294
1527980 294
1527990 297
1528000 300
1528010 300
1528020 304
1528030 307
1528040 307
1528050 311
1528060 314
1528070 314
1528080 318
1528090 322
1528100 322
1528110 325
1528120 329
1528130 329
1528140 333
1528150 336
1528160 336
1528170 340
1528180 344
1528190 344
1528200 353
1528210 357
1528220 357
1528230 360
1528240 364
1528250 364
1528260 368
1528270 373
1528280 373
1528290 377
1528300 381
1528310 381
1528320 386
1528330 392
1528340 392
1528350 397
1528360 401
1528370 401
1528380 406
1528390 411
1528400 411
1528410 415
1528420 420
1528430 420
1528440 424
1528450 429
1528460 429
1528470 432
1528480 432
1528490 432
1528500 431
1528510 429
1528520 429
1528530 427
1528540 426
1528550 426
1528560 424
1528570 423
1528580 423
1528590 421
1528600 419
1528610 419
1528620 416
1528630 415
1528640 415
1528650 416
1528660 422
1528670 422
1528680 430
1528690 438
1528700 438
1528710 446
1528720 454
1528730 454
1528740 462
1528750 471
1528760 471
1528770 477
1528780 482
1528790 482
1528800 487
1528810 487
1528820 492
1528830 497
1528840 497
1528850 503
1528860 510
1528870 510
1528880 515
1528890 520
1528900 520
1528910 524
1528920 526
1528930 526
1528940 530
1528950 534
1528960 534
1528970 538
1528980 542
1528990 542
1529000 544
1529010 546
1529020 546
1529030 547
1529040 550
1529050 550
1529060 552
1529070 554
1529080 554
1529090 556
1529100 558
1529110 558
1529120 559
1529130 560
1529140 560
1529150 561
1529160 563
1529170 563
1529180 564
1529190 565
1529200 565
1529210 565
1529220 566
1529230 566
1529240 567
1529250 567
1529260 567
1529270 567
1529280 568
1529290 568
1529300 568
1529310 568
1529320 568
1529330 568
1529340 569
1529350 569
1529360 569
1529370 570
1529380 570
1529390 570
1529400 571
1529410 571
1529420 572
1529430 572
1529440 572
1529450 573
1529460 573
1529470 573
1529480 574
1529490 574
1529500 574
1529510 575
1529520 575
1529530 575
1529540 576
1529550 577
1529560 577
1529570 577
1529580 577
1529590 577
1529600 577
1529610 577
1529620 577
1529630 577
1529640 578
1529650 578
1529660 578
1529670 578
1529680 578
1529690 578
1529700 578
1529710 578
1529720 578
1529730 578
1529740 578
1529750 578
1529760 577
1529770 577
1529780 577
1529790 577
1529800 577
1529810 577
1529820 577
1529830 577
1529840 576
1529850 576
1529860 576
1529870 576
1529880 576
1529890 575
1529900 575
1529910 575
1529920 575
1529930 574
1529940 574
1529950 574
1529960 573
1529970 573
1529980 573
1529990 572
1530000 572
1530010 571
1530020 570
1530030 570
1530040 569
1530050 568
1530060 568
1530070 567
1530080 566
1530090 566
1530100 565
1530110 564
1530120 564
1530130 563
1530140 563
1530150 563
1530160 562
1530170 561
1530180 561
1530190 561
1530200 561
1530210 561
1530220 561
1530230 561
1530240 561
1530250 561
1530260 562
1530270 562
1530280 562
1530290 562
1530300 562
1530310 562
1530320 563
1530330 563
1530340 564
1530350 565
1530360 565
1530370 565
1530380 566
1530390 566
1530400 566
1530410 567
1530420 567
1530430 567
1530440 567
1530450 567
1530460 567
1530470 567
1530480 567
1530490 567
1530500 567
1530510 567
1530520 567
1530530 567
1530540 567
1530550 567
1530560 566
1530570 566
1530580 566
1530590 565
1530600 565
1530610 565
1530620 564
1530630 564
1530640 563
1530650 563
1530660 563
1530670 562
1530680 561
1530690 561
1530700 561
1530710 561
1530720 561
1530730 560
1530740 560
1530750 560
1530760 559
1530770 559
1530780 559
1530790 559
1530800 558
1530810 558
1530820 558
1530830 557
1530840 557
1530850 557
1530860 556
1530870 556
1530880 556
1530890 555
1530900 555
1530910 555
1530920 555
1530930 555
1530940 556
1530950 556
1530960 556
1530970 556
1530980 556
1530990 556
1531000 557
1531010 557
1531020 557
1531030 557
1531040 557
1531050 556
1531060 556
1531070 556
1531080 556
1531090 556
1531100 556
1531110 555
1531120 555
1531130 555
1531140 554
1531150 553
1531160 553
1531170 551
1531180 551
1531190 551
1531200 551
1531210 551
1531220 551
1531230 552
1531240 552
1531250 552
1531260 553
1531270 553
1531280 553
1531290 554
1531300 554
1531310 554
1531320 556
1531330 557
1531340 557
1531350 558
1531360 557
1531370 557
1531380 558
1531390 559
1531400 559
1531410 560
1531420 561
1531430 561
1531440 562
1531450 564
1531460 564
1531470 565
1531480 566
1531490 566
1531500 568
1531510 569
1531520 569
1531530 571
1531540 572
1531550 572
1531560 573
1531570 574
1531580 574
1531590 574
1531600 575
1531610 575
1531620 576
1531630 576
1531640 576
1531650 577
1531660 577
1531670 577
1531680 577
1531690 578
1531700 578
1531710 577
1531720 577
1531730 577
1531740 576
1531750 575
1531760 575
1531770 574
1531780 573
1531790 573
1531800 571
1531810 570
1531820 570
1531830 569
1531840 567
1531850 567
1531860 566
1531870 564
1531880 564
1531890 563
1531900 561
1531910 561
1531920 560
1531930 558
1531940 558
1531950 556
1531960 552
1531970 552
1531980 549
1531990 549
1532000 546
1532010 545
1532020 545
1532030 544
1532040 543
1532050 543
1532060 542
1532070 542
1532080 542
1532090 541
1532100 540
1532110 540
1532120 539
1532130 538
1532140 538
1532150 537
1532160 536
1532170 536
1532180 536
1532190 536
1532200 536
1532210 535
1532220 535
1532230 535
1532240 535
1532250 535
1532260 535
1532270 535
1532280 534
1532290 534
1532300 534
1532310 533
1532320 533
1532330 531
1532340 529
1532350 529
1532360 528
1532370 527
1532380 527
1532390 527
1532400 526
1532410 526
1532420 526
1532430 526
1532440 526
1532450 526
1532460 528
1532470 528
1532480 530
1532490 532
1532500 532
1532510 535
1532520 537
1532530 537
1532540 539
1532550 541
1532560 541
1532570 542
1532580 544
1532590 544
1532600 546
1532610 548
1532620 548
1532630 550
1532640 551
1532650 551
1532660 553
1532670 555
1532680 555
1532690 556
1532700 558
1532710 558
1532720 559
1532730 561
1532740 561
1532750 562
1532760 562
1532770 562
1532780 563
1532790 564
1532800 564
1532810 564
1532820 564
1532830 564
1532840 564
1532850 563
1532860 563
1532870 562
1532880 560
1532890 560
1532900 558
1532910 555
1532920 555
1532930 552
1532940 549
1532950 549
1532960 547
1532970 545
1532980 545
1532990 545
1533000 544
1533010 544
1533020 544
1533030 544
1533040 543
1533050 544
1533060 544
1533070 546
1533080 548
1533090 548
1533100 551
1533110 553
1533120 553
1533130 556
1533140 558
1533150 558
1533160 560
1533170 561
1533180 561
1533190 561
1533200 562
1533210 562
1533220 562
1533230 562
1533240 562
1533250 561
1533260 559
1533270 559
1533280 558
1533290 556
1533300 556
1533310 554
1533320 551
1533330 551
1533340 549
1533350 548
1533360 548
1533370 546
1533380 545
1533390 545
1533400 543
1533410 542
1533420 542
1533430 542
1533440 542
1533450 542
1533460 542
1533470 543
1533480 543
1533490 543
1533500 544
1533510 544
1533520 544
1533530 545
1533540 545
1533550 546
1533560 548
1533570 548
1533580 549
1533590 549
1533600 549
1533610 550
1533620 550
1533630 550
1533640 548
1533650 546
1533660 546
1533670 544
1533680 542
1533690 542
1533700 537
1533710 532
1533720 532
1533730 528
1533740 527
1533750 527
1533760 519
1533770 507
1533780 507
1533790 497
1533800 485
1533810 485
1533820 476
1533830 470
1533840 470
1533850 465
1533860 458
1533870 458
1533880 452
1533890 454
1533900 454
1533910 459
1533920 466
1533930 466
1533940 474
1533950 477
1533960 477
1533970 487
1533980 499
1533990 499
1534000 507
1534010 516
1534020 516
1534030 523
1534040 523
1534050 523
1534060 519
1534070 515
1534080 515
1534090 513
1534100 513
1534110 512
1534120 511
1534130 511
1534140 513
1534150 515
1534160 515
1534170 517
1534180 521
1534190 521
1534200 525
1534210 527
1534220 527
1534230 530
1534240 532
1534250 532
1534260 535
1534270 537
1534280 537
1534290 539
1534300 541
1534310 541
1534320 543
1534330 544
1534340 544
1534350 546
1534360 548
1534370 548
1534380 550
1534390 552
1534400 552
1534410 554
1534420 556
1534430 556
1534440 558
1534450 559
1534460 559
1534470 561
1534480 563
1534490 563
1534500 565
1534510 567
1534520 567
1534530 568
1534540 570
1534550 570
1534560 571
1534570 572
1534580 572
1534590 574
1534600 574
1534610 574
1534620 575
1534630 576
1534640 576
1534650 576
1534660 577
1534670 577
1534680 577
1534690 578
1534700 578
1534710 578
1534720 579
1534730 579
1534740 579
1534750 580
1534760 580
1534770 580
1534780 580
1534790 580
1534800 580
1534810 580
1534820 580
1534830 579
1534840 578
1534850 578
1534860 576
1534870 573
1534880 573
1534890 570
1534900 568
1534910 568
1534920 568
1534930 567
1534940 567
1534950 565
1534960 563
1534970 563
1534980 562
1534990 562
1535000 562
1535010 562
1535020 562
1535030 562
1535040 564
1535050 566
1535060 566
1535070 568
1535080 570
1535090 570
1535100 571
1535110 572
1535120 572
1535130 573
1535140 573
1535150 574
1535160 576
1535170 576
1535180 578
1535190 580
1535200 580
1535210 581
1535220 583
1535230 583
1535240 584
1535250 585
1535260 585
1535270 587
1535280 588
1535290 588
1535300 591
1535310 593
1535320 593
1535330 595
1535340 598
1535350 598
1535360 600
1535370 602
1535380 602
1535390 604
1535400 607
1535410 607
1535420 608
1535430 610
1535440 610
1535450 612
1535460 613
1535470 613
1535480 614
1535490 615
1535500 615
1535510 616
1535520 616
1535530 616
1535540 616
1535550 616
1535560 616
1535570 615
1535580 615
1535590 615
1535600 615
1535610 615
1535620 615
1535630 615
1535640 614
1535650 614
1535660 613
1535670 612
1535680 612
1535690 611
1535700 610
1535710 610
1535720 609
1535730 607
1535740 607
1535750 606
1535760 605
1535770 605
1535780 604
1535790 602
1535800 602
1535810 602
1535820 601
1535830 601
1535840 600
1535850 599
1535860 599
1535870 598
1535880 597
1535890 597
1535900 596
1535910 595
1535920 595
1535930 594
1535940 593
1535950 593
1535960 592
1535970 592
1535980 592
1535990 592
1536000 592
1536010 592
1536020 592
1536030 592
1536040 592
1536050 592
1536060 592
1536070 592
1536080 593
1536090 594
1536100 594
1536110 596
1536120 598
1536130 598
1536140 600
1536150 601
1536160 601
1536170 602
1536180 603
1536190 603
1536200 604
1536210 604
1536220 605
1536230 607
1536240 607
1536250 608
1536260 609
1536270 609
1536280 610
1536290 612
1536300 612
1536310 613
1536320 614
1536330 614
1536340 616
1536350 618
1536360 618
1536370 620
1536380 622
1536390 622
1536400 625
1536410 627
1536420 628
1536430 630
1536440 632
1536450 632
1536460 634
1536470 636
1536480 636
1536490 637
1536500 639
1536510 639
1536520 640
1536530 641
1536540 641
1536550 641
1536560 641
1536570 641
1536580 641
1536590 640
1536600 640
1536610 638
1536620 637
1536630 637
1536640 635
1536650 634
1536660 634
1536670 632
1536680 630
1536690 630
1536700 629
1536710 629
1536720 629
1536730 627
1536740 626
1536750 626
1536760 625
1536770 623
1536780 623
1536790 620
1536800 618
1536810 618
1536820 616
1536830 615
1536840 615
1536850 615
1536860 614
1536870 614
1536880 614
1536890 614
1536900 614
1536910 614
1536920 614
1536930 614
1536940 613
1536950 612
1536960 612
1536970 611
1536980 610
1536990 610
1537000 611
1537010 612
1537020 612
1537030 613
1537040 614
1537050 614
1537060 614
1537070 615
1537080 615
1537090 615
1537100 615
1537110 615
1537120 615
1537130 615
1537140 615
1537150 616
1537160 616
1537170 616
1537180 618
1537190 619
1537200 619
1537210 621
1537220 623
1537230 623
1537240 624
1537250 625
1537260 625
1537270 626
1537280 626
1537290 627
1537300 628
1537310 628
1537320 629
1537330 630
1537340 630
1537350 631
1537360 632
1537370 632
1537380 633
1537390 635
1537400 635
1537410 636
1537420 637
1537430 637
1537440 638
1537450 640
1537460 640
1537470 641
1537480 643
1537490 643
1537500 644
1537510 645
1537520 645
1537530 647
1537540 648
1537550 648
1537560 650
1537570 651
1537580 651
1537590 652
1537600 654
1537610 654
1537620 655
1537630 657
1537640 657
1537650 658
1537660 660
1537670 660
1537680 661
1537690 663
1537700 663
1537710 664
1537720 666
1537730 666
1537740 667
1537750 669
1537760 669
1537770 670
1537780 672
1537790 672
1537800 673
1537810 675
1537820 675
1537830 676
1537840 678
1537850 678
1537860 679
1537870 681
1537880 681
1537890 683
1537900 684
1537910 684
1537920 686
1537930 688
1537940 688
1537950 690
1537960 692
1537970 692
1537980 693
1537990 695
1538000 695
1538010 696
1538020 699
1538030 699
1538040 700
1538050 702
1538060 702
1538070 704
1538080 706
1538090 706
1538100 707
1538110 709
1538120 709
1538130 711
1538140 712
1538150 712
1538160 714
1538170 716
1538180 716
1538190 718
1538200 720
1538210 720
1538220 722
1538230 723
1538240 723
1538250 725
1538260 727
1538270 727
1538280 730
1538290 732
1538300 732
1538310 734
1538320 734
1538330 737
1538340 739
1538350 739
1538360 741
1538370 744
1538380 744
1538390 746
1538400 748
1538410 748
1538420 750
1538430 752
1538440 752
1538450 753
1538460 755
1538470 755
1538480 757
1538490 760
1538500 760
1538510 762
1538520 765
1538530 765
1538540 768
1538550 770
1538560 770
1538570 773
1538580 775
1538590 775
1538600 778
1538610 781
1538620 781
1538630 783
1538640 786
1538650 786
1538660 789
1538670 792
1538680 792
1538690 795
1538700 798
1538710 798
1538720 801
1538730 804
1538740 804
1538750 807
1538760 810
1538770 810
1538780 812
1538790 815
1538800 815
1538810 818
1538820 820
1538830 820
1538840 822
1538850 824
1538860 824
1538870 826
1538880 827
1538890 827
1538900 829
1538910 831
1538920 831
1538930 832
1538940 834
1538950 834
1538960 836
1538970 838
1538980 838
1538990 841
1539000 843
1539010 843
1539020 845
1539030 847
1539040 847
1539050 849
1539060 852
1539070 852
1539080 854
1539090 856
1539100 856
1539110 858
1539120 859
1539130 859
1539140 861
1539150 862
1539160 862
1539170 865
1539180 866
1539190 866
1539200 868
1539210 869
1539220 869
1539230 870
1539240 872
1539250 872
1539260 873
1539270 874
1539280 874
1539290 874
1539300 874
1539310 874
1539320 874
1539330 874
1539340 874
1539350 873
1539360 872
1539370 872
1539380 871
1539390 871
1539400 869
1539410 868
1539420 868
1539430 866
1539440 864
1539450 864
1539460 862
1539470 860
1539480 860
1539490 857
1539500 854
1539510 854
1539520 851
1539530 848
1539540 848
1539550 844
1539560 841
1539570 841
1539580 838
1539590 836
1539600 836
1539610 834
1539620 831
1539630 831
1539640 829
1539650 827
1539660 827
1539670 825
1539680 823
1539690 823
1539700 821
1539710 819
1539720 819
1539730 818
1539740 816
1539750 816
1539760 814
1539770 811
1539780 811
1539790 809
1539800 807
1539810 807
1539820 805
1539830 804
1539840 804
1539850 803
1539860 801
1539870 801
1539880 799
1539890 797
1539900 797
1539910 794
1539920 791
1539930 791
1539940 790
1539950 788
1539960 788
1539970 786
1539980 785
1539990 785
