1520000 370
1520010 371
1520020 370
1520030 370
1520040 370
1520050 370
1520060 370
1520070 368
1520080 368
1520090 367
1520100 371
1520110 371
1520120 377
1520130 383
1520140 383
1520150 390
1520160 394
1520170 394
1520180 398
1520190 403
1520200 403
1520210 408
1520220 413
1520230 413
1520240 417
1520250 422
1520260 422
1520270 427
1520280 432
1520290 432
1520300 438
1520310 444
1520320 444
1520330 450
1520340 455
1520350 455
1520360 461
1520370 466
1520380 466
1520390 470
1520400 473
1520410 473
1520420 476
1520430 479
1520440 479
1520450 481
1520460 483
1520470 483
1520480 485
1520490 487
1520500 487
1520510 489
1520520 491
1520530 491
1520540 493
1520550 495
1520560 495
1520570 496
1520580 498
1520590 498
1520600 499
1520610 500
1520620 500
1520630 502
1520640 503
1520650 503
1520660 505
1520670 506
1520680 506
1520690 507
1520700 509
1520710 509
1520720 510
1520730 511
1520740 511
1520750 512
1520760 513
1520770 513
1520780 514
1520790 516
1520800 516
1520810 517
1520820 518
1520830 518
1520840 519
1520850 520
1520860 520
1520870 521
1520880 522
1520890 522
1520900 523
1520910 523
1520920 523
1520930 524
1520940 524
1520950 524
1520960 525
1520970 526
1520980 526
1520990 526
1521000 526
1521010 527
1521020 527
1521030 527
1521040 528
1521050 529
1521060 529
1521070 529
1521080 530
1521090 530
1521100 530
1521110 532
1521120 532
1521130 533
1521140 533
1521150 533
1521160 532
1528830 627
1528840 627
1528850 626
1528860 624
1528870 624
1528880 623
1528890 622
1528900 622
1528910 620
1528920 619
1528930 619
1528940 618
1528950 617
1528960 617
1528970 617
1528980 616
1528990 616
1529000 616
1529010 615
1529020 615
1529030 615
1529040 614
1529050 614
1529060 614
1529070 614
1529080 614
1529090 614
1529100 614
1529110 614
1529120 613
1529130 613
1529140 613
1529150 613
1529160 613
1529170 613
1529180 613
1529190 613
1529200 613
1529210 612
1529220 612
1529230 612
1529240 612
1529250 611
1529260 611
1529270 611
1529280 611
1529290 611
1529300 610
1529310 610
1529320 610
1529330 610
1529340 610
1529350 609
1529360 609
1529370 609
1529380 609
1529390 608
1529400 608
1529410 608
1529420 608
1529430 608
1529440 608
1529450 608
1529460 608
1529470 608
1529480 608
1529490 608
1529500 609
1529510 609
1529520 609
1529530 610
1529540 610
1529550 610
1529560 610
1529570 611
1529580 611
1529590 612
1529600 613
1529610 613
1529620 614
1529630 615
1529640 615
1529650 615
1529660 616
1529670 616
1529680 617
1529690 617
1529700 617
1529710 618
1529720 618
1529730 618
1529740 619
1529750 619
1529760 619
1529770 619
1529780 618
1529790 618
1529800 618
1529810 618
1529820 618
1529830 617
1529840 617
1529850 617
1529860 616
1529870 615
1529880 615
1529890 613
1529900 612
1529910 612
1529920 610
1529930 608
1529940 608
1529950 607
1529960 605
1529970 605
1529980 603
1529990 602
1530000 602
1530010 600
1530020 599
1530030 599
1530040 596
1530050 593
1530060 593
1530070 590
1530080 587
1530090 587
1530100 584
1530110 581
1530120 581
1530130 579
1530140 577
1530150 577
1530160 575
1530170 575
1530180 573
1530190 572
1530200 572
1530210 571
1530220 569
1530230 569
1530240 568
1530250 567
1530260 567
1530270 566
1530280 565
1530290 565
1530300 564
1530310 564
1530320 564
1530330 563
1530340 563
1530350 563
1530360 563
1530370 563
1530380 563
1530390 562
1530400 562
1530410 562
1530420 562
1530430 561
1530440 561
1530450 561
1530460 560
1530470 560
1530480 559
1530490 558
1530500 558
1530510 557
1530520 556
1530530 556
1530540 554
1530550 553
1530560 553
1530570 553
1530580 554
1530590 554
1530600 556
1530610 558
1530620 558
1530630 559
1530640 560
1530650 560
1530660 560
1530670 561
1530680 561
1530690 562
1530700 562
1530710 562
1530720 563
1530730 563
1530740 563
1530750 564
1530760 565
1530770 565
1530780 566
1530790 567
1530800 567
1530810 567
1530820 568
1530830 568
1530840 568
1530850 569
1530860 569
1530870 569
1530880 570
1530890 570
1530900 571
1530910 572
1530920 572
1530930 573
1530940 574
1530950 574
1530960 574
1530970 575
1530980 575
1530990 575
1531000 575
1531010 575
1531020 575
1531030 576
1531040 576
1531050 576
1531060 575
1531070 575
1531080 575
1531090 575
1531100 575
1531110 574
1531120 574
1531130 573
1531140 572
1531150 572
1531160 571
1531170 570
1531180 570
1531190 568
1531200 566
1531210 566
1531220 563
1531230 560
1531240 560
1531250 558
1531260 556
1531270 556
1531280 555
1531290 554
1531300 554
1531310 553
1531320 552
1531330 552
1531340 552
1531350 552
1531360 552
1531370 552
1531380 552
1531390 552
1531400 552
1531410 552
1531420 552
1531430 551
1531440 551
1531450 551
1531460 550
1531470 550
1531480 550
1531490 549
1531500 549
1531510 549
1531520 548
1531530 547
1531540 547
1531550 547
1531560 548
1531570 548
1531580 548
1531590 549
1531600 549
1531610 549
1531620 550
1531630 550
1531640 550
1531650 550
1531660 550
1531670 551
1531680 552
1531690 552
1531700 552
1531710 553
1531720 553
1531730 554
1531740 554
1531750 554
1531760 555
1531770 555
1531780 555
1531790 555
1531800 555
1531810 555
1531820 556
1531830 556
1531840 556
1531850 557
1531860 557
1531870 557
1531880 557
1531890 557
1531900 557
1531910 558
1531920 558
1531930 558
1531940 558
1531950 559
1531960 559
1531970 559
1531980 559
1531990 559
1532000 559
1532010 559
1532020 559
1532030 559
1532040 559
1532050 559
1532060 559
1532070 559
1532080 559
1532090 558
1532100 558
1532110 558
1532120 558
1532130 558
1532140 557
1532150 556
1532160 556
1532170 556
1532180 555
1532190 555
1532200 554
1532210 553
1532220 553
1532230 552
1532240 551
1532250 551
1532260 550
1532270 549
1532280 549
1532290 547
1532300 546
1532310 546
1532320 544
1532330 542
1532340 542
1532350 540
1532360 537
1532370 537
1532380 534
1532390 530
1532400 530
1532410 527
1532420 525
1532430 525
1532440 522
1532450 520
1532460 520
1532470 517
1532480 513
1532490 513
1532500 510
1532510 508
1532520 508
1532530 505
1532540 504
1532550 504
1532560 502
1532570 500
1532580 500
1532590 498
1532600 496
1532610 496
1532620 496
1532630 496
1532640 496
1532650 497
1532660 497
1532670 497
1532680 498
1532690 499
1532700 499
1532710 498
1532720 498
1532730 498
1532740 498
1532750 498
1532760 498
1532770 499
1532780 500
1532790 500
1532800 501
1532810 503
1532820 503
1532830 503
1532840 504
1532850 504
1532860 506
1532870 508
1532880 508
1532890 510
1532900 511
1532910 511
1532920 511
1532930 511
1532940 511
1532950 512
1532960 512
1532970 510
1532980 506
1532990 506
1533000 501
1533010 499
1533020 499
1533030 499
1533040 498
1533050 498
1533060 498
1533070 498
1533080 498
1533090 498
1533100 499
1533110 499
1533120 501
1533130 503
1533140 503
1533150 506
1533160 508
1533170 508
1533180 510
1533190 512
1533200 512
1533210 515
1533220 519
1533230 519
1533240 521
1533250 522
1533260 522
1533270 522
1533280 521
1533290 521
1533300 521
1533310 522
1533320 522
1533330 523
1533340 526
1533350 526
1533360 527
1533370 528
1533380 528
1533390 529
1533400 530
1533410 530
1533420 531
1533430 532
1533440 532
1533450 532
1533460 531
1533470 531
1533480 532
1533490 532
1533500 532
1533510 532
1533520 532
1533530 532
1533540 532
1533550 531
1533560 531
1533570 532
1533580 532
1533590 532
1533600 533
1533610 533
1533620 533
1533630 534
1533640 534
1533650 534
1533660 535
1533670 536
1533680 536
1533690 537
1533700 538
1533710 538
1533720 539
1533730 539
1533740 539
1533750 540
1533760 541
1533770 541
1533780 541
1533790 542
1533800 542
1533810 542
1533820 542
1533830 542
1533840 542
1533850 542
1533860 542
1533870 543
1533880 543
1533890 543
1533900 544
1533910 544
1533920 545
1533930 546
1533940 546
1533950 547
1533960 548
1533970 548
1533980 549
1533990 550
1534000 550
1534010 551
1534020 552
1534030 552
1534040 554
1534050 556
1534060 556
1534070 557
1534080 558
1534090 558
1534100 560
1534110 561
1534120 561
1534130 563
1534140 565
1534150 565
1534160 566
1534170 568
1534180 568
1534190 570
1534200 571
1534210 571
1534220 573
1534230 575
1534240 575
1534250 577
1534260 579
1534270 579
1534280 581
1534290 583
1534300 583
1534310 585
1534320 587
1534330 587
1534340 589
1534350 591
1534360 591
1534370 593
1534380 595
1534390 595
1534400 597
1534410 599
1534420 599
1534430 601
1534440 602
1534450 602
1534460 604
1534470 607
1534480 607
1534490 609
1534500 611
1534510 611
1534520 613
1534530 615
1534540 615
1534550 617
1534560 619
1534570 619
1534580 622
1534590 624
1534600 624
1534610 626
1534620 628
1534630 628
1534640 630
1534650 633
1534660 633
1534670 635
1534680 637
1534690 637
1534700 640
1534710 642
1534720 642
1534730 645
1534740 648
1534750 648
1534760 651
1534770 651
1534780 653
1534790 656
1534800 656
1534810 659
1534820 662
1534830 662
1534840 666
1534850 670
1534860 670
1534870 673
1534880 676
1534890 676
1534900 679
1534910 682
1534920 682
1534930 684
1534940 687
1534950 687
1534960 690
1534970 693
1534980 693
1534990 696
1535000 698
1535010 698
1535020 701
1535030 705
1535040 705
1535050 708
1535060 712
1535070 712
1535080 715
1535090 718
1535100 718
1535110 721
1535120 724
1535130 724
1535140 728
1535150 732
1535160 732
1535170 736
1535180 740
1535190 740
1535200 744
1535210 747
1535220 747
1535230 751
1535240 753
1535250 753
1535260 755
1535270 757
1535280 757
1535290 758
1535300 757
1535310 757
1535320 755
1535330 753
1535340 753
1535350 750
1535360 746
1535370 746
1535380 742
1535390 739
1535400 739
1535410 736
1535420 733
1535430 733
1535440 730
1535450 728
1535460 728
1535470 727
1535480 725
1535490 725
1535500 724
1535510 722
1535520 722
1535530 720
1535540 718
1535550 718
1535560 717
1535570 716
1535580 716
1535590 715
1535600 713
1535610 713
1535620 711
1535630 708
1535640 708
1535650 706
1535660 704
1535670 704
1535680 702
1535690 702
1535700 699
1535710 698
1535720 698
1535730 696
1535740 694
1535750 694
1535760 692
1535770 690
1535780 690
1535790 688
1535800 686
1535810 686
1535820 684
1535830 682
1535840 682
1535850 680
1535860 679
1535870 679
1535880 678
1535890 678
1535900 678
1535910 677
1535920 677
1535930 677
1535940 677
1535950 677
1535960 677
1535970 675
1535980 673
1535990 673
1536000 672
1536010 671
1536020 671
1536030 671
1536040 670
1536050 670
1536060 669
1536070 668
1536080 668
1536090 667
1536100 665
1536110 665
1536120 664
1536130 664
1536140 664
1536150 665
1536160 666
1536170 666
1536180 668
1536190 670
1536200 670
1536210 673
1536220 675
1536230 675
1536240 676
1536250 677
1536260 677
1536270 678
1536280 679
1536290 679
1536300 680
1536310 681
1536320 681
1536330 682
1536340 683
1536350 683
1536360 684
1536370 684
1536380 684
1536390 685
1536400 685
1536410 685
1536420 685
1536430 686
1536440 686
1536450 687
1536460 688
1536470 688
1536480 688
1536490 689
1536500 689
1536510 690
1536520 691
1536530 691
1536540 692
1536550 692
1536560 692
1536570 693
1536580 693
1536590 693
1536600 694
1536610 694
1536620 695
1536630 696
1536640 696
1536650 696
1536660 696
1536670 696
1536680 697
1536690 698
1536700 698
1536710 698
1536720 700
1536730 700
1536740 701
1536750 701
1536760 701
1536770 702
1536780 703
1536790 703
1536800 702
1536810 702
1536820 702
1536830 703
1536840 704
1536850 704
1536860 704
1536870 705
1536880 705
1536890 705
1536900 704
1536910 704
1536920 704
1536930 704
1536940 704
1536950 703
1536960 702
1536970 702
1536980 699
1536990 696
1537000 696
1537010 692
1537020 690
1537030 690
1537040 690
1537050 692
1537060 692
1537070 695
1537080 697
1537090 697
1537100 700
1537110 705
1537120 705
1537130 709
1537140 713
1537150 713
1537160 716
1537170 717
1537180 717
1537190 719
1537200 720
1537210 720
1537220 722
1537230 723
1537240 723
1537250 724
1537260 725
1537270 725
1537280 726
1537290 727
1537300 727
1537310 728
1537320 728
1537330 728
1537340 728
1537350 728
1537360 728
1537370 728
1537380 728
1537390 728
1537400 727
1537410 726
1537420 726
1537430 726
1537440 726
1537450 726
1537460 726
1537470 726
1537480 726
1537490 726
1537500 726
1537510 726
1537520 726
1537530 726
1537540 726
1537550 727
1537560 727
1537570 729
1537580 729
1537590 729
1537600 730
1537610 731
1537620 731
1537630 732
1537640 732
1537650 732
1537660 733
1537670 733
1537680 733
1537690 734
1537700 735
1537710 735
1537720 735
1537730 735
1537740 735
1537750 735
1537760 735
1537770 735
1537780 735
1537790 735
1537800 735
1537810 735
1537820 735
1537830 735
1537840 735
1537850 734
1537860 734
1537870 734
1537880 734
1537890 734
1537900 734
1537910 734
1537920 734
1537930 734
1537940 734
1537950 734
1537960 734
1537970 733
1537980 733
1537990 733
1538000 734
1538010 734
1538020 734
1538030 734
1538040 734
1538050 734
1538060 735
1538070 735
1538080 736
1538090 737
1538100 737
1538110 738
1538120 739
1538130 739
1538140 739
1538150 740
1538160 740
1538170 740
1538180 742
1538190 742
1538200 742
1538210 743
1538220 743
1538230 744
1538240 745
1538250 745
1538260 746
1538270 747
1538280 747
1538290 748
1538300 749
1538310 749
1538320 750
1538330 751
1538340 751
1538350 752
1538360 754
1538370 754
1538380 755
1538390 756
1538400 756
1538410 757
1538420 758
1538430 758
1538440 760
1538450 760
1538460 761
1538470 762
1538480 762
1538490 763
1538500 764
1538510 764
1538520 765
1538530 766
1538540 766
1538550 768
1538560 769
1538570 769
1538580 770
1538590 771
1538600 771
1538610 773
1538620 774
1538630 774
1538640 775
1538650 777
1538660 777
1538670 779
1538680 781
1538690 781
1538700 782
1538710 784
1538720 784
1538730 786
1538740 788
1538750 788
1538760 790
1538770 792
1538780 792
1538790 794
1538800 796
1538810 796
1538820 798
1538830 801
1538840 801
1538850 803
1538860 805
1538870 805
1538880 807
1538890 810
1538900 810
1538910 812
1538920 815
1538930 815
1538940 817
1538950 820
1538960 820
1538970 822
1538980 824
1538990 824
1539000 826
1539010 828
1539020 828
1539030 830
1539040 832
1539050 832
1539060 834
1539070 836
1539080 836
1539090 838
1539100 840
1539110 840
1539120 842
1539130 844
1539140 844
1539150 846
1539160 847
1539170 847
1539180 849
1539190 851
1539200 851
1539210 853
1539220 855
1539230 855
1539240 857
1539250 859
1539260 859
1539270 861
1539280 863
1539290 863
1539300 866
1539310 867
1539320 867
1539330 870
1539340 872
1539350 872
1539360 874
1539370 874
1539380 876
1539390 878
1539400 878
1539410 880
1539420 882
1539430 882
1539440 884
1539450 887
1539460 887
1539470 889
1539480 890
1539490 890
1539500 892
1539510 894
1539520 894
1539530 895
1539540 897
1539550 897
1539560 898
1539570 900
1539580 900
1539590 901
1539600 904
1539610 904
1539620 906
1539630 907
1539640 907
1539650 909
1539660 910
1539670 910
1539680 912
1539690 914
1539700 914
1539710 915
1539720 916
1539730 916
1539740 918
1539750 919
1539760 919
1539770 921
1539780 922
1539790 922
1539800 922
1539810 923
1539820 923
1539830 924
1539840 925
1539850 925
1539860 926
1539870 927
1539880 927
1539890 927
1539900 928
1539910 928
1539920 928
1539930 928
1539940 928
1539950 928
1539960 929
1539970 929
1539980 929
1539990 930
