1520000 489
1529020 595
1529030 596
1529040 596
1529050 596
1529060 597
1529070 597
1529080 598
1529090 598
1529100 598
1529110 599
1529120 599
1529130 599
1529140 599
1529150 600
1529160 600
1529170 600
1529180 600
1529190 600
1529200 600
1529210 601
1529220 601
1529230 601
1529240 602
1529250 602
1529260 603
1529270 603
1529280 603
1529290 603
1529300 602
1529310 602
1529320 602
1529330 602
1529340 602
1529350 602
1529360 601
1529370 601
1529380 601
1529390 601
1529400 601
1529410 601
1529420 600
1529430 600
1529440 600
1529450 600
1529460 599
1529470 599
1529480 599
1529490 598
1529500 597
1529510 597
1529520 596
1529530 595
1529540 595
1529550 594
1529560 593
1529570 593
1529580 591
1529590 590
1529600 590
1529610 588
1529620 587
1529630 587
1529640 585
1529650 584
1529660 584
1529670 583
1529680 581
1529690 581
1529700 580
1529710 579
1529720 579
1529730 577
1529740 577
1529750 577
1529760 576
1529770 576
1529780 576
1529790 575
1529800 575
1529810 575
1529820 575
1529830 575
1529840 575
1529850 576
1529860 576
1529870 576
1529880 576
1529890 577
1529900 577
1529910 577
1529920 578
1529930 578
1529940 578
1529950 579
1529960 579
1529970 579
1529980 579
1529990 579
1530000 580
1530010 580
1530020 580
1530030 581
1530040 581
1530050 581
1530060 581
1530070 581
1530080 581
1530090 581
1530100 582
1530110 582
1530120 582
1530130 582
1530140 582
1530150 582
1530160 582
1530170 582
1530180 582
1530190 583
1530200 583
1530210 583
1530220 583
1530230 583
1530240 583
1530250 583
1530260 583
1530270 583
1530280 583
1530290 583
1530300 583
1530310 582
1530320 582
1530330 583
1530340 583
1530350 583
1530360 582
1530370 582
1530380 582
1530390 581
1530400 581
1530410 580
1530420 579
1530430 579
1530440 578
1530450 577
1530460 577
1530470 575
1530480 574
1530490 574
1530500 573
1530510 572
1530520 572
1530530 570
1530540 567
1530550 567
1530560 565
1530570 564
1530580 564
1530590 563
1530600 563
1530610 563
1530620 562
1530630 562
1530640 562
1530650 562
1530660 562
1530670 562
1530680 560
1530690 558
1530700 558
1530710 558
1530720 556
1530730 556
1530740 554
1530750 552
1530760 552
1530770 550
1530780 550
1530790 550
1530800 549
1530810 548
1530820 548
1530830 549
1530840 551
1530850 551
1530860 553
1530870 555
1530880 555
1530890 558
1530900 560
1530910 560
1530920 563
1530930 566
1530940 566
1530950 569
1530960 571
1530970 571
1530980 574
1530990 576
1531000 576
1531010 578
1531020 579
1531030 579
1531040 580
1531050 581
1531060 581
1531070 582
1531080 583
1531090 583
1531100 584
1531110 586
1531120 586
1531130 587
1531140 588
1531150 588
1531160 589
1531170 590
1531180 590
1531190 591
1531200 592
1531210 592
1531220 593
1531230 594
1531240 594
1531250 595
1531260 595
1531270 596
1531280 597
1531290 597
1531300 598
1531310 599
1531320 599
1531330 600
1531340 601
1531350 601
1531360 602
1531370 602
1531380 602
1531390 603
1531400 603
1531410 603
1531420 603
1531430 603
1531440 603
1531450 603
1531460 603
1531470 603
1531480 602
1531490 602
1531500 602
1531510 602
1531520 602
1531530 602
1531540 602
1531550 602
1531560 602
1531570 601
1531580 601
1531590 601
1531600 600
1531610 599
1531620 599
1531630 599
1531640 598
1531650 598
1531660 597
1531670 595
1531680 595
1531690 593
1531700 591
1531710 591
1531720 589
1531730 587
1531740 587
1531750 586
1531760 584
1531770 584
1531780 582
1531790 581
1531800 581
1531810 579
1531820 577
1531830 577
1531840 575
1531850 574
1531860 574
1531870 572
1531880 571
1531890 571
1531900 569
1531910 568
1531920 568
1531930 566
1531940 565
1531950 565
1531960 563
1531970 561
1531980 561
1531990 560
1532000 558
1532010 558
1532020 557
1532030 556
1532040 556
1532050 555
1532060 554
1532070 554
1532080 552
1532090 551
1532100 551
1532110 550
1532120 548
1532130 548
1532140 545
1532150 545
1532160 543
1532170 540
1532180 540
1532190 536
1532200 531
1532210 531
1532220 527
1532230 524
1532240 524
1532250 520
1532260 517
1532270 517
1532280 515
1532290 511
1532300 511
1532310 507
1532320 504
1532330 504
1532340 502
1532350 501
1532360 501
1532370 500
1532380 500
1532390 500
1532400 502
1532410 504
1532420 504
1532430 507
1532440 511
1532450 511
1532460 516
1532470 519
1532480 519
1532490 523
1532500 525
1532510 525
1532520 527
1532530 528
1532540 528
1532550 529
1532560 530
1532570 530
1532580 530
1532590 530
1532600 530
1532610 529
1532620 530
1532630 530
1532640 531
1532650 532
1532660 532
1532670 533
1532680 535
1532690 535
1532700 536
1532710 537
1532720 537
1532730 538
1532740 539
1532750 539
1532760 539
1532770 540
1532780 540
1532790 540
1532800 541
1532810 541
1532820 541
1532830 541
1532840 541
1532850 542
1532860 542
1532870 542
1532880 542
1532890 542
1532900 542
1532910 542
1532920 542
1532930 542
1532940 542
1532950 542
1532960 542
1532970 542
1532980 542
1532990 542
1533000 541
1533010 541
1533020 541
1533030 540
1533040 540
1533050 540
1533060 539
1533070 539
1533080 538
1533090 537
1533100 537
1533110 536
1533120 535
1533130 535
1533140 533
1533150 532
1533160 532
1533170 531
1533180 530
1533190 530
1533200 528
1533210 527
1533220 527
1533230 526
1533240 524
1533250 524
1533260 522
1533270 521
1533280 521
1533290 520
1533300 518
1533310 518
1533320 517
1533330 515
1533340 515
1533350 513
1533360 512
1533370 512
1533380 510
1533390 509
1533400 509
1533410 508
1533420 507
1533430 507
1533440 508
1533450 508
1533460 508
1533470 508
1533480 508
1533490 508
1533500 508
1533510 508
1533520 508
1533530 508
1533540 508
1533550 508
1533560 509
1533570 511
1533580 511
1533590 512
1533600 514
1533610 514
1533620 516
1533630 518
1533640 518
1533650 520
1533660 522
1533670 522
1533680 524
1533690 525
1533700 525
1533710 527
1533720 529
1533730 529
1533740 531
1533750 533
1533760 533
1533770 535
1533780 537
1533790 537
1533800 539
1533810 540
1533820 540
1533830 542
1533840 544
1533850 544
1533860 545
1533870 547
1533880 547
1533890 548
1533900 550
1533910 550
1533920 551
1533930 553
1533940 553
1533950 554
1533960 554
1533970 555
1533980 557
1533990 557
1534000 559
1534010 561
1534020 561
1534030 562
1534040 564
1534050 564
1534060 565
1534070 567
1534080 567
1534090 568
1534100 569
1534110 569
1534120 570
1534130 570
1534140 570
1534150 571
1534160 573
1534170 573
1534180 575
1534190 577
1534200 577
1534210 580
1534220 582
1534230 582
1534240 584
1534250 586
1534260 586
1534270 588
1534280 590
1534290 590
1534300 592
1534310 594
1534320 594
1534330 596
1534340 598
1534350 598
1534360 600
1534370 601
1534380 601
1534390 603
1534400 605
1534410 605
1534420 607
1534430 609
1534440 609
1534450 611
1534460 614
1534470 614
1534480 617
1534490 619
1534500 619
1534510 621
1534520 624
1534530 624
1534540 627
1534550 630
1534560 630
1534570 632
1534580 634
1534590 634
1534600 636
1534610 639
1534620 639
1534630 641
1534640 644
1534650 644
1534660 646
1534670 648
1534680 648
1534690 650
1534700 652
1534710 652
1534720 654
1534730 656
1534740 656
1534750 659
1534760 661
1534770 661
1534780 663
1534790 665
1534800 665
1534810 667
1534820 670
1534830 670
1534840 672
1534850 672
1534860 674
1534870 676
1534880 676
1534890 678
1534900 680
1534910 680
1534920 682
1534930 684
1534940 684
1534950 686
1534960 687
1534970 687
1534980 689
1534990 691
1535000 691
1535010 693
1535020 695
1535030 695
1535040 698
1535050 700
1535060 700
1535070 703
1535080 705
1535090 705
1535100 709
1535110 711
1535120 711
1535130 714
1535140 717
1535150 717
1535160 720
1535170 723
1535180 723
1535190 725
1535200 728
1535210 728
1535220 730
1535230 732
1535240 732
1535250 734
1535260 737
1535270 737
1535280 739
1535290 741
1535300 741
1535310 743
1535320 745
1535330 745
1535340 746
1535350 748
1535360 748
1535370 749
1535380 751
1535390 751
1535400 752
1535410 753
1535420 753
1535430 754
1535440 756
1535450 756
1535460 757
1535470 757
1535480 757
1535490 758
1535500 758
1535510 758
1535520 758
1535530 758
1535540 758
1535550 758
1535560 758
1535570 758
1535580 757
1535590 756
1535600 756
1535610 755
1535620 754
1535630 754
1535640 752
1535650 750
1535660 750
1535670 748
1535680 746
1535690 746
1535700 743
1535710 741
1535720 741
1535730 739
1535740 737
1535750 737
1535760 736
1535770 736
1535780 735
1535790 734
1535800 734
1535810 733
1535820 732
1535830 732
1535840 730
1535850 728
1535860 728
1535870 727
1535880 726
1535890 726
1535900 725
1535910 726
1535920 726
1535930 727
1535940 728
1535950 728
1535960 728
1535970 729
1535980 729
1535990 729
1536000 730
1536010 730
1536020 730
1536030 730
1536040 730
1536050 730
1536060 729
1536070 731
1536080 731
1536090 731
1536100 731
1536110 732
1536120 733
1536130 733
1536140 735
1536150 737
1536160 737
1536170 739
1536180 739
1536190 739
1536200 740
1536210 740
1536220 740
1536230 740
1536240 740
1536250 740
1536260 740
1536270 740
1536280 740
1536290 740
1536300 740
1536310 740
1536320 740
1536330 741
1536340 741
1536350 741
1536360 741
1536370 741
1536380 741
1536390 741
1536400 741
1536410 740
1536420 740
1536430 740
1536440 739
1536450 738
1536460 738
1536470 737
1536480 737
1536490 737
1536500 736
1536510 735
1536520 735
1536530 734
1536540 733
1536550 733
1536560 733
1536570 732
1536580 732
1536590 731
1536600 730
1536610 730
1536620 729
1536630 729
1536640 729
1536650 729
1536660 729
1536670 728
1536680 728
1536690 728
1536700 728
1536710 728
1536720 728
1536730 728
1536740 728
1536750 728
1536760 728
1536770 728
1536780 728
1536790 728
1536800 728
1536810 728
1536820 728
1536830 728
1536840 728
1536850 728
1536860 728
1536870 728
1536880 728
1536890 729
1536900 729
1536910 728
1536920 728
1536930 728
1536940 728
1536950 728
1536960 728
1536970 727
1536980 727
1536990 727
1537000 726
1537010 725
1537020 725
1537030 724
1537040 724
1537050 724
1537060 723
1537070 722
1537080 722
1537090 722
1537100 722
1537110 722
1537120 722
1537130 722
1537140 722
1537150 723
1537160 723
1537170 723
1537180 723
1537190 724
1537200 724
1537210 724
1537220 725
1537230 725
1537240 725
1537250 725
1537260 725
1537270 726
1537280 726
1537290 726
1537300 727
1537310 728
1537320 728
1537330 728
1537340 729
1537350 729
1537360 730
1537370 731
1537380 731
1537390 732
1537400 733
1537410 733
1537420 734
1537430 735
1537440 735
1537450 735
1537460 736
1537470 736
1537480 737
1537490 738
1537500 738
1537510 740
1537520 741
1537530 741
1537540 742
1537550 743
1537560 743
1537570 744
1537580 744
1537590 745
1537600 746
1537610 746
1537620 747
1537630 747
1537640 747
1537650 748
1537660 749
1537670 749
1537680 750
1537690 751
1537700 751
1537710 752
1537720 752
1537730 752
1537740 753
1537750 754
1537760 754
1537770 754
1537780 755
1537790 755
1537800 755
1537810 756
1537820 756
1537830 756
1537840 757
1537850 757
1537860 757
1537870 758
1537880 758
1537890 758
1537900 759
1537910 759
1537920 760
1537930 760
1537940 760
1537950 760
1537960 760
1537970 760
1537980 760
1537990 760
1538000 760
1538010 760
1538020 759
1538030 759
1538040 759
1538050 759
1538060 759
1538070 759
1538080 759
1538090 759
1538100 759
1538110 759
1538120 759
1538130 758
1538140 757
1538150 757
1538160 755
1538170 754
1538180 754
1538190 752
1538200 751
1538210 751
1538220 751
1538230 751
1538240 751
1538250 750
1538260 751
1538270 751
1538280 751
1538290 752
1538300 752
1538310 753
1538320 755
1538330 755
1538340 758
1538350 760
1538360 760
1538370 762
1538380 764
1538390 764
1538400 766
1538410 768
1538420 768
1538430 770
1538440 772
1538450 772
1538460 773
1538470 773
1538480 775
1538490 776
1538500 776
1538510 778
1538520 779
1538530 779
1538540 781
1538550 784
1538560 784
1538570 786
1538580 787
1538590 787
1538600 789
1538610 790
1538620 790
1538630 792
1538640 793
1538650 793
1538660 795
1538670 796
1538680 796
1538690 797
1538700 799
1538710 799
1538720 801
1538730 802
1538740 802
1538750 804
1538760 805
1538770 805
1538780 806
1538790 808
1538800 808
1538810 810
1538820 811
1538830 811
1538840 813
1538850 814
1538860 814
1538870 816
1538880 817
1538890 817
1538900 818
1538910 819
1538920 819
1538930 820
1538940 821
1538950 821
1538960 822
1538970 823
1538980 823
1538990 824
1539000 824
1539010 824
1539020 825
1539030 825
1539040 825
1539050 826
1539060 826
1539070 826
1539080 827
1539090 827
1539100 827
1539110 828
1539120 828
1539130 828
1539140 828
1539150 829
1539160 829
1539170 829
1539180 829
1539190 829
1539200 830
1539210 830
1539220 830
1539230 829
1539240 829
1539250 829
1539260 828
1539270 827
1539280 827
1539290 826
1539300 826
1539310 826
1539320 825
1539330 825
1539340 825
1539350 825
1539360 825
1539370 826
1539380 827
1539390 827
1539400 827
1539410 828
1539420 828
1539430 828
1539440 829
1539450 829
1539460 829
1539470 829
1539480 829
1539490 829
1539500 829
1539510 829
1539520 829
1539530 830
1539540 830
1539550 830
1539560 831
1539570 831
1539580 833
1539590 834
1539600 834
1539610 835
1539620 836
1539630 836
1539640 837
1539650 838
1539660 838
1539670 839
1539680 840
1539690 840
1539700 840
1539710 842
1539720 842
1539730 843
1539740 844
1539750 844
1539760 846
1539770 847
1539780 847
1539790 847
1539800 848
1539810 848
1539820 849
1539830 849
1539840 849
1539850 850
1539860 850
1539870 850
1539880 850
1539890 850
1539900 850
1539910 850
1539920 850
1539930 850
1539940 849
1539950 849
1539960 849
1539970 848
1539980 847
1539990 847
