1529980 565
1529990 565
1530000 565
1530010 565
1530020 565
1530030 565
1530040 565
1530050 565
1530060 565
1530070 565
1530080 565
1530090 565
1530100 565
1530110 566
1530120 566
1530130 566
1530140 567
1530150 567
1530160 567
1530170 568
1530180 568
1530190 568
1530200 569
1530210 569
1530220 570
1530230 571
1530240 571
1530250 572
1530260 573
1530270 573
1530280 574
1530290 575
1530300 575
1530310 576
1530320 578
1530330 578
1530340 579
1530350 580
1530360 580
1530370 580
1530380 581
1530390 581
1530400 581
1530410 581
1530420 581
1530430 581
1530440 581
1530450 581
1530460 581
1530470 581
1530480 581
1530490 582
1530500 582
1530510 582
1530520 582
1530530 582
1530540 581
1530550 581
1530560 581
1530570 581
1530580 580
1530590 580
1530600 579
1530610 578
1530620 578
1530630 576
1530640 575
1530650 575
1530660 574
1530670 572
1530680 572
1530690 570
1530700 568
1530710 568
1530720 566
1530730 565
1530740 565
1530750 563
1530760 562
1530770 562
1530780 561
1530790 561
1530800 561
1530810 560
1530820 559
1530830 559
1530840 559
1530850 558
1530860 558
1530870 558
1530880 557
1530890 557
1530900 556
1530910 555
1530920 555
1530930 554
1530940 553
1530950 553
1530960 552
1530970 551
1530980 551
1530990 550
1531000 548
1531010 548
1531020 546
1531030 545
1531040 545
1531050 543
1531060 541
1531070 541
1531080 540
1531090 538
1531100 538
1531110 537
1531120 536
1531130 536
1531140 534
1531150 533
1531160 533
1531170 532
1531180 531
1531190 531
1531200 530
1531210 530
1531220 530
1531230 529
1531240 529
1531250 529
1531260 529
1531270 530
1531280 530
1531290 530
1531300 530
1531310 530
1531320 530
1531330 530
1531340 530
1531350 530
1531360 530
1531370 530
1531380 530
1531390 530
1531400 530
1531410 530
1531420 530
1531430 529
1531440 528
1531450 528
1531460 526
1531470 525
1531480 525
1531490 524
1531500 523
1531510 523
1531520 522
1531530 521
1531540 521
1531550 521
1531560 520
1531570 520
1531580 519
1531590 519
1531600 519
1531610 518
1531620 516
1531630 516
1531640 514
1531650 513
1531660 513
1531670 512
1531680 512
1531690 512
1531700 512
1531710 512
1531720 512
1531730 512
1531740 512
1531750 512
1531760 512
1531770 512
1531780 512
1531790 512
1531800 512
1531810 512
1531820 512
1531830 512
1531840 512
1531850 512
1531860 512
1531870 512
1531880 512
1531890 512
1531900 512
1531910 512
1531920 512
1531930 512
1531940 512
1531950 512
1531960 512
1531970 512
1531980 512
1531990 512
1532000 512
1532010 512
1532020 512
1532030 512
1532040 513
1532050 513
1532060 515
1532070 517
1532080 517
1532090 520
1532100 523
1532110 523
1532120 524
1532130 525
1532140 525
1532150 526
1532160 527
1532170 527
1532180 528
1532190 530
1532200 530
1532210 533
1532220 535
1532230 535
1532240 537
1532250 539
1532260 539
1532270 541
1532280 541
1532290 543
1532300 545
1532310 545
1532320 547
1532330 548
1532340 548
1532350 550
1532360 551
1532370 551
1532380 552
1532390 554
1532400 554
1532410 555
1532420 555
1532430 555
1532440 556
1532450 557
1532460 557
1532470 558
1532480 559
1532490 559
1532500 560
1532510 561
1532520 561
1532530 562
1532540 563
1532550 563
1532560 563
1532570 564
1532580 564
1532590 564
1532600 565
1532610 565
1532620 564
1532630 564
1532640 564
1532650 563
1532660 562
1532670 562
1532680 561
1532690 559
1532700 559
1532710 558
1532720 555
1532730 555
1532740 553
1532750 550
1532760 550
1532770 549
1532780 547
1532790 547
1532800 546
1532810 545
1532820 545
1532830 543
1532840 542
1532850 542
1532860 541
1532870 539
1532880 539
1532890 537
1532900 535
1532910 535
1532920 533
1532930 531
1532940 531
1532950 530
1532960 530
1532970 530
1532980 530
1532990 531
1533000 531
1533010 532
1533020 534
1533030 534
1533040 535
1533050 537
1533060 537
1533070 538
1533080 539
1533090 539
1533100 541
1533110 543
1533120 543
1533130 544
1533140 546
1533150 546
1533160 548
1533170 548
1533180 549
1533190 551
1533200 551
1533210 553
1533220 554
1533230 554
1533240 556
1533250 558
1533260 558
1533270 560
1533280 562
1533290 562
1533300 564
1533310 566
1533320 566
1533330 568
1533340 569
1533350 569
1533360 571
1533370 572
1533380 572
1533390 574
1533400 576
1533410 576
1533420 578
1533430 580
1533440 580
1533450 582
1533460 584
1533470 584
1533480 586
1533490 588
1533500 588
1533510 590
1533520 592
1533530 592
1533540 594
1533550 597
1533560 597
1533570 599
1533580 601
1533590 601
1533600 604
1533610 606
1533620 606
1533630 610
1533640 613
1533650 613
1533660 618
1533670 623
1533680 623
1533690 629
1533700 634
1533710 634
1533720 638
1533730 641
1533740 641
1533750 644
1533760 645
1533770 645
1533780 646
1533790 646
1533800 646
1533810 647
1533820 649
1533830 649
1533840 651
1533850 652
1533860 652
1533870 654
1533880 654
1533890 654
1533900 652
1533910 651
1533920 651
1533930 649
1533940 648
1533950 648
1533960 647
1533970 646
1533980 646
1533990 644
1534000 643
1534010 643
1534020 643
1534030 643
1534040 643
1534050 643
1534060 643
1534070 643
1534080 643
1534090 643
1534100 643
1534110 643
1534120 643
1534130 643
1534140 643
1534150 643
1534160 644
1534170 644
1534180 644
1534190 645
1534200 645
1534210 645
1534220 645
1534230 645
1534240 645
1534250 645
1534260 651
1534270 651
1534280 652
1534290 651
1534300 651
1534310 650
1534320 649
1534330 649
1534340 647
1534350 645
1534360 645
1534370 642
1534380 640
1534390 640
1534400 637
1534410 635
1534420 635
1534430 632
1534440 630
1534450 630
1534460 628
1534470 625
1534480 625
1534490 623
1534500 621
1534510 621
1534520 619
1534530 617
1534540 617
1534550 614
1534560 612
1534570 612
1534580 609
1534590 606
1534600 606
1534610 603
1534620 601
1534630 601
1534640 599
1534650 596
1534660 596
1534670 593
1534680 591
1534690 591
1534700 589
1534710 587
1534720 587
1534730 584
1534740 581
1534750 581
1534760 578
1534770 574
1534780 574
1534790 571
1534800 569
1534810 569
1534820 567
1534830 565
1534840 565
1534850 563
1534860 562
1534870 562
1534880 561
1534890 560
1534900 560
1534910 560
1534920 560
1534930 559
1534940 559
1534950 559
1534960 556
1534970 553
1534980 553
1534990 551
1535000 552
1535010 552
1535020 555
1535030 557
1535040 557
1535050 560
1535060 564
1535070 564
1535080 569
1535090 574
1535100 574
1535110 579
1535120 581
1535130 581
1535140 584
1535150 586
1535160 586
1535170 590
1535180 592
1535190 592
1535200 594
1535210 596
1535220 596
1535230 598
1535240 600
1535250 600
1535260 602
1535270 603
1535280 603
1535290 605
1535300 606
1535310 606
1535320 607
1535330 608
1535340 608
1535350 609
1535360 610
1535370 610
1535380 611
1535390 612
1535400 612
1535410 612
1535420 612
1535430 612
1535440 612
1535450 612
1535460 612
1535470 613
1535480 613
1535490 613
1535500 613
1535510 613
1535520 613
1535530 613
1535540 612
1535550 612
1535560 612
1535570 612
1535580 612
1535590 611
1535600 611
1535610 611
1535620 611
1535630 611
1535640 611
1535650 610
1535660 610
1535670 610
1535680 609
1535690 608
1535700 608
1535710 608
1535720 607
1535730 607
1535740 606
1535750 604
1535760 604
1535770 603
1535780 603
1535790 602
1535800 602
1535810 602
1535820 601
1535830 600
1535840 600
1535850 600
1535860 600
1535870 600
1535880 599
1535890 599
1535900 599
1535910 599
1535920 599
1535930 599
1535940 598
1535950 597
1535960 597
1535970 596
1535980 595
1535990 595
1536000 595
1536010 594
1536020 594
1536030 594
1536040 595
1536050 595
1536060 596
1536070 599
1536080 599
1536090 602
1536100 605
1536110 605
1536120 609
1536130 611
1536140 611
1536150 614
1536160 616
1536170 616
1536180 617
1536190 619
1536200 619
1536210 622
1536220 624
1536230 624
1536240 626
1536250 628
1536260 628
1536270 630
1536280 632
1536290 632
1536300 634
1536310 636
1536320 636
1536330 638
1536340 640
1536350 640
1536360 641
1536370 642
1536380 642
1536390 644
1536400 646
1536410 646
1536420 647
1536430 648
1536440 648
1536450 649
1536460 650
1536470 650
1536480 652
1536490 653
1536500 653
1536510 654
1536520 655
1536530 655
1536540 656
1536550 656
1536560 656
1536570 657
1536580 658
1536590 658
1536600 658
1536610 658
1536620 658
1536630 658
1536640 657
1536650 657
1536660 657
1536670 657
1536680 656
1536690 656
1536700 656
1536710 655
1536720 654
1536730 654
1536740 653
1536750 652
1536760 652
1536770 650
1536780 649
1536790 649
1536800 647
1536810 645
1536820 645
1536830 641
1536840 640
1536850 640
1536860 638
1536870 637
1536880 637
1536890 636
1536900 635
1536910 635
1536920 635
1536930 634
1536940 634
1536950 633
1536960 633
1536970 633
1536980 631
1536990 630
1537000 630
1537010 628
1537020 627
1537030 627
1537040 625
1537050 624
1537060 624
1537070 622
1537080 620
1537090 620
1537100 618
1537110 617
1537120 617
1537130 616
1537140 615
1537150 615
1537160 612
1537170 610
1537180 610
1537190 609
1537200 609
1537210 609
1537220 611
1537230 613
1537240 613
1537250 616
1537260 619
1537270 619
1537280 622
1537290 624
1537300 624
1537310 627
1537320 630
1537330 630
1537340 632
1537350 634
1537360 634
1537370 636
1537380 638
1537390 638
1537400 641
1537410 643
1537420 643
1537430 646
1537440 648
1537450 648
1537460 650
1537470 653
1537480 653
1537490 654
1537500 656
1537510 656
1537520 658
1537530 658
1537540 660
1537550 663
1537560 663
1537570 665
1537580 667
1537590 667
1537600 669
1537610 671
1537620 671
1537630 673
1537640 676
1537650 676
1537660 680
1537670 683
1537680 683
1537690 686
1537700 689
1537710 689
1537720 692
1537730 696
1537740 696
1537750 699
1537760 702
1537770 702
1537780 705
1537790 708
1537800 708
1537810 710
1537820 713
1537830 713
1537840 715
1537850 717
1537860 717
1537870 719
1537880 721
1537890 721
1537900 723
1537910 725
1537920 725
1537930 727
1537940 729
1537950 729
1537960 731
1537970 733
1537980 733
1537990 735
1538000 736
1538010 736
1538020 738
1538030 739
1538040 739
1538050 741
1538060 743
1538070 743
1538080 744
1538090 746
1538100 746
1538110 747
1538120 748
1538130 748
1538140 749
1538150 750
1538160 750
1538170 751
1538180 752
1538190 752
1538200 752
1538210 753
1538220 753
1538230 753
1538240 754
1538250 754
1538260 754
1538270 753
1538280 753
1538290 753
1538300 753
1538310 753
1538320 753
1538330 753
1538340 753
1538350 753
1538360 754
1538370 754
1538380 754
1538390 754
1538400 754
1538410 754
1538420 754
1538430 753
1538440 752
1538450 752
1538460 751
1538470 750
1538480 750
1538490 749
1538500 748
1538510 748
1538520 747
1538530 747
1538540 747
1538550 746
1538560 745
1538570 745
1538580 744
1538590 743
1538600 743
1538610 741
1538620 739
1538630 739
1538640 736
1538650 733
1538660 733
1538670 730
1538680 728
1538690 728
1538700 726
1538710 724
1538720 724
1538730 722
1538740 720
1538750 720
1538760 719
1538770 717
1538780 717
1538790 715
1538800 713
1538810 713
1538820 711
1538830 710
1538840 710
1538850 707
1538860 704
1538870 704
1538880 703
1538890 703
1538900 703
1538910 702
1538920 702
1538930 702
1538940 701
1538950 700
1538960 700
1538970 699
1538980 699
1538990 699
1539000 700
1539010 700
1539020 700
1539030 700
1539040 700
1539050 700
1539060 700
1539070 699
1539080 699
1539090 697
1539100 696
1539110 696
1539120 695
1539130 694
1539140 694
1539150 694
1539160 693
1539170 693
1539180 692
1539190 691
1539200 691
1539210 691
1539220 690
1539230 690
1539240 689
1539250 689
1539260 689
1539270 688
1539280 688
1539290 688
1539300 689
1539310 689
1539320 690
1539330 692
1539340 692
1539350 693
1539360 694
1539370 694
1539380 695
1539390 696
1539400 696
1539410 696
1539420 697
1539430 697
1539440 698
1539450 698
1539460 698
1539470 699
1539480 700
1539490 700
1539500 701
1539510 701
1539520 701
1539530 701
1539540 701
1539550 701
1539560 701
1539570 700
1539580 700
1539590 699
1539600 698
1539610 698
1539620 696
1539630 694
1539640 694
1539650 691
1539660 687
1539670 687
1539680 684
1539690 680
1539700 680
1539710 678
1539720 675
1539730 675
1539740 673
1539750 672
1539760 672
1539770 669
1539780 666
1539790 666
1539800 665
1539810 664
1539820 664
1539830 667
1539840 672
1539850 672
1539860 676
1539870 679
1539880 679
1539890 680
1539900 681
1539910 681
1539920 681
1539930 682
1539940 682
1539950 682
1539960 683
1539970 683
1539980 684
1539990 685
