1530870 523
1530880 523
1530890 523
1530900 523
1530910 523
1530920 523
1530930 523
1530940 523
1530950 524
1530960 524
1530970 524
1530980 525
1530990 526
1531000 526
1531010 527
1531020 528
1531030 528
1531040 530
1531050 531
1531060 531
1531070 533
1531080 534
1531090 534
1531100 536
1531110 538
1531120 538
1531130 539
1531140 541
1531150 541
1531160 543
1531170 544
1531180 544
1531190 545
1531200 546
1531210 546
1531220 547
1531230 548
1531240 548
1531250 549
1531260 549
1531270 549
1531280 549
1531290 549
1531300 549
1531310 549
1531320 549
1531330 549
1531340 548
1531350 547
1531360 547
1531370 547
1531380 546
1531390 546
1531400 545
1531410 544
1531420 544
1531430 542
1531440 541
1531450 541
1531460 539
1531470 538
1531480 538
1531490 536
1531500 534
1531510 534
1531520 532
1531530 531
1531540 531
1531550 529
1531560 527
1531570 527
1531580 526
1531590 524
1531600 524
1531610 522
1531620 522
1531630 521
1531640 520
1531650 520
1531660 519
1531670 517
1531680 517
1531690 516
1531700 515
1531710 515
1531720 515
1531730 514
1531740 514
1531750 514
1531760 514
1531770 514
1531780 513
1531790 513
1531800 513
1531810 513
1531820 514
1531830 514
1531840 514
1531850 514
1531860 514
1531870 514
1531880 515
1531890 515
1531900 515
1531910 516
1531920 516
1531930 517
1531940 517
1531950 517
1531960 518
1531970 519
1531980 519
1531990 520
1532000 521
1532010 521
1532020 522
1532030 523
1532040 523
1532050 524
1532060 525
1532070 525
1532080 527
1532090 528
1532100 528
1532110 529
1532120 531
1532130 531
1532140 532
1532150 534
1532160 534
1532170 535
1532180 537
1532190 537
1532200 539
1532210 540
1532220 540
1532230 542
1532240 544
1532250 544
1532260 546
1532270 548
1532280 548
1532290 550
1532300 552
1532310 552
1532320 555
1532330 557
1532340 557
1532350 559
1532360 561
1532370 561
1532380 564
1532390 566
1532400 566
1532410 568
1532420 570
1532430 570
1532440 572
1532450 574
1532460 574
1532470 577
1532480 577
1532490 579
1532500 581
1532510 581
1532520 583
1532530 584
1532540 584
1532550 586
1532560 587
1532570 587
1532580 588
1533390 546
1533400 546
1533410 546
1533420 546
1533430 546
1533440 548
1533450 549
1533460 549
1533470 551
1533480 552
1533490 552
1533500 554
1533510 555
1533520 555
1533530 557
1533540 558
1533550 558
1533560 560
1533570 561
1533580 561
1533590 563
1533600 565
1533610 565
1533620 568
1533630 570
1533640 570
1533650 572
1533660 574
1533670 574
1533680 575
1533690 577
1533700 577
1533710 579
1533720 581
1533730 581
1533740 583
1533750 585
1533760 585
1533770 587
1533780 588
1533790 588
1533800 590
1533810 592
1533820 592
1533830 594
1533840 596
1533850 596
1533860 598
1533870 600
1533880 600
1533890 601
1533900 603
1533910 603
1533920 605
1533930 607
1533940 607
1533950 609
1533960 611
1533970 611
1533980 613
1533990 615
1534000 615
1534010 616
1534020 618
1534030 618
1534040 620
1534050 622
1534060 622
1534070 624
1534080 627
1534090 627
1534100 629
1534110 632
1534120 632
1534130 635
1534140 638
1534150 638
1534160 641
1534170 645
1534180 645
1534190 648
1534200 651
1534210 651
1534220 654
1534230 654
1534240 658
1534250 662
1534260 662
1534270 665
1534280 668
1534290 668
1534300 670
1534310 673
1534320 673
1534330 675
1534340 677
1534350 677
1534360 680
1534370 683
1534380 683
1534390 689
1534400 694
1534410 694
1534420 697
1534430 697
1534440 697
1534450 698
1534460 700
1534470 700
1534480 703
1534490 703
1534500 703
1534510 700
1534520 697
1534530 697
1534540 694
1534550 692
1534560 692
1534570 690
1534580 687
1534590 687
1534600 683
1534610 679
1534620 679
1534630 675
1534640 671
1534650 671
1534660 669
1534670 666
1534680 666
1534690 663
1534700 660
1534710 660
1534720 657
1534730 655
1534740 655
1534750 653
1534760 649
1534770 649
1534780 646
1534790 642
1534800 642
1534810 640
1534820 637
1534830 637
1534840 634
1534850 630
1534860 630
1534870 627
1534880 624
1534890 624
1534900 622
1534910 619
1534920 619
1534930 617
1534940 614
1534950 614
1534960 612
1534970 609
1534980 609
1534990 606
1535000 603
1535010 603
1535020 600
1535030 598
1535040 598
1535050 596
1535060 594
1535070 594
1535080 592
1535090 592
1535100 590
1535110 589
1535120 589
1535130 587
1535140 586
1535150 586
1535160 585
1535170 584
1535180 584
1535190 584
1535200 583
1535210 583
1535220 583
1535230 583
1535240 583
1535250 582
1535260 584
1535270 584
1535280 586
1535290 587
1535300 587
1535310 589
1535320 592
1535330 592
1535340 594
1535350 595
1535360 595
1535370 597
1535380 598
1535390 598
1535400 598
1535410 598
1535420 598
1535430 597
1535440 596
1535450 596
1535460 594
1535470 591
1535480 591
1535490 588
1535500 584
1535510 584
1535520 581
1535530 577
1535540 577
1535550 574
1535560 573
1535570 573
1535580 572
1535590 573
1535600 573
1535610 574
1535620 575
1535630 575
1535640 578
1535650 580
1535660 580
1535670 581
1535680 581
1535690 581
1535700 581
1535710 581
1535720 581
1535730 581
1535740 579
1535750 579
1535760 579
1535770 578
1535780 578
1535790 578
1535800 577
1535810 577
1535820 577
1535830 576
1535840 576
1535850 576
1535860 575
1535870 575
1535880 574
1535890 572
1535900 572
1535910 570
1535920 569
1535930 569
1535940 568
1535950 568
1535960 567
1535970 567
1535980 567
1535990 567
1536000 567
1536010 567
1536020 567
1536030 567
1536040 567
1536050 567
1536060 567
1536070 567
1536080 566
1536090 567
1536100 567
1536110 567
1536120 567
1536130 567
1536140 568
1536150 568
1536160 568
1536170 568
1536180 567
1536190 567
1536200 567
1536210 568
1536220 568
1536230 568
1536240 568
1536250 568
1536260 568
1536270 568
1536280 568
1536290 572
1536300 575
1536310 575
1536320 576
1536330 577
1536340 577
1536350 578
1536360 578
1536370 578
1536380 579
1536390 579
1536400 579
1536410 580
1536420 580
1536430 580
1536440 580
1536450 581
1536460 581
1536470 581
1536480 581
1536490 581
1536500 581
1536510 581
1536520 581
1536530 581
1536540 580
1536550 580
1536560 580
1536570 580
1536580 580
1536590 579
1536600 579
1536610 579
1536620 578
1536630 578
1536640 578
1536650 577
1536660 576
1536670 576
1536680 576
1536690 575
1536700 575
1536710 576
1536720 576
1536730 576
1536740 576
1536750 577
1536760 577
1536770 577
1536780 578
1536790 578
1536800 578
1536810 578
1536820 578
1536830 579
1536840 579
1536850 579
1536860 579
1536870 579
1536880 580
1536890 581
1536900 581
1536910 581
1536920 582
1536930 582
1536940 582
1536950 583
1536960 583
1536970 583
1536980 584
1536990 584
1537000 584
1537010 585
1537020 585
1537030 586
1537040 586
1537050 586
1537060 586
1537070 586
1537080 586
1537090 586
1537100 585
1537110 585
1537120 584
1537130 583
1537140 583
1537150 583
1537160 585
1537170 585
1537180 587
1537190 589
1537200 589
1537210 590
1537220 592
1537230 592
1537240 593
1537250 595
1537260 595
1537270 596
1537280 597
1537290 597
1537300 599
1537310 600
1537320 600
1537330 602
1537340 603
1537350 603
1537360 604
1537370 606
1537380 606
1537390 608
1537400 609
1537410 609
1537420 611
1537430 612
1537440 612
1537450 614
1537460 615
1537470 615
1537480 617
1537490 618
1537500 618
1537510 619
1537520 621
1537530 621
1537540 623
1537550 625
1537560 625
1537570 627
1537580 629
1537590 629
1537600 631
1537610 632
1537620 632
1537630 634
1537640 636
1537650 636
1537660 638
1537670 638
1537680 640
1537690 642
1537700 642
1537710 644
1537720 646
1537730 646
1537740 649
1537750 652
1537760 652
1537770 654
1537780 656
1537790 656
1537800 658
1537810 661
1537820 661
1537830 663
1537840 666
1537850 666
1537860 668
1537870 671
1537880 671
1537890 674
1537900 677
1537910 677
1537920 679
1537930 681
1537940 681
1537950 682
1537960 684
1537970 684
1537980 687
1537990 689
1538000 689
1538010 691
1538020 693
1538030 693
1538040 694
1538050 696
1538060 696
1538070 697
1538080 698
1538090 698
1538100 699
1538110 700
1538120 700
1538130 701
1538140 702
1538150 702
1538160 703
1538170 704
1538180 704
1538190 705
1538200 706
1538210 706
1538220 707
1538230 708
1538240 708
1538250 709
1538260 710
1538270 710
1538280 711
1538290 712
1538300 712
1538310 712
1538320 713
1538330 713
1538340 713
1538350 714
1538360 714
1538370 713
1538380 712
1538390 712
1538400 711
1538410 711
1538420 711
1538430 710
1538440 710
1538450 710
1538460 709
1538470 709
1538480 709
1538490 709
1538500 709
1538510 709
1538520 708
1538530 708
1538540 707
1538550 707
1538560 707
1538570 707
1538580 707
1538590 707
1538600 706
1538610 705
1538620 705
1538630 704
1538640 700
1538650 700
1538660 699
1538670 698
1538680 698
1538690 697
1538700 696
1538710 696
1538720 695
1538730 694
1538740 694
1538750 693
1538760 692
1538770 692
1538780 690
1538790 688
1538800 688
1538810 687
1538820 686
1538830 686
1538840 685
1538850 683
1538860 683
1538870 680
1538880 677
1538890 677
1538900 674
1538910 671
1538920 671
1538930 669
1538940 667
1538950 667
1538960 667
1538970 665
1538980 665
1538990 664
1539000 663
1539010 663
1539020 661
1539030 658
1539040 658
1539050 655
1539060 653
1539070 653
1539080 652
1539090 651
1539100 651
1539110 649
1539120 647
1539130 647
1539140 647
1539150 649
1539160 649
1539170 651
1539180 655
1539190 655
1539200 658
1539210 659
1539220 659
1539230 660
1539240 660
1539250 660
1539260 660
1539270 659
1539280 659
1539290 658
1539300 657
1539310 657
1539320 655
1539330 653
1539340 653
1539350 651
1539360 651
1539370 649
1539380 648
1539390 648
1539400 647
1539410 646
1539420 646
1539430 645
1539440 644
1539450 644
1539460 644
1539470 644
1539480 644
1539490 644
1539500 644
1539510 644
1539520 644
1539530 645
1539540 645
1539550 645
1539560 644
1539570 644
1539580 645
1539590 645
1539600 645
1539610 644
1539620 644
1539630 644
1539640 644
1539650 645
1539660 645
1539670 645
1539680 646
1539690 646
1539700 647
1539710 649
1539720 649
1539730 651
1539740 653
1539750 653
1539760 655
1539770 657
1539780 657
1539790 658
1539800 659
1539810 659
1539820 661
1539830 662
1539840 662
1539850 663
1539860 664
1539870 664
1539880 665
1539890 666
1539900 666
1539910 668
1539920 670
1539930 670
1539940 670
1539950 671
1539960 671
1539970 672
1539980 673
1539990 673
