1534600 626
1534610 626
1534620 626
1534630 627
1534640 627
1534650 628
1534660 629
1534670 629
1534680 630
1534690 631
1534700 631
1534710 631
1534720 632
1534730 632
1534740 633
1534750 633
1534760 633
1534770 634
1534780 634
1534790 634
1534800 635
1534810 635
1534820 635
1534830 635
1534840 635
1534850 636
1534860 636
1534870 636
1534880 636
1534890 637
1534900 637
1534910 637
1534920 637
1534930 637
1534940 638
1534950 638
1534960 638
1534970 638
1534980 638
1534990 638
1535000 637
1535010 636
1535020 636
1535030 636
1535040 635
1535050 635
1535060 634
1535070 633
1535080 633
1535090 632
1535100 631
1535110 631
1535120 631
1535130 630
1535140 630
1535150 630
1535160 629
1535170 629
1535180 628
1535190 628
1535200 628
1535210 627
1535220 627
1535230 627
1535240 627
1535250 627
1535260 627
1535270 627
1535280 627
1535290 627
1535300 627
1535310 628
1535320 629
1535330 629
1535340 630
1535350 630
1535360 630
1535370 631
1535380 631
1535390 631
1535400 632
1535410 632
1535420 632
1535430 633
1535440 633
1535450 633
1535460 634
1535470 634
1535480 634
1535490 634
1535500 634
1535510 635
1535520 635
1535530 635
1535540 636
1535550 636
1535560 636
1535570 637
1535580 637
1535590 637
1535600 638
1535610 639
1535620 639
1535630 639
1535640 639
1535650 640
1535660 641
1535670 641
1535680 642
1535690 643
1535700 643
1535710 643
1535720 644
1535730 644
1535740 646
1535750 647
1535760 647
1535770 648
1535780 649
1535790 649
1535800 650
1535810 652
1535820 652
1535830 653
1535840 654
1535850 654
1535860 656
1535870 657
1535880 657
1535890 658
1535900 659
1535910 659
1535920 659
1535930 659
1535940 659
1535950 659
1535960 659
1535970 659
1535980 658
1535990 658
1536000 658
1536010 656
1536020 655
1536030 655
1536040 653
1536050 651
1536060 651
1536070 649
1536080 648
1536090 648
1536100 646
1536110 644
1536120 644
1536130 642
1536140 641
1536150 641
1536160 639
1536170 637
1536180 637
1536190 636
1536200 634
1536210 634
1536220 633
1536230 631
1536240 631
1536250 629
1536260 628
1536270 628
1536280 626
1536290 624
1536300 624
1536310 623
1536320 621
1536330 621
1536340 619
1536350 618
1536360 618
1536370 616
1536380 614
1536390 614
1536400 612
1536410 611
1536420 611
1536430 610
1536440 609
1536450 609
1536460 607
1536470 606
1536480 606
1536490 605
1536500 605
1536510 604
1536520 603
1536530 603
1536540 602
1536550 601
1536560 601
1536570 600
1536580 598
1536590 598
1536600 595
1536610 592
1536620 592
1536630 591
1536640 590
1536650 590
1536660 589
1536670 588
1536680 588
1536690 588
1536700 588
1536710 588
1536720 587
1536730 587
1536740 587
1536750 586
1536760 585
1536770 585
1536780 585
1536790 584
1536800 584
1536810 584
1536820 584
1536830 584
1536840 583
1536850 583
1536860 583
1536870 583
1536880 584
1536890 584
1536900 589
1536910 597
1536920 597
1536930 603
1536940 607
1536950 607
1536960 611
1536970 614
1536980 614
1536990 617
1537000 619
1537010 619
1537020 621
1537030 622
1537040 622
1537050 623
1537060 624
1537070 624
1537080 625
1537090 626
1537100 626
1537110 627
1537120 628
1537130 628
1537140 628
1537150 628
1537160 628
1537170 629
1537180 629
1537190 629
1537200 630
1537210 630
1537220 630
1537230 631
1537240 632
1537250 632
1537260 632
1537270 632
1537280 632
1537290 633
1537300 633
1537310 633
1537320 634
1537330 634
1537340 634
1537350 634
1537360 634
1537370 635
1537380 636
1537390 636
1537400 636
1537410 636
1537420 636
1537430 636
1537440 636
1537450 636
1537460 636
1537470 636
1537480 636
1537490 636
1537500 636
1537510 636
1537520 634
1537530 632
1537540 632
1537550 630
1537560 629
1537570 629
1537580 627
1537590 625
1537600 625
1537610 623
1537620 622
1537630 622
1537640 621
1537650 620
1537660 620
1537670 619
1537680 618
1537690 618
1537700 617
1537710 616
1537720 616
1537730 615
1537740 614
1537750 614
1537760 614
1537770 614
1537780 614
1537790 615
1537800 615
1537810 615
1537820 616
1537830 617
1537840 617
1537850 618
1537860 619
1537870 619
1537880 620
1537890 620
1537900 620
1537910 621
1537920 621
1537930 621
1537940 622
1537950 622
1537960 622
1537970 622
1537980 623
1537990 623
1538000 623
1538010 624
1538020 624
1538030 624
1538040 625
1538050 625
1538060 625
1538070 626
1538080 626
1538090 627
1538100 628
1538110 628
1538120 628
1538130 629
1538140 629
1538150 630
1538160 630
1538170 630
1538180 630
1538190 630
1538200 631
1538210 631
1538220 631
1538230 631
1538240 631
1538250 631
1538260 631
1538270 631
1538280 631
1538290 632
1538300 634
1538310 634
1538320 635
1538330 636
1538340 636
1538350 637
1538360 638
1538370 638
1538380 639
1538390 640
1538400 640
1538410 641
1538420 642
1538430 642
1538440 642
1538450 643
1538460 643
1538470 644
1538480 645
1538490 645
1538500 646
1538510 646
1538520 646
1538530 647
1538540 648
1538550 648
1538560 649
1538570 650
1538580 650
1538590 652
1538600 653
1538610 653
1538620 654
1538630 655
1538640 655
1538650 656
1538660 657
1538670 657
1538680 658
1538690 659
1538700 659
1538710 659
1538720 660
1538730 660
1538740 660
1538750 661
1538760 661
1538770 661
1538780 661
1538790 661
1538800 662
1538810 662
1538820 662
1538830 662
1538840 662
1538850 662
1538860 662
1538870 662
1538880 662
1538890 661
1538900 661
1538910 661
1538920 660
1538930 659
1538940 659
1538950 658
1538960 657
1538970 657
1538980 657
1538990 657
1539000 657
1539010 658
1539020 658
1539030 659
1539040 659
1539050 659
1539060 660
1539070 660
1539080 660
1539090 660
1539100 661
1539110 661
1539120 662
1539130 662
1539140 662
1539150 663
1539160 664
1539170 664
1539180 665
1539190 665
1539200 665
1539210 666
1539220 667
1539230 667
1539240 668
1539250 669
1539260 669
1539270 670
1539280 671
1539290 671
1539300 672
1539310 673
1539320 673
1539330 674
1539340 675
1539350 675
1539360 676
1539370 676
1539380 676
1539390 677
1539400 678
1539410 678
1539420 679
1539430 679
1539440 679
1539450 680
1539460 681
1539470 681
1539480 682
1539490 682
1539500 682
1539510 682
1539520 682
1539530 682
1539540 682
1539550 682
1539560 682
1539570 682
1539580 681
1539590 681
1539600 679
1539610 678
1539620 678
1539630 677
1539640 676
1539650 676
1539660 676
1539670 677
1539680 677
1539690 677
1539700 678
1539710 678
1539720 679
1539730 680
1539740 680
1539750 682
1539760 683
1539770 683
1539780 684
1539790 685
1539800 685
1539810 686
1539820 687
1539830 687
1539840 687
1539850 687
1539860 688
1539870 688
1539880 688
1539890 688
1539900 689
1539910 689
1539920 690
1539930 690
1539940 690
1539950 691
1539960 692
1539970 692
1539980 693
1539990 694
