1534960 680
1534970 680
1534980 680
1534990 681
1535000 681
1535010 681
1535020 682
1535030 682
1535040 682
1535050 682
1535060 682
1535070 682
1535080 682
1535090 682
1535100 682
1535110 682
1535120 682
1535130 682
1535140 681
1535150 681
1535160 681
1535170 681
1535180 681
1535190 680
1535200 680
1535210 680
1535220 680
1535230 679
1535240 679
1535250 679
1535260 679
1535270 679
1535280 678
1535290 678
1535300 678
1535310 678
1535320 678
1535330 678
1535340 677
1535350 677
1535360 677
1535370 677
1535380 676
1535390 676
1535400 676
1535410 676
1535420 676
1535430 676
1535440 675
1535450 675
1535460 675
1535470 675
1535480 675
1535490 674
1535500 673
1535510 673
1535520 672
1535530 671
1535540 671
1535550 670
1535560 669
1535570 669
1535580 667
1535590 666
1535600 666
1535610 664
1535620 662
1535630 662
1535640 661
1535650 659
1535660 659
1535670 658
1535680 656
1535690 656
1535700 655
1535710 654
1535720 654
1535730 653
1535740 653
1535750 653
1535760 652
1535770 652
1535780 652
1535790 652
1535800 652
1535810 653
1535820 653
1535830 653
1535840 654
1535850 656
1535860 656
1535870 657
1535880 658
1535890 658
1535900 659
1535910 660
1535920 660
1535930 662
1535940 663
1535950 663
1535960 664
1535970 664
1535980 664
1535990 665
1536000 666
1536010 666
1536020 667
1536030 667
1536040 667
1536050 667
1536060 667
1536070 667
1536080 667
1536090 666
1536100 666
1536110 664
1536120 664
1536130 664
1536140 663
1536150 663
1536160 663
1536170 662
1536180 661
1536190 661
1536200 660
1536210 659
1536220 659
1536230 658
1536240 656
1536250 656
1536260 655
1536270 653
1536280 653
1536290 652
1536300 651
1536310 651
1536320 650
1536330 648
1536340 648
1536350 647
1536360 647
1536370 647
1536380 646
1536390 645
1536400 645
1536410 643
1536420 642
1536430 642
1536440 639
1536450 635
1536460 635
1536470 631
1536480 629
1536490 629
1536500 628
1536510 627
1536520 627
1536530 626
1536540 626
1536550 625
1536560 624
1536570 624
1536580 623
1536590 622
1536600 622
1536610 622
1536620 621
1536630 621
1536640 620
1536650 620
1536660 620
1536670 620
1536680 620
1536690 620
1536700 620
1536710 620
1536720 620
1536730 619
1536740 618
1536750 618
1536760 617
1536770 615
1536780 615
1536790 611
1536800 606
1536810 606
1536820 604
1536830 604
1536840 604
1536850 604
1536860 604
1536870 604
1536880 604
1536890 604
1536900 604
1536910 604
1536920 604
1536930 604
1536940 604
1536950 604
1536960 604
1536970 604
1536980 604
1536990 604
1537000 605
1537010 605
1537020 605
1537030 605
1537040 606
1537050 606
1537060 606
1537070 606
1537080 606
1537090 607
1537100 607
1537110 607
1537120 607
1537130 607
1537140 607
1537150 607
1537160 608
1537170 608
1537180 608
1537190 609
1537200 609
1537210 609
1537220 609
1537230 609
1537240 609
1537250 609
1537260 609
1537270 610
1537280 610
1537290 610
1537300 610
1537310 611
1537320 611
1537330 611
1537340 611
1537350 611
1537360 611
1537370 611
1537380 612
1537390 613
1537400 613
1537410 613
1537420 614
1537430 614
1537440 615
1537450 615
1537460 615
1537470 615
1537480 615
1537490 615
1537500 615
1537510 616
1537520 616
1537530 616
1537540 616
1537550 616
1537560 617
1537570 617
1537580 617
1537590 617
1537600 618
1537610 618
1537620 618
1537630 619
1537640 619
1537650 619
1537660 620
1537670 620
1537680 621
1537690 622
1537700 622
1537710 623
1537720 624
1537730 624
1537740 625
1537750 626
1537760 626
1537770 627
1537780 628
1537790 628
1537800 629
1537810 630
1537820 630
1537830 630
1537840 631
1537850 631
1537860 632
1537870 632
1537880 632
1537890 632
1537900 632
1537910 632
1537920 632
1537930 631
1537940 631
1537950 630
1537960 630
1537970 630
1537980 627
1537990 625
1538000 625
1538010 624
1538020 624
1538030 624
1538040 625
1538050 625
1538060 625
1538070 625
1538080 625
1538090 625
1538100 625
1538110 625
1538120 625
1538130 625
1538140 625
1538150 625
1538160 626
1538170 626
1538180 626
1538190 627
1538200 627
1538210 627
1538220 627
1538230 627
1538240 628
1538250 628
1538260 628
1538270 628
1538280 628
1538290 628
1538300 627
1538310 628
1538320 628
1538330 630
1538340 631
1538350 631
1538360 632
1538370 632
1538380 632
1538390 634
1538400 635
1538410 635
1538420 637
1538430 638
1538440 638
1538450 640
1538460 642
1538470 642
1538480 643
1538490 645
1538500 645
1538510 647
1538520 648
1538530 648
1538540 649
1538550 650
1538560 650
1538570 650
1538580 651
1538590 649
1538600 650
1538610 651
1538620 651
1538630 651
1538640 652
1538650 652
1538660 652
1538670 652
1538680 652
1538690 652
1538700 652
1538710 652
1538720 651
1538730 651
1538740 651
1538750 652
1538760 653
1538770 653
1538780 654
1538790 654
1538800 654
1538810 654
1538820 654
1538830 654
1538840 654
1538850 653
1538860 653
1538870 653
1538880 653
1538890 653
1538900 652
1538910 651
1538920 651
1538930 650
1538940 650
1538950 650
1538960 649
1538970 649
1538980 649
1538990 648
1539000 648
1539010 648
1539020 647
1539030 647
1539040 646
1539050 645
1539060 645
1539070 645
1539080 644
1539090 644
1539100 644
1539110 643
1539120 643
1539130 643
1539140 643
1539150 643
1539160 642
1539170 642
1539180 642
1539190 643
1539200 643
1539210 643
1539220 644
1539230 645
1539240 645
1539250 645
1539260 646
1539270 646
1539280 645
1539290 645
1539300 645
1539310 644
1539320 644
1539330 644
1539340 644
1539350 644
1539360 644
1539370 643
1539380 643
1539390 643
1539400 642
1539410 642
1539420 642
1539430 642
1539440 642
1539450 642
1539460 642
1539470 642
1539480 642
1539490 643
1539500 642
1539510 642
1539520 642
1539530 642
1539540 642
1539550 642
1539560 642
1539570 642
1539580 642
1539590 643
1539600 643
1539610 643
1539620 644
1539630 644
1539640 645
1539650 645
1539660 645
1539670 646
1539680 647
1539690 647
1539700 648
1539710 649
1539720 649
1539730 650
1539740 651
1539750 651
1539760 652
1539770 654
1539780 654
1539790 655
1539800 655
1539810 656
1539820 657
1539830 657
1539840 658
1539850 659
1539860 659
1539870 660
1539880 661
1539890 661
1539900 661
1539910 662
1539920 662
1539930 663
1539940 664
1539950 664
1539960 665
1539970 666
1539980 666
1539990 667
