1535050 701
1535060 701
1535070 701
1535080 701
1535090 702
1535100 702
1535110 701
1535120 701
1535130 701
1535140 700
1535150 700
1535160 700
1535170 699
1535180 699
1535190 699
1535200 698
1535210 698
1535220 697
1535230 696
1535240 696
1535250 695
1535260 693
1535270 693
1535280 692
1535290 691
1535300 691
1535310 690
1535320 690
1535330 690
1535340 689
1535350 687
1535360 687
1535370 686
1535380 685
1535390 685
1535400 684
1535410 683
1535420 683
1535430 682
1535440 680
1535450 680
1535460 679
1535470 678
1535480 678
1535490 677
1535500 676
1535510 676
1535520 675
1535530 674
1535540 674
1535550 672
1535560 671
1535570 671
1535580 671
1535590 670
1535600 670
1535610 670
1535620 669
1535630 669
1535640 669
1535650 669
1535660 669
1535670 669
1535680 669
1535690 669
1535700 669
1535710 669
1535720 669
1535730 670
1535740 671
1535750 671
1535760 672
1535770 672
1535780 672
1535790 673
1535800 674
1535810 674
1535820 675
1535830 676
1535840 676
1535850 677
1535860 678
1535870 678
1535880 679
1535890 680
1535900 680
1535910 681
1535920 682
1535930 682
1535940 683
1535950 683
1535960 683
1535970 684
1535980 684
1535990 684
1536000 684
1536010 684
1536020 684
1536030 684
1536040 684
1536050 684
1536060 684
1536070 684
1536080 683
1536090 683
1536100 683
1536110 683
1536120 682
1536130 682
1536140 681
1536150 680
1536160 680
1536170 680
1536180 679
1536190 679
1536200 678
1536210 677
1536220 677
1536230 677
1536240 676
1536250 676
1536260 674
1536270 672
1536280 672
1536290 670
1536300 669
1536310 669
1536320 668
1536330 666
1536340 666
1536350 664
1536360 662
1536370 662
1536380 659
1536390 657
1536400 657
1536410 655
1536420 653
1536430 653
1536440 652
1536450 650
1536460 650
1536470 648
1536480 647
1536490 647
1536500 646
1536510 645
1536520 645
1536530 644
1536540 643
1536550 643
1536560 642
1536570 640
1536580 640
1536590 639
1536600 637
1536610 637
1536620 636
1536630 635
1536640 635
1536650 633
1536660 631
1536670 631
1536680 630
1536690 628
1536700 628
1536710 627
1536720 624
1536730 624
1536740 622
1536750 622
1536760 619
1536770 617
1536780 617
1536790 615
1536800 613
1536810 613
1536820 611
1536830 607
1536840 607
1536850 604
1536860 603
1536870 603
1536880 602
1536890 602
1536900 602
1536910 602
1536920 604
1536930 604
1536940 607
1536950 610
1536960 610
1536970 613
1536980 615
1536990 615
1537000 617
1537010 619
1537020 619
1537030 621
1537040 622
1537050 622
1537060 622
1537070 623
1537080 623
1537090 623
1537100 624
1537110 624
1537120 623
1537130 623
1537140 623
1537150 624
1537160 624
1537170 624
1537180 624
1537190 624
1537200 624
1537210 625
1537220 624
1537230 624
1537240 624
1537250 625
1537260 625
1537270 625
1537280 625
1537290 625
1537300 626
1537310 626
1537320 626
1537330 627
1537340 627
1537350 627
1537360 627
1537370 627
1537380 627
1537390 627
1537400 627
1537410 627
1537420 627
1537430 627
1537440 627
1537450 626
1537460 626
1537470 626
1537480 627
1537490 627
1537500 627
1537510 627
1537520 627
1537530 627
1537540 628
1537550 628
1537560 628
1537570 628
1537580 628
1537590 628
1537600 629
1537610 629
1537620 629
1537630 629
1537640 629
1537650 630
1537660 630
1537670 630
1537680 631
1537690 631
1537700 631
1537710 632
1537720 632
1537730 632
1537740 633
1537750 633
1537760 633
1537770 634
1537780 634
1537790 634
1537800 635
1537810 636
1537820 636
1537830 636
1537840 637
1537850 637
1537860 637
1537870 637
1537880 637
1537890 638
1537900 638
1537910 638
1537920 637
1537930 636
1537940 636
1537950 635
1537960 634
1537970 634
1537980 634
1537990 633
1538000 633
1538010 634
1538020 634
1538030 634
1538040 635
1538050 635
1538060 635
1538070 636
1538080 636
1538090 636
1538100 637
1538110 638
1538120 638
1538130 638
1538140 639
1538150 639
1538160 640
1538170 640
1538180 640
1538190 641
1538200 642
1538210 642
1538220 643
1538230 644
1538240 644
1538250 645
1538260 646
1538270 646
1538280 647
1538290 648
1538300 648
1538310 649
1538320 650
1538330 650
1538340 652
1538350 653
1538360 653
1538370 654
1538380 654
1538390 656
1538400 658
1538410 658
1538420 660
1538430 663
1538440 663
1538450 666
1538460 668
1538470 668
1538480 670
1538490 671
1538500 671
1538510 673
1538520 674
1538530 674
1538540 675
1538550 676
1538560 676
1538570 677
1538580 678
1538590 678
1538600 678
1538610 678
1538620 678
1538630 678
1538640 678
1538650 678
1538660 678
1538670 677
1538680 677
1538690 677
1538700 676
1538710 676
1538720 675
1538730 674
1538740 674
1538750 674
1538760 674
1538770 674
1538780 674
1538790 673
1538800 673
1538810 673
1538820 672
1538830 672
1538840 671
1538850 669
1538860 669
1538870 668
1538880 667
1538890 667
1538900 666
1538910 665
1538920 665
1538930 664
1538940 663
1538950 663
1538960 661
1538970 660
1538980 660
1538990 659
1539000 658
1539010 658
1539020 657
1539030 657
1539040 657
1539050 657
1539060 656
1539070 656
1539080 656
1539090 656
1539100 656
1539110 655
1539120 655
1539130 655
1539140 655
1539150 655
1539160 655
1539170 656
1539180 656
1539190 656
1539200 657
1539210 657
1539220 657
1539230 657
1539240 657
1539250 657
1539260 657
1539270 657
1539280 657
1539290 657
1539300 657
1539310 657
1539320 657
1539330 657
1539340 657
1539350 656
1539360 656
1539370 656
1539380 656
1539390 656
1539400 656
1539410 655
1539420 655
1539430 654
1539440 654
1539450 654
1539460 654
1539470 654
1539480 654
1539490 654
1539500 653
1539510 653
1539520 653
1539530 653
1539540 653
1539550 653
1539560 653
1539570 653
1539580 652
1539590 652
1539600 652
1539610 652
1539620 652
1539630 652
1539640 651
1539650 651
1539660 651
1539670 650
1539680 649
1539690 649
1539700 648
1539710 648
1539720 648
1539730 648
1539740 648
1539750 648
1539760 648
1539770 649
1539780 649
1539790 649
1539800 650
1539810 650
1539820 650
1539830 651
1539840 651
1539850 652
1539860 652
1539870 653
1539880 653
1539890 654
1539900 654
1539910 654
1539920 654
1539930 654
1539940 655
1539950 655
1539960 655
1539970 656
1539980 656
1539990 656
