1534840 649
1534850 649
1534860 648
1534870 648
1534880 648
1534890 648
1534900 647
1534910 647
1534920 647
1534930 647
1534940 647
1534950 646
1534960 646
1534970 646
1534980 645
1534990 645
1535000 645
1535010 644
1535020 644
1535030 644
1535040 643
1535050 643
1535060 643
1535070 642
1535080 642
1535090 642
1535100 641
1535110 641
1535120 641
1535130 641
1535140 640
1535150 640
1535160 640
1535170 640
1535180 639
1535190 639
1535200 639
1535210 638
1535220 638
1535230 638
1535240 638
1535250 637
1535260 637
1535270 637
1535280 637
1535290 637
1535300 637
1535310 636
1535320 636
1535330 636
1535340 636
1535350 636
1535360 636
1535370 635
1535380 635
1535390 635
1535400 635
1535410 635
1535420 635
1535430 635
1535440 635
1535450 635
1535460 635
1535470 635
1535480 634
1535490 634
1535500 634
1535510 634
1535520 634
1535530 634
1535540 634
1535550 634
1535560 634
1535570 634
1535580 634
1535590 634
1535600 633
1535610 633
1535620 633
1535630 633
1535640 633
1535650 633
1535660 633
1535670 632
1535680 632
1535690 632
1535700 632
1535710 632
1535720 631
1535730 631
1535740 631
1535750 631
1535760 630
1535770 630
1535780 630
1535790 630
1535800 630
1535810 629
1535820 629
1535830 629
1535840 628
1535850 628
1535860 628
1535870 627
1535880 627
1535890 627
1535900 626
1535910 626
1535920 626
1535930 625
1535940 625
1535950 625
1535960 624
1535970 624
1535980 623
1535990 623
1536000 623
1536010 622
1536020 621
1536030 621
1536040 621
1536050 620
1536060 620
1536070 619
1536080 619
1536090 619
1536100 619
1536110 618
1536120 618
1536130 618
1536140 617
1536150 617
1536160 617
1536170 616
1536180 616
1536190 616
1536200 615
1536210 615
1536220 615
1536230 615
1536240 615
1536250 614
1536260 613
1536270 613
1536280 613
1536290 612
1536300 612
1536310 612
1536320 612
1536330 612
1536340 612
1536350 611
1536360 611
1536370 611
1536380 611
1536390 611
1536400 612
1536410 612
1536420 612
1536430 613
1536440 614
1536450 614
1536460 616
1536470 617
1536480 617
1536490 617
1536500 617
1536510 617
1536520 617
1536530 618
1536540 618
1536550 619
1536560 622
1536570 622
1536580 623
1536590 624
1536600 624
1536610 625
1536620 626
1536630 626
1536640 627
1536650 628
1536660 628
1536670 629
1536680 630
1536690 630
1536700 631
1536710 632
1536720 632
1536730 634
1536740 635
1536750 635
1536760 636
1536770 636
1536780 637
1536790 638
1536800 638
1536810 640
1536820 641
1536830 641
1536840 642
1536850 643
1536860 643
1536870 644
1536880 645
1536890 645
1536900 646
1536910 647
1536920 647
1536930 648
1536940 650
1536950 650
1536960 651
1536970 653
1536980 653
1536990 654
1537000 654
1537010 654
1537020 655
1537030 656
1537040 656
1537050 657
1537060 658
1537070 658
1537080 659
1537090 659
1537100 659
1537110 659
1537120 659
1537130 659
1537140 660
1537150 659
1537160 659
1537170 659
1537180 658
1537190 658
1537200 657
1537210 656
1537220 656
1537230 655
1537240 654
1537250 654
1537260 653
1537270 653
1537280 653
1537290 652
1537300 651
1537310 651
1537320 650
1537330 648
1537340 648
1537350 647
1537360 646
1537370 646
1537380 644
1537390 643
1537400 643
1537410 642
1537420 641
1537430 641
1537440 639
1537450 638
1537460 638
1537470 636
1537480 634
1537490 634
1537500 633
1537510 631
1537520 631
1537530 631
1537540 630
1537550 630
1537560 628
1537570 628
1537580 628
1537590 627
1537600 627
1537610 627
1537620 626
1537630 626
1537640 626
1537650 625
1537660 625
1537670 624
1537680 623
1537690 623
1537700 623
1537710 622
1537720 622
1537730 622
1537740 622
1537750 622
1537760 623
1537770 623
1537780 623
1537790 625
1537800 627
1537810 627
1537820 627
1537830 628
1537840 628
1537850 629
1537860 630
1537870 630
1537880 631
1537890 632
1537900 632
1537910 633
1537920 635
1537930 635
1537940 636
1537950 637
1537960 637
1537970 638
1537980 640
1537990 640
1538000 641
1538010 642
1538020 642
1538030 643
1538040 644
1538050 644
1538060 645
1538070 645
1538080 645
1538090 645
1538100 646
1538110 646
1538120 646
1538130 646
1538140 646
1538150 646
1538160 646
1538170 646
1538180 646
1538190 646
1538200 646
1538210 646
1538220 646
1538230 646
1538240 647
1538250 647
1538260 647
1538270 647
1538280 647
1538290 647
1538300 646
1538310 646
1538320 646
1538330 646
1538340 645
1538350 645
1538360 644
1538370 643
1538380 643
1538390 642
1538400 642
1538410 641
1538420 640
1538430 640
1538440 639
1538450 637
1538460 637
1538470 635
1538480 634
1538490 634
1538500 633
1538510 633
1538520 633
1538530 632
1538540 631
1538550 631
1538560 631
1538570 631
1538580 631
1538590 631
1538600 631
1538610 631
1538620 631
1538630 631
1538640 631
1538650 632
1538660 632
1538670 632
1538680 632
1538690 632
1538700 632
1538710 633
1538720 633
1538730 633
1538740 633
1538750 634
1538760 634
1538770 634
1538780 634
1538790 634
1538800 635
1538810 636
1538820 636
1538830 636
1538840 637
1538850 637
1538860 637
1538870 638
1538880 638
1538890 641
1538900 646
1538910 646
1538920 649
1538930 652
1538940 652
1538950 655
1538960 657
1538970 657
1538980 658
1538990 659
1539000 659
1539010 659
1539020 659
1539030 659
1539040 659
1539050 659
1539060 659
1539070 660
1539080 661
1539090 661
1539100 661
1539110 661
1539120 661
1539130 661
1539140 661
1539150 661
1539160 661
1539170 661
1539180 661
1539190 661
1539200 661
1539210 660
1539220 660
1539230 660
1539240 660
1539250 660
1539260 660
1539270 660
1539280 659
1539290 659
1539300 659
1539310 659
1539320 659
1539330 660
1539340 661
1539350 661
1539360 660
1539370 659
1539380 659
1539390 659
1539400 659
1539410 659
1539420 659
1539430 659
1539440 659
1539450 659
1539460 660
1539470 660
1539480 660
1539490 660
1539500 660
1539510 659
1539520 659
1539530 659
1539540 659
1539550 659
1539560 659
1539570 659
1539580 659
1539590 659
1539600 658
1539610 658
1539620 658
1539630 658
1539640 658
1539650 658
1539660 658
1539670 658
1539680 658
1539690 658
1539700 657
1539710 657
1539720 657
1539730 657
1539740 657
1539750 657
1539760 657
1539770 657
1539780 657
1539790 657
1539800 657
1539810 658
1539820 658
1539830 658
1539840 659
1539850 660
1539860 660
1539870 662
1539880 663
1539890 663
1539900 665
1539910 666
1539920 666
1539930 667
1539940 668
1539950 668
1539960 669
1539970 670
1539980 670
1539990 671
