1535540 669
1535550 670
1535560 670
1535570 670
1535580 670
1535590 670
1535600 670
1535610 671
1535620 671
1535630 671
1535640 671
1535650 671
1535660 671
1535670 671
1535680 671
1535690 671
1535700 670
1535710 670
1535720 670
1535730 669
1535740 669
1535750 668
1535760 667
1535770 667
1535780 666
1535790 665
1535800 665
1535810 664
1535820 663
1535830 663
1535840 661
1535850 660
1535860 660
1535870 659
1535880 658
1535890 658
1535900 658
1535910 657
1535920 657
1535930 656
1535940 656
1535950 656
1535960 656
1535970 655
1535980 655
1535990 655
1536000 655
1536010 655
1536020 655
1536030 655
1536040 655
1536050 655
1536060 655
1536070 655
1536080 655
1536090 655
1536100 655
1536110 656
1536120 656
1536130 656
1536140 656
1536150 657
1536160 657
1536170 657
1536180 657
1536190 657
1536200 658
1536210 658
1536220 658
1536230 658
1536240 657
1536250 657
1536260 657
1536270 657
1536280 657
1536290 657
1536300 657
1536310 657
1536320 656
1536330 656
1536340 656
1536350 656
1536360 656
1536370 655
1536380 655
1536390 655
1536400 655
1536410 654
1536420 654
1536430 653
1536440 652
1536450 652
1536460 652
1536470 651
1536480 651
1536490 650
1536500 649
1536510 649
1536520 648
1536530 647
1536540 647
1536550 646
1536560 645
1536570 645
1536580 643
1536590 642
1536600 642
1536610 641
1536620 640
1536630 640
1536640 640
1536650 639
1536660 639
1536670 639
1536680 638
1536690 638
1536700 638
1536710 638
1536720 638
1536730 638
1536740 638
1536750 638
1536760 637
1536770 637
1536780 637
1536790 637
1536800 637
1536810 637
1536820 637
1536830 637
1536840 637
1536850 638
1536860 637
1536870 637
1536880 637
1536890 636
1536900 636
1536910 636
1536920 635
1536930 635
1536940 634
1536950 634
1536960 634
1536970 633
1536980 632
1536990 632
1537000 632
1537010 631
1537020 631
1537030 631
1537040 630
1537050 630
1537060 630
1537070 630
1537080 629
1537090 628
1537100 628
1537110 627
1537120 626
1537130 626
1537140 624
1537150 623
1537160 623
1537170 622
1537180 621
1537190 621
1537200 620
1537210 620
1537220 620
1537230 620
1537240 620
1537250 620
1537260 620
1537270 620
1537280 620
1537290 620
1537300 620
1537310 620
1537320 620
1537330 620
1537340 620
1537350 620
1537360 620
1537370 620
1537380 621
1537390 624
1537400 624
1537410 628
1537420 630
1537430 630
1537440 632
1537450 634
1537460 634
1537470 635
1537480 636
1537490 636
1537500 637
1537510 637
1537520 637
1537530 638
1537540 639
1537550 639
1537560 639
1537570 639
1537580 639
1537590 639
1537600 639
1537610 639
1537620 638
1537630 637
1537640 637
1537650 636
1537660 633
1537670 633
1537680 630
1537690 629
1537700 629
1537710 628
1537720 627
1537730 627
1537740 626
1537750 626
1537760 626
1537770 625
1537780 625
1537790 625
1537800 625
1537810 626
1537820 626
1537830 626
1537840 626
1537850 626
1537860 627
1537870 627
1537880 628
1537890 628
1537900 628
1537910 629
1537920 631
1537930 631
1537940 632
1537950 633
1537960 633
1537970 634
1537980 635
1537990 635
1538000 637
1538010 639
1538020 639
1538030 641
1538040 643
1538050 643
1538060 644
1538070 646
1538080 646
1538090 649
1538100 652
1538110 652
1538120 655
1538130 657
1538140 657
1538150 660
1538160 662
1538170 662
1538180 665
1538190 668
1538200 668
1538210 671
1538220 673
1538230 673
1538240 676
1538250 678
1538260 678
1538270 680
1538280 682
1538290 682
1538300 684
1538310 686
1538320 686
1538330 687
1538340 689
1538350 689
1538360 690
1538370 692
1538380 692
1538390 693
1538400 694
1538410 694
1538420 696
1538430 697
1538440 697
1538450 698
1538460 699
1538470 699
1538480 699
1538490 700
1538500 700
1538510 700
1538520 700
1538530 700
1538540 701
1538550 701
1538560 701
1538570 701
1538580 702
1538590 702
1538600 703
1538610 703
1538620 704
1538630 705
1538640 705
1538650 705
1538660 706
1538670 706
1538680 706
1538690 706
1538700 706
1538710 707
1538720 710
1538730 710
1538740 710
1538750 711
1538760 711
1538770 711
1538780 711
1538790 711
1538800 712
1538810 712
1538820 712
1538830 711
1538840 711
1538850 711
1538860 710
1538870 709
1538880 709
1538890 708
1538900 707
1538910 707
1538920 705
1538930 703
1538940 703
1538950 701
1538960 699
1538970 699
1538980 698
1538990 696
1539000 696
1539010 694
1539020 692
1539030 692
1539040 691
1539050 691
1539060 691
1539070 691
1539080 690
1539090 690
1539100 689
1539110 689
1539120 689
1539130 687
1539140 686
1539150 686
1539160 686
1539170 686
1539180 686
1539190 686
1539200 686
1539210 686
1539220 685
1539230 686
1539240 686
1539250 687
1539260 687
1539270 687
1539280 688
1539290 688
1539300 688
1539310 689
1539320 690
1539330 690
1539340 691
1539350 692
1539360 692
1539370 693
1539380 693
1539390 694
1539400 695
1539410 695
1539420 696
1539430 697
1539440 697
1539450 699
1539460 700
1539470 700
1539480 701
1539490 702
1539500 702
1539510 703
1539520 704
1539530 704
1539540 705
1539550 705
1539560 705
1539570 706
1539580 706
1539590 706
1539600 706
1539610 706
1539620 706
1539630 706
1539640 706
1539650 706
1539660 706
1539670 706
1539680 706
1539690 706
1539700 707
1539710 707
1539720 707
1539730 707
1539740 707
1539750 707
1539760 707
1539770 707
1539780 707
1539790 707
1539800 707
1539810 708
1539820 708
1539830 708
1539840 708
1539850 708
1539860 708
1539870 708
1539880 708
1539890 708
1539900 709
1539910 709
1539920 709
1539930 709
1539940 710
1539950 710
1539960 711
1539970 712
1539980 712
1539990 713
