1536910 686
1536920 686
1536930 686
1536940 686
1536950 686
1536960 685
1536970 685
1536980 685
1536990 685
1537000 685
1537010 685
1537020 684
1537030 684
1537040 684
1537050 684
1537060 684
1537070 683
1537080 683
1537090 683
1537100 683
1537110 683
1537120 683
1537130 683
1537140 683
1537150 683
1537160 683
1537170 683
1537180 683
1537190 683
1537200 683
1537210 683
1537220 683
1537230 684
1537240 684
1537250 684
1537260 684
1537270 684
1537280 685
1537290 685
1537300 685
1537310 686
1537320 686
1537330 686
1537340 687
1537350 688
1537360 688
1537370 688
1537380 689
1537390 689
1537400 690
1537410 690
1537420 690
1537430 691
1537440 692
1537450 692
1537460 692
1537470 693
1537480 693
1537490 693
1537500 693
1537510 693
1537520 694
1537530 694
1537540 694
1537550 695
1537560 695
1537570 695
1537580 695
1537590 696
1537600 696
1537610 696
1537620 696
1537630 696
1537640 697
1537650 697
1537660 697
1537670 697
1537680 697
1537690 698
1537700 698
1537710 698
1537720 698
1537730 698
1537740 698
1537750 698
1537760 698
1537770 698
1537780 698
1537790 698
1537800 698
1537810 698
1537820 698
1537830 698
1537840 698
1537850 698
1537860 698
1537870 698
1537880 698
1537890 698
1537900 697
1537910 697
1537920 697
1537930 696
1537940 695
1537950 695
1537960 693
1537970 692
1537980 692
1537990 690
1538000 688
1538010 688
1538020 686
1538030 684
1538040 684
1538050 682
1538060 681
1538070 681
1538080 679
1538090 678
1538100 678
1538110 677
1538120 676
1538130 676
1538140 675
1538150 674
1538160 674
1538170 673
1538180 672
1538190 672
1538200 671
1538210 670
1538220 670
1538230 670
1538240 669
1538250 669
1538260 668
1538270 667
1538280 667
1538290 666
1538300 665
1538310 665
1538320 665
1538330 664
1538340 664
1538350 664
1538360 664
1538370 665
1538380 666
1538390 666
1538400 666
1538410 666
1538420 666
1538430 666
1538440 666
1538450 666
1538460 665
1538470 665
1538480 665
1538490 665
1538500 664
1538510 664
1538520 664
1538530 664
1538540 664
1538550 664
1538560 664
1538570 664
1538580 664
1538590 664
1538600 664
1538610 664
1538620 664
1538630 664
1538640 664
1538650 664
1538660 664
1538670 663
1538680 663
1538690 663
1538700 663
1538710 662
1538720 662
1538730 662
1538740 662
1538750 662
1538760 661
1538770 661
1538780 661
1538790 661
1538800 660
1538810 660
1538820 660
1538830 659
1538840 659
1538850 659
1538860 659
1538870 659
1538880 659
1538890 659
1538900 659
1538910 659
1538920 659
1538930 659
1538940 660
1538950 660
1538960 660
1538970 660
1538980 660
1538990 660
1539000 660
1539010 660
1539020 660
1539030 660
1539040 660
1539050 660
1539060 660
1539070 660
1539080 660
1539090 661
1539100 661
1539110 661
1539120 661
1539130 661
1539140 662
1539150 662
1539160 662
1539170 661
1539180 661
1539190 661
1539200 662
1539210 662
1539220 662
1539230 662
1539240 662
1539250 662
1539260 663
1539270 663
1539280 663
1539290 664
1539300 664
1539310 664
1539320 664
1539330 664
1539340 664
1539350 664
1539360 665
1539370 665
1539380 666
1539390 667
1539400 667
1539410 667
1539420 667
1539430 667
1539440 667
1539450 668
1539460 668
1539470 669
1539480 671
1539490 671
1539500 672
1539510 672
1539520 672
1539530 674
1539540 675
1539550 675
1539560 676
1539570 677
1539580 677
1539590 678
1539600 679
1539610 679
1539620 680
1539630 680
1539640 680
1539650 681
1539660 682
1539670 682
1539680 682
1539690 683
1539700 683
1539710 684
1539720 686
1539730 686
1539740 687
1539750 687
1539760 688
1539770 689
1539780 689
1539790 690
1539800 691
1539810 691
1539820 692
1539830 693
1539840 693
1539850 693
1539860 694
1539870 694
1539880 695
1539890 695
1539900 695
1539910 696
1539920 696
1539930 696
1539940 697
1539950 697
1539960 697
1539970 697
1539980 698
1539990 698
