1536450 802
1536460 800
1536470 800
1536480 798
1536490 795
1536500 795
1536510 793
1536520 791
1536530 791
1536540 789
1536550 788
1536560 788
1536570 789
1536580 788
1536590 788
1536600 787
1536610 787
1536620 787
1536630 786
1536640 785
1536650 785
1536660 785
1536670 785
1536680 785
1536690 784
1536700 784
1536710 784
1536720 783
1536730 783
1536740 783
1536750 782
1536760 782
1536770 782
1536780 781
1536790 780
1536800 780
1536810 779
1536820 778
1536830 778
1536840 776
1536850 775
1536860 775
1536870 774
1536880 772
1536890 772
1536900 771
1536910 770
1536920 770
1536930 768
1536940 767
1536950 767
1536960 766
1536970 764
1536980 764
1536990 763
1537000 762
1537010 762
1537020 760
1537030 759
1537040 759
1537050 757
1537060 757
1537070 756
1537080 755
1537090 755
1537100 753
1537110 752
1537120 752
1537130 750
1537140 749
1537150 749
1537160 748
1537170 746
1537180 746
1537190 745
1537200 744
1537210 744
1537220 743
1537230 742
1537240 742
1537250 740
1537260 739
1537270 739
1537280 738
1537290 737
1537300 737
1537310 735
1537320 734
1537330 734
1537340 732
1537350 731
1537360 731
1537370 730
1537380 729
1537390 729
1537400 728
1537410 727
1537420 727
1537430 726
1537440 725
1537450 725
1537460 724
1537470 723
1537480 723
1537490 722
1537500 722
1537510 722
1537520 721
1537530 720
1537540 720
1537550 720
1537560 719
1537570 719
1537580 718
1537590 717
1537600 717
1537610 716
1537620 716
1537630 716
1537640 714
1537650 713
1537660 713
1537670 712
1537680 710
1537690 710
1537700 708
1537710 708
1537720 708
1537730 707
1537740 707
1537750 707
1537760 706
1537770 706
1537780 706
1537790 706
1537800 706
1537810 706
1537820 706
1537830 706
1537840 707
1537850 707
1537860 707
1537870 707
1537880 707
1537890 707
1537900 706
1537910 705
1537920 705
1537930 705
1537940 704
1537950 704
1537960 704
1537970 703
1537980 703
1537990 702
1538000 702
1538010 702
1538020 702
1538030 703
1538040 703
1538050 703
1538060 703
1538070 703
1538080 703
1538090 704
1538100 704
1538110 705
1538120 706
1538130 706
1538140 706
1538150 707
1538160 707
1538170 708
1538180 709
1538190 709
1538200 710
1538210 711
1538220 711
1538230 712
1538240 712
1538250 712
1538260 713
1538270 714
1538280 714
1538290 715
1538300 717
1538310 717
1538320 718
1538330 719
1538340 719
1538350 720
1538360 721
1538370 721
1538380 722
1538390 723
1538400 723
1538410 724
1538420 724
1538430 725
1538440 726
1538450 726
1538460 726
1538470 727
1538480 727
1538490 727
1538500 728
1538510 728
1538520 728
1538530 729
1538540 729
1538550 730
1538560 731
1538570 731
1538580 732
1538590 733
1538600 733
1538610 733
1538620 734
1538630 734
1538640 734
1538650 735
1538660 735
1538670 735
1538680 736
1538690 736
1538700 737
1538710 737
1538720 737
1538730 738
1538740 738
1538750 738
1538760 739
1538770 739
1538780 739
1538790 739
1538800 739
1538810 739
1538820 740
1538830 740
1538840 740
1538850 740
1538860 740
1538870 740
1538880 740
1538890 740
1538900 740
1538910 740
1538920 740
1538930 740
1538940 740
1538950 740
1538960 740
1538970 740
1538980 740
1538990 740
1539000 740
1539010 739
1539020 740
1539030 740
1539040 740
1539050 740
1539060 739
1539070 739
1539080 739
1539090 739
1539100 739
1539110 738
1539120 738
1539130 738
1539140 737
1539150 737
1539160 737
1539170 737
1539180 736
1539190 736
1539200 736
1539210 736
1539220 736
1539230 736
1539240 736
1539250 736
1539260 736
1539270 736
1539280 736
1539290 736
1539300 736
1539310 736
1539320 735
1539330 736
1539340 736
1539350 736
1539360 735
1539370 735
1539380 735
1539390 735
1539400 735
1539410 734
1539420 732
1539430 732
1539440 731
1539450 730
1539460 730
1539470 729
1539480 729
1539490 729
1539500 728
1539510 728
1539520 728
1539530 727
1539540 727
1539550 727
1539560 727
1539570 727
1539580 727
1539590 727
1539600 727
1539610 727
1539620 727
1539630 728
1539640 728
1539650 728
1539660 728
1539670 728
1539680 728
1539690 728
1539700 728
1539710 729
1539720 729
1539730 729
1539740 730
1539750 730
1539760 730
1539770 731
1539780 731
1539790 731
1539800 732
1539810 732
1539820 732
1539830 733
1539840 733
1539850 733
1539860 734
1539870 734
1539880 735
1539890 736
1539900 736
1539910 736
1539920 737
1539930 737
1539940 738
1539950 739
1539960 739
1539970 740
1539980 741
1539990 741
