1536660 769
1536670 769
1536680 769
1536690 769
1536700 769
1536710 769
1536720 770
1536730 770
1536740 770
1536750 771
1536760 771
1536770 772
1536780 773
1536790 773
1536800 773
1536810 774
1536820 774
1536830 774
1536840 774
1536850 774
1536860 774
1536870 774
1536880 774
1536890 775
1536900 775
1536910 775
1536920 776
1536930 776
1536940 776
1536950 776
1536960 776
1536970 776
1536980 775
1536990 775
1537000 775
1537010 775
1537020 775
1537030 775
1537040 775
1537050 775
1537060 775
1537070 774
1537080 774
1537090 774
1537100 774
1537110 774
1537120 774
1537130 775
1537140 775
1537150 775
1537160 775
1537170 774
1537180 775
1537190 775
1537200 775
1537210 775
1537220 775
1537230 775
1537240 775
1537250 776
1537260 776
1537270 776
1537280 776
1537290 776
1537300 776
1537310 776
1537320 776
1537330 777
1537340 777
1537350 777
1537360 776
1537370 776
1537380 776
1537390 776
1537400 775
1537410 775
1537420 775
1537430 774
1537440 774
1537450 774
1537460 773
1537470 773
1537480 772
1537490 772
1537500 772
1537510 771
1537520 770
1537530 770
1537540 770
1537550 769
1537560 769
1537570 768
1537580 767
1537590 767
1537600 766
1537610 765
1537620 765
1537630 763
1537640 762
1537650 762
1537660 761
1537670 760
1537680 760
1537690 758
1537700 757
1537710 757
1537720 756
1537730 756
1537740 755
1537750 754
1537760 754
1537770 754
1537780 753
1537790 753
1537800 753
1537810 754
1537820 754
1537830 754
1537840 754
1537850 754
1537860 755
1537870 755
1537880 755
1537890 755
1537900 754
1537910 754
1537920 754
1537930 753
1537940 753
1537950 752
1537960 751
1537970 751
1537980 749
1537990 746
1538000 746
1538010 744
1538020 742
1538030 742
1538040 741
1538050 741
1538060 741
1538070 740
1538080 740
1538090 740
1538100 739
1538110 739
1538120 739
1538130 739
1538140 739
1538150 739
1538160 739
1538170 739
1538180 739
1538190 739
1538200 740
1538210 740
1538220 740
1538230 740
1538240 740
1538250 741
1538260 741
1538270 741
1538280 742
1538290 743
1538300 743
1538310 744
1538320 745
1538330 745
1538340 746
1538350 748
1538360 748
1538370 749
1538380 750
1538390 750
1538400 751
1538410 751
1538420 752
1538430 753
1538440 753
1538450 755
1538460 756
1538470 756
1538480 757
1538490 757
1538500 757
1538510 758
1538520 758
1538530 758
1538540 758
1538550 759
1538560 759
1538570 758
1538580 758
1538590 758
1538600 758
1538610 757
1538620 757
1538630 756
1538640 756
1538650 756
1538660 757
1538670 758
1538680 758
1538690 759
1538700 759
1538710 759
1538720 758
1538730 758
1538740 758
1538750 757
1538760 756
1538770 756
1538780 755
1538790 755
1538800 755
1538810 755
1538820 754
1538830 754
1538840 755
1538850 755
1538860 755
1538870 755
1538880 755
1538890 755
1538900 755
1538910 755
1538920 755
1538930 755
1538940 755
1538950 755
1538960 755
1538970 755
1538980 755
1538990 755
1539000 755
1539010 755
1539020 755
1539030 755
1539040 755
1539050 756
1539060 755
1539070 755
1539080 755
1539090 755
1539100 755
1539110 755
1539120 755
1539130 755
1539140 754
1539150 754
1539160 754
1539170 754
1539180 754
1539190 754
1539200 753
1539210 753
1539220 753
1539230 753
1539240 753
1539250 753
1539260 752
1539270 752
1539280 752
1539290 752
1539300 752
1539310 752
1539320 752
1539330 752
1539340 752
1539350 752
1539360 752
1539370 752
1539380 752
1539390 752
1539400 752
1539410 752
1539420 752
1539430 752
1539440 752
1539450 752
1539460 752
1539470 752
1539480 752
1539490 753
1539500 753
1539510 753
1539520 754
1539530 755
1539540 755
1539550 755
1539560 756
1539570 756
1539580 757
1539590 757
1539600 758
1539610 758
1539620 758
1539630 758
1539640 759
1539650 760
1539660 760
1539670 760
1539680 760
1539690 760
1539700 761
1539710 761
1539720 761
1539730 761
1539740 761
1539750 761
1539760 761
1539770 761
1539780 761
1539790 761
1539800 761
1539810 761
1539820 761
1539830 761
1539840 761
1539850 761
1539860 761
1539870 761
1539880 761
1539890 761
1539900 761
1539910 761
1539920 761
1539930 761
1539940 761
1539950 761
1539960 761
1539970 761
1539980 761
1539990 762
