1536700 727
1536710 728
1536720 728
1536730 731
1536740 734
1536750 734
1536760 736
1536770 739
1536780 739
1536790 741
1536800 743
1536810 743
1536820 745
1536830 747
1536840 747
1536850 749
1536860 751
1536870 751
1536880 753
1536890 753
1536900 753
1536910 754
1536920 754
1536930 754
1536940 754
1536950 755
1536960 755
1536970 756
1536980 757
1536990 757
1537000 757
1537010 756
1537020 756
1537030 755
1537040 754
1537050 754
1537060 753
1537070 752
1537080 752
1537090 751
1537100 749
1537110 749
1537120 748
1537130 747
1537140 747
1537150 746
1537160 746
1537170 746
1537180 746
1537190 746
1537200 746
1537210 746
1537220 747
1537230 747
1537240 747
1537250 748
1537260 748
1537270 749
1537280 749
1537290 750
1537300 751
1537310 751
1537320 752
1537330 753
1537340 753
1537350 753
1537360 754
1537370 754
1537380 755
1537390 756
1537400 756
1537410 756
1537420 756
1537430 756
1537440 757
1537450 757
1537460 757
1537470 757
1537480 757
1537490 757
1537500 757
1537510 757
1537520 757
1537530 756
1537540 756
1537550 756
1537560 755
1537570 755
1537580 755
1537590 754
1537600 754
1537610 754
1537620 753
1537630 753
1537640 753
1537650 753
1537660 752
1537670 752
1537680 752
1537690 752
1537700 752
1537710 752
1537720 751
1537730 751
1537740 751
1537750 751
1537760 751
1537770 750
1537780 750
1537790 750
1537800 749
1537810 748
1537820 748
1537830 749
1537840 749
1537850 749
1537860 747
1537870 744
1537880 744
1537890 741
1537900 738
1537910 738
1537920 736
1537930 734
1537940 734
1537950 732
1537960 732
1537970 730
1537980 728
1537990 728
1538000 727
1538010 726
1538020 726
1538030 725
1538040 723
1538050 723
1538060 722
1538070 722
1538080 722
1538090 721
1538100 720
1538110 720
1538120 719
1538130 719
1538140 718
1538150 717
1538160 716
1538170 716
1538180 716
1538190 716
1538200 716
1538210 716
1538220 716
1538230 716
1538240 716
1538250 716
1538260 716
1538270 716
1538280 717
1538290 717
1538300 718
1538310 718
1538320 718
1538330 719
1538340 720
1538350 720
1538360 721
1538370 722
1538380 722
1538390 723
1538400 725
1538410 725
1538420 726
1538430 728
1538440 728
1538450 730
1538460 732
1538470 732
1538480 734
1538490 736
1538500 736
1538510 738
1538520 740
1538530 740
1538540 742
1538550 744
1538560 744
1538570 745
1538580 747
1538590 747
1538600 749
1538610 749
1538620 751
1538630 752
1538640 752
1538650 753
1538660 755
1538670 755
1538680 756
1538690 757
1538700 757
1538710 758
1538720 759
1538730 759
1538740 761
1538750 762
1538760 762
1538770 763
1538780 765
1538790 765
1538800 766
1538810 767
1538820 767
1538830 769
1538840 770
1538850 770
1538860 771
1538870 773
1538880 773
1538890 775
1538900 776
1538910 776
1538920 778
1538930 780
1538940 780
1538950 783
1538960 785
1538970 785
1538980 787
1538990 790
1539000 790
1539010 792
1539020 795
1539030 795
1539040 797
1539050 798
1539060 798
1539070 798
1539080 797
1539090 797
1539100 796
1539110 794
1539120 794
1539130 793
1539140 791
1539150 791
1539160 790
1539170 789
1539180 789
1539190 788
1539200 787
1539210 787
1539220 785
1539230 783
1539240 783
1539250 781
1539260 781
1539270 780
1539280 778
1539290 778
1539300 777
1539310 775
1539320 775
1539330 773
1539340 771
1539350 771
1539360 770
1539370 768
1539380 768
1539390 766
1539400 764
1539410 764
1539420 762
1539430 759
1539440 759
1539450 756
1539460 755
1539470 755
1539480 754
1539490 754
1539500 754
1539510 753
1539520 752
1539530 752
1539540 752
1539550 751
1539560 751
1539570 750
1539580 749
1539590 749
1539600 749
1539610 748
1539620 748
1539630 748
1539640 747
1539650 747
1539660 746
1539670 746
1539680 746
1539690 745
1539700 745
1539710 745
1539720 745
1539730 744
1539740 744
1539750 743
1539760 743
1539770 743
1539780 742
1539790 740
1539800 740
1539810 739
1539820 737
1539830 737
1539840 735
1539850 734
1539860 734
1539870 733
1539880 732
1539890 732
1539900 731
1539910 730
1539920 730
1539930 729
1539940 729
1539950 729
1539960 728
1539970 728
1539980 728
1539990 727
