1536600 672
1536610 672
1536620 673
1536630 674
1536640 674
1536650 676
1536660 677
1536670 677
1536680 678
1536690 679
1536700 679
1536710 680
1536720 680
1536730 680
1536740 680
1536750 681
1536760 681
1536770 681
1536780 682
1536790 682
1536800 682
1536810 682
1536820 682
1536830 682
1536840 682
1536850 682
1536860 680
1536870 679
1536880 679
1536890 677
1536900 677
1536910 677
1536920 677
1536930 676
1536940 676
1536950 674
1536960 674
1536970 673
1536980 672
1536990 672
1537000 672
1537010 671
1537020 671
1537030 671
1537040 671
1537050 671
1537060 672
1537070 672
1537080 672
1537090 672
1537100 672
1537110 672
1537120 673
1537130 673
1537140 673
1537150 673
1537160 674
1537170 674
1537180 674
1537190 675
1537200 675
1537210 675
1537220 676
1537230 676
1537240 676
1537250 676
1537260 676
1537270 676
1537280 676
1537290 676
1537300 677
1537310 677
1537320 677
1537330 677
1537340 677
1537350 677
1537360 677
1537370 677
1537380 677
1537390 677
1537400 677
1537410 677
1537420 677
1537430 676
1537440 676
1537450 676
1537460 676
1537470 676
1537480 676
1537490 675
1537500 675
1537510 675
1537520 675
1537530 675
1537540 674
1537550 674
1537560 674
1537570 673
1537580 673
1537590 673
1537600 672
1537610 672
1537620 671
1537630 671
1537640 671
1537650 670
1537660 669
1537670 669
1537680 667
1537690 666
1537700 666
1537710 666
1537720 665
1537730 665
1537740 660
1537750 658
1537760 658
1537770 656
1537780 654
1537790 654
1537800 653
1537810 652
1537820 652
1537830 652
1537840 651
1537850 651
1537860 651
1537870 650
1537880 650
1537890 650
1537900 650
1537910 650
1537920 651
1537930 651
1537940 651
1537950 652
1537960 652
1537970 652
1537980 652
1537990 652
1538000 652
1538010 652
1538020 653
1538030 653
1538040 653
1538050 652
1538060 652
1538070 651
1538080 647
1538090 647
1538100 644
1538110 642
1538120 642
1538130 641
1538140 640
1538150 640
1538160 640
1538170 639
1538180 639
1538190 638
1538200 639
1538210 639
1538220 640
1538230 640
1538240 640
1538250 640
1538260 640
1538270 641
1538280 642
1538290 642
1538300 643
1538310 644
1538320 644
1538330 645
1538340 646
1538350 646
1538360 646
1538370 647
1538380 647
1538390 648
1538400 649
1538410 649
1538420 650
1538430 651
1538440 651
1538450 652
1538460 653
1538470 653
1538480 653
1538490 654
1538500 654
1538510 655
1538520 656
1538530 656
1538540 657
1538550 658
1538560 658
1538570 659
1538580 660
1538590 660
1538600 661
1538610 662
1538620 662
1538630 664
1538640 665
1538650 665
1538660 666
1538670 668
1538680 668
1538690 669
1538700 670
1538710 670
1538720 671
1538730 672
1538740 672
1538750 674
1538760 675
1538770 675
1538780 677
1538790 679
1538800 679
1538810 681
1538820 682
1538830 682
1538840 684
1538850 685
1538860 685
1538870 687
1538880 687
1538890 688
1538900 689
1538910 689
1538920 691
1538930 692
1538940 692
1538950 694
1538960 696
1538970 696
1538980 697
1538990 699
1539000 699
1539010 701
1539020 702
1539030 702
1539040 704
1539050 706
1539060 706
1539070 708
1539080 709
1539090 709
1539100 711
1539110 713
1539120 713
1539130 715
1539140 717
1539150 717
1539160 719
1539170 721
1539180 721
1539190 722
1539200 722
1539210 722
1539220 723
1539230 723
1539240 723
1539250 722
1539260 722
1539270 722
1539280 721
1539290 720
1539300 720
1539310 719
1539320 718
1539330 718
1539340 717
1539350 715
1539360 715
1539370 714
1539380 712
1539390 712
1539400 711
1539410 710
1539420 710
1539430 709
1539440 708
1539450 708
1539460 707
1539470 706
1539480 706
1539490 705
1539500 705
1539510 704
1539520 703
1539530 703
1539540 701
1539550 698
1539560 698
1539570 696
1539580 695
1539590 695
1539600 694
1539610 692
1539620 692
1539630 691
1539640 690
1539650 690
1539660 690
1539670 688
1539680 688
1539690 688
1539700 687
1539710 687
1539720 686
1539730 685
1539740 685
1539750 684
1539760 683
1539770 683
1539780 683
1539790 682
1539800 682
1539810 681
1539820 681
1539830 681
1539840 680
1539850 678
1539860 678
1539870 677
1539880 676
1539890 676
1539900 676
1539910 676
1539920 676
1539930 675
1539940 674
1539950 674
1539960 674
1539970 675
1539980 675
1539990 675
