1536200 670
1536210 670
1536220 670
1536230 670
1536240 670
1536250 670
1536260 670
1536270 670
1536280 670
1536290 670
1536300 670
1536310 670
1536320 670
1536330 670
1536340 670
1536350 670
1536360 670
1536370 670
1536380 670
1536390 670
1536400 670
1536410 670
1536420 670
1536430 670
1536440 670
1536450 670
1536460 669
1536470 669
1536480 669
1536490 669
1536500 669
1536510 669
1536520 669
1536530 669
1536540 669
1536550 669
1536560 669
1536570 669
1536580 669
1536590 669
1536600 669
1536610 669
1536620 669
1536630 669
1536640 669
1536650 669
1536660 669
1536670 669
1536680 669
1536690 669
1536700 668
1536710 667
1536720 667
1536730 666
1536740 663
1536750 663
1536760 661
1536770 661
1536780 659
1536790 657
1536800 657
1536810 656
1536820 655
1536830 655
1536840 654
1536850 652
1536860 652
1536870 651
1536880 650
1536890 650
1536900 648
1536910 647
1536920 647
1536930 646
1536940 645
1536950 645
1536960 644
1536970 643
1536980 643
1536990 642
1537000 641
1537010 641
1537020 641
1537030 640
1537040 640
1537050 640
1537060 640
1537070 640
1537080 639
1537090 639
1537100 639
1537110 639
1537120 639
1537130 639
1537140 639
1537150 638
1537160 638
1537170 638
1537180 638
1537190 638
1537200 638
1537210 638
1537220 638
1537230 638
1537240 637
1537250 637
1537260 637
1537270 636
1537280 636
1537290 636
1537300 635
1537310 635
1537320 634
1537330 634
1537340 634
1537350 633
1537360 633
1537370 632
1537380 631
1537390 631
1537400 630
1537410 628
1537420 628
1537430 627
1537440 626
1537450 626
1537460 623
1537470 621
1537480 621
1537490 618
1537500 617
1537510 617
1537520 616
1537530 615
1537540 615
1537550 615
1537560 614
1537570 614
1537580 614
1537590 613
1537600 613
1537610 613
1537620 613
1537630 613
1537640 613
1537650 613
1537660 613
1537670 613
1537680 613
1537690 613
1537700 613
1537710 614
1537720 614
1537730 614
1537740 615
1537750 615
1537760 616
1537770 616
1537780 616
1537790 617
1537800 617
1537810 617
1537820 618
1537830 618
1537840 618
1537850 619
1537860 620
1537870 620
1537880 621
1537890 622
1537900 622
1537910 623
1537920 624
1537930 624
1537940 625
1537950 627
1537960 627
1537970 629
1537980 629
1537990 630
1538000 632
1538010 632
1538020 633
1538030 635
1538040 635
1538050 637
1538060 638
1538070 638
1538080 640
1538090 641
1538100 641
1538110 641
1538120 641
1538130 641
1538140 640
1538150 639
1538160 639
1538170 637
1538180 636
1538190 636
1538200 636
1538210 635
1538220 635
1538230 635
1538240 634
1538250 634
1538260 634
1538270 633
1538280 633
1538290 633
1538300 632
1538310 632
1538320 632
1538330 631
1538340 631
1538350 631
1538360 630
1538370 630
1538380 630
1538390 629
1538400 629
1538410 628
1538420 626
1538430 626
1538440 625
1538450 624
1538460 624
1538470 623
1538480 622
1538490 622
1538500 621
1538510 620
1538520 620
1538530 619
1538540 617
1538550 617
1538560 616
1538570 615
1538580 615
1538590 614
1538600 614
1538610 613
1538620 612
1538630 612
1538640 611
1538650 610
1538660 610
1538670 609
1538680 608
1538690 608
1538700 607
1538710 606
1538720 606
1538730 605
1538740 605
1538750 605
1538760 605
1538770 604
1538780 604
1538790 603
1538800 603
1538810 603
1538820 602
1538830 602
1538840 602
1538850 601
1538860 601
1538870 601
1538880 602
1538890 602
1538900 602
1538910 603
1538920 603
1538930 603
1538940 604
1538950 604
1538960 604
1538970 604
1538980 603
1538990 603
1539000 603
1539010 603
1539020 603
1539030 603
1539040 603
1539050 603
1539060 603
1539070 604
1539080 604
1539090 604
1539100 603
1539110 603
1539120 603
1539130 603
1539140 603
1539150 603
1539160 603
1539170 603
1539180 604
1539190 604
1539200 604
1539210 604
1539220 604
1539230 604
1539240 604
1539250 604
1539260 604
1539270 604
1539280 604
1539290 604
1539300 604
1539310 604
1539320 603
1539330 603
1539340 603
1539350 603
1539360 603
1539370 603
1539380 603
1539390 603
1539400 603
1539410 603
1539420 603
1539430 603
1539440 603
1539450 602
1539460 602
1539470 602
1539480 603
1539490 603
1539500 602
1539510 602
1539520 602
1539530 602
1539540 602
1539550 602
1539560 602
1539570 603
1539580 603
1539590 603
1539600 604
1539610 604
1539620 604
1539630 604
1539640 604
1539650 604
1539660 605
1539670 605
1539680 604
1539690 604
1539700 604
1539710 604
1539720 604
1539730 604
1539740 604
1539750 603
1539760 603
1539770 603
1539780 603
1539790 603
1539800 603
1539810 603
1539820 603
1539830 603
1539840 603
1539850 603
1539860 604
1539870 604
1539880 604
1539890 604
1539900 604
1539910 604
1539920 604
1539930 604
1539940 604
1539950 604
1539960 604
1539970 604
1539980 604
1539990 604
