1534670 625
1534680 625
1534690 625
1534700 624
1534710 624
1534720 624
1534730 624
1534740 624
1534750 624
1534760 623
1534770 623
1534780 623
1534790 623
1534800 623
1534810 623
1534820 623
1534830 623
1534840 623
1534850 622
1534860 622
1534870 622
1534880 623
1534890 623
1534900 623
1534910 623
1534920 624
1534930 624
1534940 624
1534950 625
1534960 625
1534970 625
1534980 626
1534990 626
1535000 627
1535010 627
1535020 627
1535030 628
1535040 628
1535050 628
1535060 629
1535070 629
1535080 629
1535090 629
1535100 629
1535110 629
1535120 629
1535130 629
1535140 630
1535150 630
1535160 630
1535170 630
1535180 631
1535190 631
1535200 631
1535210 632
1535220 632
1535230 632
1535240 633
1535250 633
1535260 633
1535270 633
1535280 633
1535290 634
1535300 634
1535310 634
1535320 635
1535330 635
1535340 635
1535350 636
1535360 636
1535370 636
1535380 636
1535390 637
1535400 637
1535410 637
1535420 637
1535430 637
1535440 637
1535450 637
1535460 637
1535470 637
1535480 637
1535490 637
1535500 637
1535510 637
1535520 637
1535530 636
1535540 636
1535550 636
1535560 635
1535570 635
1535580 635
1535590 635
1535600 634
1535610 634
1535620 634
1535630 634
1535640 634
1535650 634
1535660 634
1535670 634
1535680 634
1535690 634
1535700 634
1535710 634
1535720 634
1535730 634
1535740 634
1535750 634
1535760 634
1535770 634
1535780 634
1535790 634
1535800 634
1535810 634
1535820 634
1535830 634
1535840 634
1535850 634
1535860 634
1535870 634
1535880 633
1535890 633
1535900 633
1535910 632
1535920 632
1535930 632
1535940 632
1535950 632
1535960 632
1535970 632
1535980 632
1535990 632
1536000 633
1536010 634
1536020 634
1536030 635
1536040 635
1536050 635
1536060 636
1536070 637
1536080 637
1536090 638
1536100 639
1536110 639
1536120 639
1536130 640
1536140 640
1536150 640
1536160 640
1536170 640
1536180 641
1536190 641
1536200 641
1536210 641
1536220 641
1536230 641
1536240 642
1536250 642
1536260 642
1536270 641
1536280 641
1536290 641
1536300 640
1536310 640
1536320 639
1536330 639
1536340 639
1536350 638
1536360 637
1536370 637
1536380 636
1536390 635
1536400 635
1536410 634
1536420 633
1536430 633
1536440 632
1536450 632
1536460 632
1536470 632
1536480 631
1536490 631
1536500 631
1536510 631
1536520 631
1536530 630
1536540 630
1536550 630
1536560 630
1536570 630
1536580 630
1536590 629
1536600 629
1536610 629
1536620 629
1536630 628
1536640 628
1536650 628
1536660 628
1536670 628
1536680 628
1536690 628
1536700 628
1536710 628
1536720 628
1536730 628
1536740 628
1536750 628
1536760 628
1536770 628
1536780 628
1536790 628
1536800 628
1536810 629
1536820 629
1536830 629
1536840 629
1536850 629
1536860 629
1536870 629
1536880 629
1536890 630
1536900 630
1536910 630
1536920 631
1536930 631
1536940 631
1536950 632
1536960 632
1536970 632
1536980 632
1536990 632
1537000 633
1537010 633
1537020 633
1537030 634
1537040 634
1537050 634
1537060 635
1537070 635
1537080 635
1537090 636
1537100 636
1537110 636
1537120 637
1537130 637
1537140 637
1537150 638
1537160 638
1537170 638
1537180 639
1537190 640
1537200 640
1537210 640
1537220 641
1537230 641
1537240 642
1537250 643
1537260 643
1537270 643
1537280 644
1537290 644
1537300 645
1537310 645
1537320 645
1537330 645
1537340 646
1537350 646
1537360 646
1537370 646
1537380 646
1537390 647
1537400 647
1537410 647
1537420 648
1537430 648
1537440 648
1537450 649
1537460 649
1537470 649
1537480 650
1537490 650
1537500 650
1537510 651
1537520 651
1537530 651
1537540 651
1537550 651
1537560 651
1537570 652
1537580 652
1537590 652
1537600 652
1537610 652
1537620 652
1537630 652
1537640 652
1537650 652
1537660 652
1537670 652
1537680 652
1537690 651
1537700 651
1537710 651
1537720 651
1537730 651
1537740 651
1537750 651
1537760 651
1537770 651
1537780 650
1537790 650
1537800 650
1537810 650
1537820 650
1537830 650
1537840 651
1537850 651
1537860 651
1537870 652
1537880 652
1537890 652
1537900 652
1537910 652
1537920 653
1537930 653
1537940 653
1537950 654
1537960 655
1537970 655
1537980 655
1537990 656
1538000 656
1538010 656
1538020 656
1538030 657
1538040 657
1538050 657
1538060 658
1538070 659
1538080 659
1538090 659
1538100 660
1538110 660
1538120 661
1538130 662
1538140 662
1538150 662
1538160 662
1538170 662
1538180 662
1538190 662
1538200 662
1538210 662
1538220 661
1538230 661
1538240 661
1538250 661
1538260 661
1538270 661
1538280 661
1538290 661
1538300 661
1538310 661
1538320 661
1538330 661
1538340 661
1538350 661
1538360 661
1538370 661
1538380 661
1538390 660
1538400 660
1538410 660
1538420 660
1538430 659
1538440 659
1538450 659
1538460 659
1538470 659
1538480 658
1538490 658
1538500 658
1538510 657
1538520 656
1538530 656
1538540 656
1538550 656
1538560 656
1538570 655
1538580 654
1538590 654
1538600 654
1538610 654
1538620 654
1538630 654
1538640 654
1538650 654
1538660 654
1538670 654
1538680 654
1538690 654
1538700 654
1538710 653
1538720 653
1538730 653
1538740 653
1538750 653
1538760 653
1538770 652
1538780 652
1538790 652
1538800 651
1538810 651
1538820 651
1538830 650
1538840 650
1538850 650
1538860 649
1538870 648
1538880 648
1538890 646
1538900 644
1538910 644
1538920 644
1538930 644
1538940 644
1538950 644
1538960 644
1538970 644
1538980 646
1538990 648
1539000 648
1539010 650
1539020 650
1539030 650
1539040 651
1539050 651
1539060 651
1539070 652
1539080 652
1539090 652
1539100 652
1539110 652
1539120 652
1539130 652
1539140 651
1539150 651
1539160 650
1539170 650
1539180 649
1539190 648
1539200 648
1539210 647
1539220 647
1539230 647
1539240 646
1539250 646
1539260 646
1539270 646
1539280 646
1539290 646
1539300 647
1539310 647
1539320 647
1539330 647
1539340 648
1539350 648
1539360 648
1539370 648
1539380 648
1539390 650
1539400 653
1539410 653
1539420 656
1539430 659
1539440 659
1539450 661
1539460 663
1539470 663
1539480 664
1539490 666
1539500 666
1539510 667
1539520 669
1539530 669
1539540 670
1539550 671
1539560 671
1539570 672
1539580 674
1539590 674
1539600 675
1539610 676
1539620 676
1539630 677
1539640 678
1539650 678
1539660 679
1539670 680
1539680 680
1539690 681
1539700 682
1539710 682
1539720 683
1539730 684
1539740 684
1539750 685
1539760 685
1539770 687
1539780 687
1539790 687
1539800 688
1539810 689
1539820 689
1539830 689
1539840 689
1539850 689
1539860 689
1539870 689
1539880 689
1539890 689
1539900 690
1539910 690
1539920 690
1539930 691
1539940 691
1539950 691
1539960 692
1539970 692
1539980 692
1539990 692
