1534510 633
1534520 633
1534530 634
1534540 636
1534550 636
1534560 637
1534570 638
1534580 638
1534590 638
1534600 639
1534610 639
1534620 639
1534630 640
1534640 640
1534650 640
1534660 640
1534670 640
1534680 640
1534690 640
1534700 640
1534710 639
1534720 639
1534730 639
1534740 638
1534750 638
1534760 638
1534770 637
1534780 637
1534790 636
1534800 635
1534810 635
1534820 634
1534830 632
1534840 632
1534850 631
1534860 630
1534870 630
1534880 629
1534890 628
1534900 628
1534910 627
1534920 626
1534930 626
1534940 625
1534950 625
1534960 625
1534970 625
1534980 625
1534990 625
1535000 625
1535010 625
1535020 625
1535030 625
1535040 626
1535050 626
1535060 626
1535070 626
1535080 626
1535090 626
1535100 627
1535110 627
1535120 627
1535130 627
1535140 627
1535150 628
1535160 628
1535170 628
1535180 629
1535190 629
1535200 629
1535210 630
1535220 630
1535230 630
1535240 631
1535250 631
1535260 631
1535270 632
1535280 632
1535290 632
1535300 632
1535310 632
1535320 633
1535330 633
1535340 633
1535350 633
1535360 634
1535370 634
1535380 634
1535390 634
1535400 634
1535410 634
1535420 634
1535430 634
1535440 634
1535450 634
1535460 634
1535470 634
1535480 634
1535490 634
1535500 634
1535510 633
1535520 633
1535530 633
1535540 633
1535550 633
1535560 633
1535570 632
1535580 632
1535590 632
1535600 632
1535610 632
1535620 632
1535630 632
1535640 632
1535650 632
1535660 632
1535670 632
1535680 632
1535690 632
1535700 632
1535710 632
1535720 632
1535730 632
1535740 631
1535750 631
1535760 631
1535770 631
1535780 631
1535790 631
1535800 630
1535810 630
1535820 630
1535830 630
1535840 630
1535850 629
1535860 629
1535870 629
1535880 629
1535890 629
1535900 629
1535910 629
1535920 628
1535930 628
1535940 629
1535950 629
1535960 629
1535970 629
1535980 630
1535990 630
1536000 630
1536010 631
1536020 631
1536030 632
1536040 632
1536050 632
1536060 633
1536070 633
1536080 633
1536090 634
1536100 634
1536110 634
1536120 634
1536130 634
1536140 634
1536150 634
1536160 635
1536170 635
1536180 635
1536190 635
1536200 635
1536210 635
1536220 635
1536230 635
1536240 635
1536250 635
1536260 635
1536270 634
1536280 634
1536290 634
1536300 633
1536310 631
1536320 631
1536330 630
1536340 629
1536350 629
1536360 628
1536370 628
1536380 628
1536390 627
1536400 627
1536410 627
1536420 627
1536430 627
1536440 627
1536450 626
1536460 626
1536470 626
1536480 626
1536490 626
1536500 626
1536510 626
1536520 626
1536530 626
1536540 626
1536550 626
1536560 626
1536570 626
1536580 626
1536590 626
1536600 626
1536610 626
1536620 626
1536630 626
1536640 626
1536650 626
1536660 626
1536670 626
1536680 626
1536690 626
1536700 626
1536710 626
1536720 627
1536730 627
1536740 627
1536750 627
1536760 627
1536770 627
1536780 627
1536790 627
1536800 628
1536810 628
1536820 628
1536830 628
1536840 629
1536850 629
1536860 630
1536870 630
1536880 630
1536890 631
1536900 631
1536910 631
1536920 631
1536930 632
1536940 632
1536950 632
1536960 633
1536970 633
1536980 633
1536990 633
1537000 634
1537010 634
1537020 634
1537030 635
1537040 636
1537050 636
1537060 636
1537070 636
1537080 636
1537090 637
1537100 637
1537110 637
1537120 638
1537130 638
1537140 638
1537150 639
1537160 639
1537170 639
1537180 640
1537190 640
1537200 640
1537210 641
1537220 641
1537230 641
1537240 641
1537250 642
1537260 642
1537270 642
1537280 643
1537290 643
1537300 643
1537310 644
1537320 644
1537330 644
1537340 645
1537350 645
1537360 645
1537370 646
1537380 646
1537390 646
1537400 647
1537410 647
1537420 647
1537430 648
1537440 648
1537450 648
1537460 649
1537470 649
1537480 649
1537490 649
1537500 649
1537510 650
1537520 650
1537530 650
1537540 651
1537550 651
1537560 651
1537570 652
1537580 652
1537590 652
1537600 653
1537610 653
1537620 653
1537630 653
1537640 653
1537650 654
1537660 654
1537670 654
1537680 654
1537690 654
1537700 654
1537710 655
1537720 655
1537730 655
1537740 655
1537750 655
1537760 655
1537770 655
1537780 655
1537790 655
1537800 655
1537810 656
1537820 656
1537830 656
1537840 656
1537850 656
1537860 656
1537870 656
1537880 656
1537890 656
1537900 657
1537910 657
1537920 657
1537930 657
1537940 657
1537950 657
1537960 658
1537970 658
1537980 658
1537990 658
1538000 658
1538010 658
1538020 658
1538030 658
1538040 659
1538050 659
1538060 659
1538070 659
1538080 660
1538090 660
1538100 660
1538110 661
1538120 661
1538130 661
1538140 661
1538150 661
1538160 662
1538170 662
1538180 662
1538190 662
1538200 662
1538210 662
1538220 662
1538230 662
1538240 662
1538250 662
1538260 662
1538270 662
1538280 662
1538290 662
1538300 662
1538310 662
1538320 662
1538330 661
1538340 661
1538350 661
1538360 660
1538370 660
1538380 660
1538390 659
1538400 659
1538410 659
1538420 659
1538430 658
1538440 658
1538450 658
1538460 658
1538470 658
1538480 658
1538490 658
1538500 658
1538510 657
1538520 657
1538530 657
1538540 657
1538550 657
1538560 657
1538570 656
1538580 656
1538590 656
1538600 656
1538610 655
1538620 655
1538630 655
1538640 654
1538650 654
1538660 654
1538670 653
1538680 653
1538690 652
1538700 652
1538710 651
1538720 650
1538730 650
1538740 650
1538750 649
1538760 649
1538770 648
1538780 648
1538790 648
1538800 647
1538810 647
1538820 647
1538830 646
1538840 645
1538850 645
1538860 645
1538870 644
1538880 644
1538890 643
1538900 642
1538910 642
1538920 641
1538930 641
1538940 641
1538950 640
1538960 640
1538970 640
1538980 640
1538990 640
1539000 640
1539010 640
1539020 641
1539030 641
1539040 642
1539050 643
1539060 643
1539070 644
1539080 645
1539090 645
1539100 645
1539110 646
1539120 646
1539130 646
1539140 645
1539150 645
1539160 644
1539170 643
1539180 643
1539190 642
1539200 642
1539210 642
1539220 642
1539230 642
1539240 642
1539250 642
1539260 642
1539270 642
1539280 642
1539290 642
1539300 643
1539310 645
1539320 645
1539330 647
1539340 648
1539350 648
1539360 649
1539370 649
1539380 649
1539390 650
1539400 652
1539410 652
1539420 654
1539430 656
1539440 656
1539450 658
1539460 661
1539470 661
1539480 663
1539490 664
1539500 664
1539510 666
1539520 668
1539530 668
1539540 669
1539550 670
1539560 670
1539570 672
1539580 673
1539590 673
1539600 674
1539610 674
1539620 674
1539630 675
1539640 677
1539650 677
1539660 678
1539670 678
1539680 678
1539690 679
1539700 679
1539710 679
1539720 679
1539730 679
1539740 679
1539750 679
1539760 679
1539770 679
1539780 680
1539790 680
1539800 680
1539810 680
1539820 680
1539830 680
1539840 680
1539850 680
1539860 680
1539870 681
1539880 681
1539890 681
1539900 681
1539910 681
1539920 681
1539930 680
1539940 680
1539950 680
1539960 681
1539970 681
1539980 682
1539990 684
