1534420 619
1534430 619
1534440 619
1534450 620
1534460 620
1534470 621
1534480 622
1534490 622
1534500 623
1534510 623
1534520 623
1534530 624
1534540 625
1534550 625
1534560 625
1534570 626
1534580 626
1534590 627
1534600 628
1534610 628
1534620 629
1534630 630
1534640 630
1534650 632
1534660 633
1534670 633
1534680 635
1534690 636
1534700 636
1534710 637
1534720 638
1534730 638
1534740 638
1534750 638
1534760 638
1534770 638
1534780 638
1534790 638
1534800 637
1534810 637
1534820 637
1534830 636
1534840 636
1534850 635
1534860 634
1534870 634
1534880 633
1534890 632
1534900 632
1534910 632
1534920 632
1534930 632
1534940 631
1534950 631
1534960 631
1534970 631
1534980 632
1534990 632
1535000 632
1535010 632
1535020 632
1535030 632
1535040 632
1535050 632
1535060 632
1535070 632
1535080 632
1535090 632
1535100 632
1535110 632
1535120 632
1535130 632
1535140 632
1535150 632
1535160 632
1535170 632
1535180 632
1535190 632
1535200 632
1535210 632
1535220 633
1535230 633
1535240 633
1535250 633
1535260 633
1535270 634
1535280 634
1535290 634
1535300 633
1535310 633
1535320 633
1535330 633
1535340 633
1535350 633
1535360 632
1535370 632
1535380 632
1535390 632
1535400 632
1535410 632
1535420 631
1535430 631
1535440 631
1535450 631
1535460 631
1535470 631
1535480 631
1535490 631
1535500 630
1535510 630
1535520 630
1535530 630
1535540 631
1535550 631
1535560 630
1535570 630
1535580 630
1535590 630
1535600 630
1535610 630
1535620 630
1535630 631
1535640 631
1535650 631
1535660 631
1535670 631
1535680 631
1535690 631
1535700 631
1535710 631
1535720 631
1535730 631
1535740 631
1535750 631
1535760 631
1535770 630
1535780 630
1535790 630
1535800 629
1535810 629
1535820 629
1535830 629
1535840 629
1535850 629
1535860 628
1535870 628
1535880 628
1535890 627
1535900 627
1535910 627
1535920 627
1535930 627
1535940 627
1535950 627
1535960 627
1535970 628
1535980 628
1535990 628
1536000 628
1536010 629
1536020 629
1536030 629
1536040 630
1536050 630
1536060 631
1536070 631
1536080 631
1536090 632
1536100 632
1536110 632
1536120 633
1536130 633
1536140 633
1536150 633
1536160 633
1536170 633
1536180 633
1536190 633
1536200 633
1536210 632
1536220 632
1536230 632
1536240 631
1536250 629
1536260 629
1536270 628
1536280 626
1536290 626
1536300 626
1536310 626
1536320 626
1536330 625
1536340 625
1536350 625
1536360 625
1536370 625
1536380 625
1536390 625
1536400 625
1536410 625
1536420 624
1536430 625
1536440 625
1536450 625
1536460 625
1536470 625
1536480 625
1536490 625
1536500 625
1536510 624
1536520 624
1536530 624
1536540 625
1536550 625
1536560 625
1536570 625
1536580 625
1536590 625
1536600 625
1536610 625
1536620 625
1536630 625
1536640 625
1536650 625
1536660 625
1536670 625
1536680 625
1536690 626
1536700 626
1536710 626
1536720 626
1536730 626
1536740 627
1536750 627
1536760 627
1536770 628
1536780 628
1536790 628
1536800 629
1536810 629
1536820 629
1536830 629
1536840 630
1536850 630
1536860 630
1536870 630
1536880 630
1536890 631
1536900 631
1536910 631
1536920 632
1536930 632
1536940 632
1536950 633
1536960 633
1536970 633
1536980 634
1536990 634
1537000 634
1537010 635
1537020 635
1537030 635
1537040 635
1537050 635
1537060 636
1537070 636
1537080 636
1537090 637
1537100 637
1537110 637
1537120 638
1537130 638
1537140 638
1537150 638
1537160 639
1537170 639
1537180 639
1537190 640
1537200 640
1537210 640
1537220 641
1537230 641
1537240 642
1537250 642
1537260 642
1537270 643
1537280 643
1537290 643
1537300 644
1537310 644
1537320 644
1537330 645
1537340 646
1537350 646
1537360 646
1537370 647
1537380 647
1537390 647
1537400 648
1537410 648
1537420 648
1537430 649
1537440 649
1537450 649
1537460 650
1537470 650
1537480 650
1537490 651
1537500 651
1537510 651
1537520 652
1537530 652
1537540 652
1537550 653
1537560 653
1537570 653
1537580 654
1537590 654
1537600 654
1537610 654
1537620 654
1537630 655
1537640 655
1537650 655
1537660 656
1537670 656
1537680 656
1537690 656
1537700 656
1537710 657
1537720 657
1537730 657
1537740 657
1537750 658
1537760 658
1537770 658
1537780 659
1537790 659
1537800 659
1537810 659
1537820 659
1537830 659
1537840 660
1537850 660
1537860 660
1537870 660
1537880 660
1537890 660
1537900 661
1537910 661
1537920 661
1537930 662
1537940 662
1537950 662
1537960 662
1537970 662
1537980 662
1537990 662
1538000 662
1538010 662
1538020 662
1538030 662
1538040 661
1538050 661
1538060 661
1538070 661
1538080 661
1538090 661
1538100 660
1538110 660
1538120 660
1538130 659
1538140 659
1538150 659
1538160 658
1538170 658
1538180 658
1538190 658
1538200 658
1538210 658
1538220 658
1538230 658
1538240 659
1538250 660
1538260 660
1538270 660
1538280 660
1538290 660
1538300 660
1538310 660
1538320 660
1538330 659
1538340 659
1538350 659
1538360 658
1538370 657
1538380 657
1538390 657
1538400 656
1538410 656
1538420 656
1538430 655
1538440 655
1538450 655
1538460 655
1538470 655
1538480 655
1538490 655
1538500 655
1538510 655
1538520 655
1538530 655
1538540 654
1538550 654
1538560 654
1538570 654
1538580 654
1538590 654
1538600 654
1538610 654
1538620 654
1538630 653
1538640 652
1538650 652
1538660 652
1538670 651
1538680 651
1538690 651
1538700 651
1538710 651
1538720 652
1538730 651
1538740 651
1538750 651
1538760 651
1538770 651
1538780 651
1538790 651
1538800 650
1538810 650
1538820 650
1538830 649
1538840 648
1538850 648
1538860 647
1538870 646
1538880 646
1538890 645
1538900 644
1538910 644
1538920 643
1538930 642
1538940 642
1538950 641
1538960 640
1538970 640
1538980 639
1538990 638
1539000 638
1539010 638
1539020 638
1539030 638
1539040 637
1539050 637
1539060 637
1539070 637
1539080 637
1539090 637
1539100 637
1539110 637
1539120 637
1539130 637
1539140 638
1539150 638
1539160 638
1539170 638
1539180 638
1539190 639
1539200 639
1539210 639
1539220 639
1539230 639
1539240 639
1539250 640
1539260 641
1539270 641
1539280 642
1539290 643
1539300 643
1539310 644
1539320 645
1539330 645
1539340 646
1539350 647
1539360 647
1539370 648
1539380 648
1539390 649
1539400 650
1539410 650
1539420 652
1539430 653
1539440 653
1539450 654
1539460 656
1539470 656
1539480 657
1539490 661
1539500 661
1539510 665
1539520 666
1539530 666
1539540 667
1539550 667
1539560 667
1539570 668
1539580 669
1539590 669
1539600 671
1539610 671
1539620 671
1539630 672
1539640 673
1539650 673
1539660 673
1539670 674
1539680 674
1539690 674
1539700 675
1539710 675
1539720 675
1539730 675
1539740 675
1539750 676
1539760 676
1539770 676
1539780 676
1539790 676
1539800 676
1539810 676
1539820 676
1539830 676
1539840 676
1539850 676
1539860 676
1539870 676
1539880 675
1539890 675
1539900 675
1539910 674
1539920 674
1539930 673
1539940 673
1539950 672
1539960 671
1539970 671
1539980 671
1539990 671
