1535670 650
1535680 650
1535690 650
1535700 650
1535710 650
1535720 650
1535730 650
1535740 650
1535750 650
1535760 651
1535770 651
1535780 651
1535790 652
1535800 652
1535810 652
1535820 653
1535830 653
1535840 653
1535850 654
1535860 654
1535870 654
1535880 654
1535890 654
1535900 654
1535910 654
1535920 654
1535930 654
1535940 654
1535950 654
1535960 654
1535970 654
1535980 654
1535990 654
1536000 653
1536010 653
1536020 653
1536030 652
1536040 652
1536050 652
1536060 651
1536070 651
1536080 650
1536090 650
1536100 650
1536110 649
1536120 649
1536130 648
1536140 647
1536150 647
1536160 647
1536170 646
1536180 646
1536190 646
1536200 645
1536210 645
1536220 645
1536230 645
1536240 645
1536250 646
1536260 647
1536270 647
1536280 647
1536290 648
1536300 648
1536310 649
1536320 650
1536330 650
1536340 650
1536350 651
1536360 651
1536370 651
1536380 651
1536390 651
1536400 652
1536410 652
1536420 652
1536430 653
1536440 654
1536450 654
1536460 654
1536470 655
1536480 655
1536490 655
1536500 656
1536510 656
1536520 657
1536530 658
1536540 658
1536550 658
1536560 659
1536570 659
1536580 660
1536590 661
1536600 661
1536610 661
1536620 662
1536630 662
1536640 663
1536650 663
1536660 663
1536670 663
1536680 663
1536690 663
1536700 663
1536710 663
1536720 662
1536730 662
1536740 662
1536750 661
1536760 660
1536770 660
1536780 658
1536790 656
1536800 656
1536810 655
1536820 654
1536830 654
1536840 654
1536850 654
1536860 654
1536870 654
1536880 655
1536890 655
1536900 656
1536910 657
1536920 657
1536930 659
1536940 661
1536950 661
1536960 663
1536970 664
1536980 664
1536990 665
1537000 667
1537010 667
1537020 668
1537030 670
1537040 670
1537050 672
1537060 673
1537070 673
1537080 674
1537090 676
1537100 676
1537110 677
1537120 677
1537130 677
1537140 678
1537150 678
1537160 678
1537170 679
1537180 678
1537190 678
1537200 676
1537210 676
1537220 672
1537230 668
1537240 668
1537250 662
1537260 657
1537270 657
1537280 652
1537290 649
1537300 649
1537310 647
1537320 645
1537330 645
1537340 644
1537350 644
1537360 644
1537370 644
1537380 644
1537390 644
1537400 645
1537410 646
1537420 646
1537430 647
1537440 649
1537450 649
1537460 650
1537470 651
1537480 651
1537490 651
1537500 653
1537510 653
1537520 654
1537530 655
1537540 655
1537550 656
1537560 658
1537570 658
1537580 659
1537590 660
1537600 660
1537610 660
1537620 661
1537630 661
1537640 661
1537650 662
1537660 662
1537670 662
1537680 662
1537690 662
1537700 662
1537710 663
1537720 663
1537730 663
1537740 663
1537750 663
1537760 663
1537770 663
1537780 664
1537790 664
1537800 664
1537810 665
1537820 665
1537830 665
1537840 666
1537850 667
1537860 667
1537870 667
1537880 668
1537890 668
1537900 669
1537910 670
1537920 670
1537930 671
1537940 672
1537950 672
1537960 673
1537970 674
1537980 674
1537990 674
1538000 675
1538010 675
1538020 675
1538030 675
1538040 675
1538050 675
1538060 676
1538070 676
1538080 676
1538090 676
1538100 676
1538110 677
1538120 677
1538130 677
1538140 677
1538150 677
1538160 677
1538170 677
1538180 677
1538190 677
1538200 677
1538210 678
1538220 678
1538230 678
1538240 678
1538250 678
1538260 678
1538270 678
1538280 678
1538290 678
1538300 678
1538310 678
1538320 678
1538330 678
1538340 678
1538350 678
1538360 678
1538370 677
1538380 677
1538390 677
1538400 677
1538410 677
1538420 677
1538430 677
1538440 677
1538450 677
1538460 678
1538470 678
1538480 678
1538490 678
1538500 677
1538510 677
1538520 677
1538530 678
1538540 678
1538550 678
1538560 678
1538570 678
1538580 678
1538590 677
1538600 677
1538610 677
1538620 676
1538630 676
1538640 676
1538650 675
1538660 675
1538670 675
1538680 675
1538690 675
1538700 675
1538710 675
1538720 675
1538730 675
1538740 675
1538750 675
1538760 675
1538770 675
1538780 675
1538790 675
1538800 675
1538810 675
1538820 675
1538830 676
1538840 676
1538850 676
1538860 676
1538870 676
1538880 677
1538890 677
1538900 677
1538910 678
1538920 678
1538930 679
1538940 680
1538950 680
1538960 680
1538970 681
1538980 681
1538990 682
1539000 682
1539010 682
1539020 682
1539030 683
1539040 683
1539050 685
1539060 686
1539070 686
1539080 686
1539090 686
1539100 686
1539110 686
1539120 687
1539130 687
1539140 687
1539150 687
1539160 687
1539170 688
1539180 690
1539190 690
1539200 691
1539210 693
1539220 693
1539230 694
1539240 695
1539250 695
1539260 696
1539270 697
1539280 697
1539290 699
1539300 700
1539310 700
1539320 702
1539330 703
1539340 703
1539350 704
1539360 706
1539370 706
1539380 707
1539390 708
1539400 708
1539410 710
1539420 711
1539430 711
1539440 712
1539450 714
1539460 714
1539470 715
1539480 715
1539490 716
1539500 717
1539510 717
1539520 718
1539530 720
1539540 720
1539550 721
1539560 721
1539570 721
1539580 722
1539590 723
1539600 723
1539610 724
1539620 725
1539630 725
1539640 726
1539650 727
1539660 727
1539670 727
1539680 728
1539690 728
1539700 729
1539710 730
1539720 730
1539730 730
1539740 731
1539750 731
1539760 731
1539770 732
1539780 732
1539790 733
1539800 733
1539810 733
1539820 734
1539830 734
1539840 734
1539850 735
1539860 735
1539870 735
1539880 736
1539890 736
1539900 736
1539910 736
1539920 736
1539930 736
1539940 736
1539950 736
1539960 736
1539970 735
1539980 734
1539990 734
