1537630 980
1537640 980
1537650 980
1537660 981
1537670 981
1537680 981
1537690 981
1537700 981
1537710 981
1537720 981
1537730 981
1537740 981
1537750 981
1537760 981
1537770 981
1537780 981
1537790 982
1537800 982
1537810 982
1537820 982
1537830 982
1537840 982
1537850 982
1537860 982
1537870 983
1537880 983
1537890 983
1537900 984
1537910 984
1537920 984
1537930 984
1537940 984
1537950 985
1537960 985
1537970 985
1537980 985
1537990 986
1538000 987
1538010 987
1538020 988
1538030 988
1538040 988
1538050 988
1538060 988
1538070 988
1538080 988
1538090 988
1538100 988
1538110 989
1538120 989
1538130 989
1538140 988
1538150 988
1538160 988
1538170 989
1538180 989
1538190 989
1538200 989
1538210 989
1538220 988
1538230 988
1538240 988
1538250 988
1538260 989
1538270 989
1538280 989
1538290 988
1538300 988
1538310 988
1538320 988
1538330 988
1538340 988
1538350 988
1538360 988
1538370 987
1538380 987
1538390 987
1538400 988
1538410 988
1538420 988
1538430 988
1538440 988
1538450 988
1538460 988
1538470 988
1538480 988
1538490 989
1538500 989
1538510 989
1538520 989
1538530 989
1538540 989
1538550 990
1538560 990
1538570 991
1538580 991
1538590 991
1538600 991
1538610 992
1538620 992
1538630 993
1538640 993
1538650 993
1538660 993
1538670 994
1538680 994
1538690 994
1538700 994
1538710 994
1538720 995
1538730 995
1538740 995
1538750 995
1538760 996
1538770 996
1538780 996
1538790 997
1538800 997
1538810 997
1538820 997
1538830 997
1538840 997
1538850 998
1538860 998
1538870 999
1538880 999
1538890 999
1538900 999
1538910 999
1538920 999
1538930 1000
1538940 1000
1538950 1000
1538960 1000
1538970 1000
1538980 1000
1538990 1000
1539000 1000
1539010 1001
1539020 1001
1539030 1001
1539040 1001
1539050 1001
1539060 1001
1539070 1001
1539080 1002
1539090 1002
1539100 1003
1539110 1003
1539120 1003
1539130 1003
1539140 1003
1539150 1003
1539160 1003
1539170 1004
1539180 1004
1539190 1004
1539200 1003
1539210 1003
1539220 1003
1539230 1004
1539240 1004
1539250 1004
1539260 1004
1539270 1004
1539280 1005
1539290 1008
1539300 1008
1539310 1011
1539320 1012
1539330 1012
1539340 1014
1539350 1015
1539360 1015
1539370 1017
1539380 1018
1539390 1018
1539400 1019
1539410 1020
1539420 1020
1539430 1021
1539440 1021
1539450 1022
1539460 1023
1539470 1023
1539480 1024
1539490 1025
1539500 1025
1539510 1026
1539520 1026
1539530 1026
1539540 1027
1539550 1028
1539560 1028
1539570 1029
1539580 1029
1539590 1029
1539600 1029
1539610 1030
1539620 1030
1539630 1029
1539640 1029
1539650 1029
1539660 1029
1539670 1029
1539680 1029
1539690 1030
1539700 1030
1539710 1030
1539720 1031
1539730 1033
1539740 1033
1539750 1034
1539760 1035
1539770 1035
1539780 1036
1539790 1036
1539800 1036
1539810 1037
1539820 1038
1539830 1038
1539840 1038
1539850 1038
1539860 1038
1539870 1039
1539880 1038
1539890 1038
1539900 1037
1539910 1037
1539920 1037
1539930 1038
1539940 1039
1539950 1039
1539960 1040
1539970 1040
1539980 1041
1539990 1043
